  0.103890816462656E+000  0.543399235396469E+000  0.897187202056581E+000  0.100545631243089E+000 -0.131028262406404E+000 -0.147210277421686E+003 -0.147210277421686E+003
  0.100607467669541E+000  0.505874702867594E+000  0.572378777444322E+000  0.103446737011827E+000 -0.131028262406404E+000 -0.147209674458558E+003 -0.147209674458558E+003
  0.100994119184282E+000  0.555926419301158E+000  0.772326870351882E+000  0.102139656330602E+000 -0.131028262406404E+000 -0.147209233314413E+003 -0.147209233314413E+003
  0.102223123013257E+000  0.586095763404631E+000  0.330921194337648E+000  0.102019825561736E+000 -0.131028262406404E+000 -0.147210239873574E+003 -0.147210239873574E+003
  0.100226976834309E+000  0.192816585273164E+001  0.343744831266987E+000  0.101031671666638E+000 -0.131028262406404E+000 -0.147209367332436E+003 -0.147209367332436E+003
  0.100331290972894E+000  0.113964478792259E+001  0.585821547552748E+000  0.101768984662871E+000 -0.131028262406404E+000 -0.147210040717381E+003 -0.147210040717381E+003
  0.102420698163553E+000  0.568107703919404E+000  0.912537227236015E+000  0.100821028955471E+000 -0.131028262406404E+000 -0.147209427729168E+003 -0.147209427729168E+003
  0.102499016199603E+000  0.667934545968967E+000  0.448361795463017E+000  0.100113780606290E+000 -0.131028262406404E+000 -0.147209312918362E+003 -0.147209312918362E+003
  0.102659832401567E+000  0.646218254242165E+000  0.581974662434986E+000  0.101314477521079E+000 -0.131028262406404E+000 -0.147210278292626E+003 -0.147210278292626E+003
  0.100331361770843E+000  0.196696654431872E+001  0.568331457105879E+000  0.100747190016142E+000 -0.131028262406404E+000 -0.147209165380019E+003 -0.147209165380019E+003
  0.102189028199952E+000  0.894856015491499E+000  0.850434144001748E+000  0.100386996212307E+000 -0.131028262406404E+000 -0.147209947559818E+003 -0.147209947559818E+003
  0.100649863986882E+000  0.110428533880085E+001  0.920122697141678E+000  0.101618743975401E+000 -0.131028262406404E+000 -0.147210122288270E+003 -0.147210122288270E+003
  0.100342452871071E+000  0.106138651597058E+001  0.927002632486500E+000  0.101100578234474E+000 -0.131028262406404E+000 -0.147209395006212E+003 -0.147209395006212E+003
  0.100097583968266E+000  0.645958475685877E+000  0.675970239077483E+000  0.103563761622254E+000 -0.131028262406404E+000 -0.147209910617594E+003 -0.147209910617594E+003
  0.100792757692236E+000  0.824001308840753E+000  0.428569564444340E+000  0.101214795075109E+000 -0.131028262406404E+000 -0.147209286673221E+003 -0.147209286673221E+003
  0.100732827557958E+000  0.665316948544261E+000  0.692335796153273E+000  0.100885425288835E+000 -0.131028262406404E+000 -0.147208496980105E+003 -0.147208496980105E+003
  0.100310391474247E+000  0.855331569710342E+000  0.953752921014585E+000  0.100430580630807E+000 -0.131028262406404E+000 -0.147208391060323E+003 -0.147208391060323E+003
  0.101251779215011E+000  0.192481227989714E+001  0.444950613827600E+000  0.100375878526818E+000 -0.131028262406404E+000 -0.147209679660741E+003 -0.147209679660741E+003
  0.100206250167896E+000  0.109162028634055E+001  0.216733063521465E+000  0.100283288331650E+000 -0.131028262406404E+000 -0.147208706318129E+003 -0.147208706318129E+003
  0.101675312526539E+000  0.179005410710189E+001  0.671141229755443E+000  0.100022682221966E+000 -0.131028262406404E+000 -0.147209912552655E+003 -0.147209912552655E+003
  0.100567413229436E+000  0.143607041429154E+001  0.265177416353400E+000  0.100179585945347E+000 -0.131028262406404E+000 -0.147209269922708E+003 -0.147209269922708E+003
  0.101355699613385E+000  0.187888811099199E+001  0.630263497400862E+000  0.100339833032744E+000 -0.131028262406404E+000 -0.147209801858564E+003 -0.147209801858564E+003
  0.100479715107775E+000  0.136383553023963E+001  0.805291532132506E+000  0.101551551128970E+000 -0.131028262406404E+000 -0.147210243881299E+003 -0.147210243881299E+003
  0.100403704041347E+000  0.155405061666003E+001  0.773870898116040E+000  0.101327888657868E+000 -0.131028262406404E+000 -0.147210060266170E+003 -0.147210060266170E+003
  0.100944165398505E+000  0.864625089561065E+000  0.648790638394680E+000  0.101074611137017E+000 -0.131028262406404E+000 -0.147209411309853E+003 -0.147209411309853E+003
  0.101540826131449E+000  0.105344139940949E+001  0.852747107040938E+000  0.100356678380665E+000 -0.131028262406404E+000 -0.147209757398449E+003 -0.147209757398449E+003
  0.100728819972494E+000  0.117193456255592E+001  0.845344040807966E+000  0.101119682090264E+000 -0.131028262406404E+000 -0.147209902794340E+003 -0.147209902794340E+003
  0.100540544513620E+000  0.101040397346826E+001  0.869004760761657E+000  0.100993288945510E+000 -0.131028262406404E+000 -0.147209370270753E+003 -0.147209370270753E+003
  0.100222333107795E+000  0.197129580729778E+001  0.987622005391035E+000  0.100745998366116E+000 -0.131028262406404E+000 -0.147209069760956E+003 -0.147209069760956E+003
  0.102132589947059E+000  0.113949710582136E+001  0.483065777717373E+000  0.100072535953543E+000 -0.131028262406404E+000 -0.147210151222004E+003 -0.147210151222004E+003
  0.102066649853124E+000  0.863458427458945E+000  0.535840139939762E+000  0.100187340275755E+000 -0.131028262406404E+000 -0.147209614775422E+003 -0.147209614775422E+003
  0.102847163396525E+000  0.840346135305749E+000  0.208843468959450E+000  0.100128220673077E+000 -0.131028262406404E+000 -0.147210123673183E+003 -0.147210123673183E+003
  0.100999099696804E+000  0.124855252002717E+001  0.125600326124953E+000  0.100495367152091E+000 -0.131028262406404E+000 -0.147209726226786E+003 -0.147209726226786E+003
  0.100576237792466E+000  0.172702850176079E+001  0.511542469334865E-001  0.101045679814261E+000 -0.131028262406404E+000 -0.147209899304865E+003 -0.147209899304865E+003
  0.100436108177382E+000  0.548018051338098E+000  0.850102824278799E+000  0.103394405264202E+000 -0.131028262406404E+000 -0.147209675695678E+003 -0.147209675695678E+003
  0.100357543274164E+000  0.115074066167657E+001  0.270651014774631E+000  0.100326102010980E+000 -0.131028262406404E+000 -0.147208954264813E+003 -0.147208954264813E+003
  0.100253201826670E+000  0.165217227606290E+001  0.214556959082292E+000  0.101224624864185E+000 -0.131028262406404E+000 -0.147209828074952E+003 -0.147209828074952E+003
  0.100026018754015E+000  0.516433443543454E+000  0.511489895214940E+000  0.102051902794932E+000 -0.131028262406404E+000 -0.147208242405165E+003 -0.147208242405165E+003
  0.101160652653297E+000  0.684171298155981E+000  0.659355653606529E+000  0.100204663351449E+000 -0.131028262406404E+000 -0.147208385643786E+003 -0.147208385643786E+003
  0.102512262638677E+000  0.777495602222893E+000  0.801492088121770E+000  0.100761710487765E+000 -0.131028262406404E+000 -0.147210170314730E+003 -0.147210170314730E+003
  0.100273665549348E+000  0.120477533519643E+001  0.920121402013876E+000  0.101614268643936E+000 -0.131028262406404E+000 -0.147209968071296E+003 -0.147209968071296E+003
  0.100507170855958E+000  0.889227422049874E+000  0.529737231900682E+000  0.101191131684347E+000 -0.131028262406404E+000 -0.147209215927830E+003 -0.147209215927830E+003
  0.100038938167974E+000  0.649102158000793E+000  0.469578392343823E+000  0.100260525105400E+000 -0.131028262406404E+000 -0.147207430848093E+003 -0.147207430848093E+003
  0.100944921403277E+000  0.830387882591303E+000  0.294964096413269E+000  0.102247907323390E+000 -0.131028262406404E+000 -0.147210214961676E+003 -0.147210214961676E+003
  0.100413788500816E+000  0.543714573902255E+000  0.117683433831774E+000  0.103296160186831E+000 -0.131028262406404E+000 -0.147209568349161E+003 -0.147209568349161E+003
  0.100593089058046E+000  0.500575996597143E+000  0.313361514042718E+000  0.102124064824800E+000 -0.131028262406404E+000 -0.147208679127068E+003 -0.147208679127068E+003
  0.100742438929249E+000  0.137337355152447E+001  0.630932785534932E-001  0.100391021235375E+000 -0.131028262406404E+000 -0.147209546169947E+003 -0.147209546169947E+003
  0.101109766020416E+000  0.153138450037233E+001  0.643898649267949E+000  0.100936875257294E+000 -0.131028262406404E+000 -0.147210321654377E+003 -0.147210321654377E+003
  0.101032757118803E+000  0.161653143602741E+001  0.743728700616572E+000  0.100599296725296E+000 -0.131028262406404E+000 -0.147209976494997E+003 -0.147209976494997E+003
  0.101579777908389E+000  0.100315874142977E+001  0.343904519757476E+000  0.100245568871621E+000 -0.131028262406404E+000 -0.147209601976329E+003 -0.147209601976329E+003
  0.102671145497083E+000  0.609585570558147E+000  0.960600728097901E+000  0.101015019046994E+000 -0.131028262406404E+000 -0.147209926905570E+003 -0.147209926905570E+003
  0.100567041055027E+000  0.192651110292332E+001  0.389865693115693E+000  0.100666134441909E+000 -0.131028262406404E+000 -0.147209357568972E+003 -0.147209357568972E+003
  0.100575552119241E+000  0.138337844168898E+001  0.960804016599829E-001  0.101377952944622E+000 -0.131028262406404E+000 -0.147210196939101E+003 -0.147210196939101E+003
  0.101661361528419E+000  0.871902488321031E+000  0.442717574217238E+000  0.101085022290531E+000 -0.131028262406404E+000 -0.147210010527386E+003 -0.147210010527386E+003
  0.100087787314686E+000  0.892477730907553E+000  0.961072524444743E+000  0.101311926620839E+000 -0.131028262406404E+000 -0.147208981311337E+003 -0.147208981311337E+003
  0.101098486742948E+000  0.835307465926839E+000  0.565994732955930E+000  0.102049160984531E+000 -0.131028262406404E+000 -0.147210200749816E+003 -0.147210200749816E+003
  0.101152706335982E+000  0.186068561421947E+001  0.646709268363508E+000  0.101061016073355E+000 -0.131028262406404E+000 -0.147210232703121E+003 -0.147210232703121E+003
  0.100415459258702E+000  0.116495838888037E+001  0.373316868699622E+000  0.101534218717915E+000 -0.131028262406404E+000 -0.147209964445511E+003 -0.147209964445511E+003
  0.101330574679423E+000  0.104125218231609E+001  0.719406255042598E+000  0.100788040819283E+000 -0.131028262406404E+000 -0.147209904239012E+003 -0.147209904239012E+003
  0.100032684346527E+000  0.929092674911443E+000  0.555744401211873E+000  0.102270556145600E+000 -0.131028262406404E+000 -0.147209760058460E+003 -0.147209760058460E+003
  0.100426786766982E+000  0.162055945023112E+001  0.643281298626544E+000  0.100909421447271E+000 -0.131028262406404E+000 -0.147209733411495E+003 -0.147209733411495E+003
  0.100145121436580E+000  0.182073375279300E+001  0.640365364638813E+000  0.100809631713868E+000 -0.131028262406404E+000 -0.147209276126545E+003 -0.147209276126545E+003
  0.101979221896148E+000  0.134980378448430E+001  0.852521332323777E+000  0.100149695527691E+000 -0.131028262406404E+000 -0.147210327296099E+003 -0.147210327296099E+003
  0.100129176025751E+000  0.164731503494512E+001  0.315439204668286E+000  0.101318346061047E+000 -0.131028262406404E+000 -0.147209803958040E+003 -0.147209803958040E+003
  0.101863812619790E+000  0.876924899049816E+000  0.538433905365302E+000  0.100693717480746E+000 -0.131028262406404E+000 -0.147209881949754E+003 -0.147209881949754E+003
  0.101637025200617E+000  0.891317853935832E+000  0.487827601826895E+000  0.101315072762515E+000 -0.131028262406404E+000 -0.147210219833871E+003 -0.147210219833871E+003
  0.100146517069996E+000  0.760208123519342E+000  0.461574490272645E+000  0.102601742787174E+000 -0.131028262406404E+000 -0.147209627234181E+003 -0.147209627234181E+003
  0.100535176034960E+000  0.571299073017943E+000  0.998286410944445E+000  0.101948860334405E+000 -0.131028262406404E+000 -0.147208788290913E+003 -0.147208788290913E+003
  0.101790693241202E+000  0.879200286132578E+000  0.981079864767103E+000  0.100062973493945E+000 -0.131028262406404E+000 -0.147209340859105E+003 -0.147209340859105E+003
  0.101774513781063E+000  0.523939961314376E+000  0.906564379835194E-001  0.101194131997642E+000 -0.131028262406404E+000 -0.147209024943165E+003 -0.147209024943165E+003
  0.100885801935225E+000  0.684428753411934E+000  0.703851386484246E+000  0.102718125615574E+000 -0.131028262406404E+000 -0.147210056613991E+003 -0.147210056613991E+003
  0.100990459250171E+000  0.178167476150670E+001  0.563800209138486E+000  0.100885501724974E+000 -0.131028262406404E+000 -0.147210056730697E+003 -0.147210056730697E+003
  0.100432916375807E+000  0.679906972833561E+000  0.801513712734491E-001  0.100033466062573E+000 -0.131028262406404E+000 -0.147207672503473E+003 -0.147207672503473E+003
  0.100425586784016E+000  0.160833500416841E+001  0.464811264457861E+000  0.101460791338950E+000 -0.131028262406404E+000 -0.147210171246312E+003 -0.147210171246312E+003
  0.100234288494245E+000  0.945033663632788E+000  0.194405514890109E+000  0.102283609169444E+000 -0.131028262406404E+000 -0.147209971801476E+003 -0.147209971801476E+003
  0.100013819958725E+000  0.929419513364361E+000  0.753098414599036E+000  0.101346135431806E+000 -0.131028262406404E+000 -0.147209039380743E+003 -0.147209039380743E+003
  0.100604426497374E+000  0.511956931489790E+000  0.622832170438258E+000  0.100811434247481E+000 -0.131028262406404E+000 -0.147207777326270E+003 -0.147207777326270E+003
  0.100529735130671E+000  0.513836553198062E+000  0.416558904199154E+000  0.101809255219613E+000 -0.131028262406404E+000 -0.147208454196204E+003 -0.147208454196204E+003
  0.101169881216782E+000  0.811465633457344E+000  0.206515569776791E+000  0.100666676008161E+000 -0.131028262406404E+000 -0.147209132515361E+003 -0.147209132515361E+003
  0.100302986297838E+000  0.110684562448719E+001  0.204679694074673E+000  0.101025103262705E+000 -0.131028262406404E+000 -0.147209385487307E+003 -0.147209385487307E+003
  0.100283937024222E+000  0.165244428088710E+001  0.225128980900416E+000  0.101827595763766E+000 -0.131028262406404E+000 -0.147210327000662E+003 -0.147210327000662E+003
  0.100874513181205E+000  0.727388421153555E+000  0.212247441077574E+000  0.101349519818719E+000 -0.131028262406404E+000 -0.147209162851746E+003 -0.147209162851746E+003
  0.101213772764634E+000  0.864378749484892E+000  0.859764622042363E+000  0.101822506155526E+000 -0.131028262406404E+000 -0.147210200558303E+003 -0.147210200558303E+003
  0.100151204661888E+000  0.191858729645042E+001  0.985344513736795E+000  0.100899299967595E+000 -0.131028262406404E+000 -0.147209218664655E+003 -0.147209218664655E+003
  0.100625038510124E+000  0.142729953175320E+001  0.467824306396397E+000  0.100630222545123E+000 -0.131028262406404E+000 -0.147209668503552E+003 -0.147209668503552E+003
  0.102098095481648E+000  0.593787360523069E+000  0.388447329855004E+000  0.100619568389501E+000 -0.131028262406404E+000 -0.147209119418971E+003 -0.147209119418971E+003
  0.100715478830799E+000  0.863785486425702E+000  0.894412825296263E+000  0.100110507170985E+000 -0.131028262406404E+000 -0.147208488906317E+003 -0.147208488906317E+003
  0.100483552271698E+000  0.111360030684662E+001  0.670286235381194E+000  0.101316865256350E+000 -0.131028262406404E+000 -0.147209768888369E+003 -0.147209768888369E+003
  0.100836983120617E+000  0.144874289936902E+001  0.402035763359380E+000  0.100214146802358E+000 -0.131028262406404E+000 -0.147209516920246E+003 -0.147209516920246E+003
  0.101057565343358E+000  0.622251025730845E+000  0.950668878238799E+000  0.102003346980498E+000 -0.131028262406404E+000 -0.147209436360588E+003 -0.147209436360588E+003
  0.100618149115521E+000  0.178458926119956E+001  0.450741523722038E+000  0.101402541413661E+000 -0.131028262406404E+000 -0.147210161220705E+003 -0.147210161220705E+003
  0.100260042350815E+000  0.139644782626197E+001  0.314245377555094E+000  0.101775104173739E+000 -0.131028262406404E+000 -0.147210261570500E+003 -0.147210261570500E+003
  0.102428194579163E+000  0.656873463752964E+000  0.291584277129519E+000  0.100468658420119E+000 -0.131028262406404E+000 -0.147209489788646E+003 -0.147209489788646E+003
  0.100194553001810E+000  0.766544294847633E+000  0.681586668008047E+000  0.102047961954650E+000 -0.131028262406404E+000 -0.147209269521702E+003 -0.147209269521702E+003
  0.101042419160270E+000  0.706145176046491E+000  0.660733083268395E+000  0.102558336738373E+000 -0.131028262406404E+000 -0.147210137722928E+003 -0.147210137722928E+003
  0.100457202060862E+000  0.131299595566369E+001  0.696857282271936E+000  0.101555782682853E+000 -0.131028262406404E+000 -0.147210189542469E+003 -0.147210189542469E+003
  0.100266602408426E+000  0.873241187785990E+000  0.982475438940531E+000  0.102004626749848E+000 -0.131028262406404E+000 -0.147209602409436E+003 -0.147209602409436E+003
  0.102776581559618E+000  0.558718963222716E+000  0.572105552077363E+000  0.101559468947941E+000 -0.131028262406404E+000 -0.147210226367842E+003 -0.147210226367842E+003
  0.100427940036102E+000  0.705299928608136E+000  0.443168404913365E+000  0.103000673904976E+000 -0.131028262406404E+000 -0.147209971662759E+003 -0.147209971662759E+003
  0.100052771933224E+000  0.785260342015996E+000  0.298034387365339E+000  0.102974565576444E+000 -0.131028262406404E+000 -0.147209910229932E+003 -0.147209910229932E+003
  0.101494509135435E+000  0.598892579952201E+000  0.421078346926321E+000  0.100491477986683E+000 -0.131028262406404E+000 -0.147208568445834E+003 -0.147208568445834E+003
  0.103087189774858E+000  0.578068105148071E+000  0.313475368802435E+000  0.100498493973418E+000 -0.131028262406404E+000 -0.147209745584878E+003 -0.147209745584878E+003
  0.101255513203706E+000  0.500844824612292E+000  0.212608963365571E+000  0.102278401578330E+000 -0.131028262406404E+000 -0.147209318305727E+003 -0.147209318305727E+003
  0.100163539950136E+000  0.685173537569791E+000  0.535690243368880E+000  0.103472693216576E+000 -0.131028262406404E+000 -0.147210039280678E+003 -0.147210039280678E+003
  0.100146722223913E+000  0.100907479681937E+001  0.987843985688299E+000  0.102367438450597E+000 -0.131028262406404E+000 -0.147210111061979E+003 -0.147210111061979E+003
  0.101254058575593E+000  0.669145302607064E+000  0.912890594291870E+000  0.102040040995479E+000 -0.131028262406404E+000 -0.147209789427988E+003 -0.147209789427988E+003
  0.101026114369773E+000  0.191795827801629E+001  0.152355353950335E+000  0.100751246461089E+000 -0.131028262406404E+000 -0.147209804830605E+003 -0.147209804830605E+003
  0.100372384901721E+000  0.635117341970876E+000  0.281591108053785E+000  0.103871029273755E+000 -0.131028262406404E+000 -0.147210319382865E+003 -0.147210319382865E+003
  0.100620683687287E+000  0.707572408000812E+000  0.349294955940916E+000  0.100371795466163E+000 -0.131028262406404E+000 -0.147208162529888E+003 -0.147208162529888E+003
  0.102486769421288E+000  0.654383493779840E+000  0.439700129757448E+000  0.100859000961557E+000 -0.131028262406404E+000 -0.147209824053699E+003 -0.147209824053699E+003
  0.100602252199537E+000  0.918094197663097E+000  0.529297263213967E+000  0.101653123156465E+000 -0.131028262406404E+000 -0.147209718851141E+003 -0.147209718851141E+003
  0.101888790237140E+000  0.642678763988405E+000  0.457106923325677E+000  0.101276545892907E+000 -0.131028262406404E+000 -0.147209626024936E+003 -0.147209626024936E+003
  0.101267455686379E+000  0.502575708510650E+000  0.176524690414551E+000  0.100738640986297E+000 -0.131028262406404E+000 -0.147208205665475E+003 -0.147208205665475E+003
  0.100273525614109E+000  0.175734369852542E+001  0.863404115922039E-002  0.100189748965519E+000 -0.131028262406404E+000 -0.147208958344392E+003 -0.147208958344392E+003
  0.100216693895893E+000  0.859222861819440E+000  0.815748092833705E+000  0.102052167477333E+000 -0.131028262406404E+000 -0.147209560558900E+003 -0.147209560558900E+003
  0.100347276853995E+000  0.147819079621874E+001  0.766205922698202E+000  0.100386774772440E+000 -0.131028262406404E+000 -0.147209269197301E+003 -0.147209269197301E+003
  0.100608110397438E+000  0.874853084307253E+000  0.313375880649249E+000  0.102476295408720E+000 -0.131028262406404E+000 -0.147210242032415E+003 -0.147210242032415E+003
  0.101514344890858E+000  0.928869099915400E+000  0.731648879273370E+000  0.100649040515819E+000 -0.131028262406404E+000 -0.147209698856404E+003 -0.147209698856404E+003
  0.100963832686621E+000  0.176429917999672E+001  0.579358396384880E+000  0.100517245087198E+000 -0.131028262406404E+000 -0.147209761501985E+003 -0.147209761501985E+003
  0.102065422832751E+000  0.180450589258851E+001  0.104314276140516E+000  0.100099185182132E+000 -0.131028262406404E+000 -0.147210269004550E+003 -0.147210269004550E+003
  0.100270768658819E+000  0.167099064170697E+001  0.775245136416688E+000  0.100776940313855E+000 -0.131028262406404E+000 -0.147209480232405E+003 -0.147209480232405E+003
  0.100645641107359E+000  0.725539606993793E+000  0.339088957666025E+000  0.101694924499551E+000 -0.131028262406404E+000 -0.147209234796437E+003 -0.147209234796437E+003
  0.100576536984933E+000  0.156468092575709E+001  0.520954290905639E+000  0.101429954154590E+000 -0.131028262406404E+000 -0.147210279244324E+003 -0.147210279244324E+003
  0.100956223116656E+000  0.713120985138522E+000  0.722859432062924E+000  0.101751725276428E+000 -0.131028262406404E+000 -0.147209484716471E+003 -0.147209484716471E+003
  0.101054729281846E+000  0.850390241061086E+000  0.677923085569227E+000  0.101153802138538E+000 -0.131028262406404E+000 -0.147209521963423E+003 -0.147209521963423E+003
  0.101540086742656E+000  0.128847330017668E+001  0.626895340502952E+000  0.100354009643388E+000 -0.131028262406404E+000 -0.147210088212004E+003 -0.147210088212004E+003
  0.100089804791642E+000  0.724743727081259E+000  0.121661846737640E+000  0.103767145731649E+000 -0.131028262406404E+000 -0.147210336744097E+003 -0.147210336744097E+003
  0.101272556538033E+000  0.549591268276032E+000  0.512847208772077E+000  0.103180807892691E+000 -0.131028262406404E+000 -0.147210197405782E+003 -0.147210197405782E+003
  0.101038188794979E+000  0.899830868019642E+000  0.349299824776739E+000  0.100597450667579E+000 -0.131028262406404E+000 -0.147209209706346E+003 -0.147209209706346E+003
  0.101780221939828E+000  0.882789174611374E+000  0.382302918555279E+000  0.100903901129272E+000 -0.131028262406404E+000 -0.147209993579151E+003 -0.147209993579151E+003
  0.100482918115198E+000  0.123216473407712E+001  0.787630945144840E+000  0.100800479542965E+000 -0.131028262406404E+000 -0.147209533896653E+003 -0.147209533896653E+003
  0.100570715728442E+000  0.857259737130765E+000  0.414013029109989E+000  0.100699285144219E+000 -0.131028262406404E+000 -0.147208807463961E+003 -0.147208807463961E+003
  0.103047507651135E+000  0.552743965693602E+000  0.549689223140371E+000  0.100647884134048E+000 -0.131028262406404E+000 -0.147209730414907E+003 -0.147209730414907E+003
  0.100319869086191E+000  0.668211538743231E+000  0.365797745775579E-001  0.102988256405658E+000 -0.131028262406404E+000 -0.147209745093503E+003 -0.147209745093503E+003
  0.100633082715260E+000  0.123166125409798E+001  0.491005207535699E+000  0.101568872758754E+000 -0.131028262406404E+000 -0.147210257038632E+003 -0.147210257038632E+003
  0.100080109511017E+000  0.593555208927432E+000  0.118118521908968E+000  0.100512853175800E+000 -0.131028262406404E+000 -0.147207455871442E+003 -0.147207455871442E+003
  0.101732200426263E+000  0.136690601032118E+001  0.698801436805916E+000  0.100074580513928E+000 -0.131028262406404E+000 -0.147210081711472E+003 -0.147210081711472E+003
  0.101355153336611E+000  0.818451416835832E+000  0.202923594899596E+000  0.100201853257394E+000 -0.131028262406404E+000 -0.147208942647416E+003 -0.147208942647416E+003
  0.101119928154912E+000  0.573427302755411E+000  0.311765996692382E+000  0.102626965221848E+000 -0.131028262406404E+000 -0.147209762446699E+003 -0.147209762446699E+003
  0.100829625699113E+000  0.111119698587641E+001  0.260342827758741E+000  0.100260345028507E+000 -0.131028262406404E+000 -0.147209217356556E+003 -0.147209217356556E+003
  0.101145006497546E+000  0.177090535643038E+001  0.143150532070069E+000  0.101013671954169E+000 -0.131028262406404E+000 -0.147210292977852E+003 -0.147210292977852E+003
  0.101121718797966E+000  0.769991096979372E+000  0.950179260950864E+000  0.100742883352325E+000 -0.131028262406404E+000 -0.147209031601150E+003 -0.147209031601150E+003
  0.100581916544421E+000  0.531308382595352E+000  0.544175367967454E+000  0.102780052675287E+000 -0.131028262406404E+000 -0.147209275268816E+003 -0.147209275268816E+003
  0.100228382929165E+000  0.962106107250452E+000  0.197064357128782E+000  0.100708340939379E+000 -0.131028262406404E+000 -0.147208797560376E+003 -0.147208797560376E+003
  0.101280133562229E+000  0.994722772091867E+000  0.746859050849816E+000  0.101044243592775E+000 -0.131028262406404E+000 -0.147209968547276E+003 -0.147209968547276E+003
  0.102091682532146E+000  0.106698290951546E+001  0.889041106080195E+000  0.100207923867828E+000 -0.131028262406404E+000 -0.147210103717245E+003 -0.147210103717245E+003
  0.100740523015459E+000  0.165234903283008E+001  0.960862592029941E+000  0.100845724848650E+000 -0.131028262406404E+000 -0.147209921824276E+003 -0.147209921824276E+003
  0.102509221613424E+000  0.106190620248815E+001  0.316333206299168E+000  0.100042852222116E+000 -0.131028262406404E+000 -0.147210295531331E+003 -0.147210295531331E+003
  0.101000303276454E+000  0.923391072359939E+000  0.345885362235871E+000  0.101579889415803E+000 -0.131028262406404E+000 -0.147209995158277E+003 -0.147209995158277E+003
  0.101908883956078E+000  0.641901311471102E+000  0.799810127419219E+000  0.100763699051364E+000 -0.131028262406404E+000 -0.147209252330852E+003 -0.147209252330852E+003
  0.101202746903925E+000  0.656085080994909E+000  0.793831787921101E+000  0.101878610612346E+000 -0.131028262406404E+000 -0.147209581247488E+003 -0.147209581247488E+003
  0.101148596195492E+000  0.160388201297565E+001  0.499162631275262E+000  0.100633643586054E+000 -0.131028262406404E+000 -0.147210100805471E+003 -0.147210100805471E+003
  0.101810772410423E+000  0.619007619229143E+000  0.170473374948632E+000  0.102265480345087E+000 -0.131028262406404E+000 -0.147210220954818E+003 -0.147210220954818E+003
  0.100975733046064E+000  0.539104040771172E+000  0.353803559467803E+000  0.102127589837355E+000 -0.131028262406404E+000 -0.147209142721755E+003 -0.147209142721755E+003
  0.101392499799188E+000  0.105118183262935E+001  0.992559626975216E+000  0.101161949480539E+000 -0.131028262406404E+000 -0.147210265672286E+003 -0.147210265672286E+003
  0.101376711320125E+000  0.844674728742275E+000  0.467615548685074E+000  0.100382846234365E+000 -0.131028262406404E+000 -0.147209170299762E+003 -0.147209170299762E+003
  0.100066461591688E+000  0.122700930501354E+001  0.804033955604225E+000  0.100222309561813E+000 -0.131028262406404E+000 -0.147208742464137E+003 -0.147208742464137E+003
  0.100417674421057E+000  0.170845738740728E+001  0.966796608460730E+000  0.101200301812360E+000 -0.131028262406404E+000 -0.147209907334611E+003 -0.147209907334611E+003
  0.102314624585318E+000  0.652109900262561E+000  0.394921231521015E+000  0.100652057881764E+000 -0.131028262406404E+000 -0.147209523216025E+003 -0.147209523216025E+003
  0.100505007648806E+000  0.108340305793727E+001  0.450401775737367E+000  0.100357464769021E+000 -0.131028262406404E+000 -0.147208987612173E+003 -0.147208987612173E+003
  0.100077337984805E+000  0.908829848909079E+000  0.638576981267688E+000  0.100374245553354E+000 -0.131028262406404E+000 -0.147208298001862E+003 -0.147208298001862E+003
  0.102901020462290E+000  0.656634767639147E+000  0.144594254436897E-001  0.100015498246911E+000 -0.131028262406404E+000 -0.147209514570709E+003 -0.147209514570709E+003
  0.100021683664130E+000  0.622769840159164E+000  0.575382365633606E-001  0.100881376790101E+000 -0.131028262406404E+000 -0.147207785742976E+003 -0.147207785742976E+003
  0.101298266601672E+000  0.838018491870323E+000  0.288015272045727E+000  0.100817499647517E+000 -0.131028262406404E+000 -0.147209424023815E+003 -0.147209424023815E+003
  0.100597722002833E+000  0.146312698252405E+001  0.686072220606189E-001  0.101358487503498E+000 -0.131028262406404E+000 -0.147210233708895E+003 -0.147210233708895E+003
  0.100457774165912E+000  0.196287390139634E+001  0.871925671248300E+000  0.102045804215450E+000 -0.131028262406404E+000 -0.147210283366713E+003 -0.147210283366713E+003
  0.100028261571018E+000  0.166112617363875E+001  0.812916515923998E+000  0.100329672626534E+000 -0.131028262406404E+000 -0.147208939933849E+003 -0.147208939933849E+003
  0.100702334987159E+000  0.936378769989021E+000  0.140227268266351E+000  0.101135957157461E+000 -0.131028262406404E+000 -0.147209445615728E+003 -0.147209445615728E+003
  0.100292218609429E+000  0.160433193659931E+001  0.243887793207840E+000  0.101585642210842E+000 -0.131028262406404E+000 -0.147210162875384E+003 -0.147210162875384E+003
  0.100527961143240E+000  0.138063138510885E+001  0.819101632950827E+000  0.100636412937013E+000 -0.131028262406404E+000 -0.147209572342174E+003 -0.147209572342174E+003
  0.100216318973087E+000  0.127087592714382E+001  0.234561923243026E+000  0.100690124944287E+000 -0.131028262406404E+000 -0.147209276263822E+003 -0.147209276263822E+003
  0.100403200211028E+000  0.536803976641406E+000  0.716629444457751E+000  0.103582434507899E+000 -0.131028262406404E+000 -0.147209739910225E+003 -0.147209739910225E+003
  0.101726721349736E+000  0.819967309062348E+000  0.767279459346071E+000  0.100805031678619E+000 -0.131028262406404E+000 -0.147209704469616E+003 -0.147209704469616E+003
  0.100498551810083E+000  0.192222689440987E+001  0.341643575313116E+000  0.101812288071599E+000 -0.131028262406404E+000 -0.147210203513479E+003 -0.147210203513479E+003
  0.100723833107077E+000  0.125449298238703E+001  0.938569264752929E+000  0.100177289760192E+000 -0.131028262406404E+000 -0.147209262280594E+003 -0.147209262280594E+003
  0.101844466498951E+000  0.703793363378291E+000  0.814609789522906E+000  0.100638350808433E+000 -0.131028262406404E+000 -0.147209316304574E+003 -0.147209316304574E+003
  0.101573288996948E+000  0.102199317261891E+001  0.758037059667762E+000  0.100719176843315E+000 -0.131028262406404E+000 -0.147210005949696E+003 -0.147210005949696E+003
  0.101151529018741E+000  0.522953160006443E+000  0.875271827478683E+000  0.101198659048863E+000 -0.131028262406404E+000 -0.147208534216119E+003 -0.147208534216119E+003
  0.100173185445468E+000  0.778368005524124E+000  0.464425332068599E+000  0.101747219508385E+000 -0.131028262406404E+000 -0.147209062203237E+003 -0.147209062203237E+003
  0.100662109872386E+000  0.887812933703420E+000  0.299620155174335E+000  0.102107183857468E+000 -0.131028262406404E+000 -0.147210037866703E+003 -0.147210037866703E+003
  0.102222709326529E+000  0.740401339463514E+000  0.177125554448257E+000  0.100018387953006E+000 -0.131028262406404E+000 -0.147209256734838E+003 -0.147209256734838E+003
  0.100148042039349E+000  0.926973172230666E+000  0.765058450522088E+000  0.100781133691942E+000 -0.131028262406404E+000 -0.147208708616873E+003 -0.147208708616873E+003
  0.100008868984602E+000  0.515796803220029E+000  0.589496694134504E+000  0.104834345081347E+000 -0.131028262406404E+000 -0.147210238457665E+003 -0.147210238457665E+003
  0.101502638716787E+000  0.166809797242330E+001  0.775205425541791E+000  0.100000212878407E+000 -0.131028262406404E+000 -0.147209853039308E+003 -0.147209853039308E+003
  0.100478480520124E+000  0.136521520815434E+001  0.842029876203879E+000  0.100631092331722E+000 -0.131028262406404E+000 -0.147209518920175E+003 -0.147209518920175E+003
  0.100343110091515E+000  0.115646360495025E+001  0.402887393201443E+000  0.101711030522086E+000 -0.131028262406404E+000 -0.147210031233380E+003 -0.147210031233380E+003
  0.100296552791684E+000  0.194614240064947E+001  0.329803372476227E+000  0.100080723909959E+000 -0.131028262406404E+000 -0.147208654566389E+003 -0.147208654566389E+003
  0.100405497571064E+000  0.892067679125182E+000  0.775066512299966E-001  0.102007066487295E+000 -0.131028262406404E+000 -0.147209765705727E+003 -0.147209765705727E+003
  0.102512960500790E+000  0.526069589925421E+000  0.626800877652238E-003  0.101230721550242E+000 -0.131028262406404E+000 -0.147209641905190E+003 -0.147209641905190E+003
  0.100989575401640E+000  0.975704135559086E+000  0.642293311107624E+000  0.100145154809336E+000 -0.131028262406404E+000 -0.147208997449878E+003 -0.147208997449878E+003
  0.100557069228124E+000  0.778922459406857E+000  0.649007063214921E+000  0.102830259923771E+000 -0.131028262406404E+000 -0.147210189625230E+003 -0.147210189625230E+003
  0.100649526871354E+000  0.191452917456416E+001  0.355371029899289E+000  0.101496214697444E+000 -0.131028262406404E+000 -0.147210090918414E+003 -0.147210090918414E+003
  0.101124783482038E+000  0.901475567568852E+000  0.100262353311250E+000  0.101127758081587E+000 -0.131028262406404E+000 -0.147209691569360E+003 -0.147209691569360E+003
  0.100817019790583E+000  0.117930083534443E+001  0.163381408695842E+000  0.100077080160041E+000 -0.131028262406404E+000 -0.147209165997090E+003 -0.147209165997090E+003
  0.100015436701448E+000  0.816263176896657E+000  0.428678278577073E+000  0.103356771370063E+000 -0.131028262406404E+000 -0.147210262450447E+003 -0.147210262450447E+003
  0.101085790898115E+000  0.811092728491289E+000  0.962757404682517E+000  0.100373525605040E+000 -0.131028262406404E+000 -0.147208840819442E+003 -0.147208840819442E+003
  0.100850641962910E+000  0.118653459893067E+001  0.836037308870565E-001  0.100624094364563E+000 -0.131028262406404E+000 -0.147209632139918E+003 -0.147209632139918E+003
  0.100332911154476E+000  0.100595170323093E+001  0.869120744204193E+000  0.101363832165763E+000 -0.131028262406404E+000 -0.147209480952669E+003 -0.147209480952669E+003
  0.100603201162002E+000  0.129951765145230E+001  0.125609272230279E+000  0.101476705978680E+000 -0.131028262406404E+000 -0.147210233200550E+003 -0.147210233200550E+003
  0.102149547243121E+000  0.512427380809532E+000  0.973865717958123E+000  0.100046189267284E+000 -0.131028262406404E+000 -0.147208421344211E+003 -0.147208421344211E+003
  0.100013907254927E+000  0.182214995301619E+001  0.769833896903298E+000  0.102071029690573E+000 -0.131028262406404E+000 -0.147210153309868E+003 -0.147210153309868E+003
  0.101605895349290E+000  0.597527233736818E+000  0.492013284029717E+000  0.100408538724248E+000 -0.131028262406404E+000 -0.147208588811052E+003 -0.147208588811052E+003
  0.101939213321872E+000  0.505114120329047E+000  0.476807265207172E+000  0.100939513371799E+000 -0.131028262406404E+000 -0.147208890125822E+003 -0.147208890125822E+003
  0.100605664696193E+000  0.140630744182134E+001  0.129043163169038E+000  0.100937410056759E+000 -0.131028262406404E+000 -0.147209886065645E+003 -0.147209886065645E+003
  0.100487117214731E+000  0.155909963537571E+001  0.477147794340918E+000  0.100725460123585E+000 -0.131028262406404E+000 -0.147209651729454E+003 -0.147209651729454E+003
  0.100170394461738E+000  0.840087274682330E+000  0.426274950937271E-001  0.100873036871640E+000 -0.131028262406404E+000 -0.147208575778332E+003 -0.147208575778332E+003
  0.100047297985382E+000  0.123300153009650E+001  0.104871152710961E+000  0.101085843838038E+000 -0.131028262406404E+000 -0.147209408213716E+003 -0.147209408213716E+003
  0.100001100418576E+000  0.190459204440810E+001  0.252816165528231E+000  0.101637016597107E+000 -0.131028262406404E+000 -0.147209692651502E+003 -0.147209692651502E+003
  0.101283373580407E+000  0.743442822585487E+000  0.666555826485914E+000  0.100527838800653E+000 -0.131028262406404E+000 -0.147208915226725E+003 -0.147208915226725E+003
  0.101741877256124E+000  0.815571763329092E+000  0.114672491912805E+000  0.101419460066720E+000 -0.131028262406404E+000 -0.147210176632471E+003 -0.147210176632471E+003
  0.102202828246957E+000  0.606303429188588E+000  0.777296238493231E+000  0.101496454665458E+000 -0.131028262406404E+000 -0.147209907648322E+003 -0.147209907648322E+003
  0.100601540150496E+000  0.151419593308197E+001  0.412710609678675E+000  0.100505099577633E+000 -0.131028262406404E+000 -0.147209570893681E+003 -0.147209570893681E+003
  0.100066554073113E+000  0.159422980237682E+001  0.571973293752803E+000  0.100091930084966E+000 -0.131028262406404E+000 -0.147208809602969E+003 -0.147208809602969E+003
  0.100351644918521E+000  0.697445958906884E+000  0.210606665945885E+000  0.102913998810661E+000 -0.131028262406404E+000 -0.147209818311107E+003 -0.147209818311107E+003
  0.100171221211259E+000  0.186269015503070E+001  0.870007257946884E+000  0.100517215578894E+000 -0.131028262406404E+000 -0.147209016935607E+003 -0.147209016935607E+003
  0.102428552710165E+000  0.105688097419074E+001  0.537776808192235E+000  0.100102196099215E+000 -0.131028262406404E+000 -0.147210269150411E+003 -0.147210269150411E+003
  0.101350483307245E+000  0.102488885480430E+001  0.541445112718322E+000  0.101280970751209E+000 -0.131028262406404E+000 -0.147210272763582E+003 -0.147210272763582E+003
  0.101311497069803E+000  0.676616273171591E+000  0.683210542648497E+000  0.100654118594083E+000 -0.131028262406404E+000 -0.147208817981849E+003 -0.147208817981849E+003
  0.100051821746641E+000  0.735196770819240E+000  0.117692321229299E+000  0.102566521278422E+000 -0.131028262406404E+000 -0.147209444125948E+003 -0.147209444125948E+003
  0.100040215835376E+000  0.611348874942356E+000  0.244339529395525E+000  0.100561090179767E+000 -0.131028262406404E+000 -0.147207523655033E+003 -0.147207523655033E+003
  0.100167098643816E+000  0.178255964232997E+001  0.264829604172751E+000  0.100262877968714E+000 -0.131028262406404E+000 -0.147208907016284E+003 -0.147208907016284E+003
  0.100283889661844E+000  0.811707204797366E+000  0.954415436965408E+000  0.102135837148039E+000 -0.131028262406404E+000 -0.147209543610477E+003 -0.147209543610477E+003
  0.101236818891124E+000  0.765651236656050E+000  0.516688515284141E+000  0.101058699679424E+000 -0.131028262406404E+000 -0.147209350062815E+003 -0.147209350062815E+003
  0.102842218838330E+000  0.665700098173005E+000  0.332898440214694E+000  0.100410720333623E+000 -0.131028262406404E+000 -0.147209801523829E+003 -0.147209801523829E+003
  0.100755810465909E+000  0.977381803548351E+000  0.695755355736445E+000  0.102088750570300E+000 -0.131028262406404E+000 -0.147210318993283E+003 -0.147210318993283E+003
  0.101834507861164E+000  0.111721734330201E+001  0.608443180941570E+000  0.100595480666529E+000 -0.131028262406404E+000 -0.147210292206510E+003 -0.147210292206510E+003
  0.100987585877885E+000  0.173191341095039E+001  0.963833585157340E-001  0.100624910143444E+000 -0.131028262406404E+000 -0.147209893820712E+003 -0.147209893820712E+003
  0.100044870471612E+000  0.635744820688758E+000  0.673046341955801E+000  0.102640952124506E+000 -0.131028262406404E+000 -0.147209149321345E+003 -0.147209149321345E+003
  0.100349846787304E+000  0.113300030980904E+001  0.402870281110020E+000  0.100670655152084E+000 -0.131028262406404E+000 -0.147209189683183E+003 -0.147209189683183E+003
  0.101802995147286E+000  0.645558435393434E+000  0.363033147535592E+000  0.100588804136217E+000 -0.131028262406404E+000 -0.147209049789262E+003 -0.147209049789262E+003
  0.100904534031748E+000  0.688338380412612E+000  0.467249913125521E+000  0.100233671067686E+000 -0.131028262406404E+000 -0.147208219965644E+003 -0.147208219965644E+003
  0.101320823281482E+000  0.873921340714600E+000  0.334248950153766E+000  0.100682692926133E+000 -0.131028262406404E+000 -0.147209434143802E+003 -0.147209434143802E+003
  0.101724610360629E+000  0.657824133377421E+000  0.420297967447316E+000  0.100409475696116E+000 -0.131028262406404E+000 -0.147208895064110E+003 -0.147208895064110E+003
  0.100046146639663E+000  0.517936065230843E+000  0.160778134655578E+000  0.102257268949329E+000 -0.131028262406404E+000 -0.147208413413079E+003 -0.147208413413079E+003
  0.101311329221985E+000  0.629880761968276E+000  0.220533293162862E+000  0.100589157200762E+000 -0.131028262406404E+000 -0.147208608495877E+003 -0.147208608495877E+003
  0.100704954120803E+000  0.118059104285349E+001  0.375562720846706E+000  0.100186645830049E+000 -0.131028262406404E+000 -0.147209164486100E+003 -0.147209164486100E+003
  0.100181512994205E+000  0.162011956003632E+001  0.777104985353570E+000  0.101732747979553E+000 -0.131028262406404E+000 -0.147210183492240E+003 -0.147210183492240E+003
  0.100998906031776E+000  0.990006719072665E+000  0.141782294179506E+000  0.101791528241582E+000 -0.131028262406404E+000 -0.147210313274251E+003 -0.147210313274251E+003
  0.100893596043198E+000  0.775160225504141E+000  0.897177796401682E+000  0.102500261452424E+000 -0.131028262406404E+000 -0.147210199693039E+003 -0.147210199693039E+003
  0.101791083599536E+000  0.847998145456200E+000  0.551108527357551E+000  0.100022578224879E+000 -0.131028262406404E+000 -0.147209228779753E+003 -0.147209228779753E+003
  0.100345801755574E+000  0.133336885506003E+001  0.311070466452788E-002  0.101771986148179E+000 -0.131028262406404E+000 -0.147210286333412E+003 -0.147210286333412E+003
  0.101373803176858E+000  0.646964302421630E+000  0.403137736203322E+000  0.100615512604897E+000 -0.131028262406404E+000 -0.147208737031652E+003 -0.147208737031652E+003
  0.100004944255854E+000  0.183335893658673E+001  0.186620707440691E+000  0.100469382215791E+000 -0.131028262406404E+000 -0.147208883443115E+003 -0.147208883443115E+003
  0.100814338765404E+000  0.637418721100508E+000  0.961166157977431E+000  0.102197375384535E+000 -0.131028262406404E+000 -0.147209442397295E+003 -0.147209442397295E+003
  0.102911457521767E+000  0.521497869266792E+000  0.431147038980211E+000  0.101031169734419E+000 -0.131028262406404E+000 -0.147209787787506E+003 -0.147209787787506E+003
  0.100175318997498E+000  0.132820028297252E+001  0.717504460326874E+000  0.101697550507611E+000 -0.131028262406404E+000 -0.147210085529302E+003 -0.147210085529302E+003
  0.100043721624082E+000  0.135166557236328E+001  0.554880029878221E+000  0.101844913947662E+000 -0.131028262406404E+000 -0.147210112444041E+003 -0.147210112444041E+003
  0.100120465734703E+000  0.799051245227477E+000  0.440453719159673E+000  0.102575156004261E+000 -0.131028262406404E+000 -0.147209706288631E+003 -0.147209706288631E+003
  0.103635769069295E+000  0.525436222700137E+000  0.471219386237018E+000  0.100977194800572E+000 -0.131028262406404E+000 -0.147210332258829E+003 -0.147210332258829E+003
  0.100596178417510E+000  0.859946214616985E+000  0.655733423218732E+000  0.100709667662072E+000 -0.131028262406404E+000 -0.147208842700094E+003 -0.147208842700094E+003
  0.102440700974431E+000  0.766564292527681E+000  0.315516479416052E+000  0.100924511810046E+000 -0.131028262406404E+000 -0.147210205907887E+003 -0.147210205907887E+003
  0.100314935459621E+000  0.147254432115339E+001  0.826732442311439E+000  0.101428795380517E+000 -0.131028262406404E+000 -0.147210062824382E+003 -0.147210062824382E+003
  0.101218665944721E+000  0.517404046047110E+000  0.446347414986271E+000  0.103331774378764E+000 -0.131028262406404E+000 -0.147210130359810E+003 -0.147210130359810E+003
  0.100688399652925E+000  0.169486950140965E+001  0.175445186571075E+000  0.100239614438934E+000 -0.131028262406404E+000 -0.147209376983056E+003 -0.147209376983056E+003
  0.100801058338763E+000  0.869428470154488E+000  0.392589084295741E+000  0.100359825196244E+000 -0.131028262406404E+000 -0.147208762111187E+003 -0.147208762111187E+003
  0.100146538491749E+000  0.181781596012091E+001  0.923970537168337E+000  0.100656388415185E+000 -0.131028262406404E+000 -0.147209160858845E+003 -0.147209160858845E+003
  0.101328259770324E+000  0.677455793650815E+000  0.667689115118355E+000  0.102360962289420E+000 -0.131028262406404E+000 -0.147210119227630E+003 -0.147210119227630E+003
  0.100270925381492E+000  0.765145000543732E+000  0.573134987659866E+000  0.102381054991921E+000 -0.131028262406404E+000 -0.147209577077975E+003 -0.147209577077975E+003
  0.101961775429509E+000  0.554801896513826E+000  0.478204397710402E+000  0.101173089316719E+000 -0.131028262406404E+000 -0.147209278574554E+003 -0.147209278574554E+003
  0.100886553322261E+000  0.136040582017334E+001  0.352111257015138E+000  0.100439547246494E+000 -0.131028262406404E+000 -0.147209691554996E+003 -0.147209691554996E+003
  0.101082550085373E+000  0.132050387692786E+001  0.835295251686967E+000  0.100590241543595E+000 -0.131028262406404E+000 -0.147209937902753E+003 -0.147209937902753E+003
  0.102897710598627E+000  0.542454218203683E+000  0.675888961627214E+000  0.101657587671737E+000 -0.131028262406404E+000 -0.147210330951786E+003 -0.147210330951786E+003
  0.100485258139669E+000  0.113292248375797E+001  0.925066612846103E+000  0.101488962456559E+000 -0.131028262406404E+000 -0.147209936070746E+003 -0.147209936070746E+003
  0.100818728709979E+000  0.817050128400963E+000  0.253395762315186E+000  0.102413117371020E+000 -0.131028262406404E+000 -0.147210200330997E+003 -0.147210200330997E+003
  0.101746447482380E+000  0.129491207192391E+001  0.157137876445406E-001  0.100050246525588E+000 -0.131028262406404E+000 -0.147210017384605E+003 -0.147210017384605E+003
  0.101397576391985E+000  0.636404883365111E+000  0.963035002357107E+000  0.102405241055206E+000 -0.131028262406404E+000 -0.147210060078366E+003 -0.147210060078366E+003
  0.101265641294833E+000  0.692246059494395E+000  0.830069060053144E+000  0.101099905750098E+000 -0.131028262406404E+000 -0.147209170070503E+003 -0.147209170070503E+003
  0.101092566099349E+000  0.108756813907977E+001  0.471062187531889E+000  0.100201949050100E+000 -0.131028262406404E+000 -0.147209341091026E+003 -0.147209341091026E+003
  0.100402491387621E+000  0.800123252939766E+000  0.547585391475286E+000  0.100712538483411E+000 -0.131028262406404E+000 -0.147208526983954E+003 -0.147208526983954E+003
  0.100816402166786E+000  0.714965635162157E+000  0.674202666006046E+000  0.101253373790735E+000 -0.131028262406404E+000 -0.147209004129678E+003 -0.147209004129678E+003
  0.100049255943146E+000  0.770873794597537E+000  0.470163153721054E+000  0.101820090422066E+000 -0.131028262406404E+000 -0.147208995128729E+003 -0.147208995128729E+003
  0.102928234235632E+000  0.789142439246214E+000  0.106557230648333E+000  0.100419596688842E+000 -0.131028262406404E+000 -0.147210269360698E+003 -0.147210269360698E+003
  0.101031458257820E+000  0.102677723300673E+001  0.730320799816210E+000  0.100178851487788E+000 -0.131028262406404E+000 -0.147209162150715E+003 -0.147209162150715E+003
  0.100880304680833E+000  0.186107831919925E+001  0.534812528057882E+000  0.100621877119152E+000 -0.131028262406404E+000 -0.147209668122978E+003 -0.147209668122978E+003
  0.100850270024482E+000  0.107283172683714E+001  0.488329075580880E+000  0.100965503988197E+000 -0.131028262406404E+000 -0.147209718106860E+003 -0.147209718106860E+003
  0.100513736330565E+000  0.124028515681895E+001  0.806834433098888E+000  0.100084115445891E+000 -0.131028262406404E+000 -0.147209006003355E+003 -0.147209006003355E+003
  0.100275988097304E+000  0.907322775394023E+000  0.870183735593730E+000  0.102263567963798E+000 -0.131028262406404E+000 -0.147209896637891E+003 -0.147209896637891E+003
  0.101815538990196E+000  0.765222705047068E+000  0.751467936459478E+000  0.101335513738904E+000 -0.131028262406404E+000 -0.147210020312349E+003 -0.147210020312349E+003
  0.100154729758891E+000  0.681707069126111E+000  0.944125779039098E+000  0.101644597245846E+000 -0.131028262406404E+000 -0.147208660715195E+003 -0.147208660715195E+003
  0.101953861794088E+000  0.523207026139867E+000  0.977703385298899E+000  0.101913933485401E+000 -0.131028262406404E+000 -0.147209696481144E+003 -0.147209696481144E+003
  0.101833023511047E+000  0.722199376080747E+000  0.373271767786459E+000  0.100174151557706E+000 -0.131028262406404E+000 -0.147209012895433E+003 -0.147209012895433E+003
  0.100355267031063E+000  0.187721490267724E+001  0.838395015930898E-001  0.101999591103203E+000 -0.131028262406404E+000 -0.147210302041027E+003 -0.147210302041027E+003
  0.100503345925868E+000  0.808510762249192E+000  0.162258436913441E+000  0.100821850108641E+000 -0.131028262406404E+000 -0.147208713747937E+003 -0.147208713747937E+003
  0.102894938880198E+000  0.641450483894436E+000  0.773009708105304E+000  0.100640296385128E+000 -0.131028262406404E+000 -0.147209933888020E+003 -0.147209933888020E+003
  0.100141674138928E+000  0.832294916230971E+000  0.692639244931710E+000  0.101569956471841E+000 -0.131028262406404E+000 -0.147209059968739E+003 -0.147209059968739E+003
  0.100215836207100E+000  0.606364532652319E+000  0.218017226534634E+000  0.100170158805286E+000 -0.131028262406404E+000 -0.147207355131148E+003 -0.147207355131148E+003
  0.100824822416809E+000  0.148487303776391E+001  0.503207913894471E+000  0.101069928038172E+000 -0.131028262406404E+000 -0.147210193686076E+003 -0.147210193686076E+003
  0.100037383484044E+000  0.104733086043039E+001  0.420894140303002E+000  0.101256531446002E+000 -0.131028262406404E+000 -0.147209244231631E+003 -0.147209244231631E+003
  0.100066525684895E+000  0.718093477913425E+000  0.776166164655353E+000  0.103492659585137E+000 -0.131028262406404E+000 -0.147210090365168E+003 -0.147210090365168E+003
  0.101799102657126E+000  0.100342199479794E+001  0.313138526004987E+000  0.100408734427365E+000 -0.131028262406404E+000 -0.147209904577973E+003 -0.147209904577973E+003
  0.101216757948259E+000  0.158711386419376E+001  0.683748672992569E+000  0.100676188405193E+000 -0.131028262406404E+000 -0.147210193787265E+003 -0.147210193787265E+003
  0.101507246497057E+000  0.861571318659993E+000  0.312227921304614E+000  0.100603858940845E+000 -0.131028262406404E+000 -0.147209489024859E+003 -0.147209489024859E+003
  0.102569682978603E+000  0.568419499561192E+000  0.397206268466768E+000  0.100474291653742E+000 -0.131028262406404E+000 -0.147209285317070E+003 -0.147209285317070E+003
  0.101635709861810E+000  0.565213598208214E+000  0.969785303508542E+000  0.101551508348244E+000 -0.131028262406404E+000 -0.147209343241726E+003 -0.147209343241726E+003
  0.100974847264384E+000  0.177918504800234E+001  0.722214352981603E+000  0.100327897586571E+000 -0.131028262406404E+000 -0.147209606501401E+003 -0.147209606501401E+003
  0.100477271080875E+000  0.137719349637936E+001  0.914539766250496E+000  0.100860668520542E+000 -0.131028262406404E+000 -0.147209706301543E+003 -0.147209706301543E+003
  0.100916089303504E+000  0.624753243067827E+000  0.144056222837961E+000  0.103085652694274E+000 -0.131028262406404E+000 -0.147210137430056E+003 -0.147210137430056E+003
  0.101140114513937E+000  0.175398103686528E+001  0.858237768169931E+000  0.100300129002949E+000 -0.131028262406404E+000 -0.147209740222389E+003 -0.147209740222389E+003
  0.100430190152747E+000  0.118427211936242E+001  0.516850734977345E+000  0.100150428317822E+000 -0.131028262406404E+000 -0.147208922283004E+003 -0.147208922283004E+003
  0.100794702817741E+000  0.526991192205494E+000  0.504992627193546E+000  0.103463037802480E+000 -0.131028262406404E+000 -0.147209926533242E+003 -0.147209926533242E+003
