  0.124802395708900E+001  0.132104306240122E+001  0.985580633802522E+000  0.499654546629360E+000 -0.131028262406404E+000 -0.141020284436582E+003 -0.141020284436582E+003
  0.125490424113219E+001  0.132973853760086E+001  0.758815186067989E+000  0.498088270485983E+000 -0.131028262406404E+000 -0.141021405352120E+003 -0.141021405352120E+003
  0.126047062814116E+001  0.129882268093605E+001  0.732954542450138E+000  0.499045618911907E+000 -0.131028262406404E+000 -0.141021132240611E+003 -0.141021132240611E+003
  0.125393518303681E+001  0.132652432628368E+001  0.899585943067205E+000  0.499645900335857E+000 -0.131028262406404E+000 -0.141020287784660E+003 -0.141020287784660E+003
  0.126549253147767E+001  0.132310019620949E+001  0.856683561672968E+000  0.499850138952254E+000 -0.131028262406404E+000 -0.141020401365739E+003 -0.141020401365739E+003
  0.124747377246007E+001  0.131172944735004E+001  0.531849936743104E+000  0.498217285735498E+000 -0.131028262406404E+000 -0.141021383654570E+003 -0.141021383654570E+003
  0.124955088802961E+001  0.129537340553430E+001  0.562419396276569E+000  0.499110497645671E+000 -0.131028262406404E+000 -0.141021436810215E+003 -0.141021436810215E+003
  0.127433997315043E+001  0.132180850844180E+001  0.954086232778646E+000  0.499806137187743E+000 -0.131028262406404E+000 -0.141021019227274E+003 -0.141021019227274E+003
  0.123646966471047E+001  0.131605731242776E+001  0.475920578676572E+000  0.499859014397223E+000 -0.131028262406404E+000 -0.141020768004113E+003 -0.141020768004113E+003
  0.126172728995611E+001  0.130954552351980E+001  0.461839389864136E+000  0.497527088534526E+000 -0.131028262406404E+000 -0.141021652981973E+003 -0.141021652981973E+003
  0.123766552447786E+001  0.130831436566848E+001  0.670648533756902E+000  0.499474910362393E+000 -0.131028262406404E+000 -0.141021175107174E+003 -0.141021175107174E+003
  0.125263615963808E+001  0.131542379715887E+001  0.790357595703982E+000  0.498491529824299E+000 -0.131028262406404E+000 -0.141020983387909E+003 -0.141020983387909E+003
  0.126578480601054E+001  0.131970050857883E+001  0.741950545094588E+000  0.497655753363991E+000 -0.131028262406404E+000 -0.141021625333090E+003 -0.141021625333090E+003
  0.125354826879559E+001  0.130974048275993E+001  0.638891873312030E+000  0.499720417340138E+000 -0.131028262406404E+000 -0.141020276210407E+003 -0.141020276210407E+003
  0.126606710393358E+001  0.131741815935592E+001  0.538648310911390E+000  0.498405019698513E+000 -0.131028262406404E+000 -0.141021185765611E+003 -0.141021185765611E+003
  0.126293973389560E+001  0.132391562304591E+001  0.974780195342209E+000  0.499697867616534E+000 -0.131028262406404E+000 -0.141020387666548E+003 -0.141020387666548E+003
  0.127116760448080E+001  0.130347758905086E+001  0.928018703424613E+000  0.499660669767247E+000 -0.131028262406404E+000 -0.141021002675519E+003 -0.141021002675519E+003
  0.125763487880269E+001  0.130449705663368E+001  0.872338277472973E+000  0.498293733125908E+000 -0.131028262406404E+000 -0.141021311499053E+003 -0.141021311499053E+003
  0.124994818182188E+001  0.132012447709161E+001  0.950652649613016E+000  0.499499388590510E+000 -0.131028262406404E+000 -0.141020343145818E+003 -0.141020343145818E+003
  0.125610221537020E+001  0.134005494420591E+001  0.710657968763236E+000  0.499808391415225E+000 -0.131028262406404E+000 -0.141020776424827E+003 -0.141020776424827E+003
  0.124622466003736E+001  0.131210145427425E+001  0.765240660703314E+000  0.497847712926093E+000 -0.131028262406404E+000 -0.141021695523509E+003 -0.141021695523509E+003
  0.123407874029575E+001  0.133756993609061E+001  0.936682655817789E+000  0.499815501432711E+000 -0.131028262406404E+000 -0.141021284996448E+003 -0.141021284996448E+003
  0.125352011418155E+001  0.130710878709800E+001  0.471373918233929E+000  0.499428736823394E+000 -0.131028262406404E+000 -0.141020539735978E+003 -0.141020539735978E+003
  0.126358251302638E+001  0.132348694151317E+001  0.850337551368189E+000  0.498986872515881E+000 -0.131028262406404E+000 -0.141020820650590E+003 -0.141020820650590E+003
  0.126434687444685E+001  0.129789782089481E+001  0.950958798954008E+000  0.498772548961338E+000 -0.131028262406404E+000 -0.141021408161294E+003 -0.141021408161294E+003
  0.123638184831482E+001  0.134123732084030E+001  0.605817082555825E+000  0.499910204474266E+000 -0.131028262406404E+000 -0.141021230450031E+003 -0.141021230450031E+003
  0.127375812807270E+001  0.133259404078472E+001  0.940110004802911E+000  0.499310998465564E+000 -0.131028262406404E+000 -0.141021589777706E+003 -0.141021589777706E+003
  0.123402227388333E+001  0.132788115488194E+001  0.648768067894660E+000  0.499664235807677E+000 -0.131028262406404E+000 -0.141021114042691E+003 -0.141021114042691E+003
  0.126087282438073E+001  0.132062018678344E+001  0.645956537991905E+000  0.498191696733887E+000 -0.131028262406404E+000 -0.141021182122847E+003 -0.141021182122847E+003
  0.125472116100642E+001  0.131310743725008E+001  0.680382909362370E+000  0.499066788210817E+000 -0.131028262406404E+000 -0.141020613146267E+003 -0.141020613146267E+003
  0.125812894175542E+001  0.130443746127440E+001  0.874001743054404E+000  0.498071747273376E+000 -0.131028262406404E+000 -0.141021449003411E+003 -0.141021449003411E+003
  0.124575598772045E+001  0.132687215514137E+001  0.838609395734519E+000  0.498189575658810E+000 -0.131028262406404E+000 -0.141021471977646E+003 -0.141021471977646E+003
  0.127563667981971E+001  0.130764902632921E+001  0.813635894735204E+000  0.499738853723558E+000 -0.131028262406404E+000 -0.141021183529726E+003 -0.141021183529726E+003
  0.125782900362584E+001  0.134064362665572E+001  0.664987936358916E+000  0.499860496307694E+000 -0.131028262406404E+000 -0.141020819963009E+003 -0.141020819963009E+003
  0.126938590572068E+001  0.131210990885340E+001  0.709185691753893E+000  0.499687136663100E+000 -0.131028262406404E+000 -0.141020674700135E+003 -0.141020674700135E+003
  0.124262783010912E+001  0.132817570334321E+001  0.723345198424143E+000  0.499574931112937E+000 -0.131028262406404E+000 -0.141020627828938E+003 -0.141020627828938E+003
  0.123807491106355E+001  0.130947613912369E+001  0.795162400170853E+000  0.498925292614733E+000 -0.131028262406404E+000 -0.141021511856417E+003 -0.141021511856417E+003
  0.128143077905496E+001  0.130994967978175E+001  0.909613371824636E+000  0.499888376610580E+000 -0.131028262406404E+000 -0.141021657053789E+003 -0.141021657053789E+003
  0.125368256092856E+001  0.132431341523732E+001  0.847776159994882E+000  0.497866966365934E+000 -0.131028262406404E+000 -0.141021424867718E+003 -0.141021424867718E+003
  0.124148274689226E+001  0.131649558445407E+001  0.679850164200986E+000  0.499122791570946E+000 -0.131028262406404E+000 -0.141020965721821E+003 -0.141020965721821E+003
  0.124852146252408E+001  0.133151565812405E+001  0.446321708045222E+000  0.498051319699499E+000 -0.131028262406404E+000 -0.141021600960760E+003 -0.141021600960760E+003
  0.125489953085926E+001  0.134033458257367E+001  0.928590283790826E+000  0.499259820558482E+000 -0.131028262406404E+000 -0.141021136263418E+003 -0.141021136263418E+003
  0.125526149378386E+001  0.133314253321851E+001  0.581093065773545E+000  0.498972548133800E+000 -0.131028262406404E+000 -0.141020948755484E+003 -0.141020948755484E+003
  0.126004200453217E+001  0.131704624805974E+001  0.822585090129757E+000  0.499720038544464E+000 -0.131028262406404E+000 -0.141020224452703E+003 -0.141020224452703E+003
  0.126876172391382E+001  0.132073697262001E+001  0.789251409693621E+000  0.498135700408092E+000 -0.131028262406404E+000 -0.141021492733520E+003 -0.141021492733520E+003
  0.125803418523001E+001  0.132463920311302E+001  0.671138556999284E+000  0.498386760042023E+000 -0.131028262406404E+000 -0.141021082098768E+003 -0.141021082098768E+003
  0.126951952459236E+001  0.130753041184899E+001  0.613053224061556E+000  0.498775309329262E+000 -0.131028262406404E+000 -0.141021241124952E+003 -0.141021241124952E+003
  0.125177710242990E+001  0.132080090559699E+001  0.610135587833026E+000  0.497730730589262E+000 -0.131028262406404E+000 -0.141021509398221E+003 -0.141021509398221E+003
  0.125040271177064E+001  0.129671389451651E+001  0.538334415653983E+000  0.498707729018868E+000 -0.131028262406404E+000 -0.141021578907599E+003 -0.141021578907599E+003
  0.126617277724941E+001  0.132902204875822E+001  0.533414937501926E+000  0.498077291329550E+000 -0.131028262406404E+000 -0.141021616764325E+003 -0.141021616764325E+003
  0.125384716900204E+001  0.131669015230739E+001  0.465813245710829E+000  0.498726926582553E+000 -0.131028262406404E+000 -0.141020803017737E+003 -0.141020803017737E+003
  0.125724362787145E+001  0.129748648221333E+001  0.840973745315525E+000  0.499503732115107E+000 -0.131028262406404E+000 -0.141020920453952E+003 -0.141020920453952E+003
  0.122912839627013E+001  0.131165141097948E+001  0.801586539112962E+000  0.499682559995042E+000 -0.131028262406404E+000 -0.141021709296826E+003 -0.141021709296826E+003
  0.126828133506104E+001  0.131426712054840E+001  0.859581939340437E+000  0.498415655232398E+000 -0.131028262406404E+000 -0.141021279373517E+003 -0.141021279373517E+003
  0.126588315445821E+001  0.133939951236127E+001  0.916898661527250E+000  0.499707199364533E+000 -0.131028262406404E+000 -0.141021182310155E+003 -0.141021182310155E+003
  0.126589042623684E+001  0.130343699517931E+001  0.789755540887395E+000  0.498012912714971E+000 -0.131028262406404E+000 -0.141021626230127E+003 -0.141021626230127E+003
  0.127060268927896E+001  0.131175174647392E+001  0.900196954770779E+000  0.499569040993056E+000 -0.131028262406404E+000 -0.141020817277646E+003 -0.141020817277646E+003
  0.123289299277635E+001  0.133279310038776E+001  0.759251059164328E+000  0.499861019643501E+000 -0.131028262406404E+000 -0.141021166548620E+003 -0.141021166548620E+003
  0.125049556004493E+001  0.132972559113251E+001  0.884270174920731E+000  0.499868364104788E+000 -0.131028262406404E+000 -0.141020237354829E+003 -0.141020237354829E+003
  0.125275742786427E+001  0.131960075608824E+001  0.641155429720385E+000  0.499962153175619E+000 -0.131028262406404E+000 -0.141020002582122E+003 -0.141020002582122E+003
  0.124986935202277E+001  0.131788932467260E+001  0.881533127280122E+000  0.498442024588910E+000 -0.131028262406404E+000 -0.141021065565641E+003 -0.141021065565641E+003
  0.126429552211177E+001  0.133176503942084E+001  0.734866159453922E+000  0.499852476194083E+000 -0.131028262406404E+000 -0.141020599668214E+003 -0.141020599668214E+003
  0.126516198365001E+001  0.131673818617749E+001  0.679265649477259E+000  0.497778963538057E+000 -0.131028262406404E+000 -0.141021513314379E+003 -0.141021513314379E+003
  0.125197733753261E+001  0.129846026953355E+001  0.604682174205612E+000  0.498832263655451E+000 -0.131028262406404E+000 -0.141021344274849E+003 -0.141021344274849E+003
  0.124476508793291E+001  0.134537631496677E+001  0.452149549962739E+000  0.499611545302379E+000 -0.131028262406404E+000 -0.141021328939317E+003 -0.141021328939317E+003
  0.125789964613736E+001  0.130300410343735E+001  0.638046534100677E+000  0.497902007870853E+000 -0.131028262406404E+000 -0.141021610160376E+003 -0.141021610160376E+003
  0.126382375829293E+001  0.131688463933494E+001  0.770357752337056E+000  0.499026457596910E+000 -0.131028262406404E+000 -0.141020742970607E+003 -0.141020742970607E+003
  0.127327825968303E+001  0.133821400242848E+001  0.678285832363876E+000  0.499879065640841E+000 -0.131028262406404E+000 -0.141021575045750E+003 -0.141021575045750E+003
  0.125318276456648E+001  0.129291765608128E+001  0.466072320076122E+000  0.499139726613816E+000 -0.131028262406404E+000 -0.141021487452189E+003 -0.141021487452189E+003
  0.124349852605720E+001  0.129440647009027E+001  0.805235797499912E+000  0.499474459043824E+000 -0.131028262406404E+000 -0.141021556177947E+003 -0.141021556177947E+003
  0.126690190826620E+001  0.130928998164944E+001  0.549193408820668E+000  0.498369307248571E+000 -0.131028262406404E+000 -0.141021302412660E+003 -0.141021302412660E+003
  0.126874339028713E+001  0.131316984852779E+001  0.673572398491334E+000  0.498803055241212E+000 -0.131028262406404E+000 -0.141021097810396E+003 -0.141021097810396E+003
  0.126537291660749E+001  0.133819649047304E+001  0.761552631206912E+000  0.499419244232002E+000 -0.131028262406404E+000 -0.141021243799109E+003 -0.141021243799109E+003
  0.126326255487328E+001  0.133252818537623E+001  0.637064536182558E+000  0.498239210659404E+000 -0.131028262406404E+000 -0.141021549605068E+003 -0.141021549605068E+003
  0.124842281650338E+001  0.133973460597572E+001  0.901085420550464E+000  0.498875176256152E+000 -0.131028262406404E+000 -0.141021401077740E+003 -0.141021401077740E+003
  0.122944394070364E+001  0.131578604608741E+001  0.584623564493406E+000  0.499897111196402E+000 -0.131028262406404E+000 -0.141021391225309E+003 -0.141021391225309E+003
  0.126376614746355E+001  0.132151772497221E+001  0.839623326404547E+000  0.497740120159578E+000 -0.131028262406404E+000 -0.141021535124638E+003 -0.141021535124638E+003
  0.124336001634830E+001  0.134536377191180E+001  0.477793847617689E+000  0.499129338330693E+000 -0.131028262406404E+000 -0.141021733440924E+003 -0.141021733440924E+003
  0.127399886699491E+001  0.132324775898698E+001  0.855966296572640E+000  0.498525109813338E+000 -0.131028262406404E+000 -0.141021672136911E+003 -0.141021672136911E+003
  0.126605224199281E+001  0.130176232854774E+001  0.941014975228874E+000  0.499457931947944E+000 -0.131028262406404E+000 -0.141020907011915E+003 -0.141020907011915E+003
  0.123516280867204E+001  0.132744092790283E+001  0.955541827862697E+000  0.498783317919258E+000 -0.131028262406404E+000 -0.141021709383955E+003 -0.141021709383955E+003
  0.125936587694951E+001  0.131280214504073E+001  0.445824095202402E+000  0.499891567009472E+000 -0.131028262406404E+000 -0.141020143943562E+003 -0.141020143943562E+003
  0.122627176249262E+001  0.132880575109786E+001  0.865578813770241E+000  0.499965628799463E+000 -0.131028262406404E+000 -0.141021648956088E+003 -0.141021648956088E+003
  0.124257868311445E+001  0.131795411281046E+001  0.753486669608458E+000  0.498284114442976E+000 -0.131028262406404E+000 -0.141021503562908E+003 -0.141021503562908E+003
  0.125494902830665E+001  0.133387664345778E+001  0.507127869628149E+000  0.498953368784194E+000 -0.131028262406404E+000 -0.141020991827077E+003 -0.141020991827077E+003
  0.124519014105404E+001  0.134748504967131E+001  0.444519134856631E+000  0.499571992575306E+000 -0.131028262406404E+000 -0.141021505782630E+003 -0.141021505782630E+003
  0.123816464380834E+001  0.132783878943758E+001  0.994993793929304E+000  0.499085368184026E+000 -0.131028262406404E+000 -0.141021248618841E+003 -0.141021248618841E+003
  0.127212786522029E+001  0.130554478516261E+001  0.451215757328381E+000  0.498992754488568E+000 -0.131028262406404E+000 -0.141021333363529E+003 -0.141021333363529E+003
  0.126054475635578E+001  0.130453679343973E+001  0.921305449997072E+000  0.498687590822140E+000 -0.131028262406404E+000 -0.141021086426621E+003 -0.141021086426621E+003
  0.125299299089773E+001  0.129381429139464E+001  0.946785005871653E+000  0.499913264231559E+000 -0.131028262406404E+000 -0.141020951439863E+003 -0.141020951439863E+003
  0.127089364162846E+001  0.132177301534178E+001  0.743527196589974E+000  0.499065535610927E+000 -0.131028262406404E+000 -0.141021129778062E+003 -0.141021129778062E+003
  0.124630403257282E+001  0.130412885493181E+001  0.763089860338970E+000  0.499159038974343E+000 -0.131028262406404E+000 -0.141021039333538E+003 -0.141021039333538E+003
  0.127080659277033E+001  0.132852672390872E+001  0.668079226361899E+000  0.498627007061121E+000 -0.131028262406404E+000 -0.141021546758222E+003 -0.141021546758222E+003
  0.124976809706638E+001  0.130641006206583E+001  0.960795752324797E+000  0.498572090122637E+000 -0.131028262406404E+000 -0.141021206227984E+003 -0.141021206227984E+003
  0.127608983149535E+001  0.131188086356466E+001  0.895817387344196E+000  0.498905797242862E+000 -0.131028262406404E+000 -0.141021558290876E+003 -0.141021558290876E+003
  0.126040315819488E+001  0.130311790483146E+001  0.904715478943648E+000  0.498321304347443E+000 -0.131028262406404E+000 -0.141021355611944E+003 -0.141021355611944E+003
  0.127504706342034E+001  0.129567345124961E+001  0.891834346163486E+000  0.499861887049470E+000 -0.131028262406404E+000 -0.141021539840236E+003 -0.141021539840236E+003
  0.127111221563193E+001  0.130346795908993E+001  0.906883458114038E+000  0.498607143734535E+000 -0.131028262406404E+000 -0.141021531876737E+003 -0.141021531876737E+003
  0.125652322461526E+001  0.133371234441861E+001  0.548975826359276E+000  0.499096844769724E+000 -0.131028262406404E+000 -0.141020904105243E+003 -0.141020904105243E+003
  0.124908400273725E+001  0.134037450069184E+001  0.629548346346676E+000  0.498806098027023E+000 -0.131028262406404E+000 -0.141021475384313E+003 -0.141021475384313E+003
  0.125903295105799E+001  0.129661545433024E+001  0.981380173119797E+000  0.498287203091906E+000 -0.131028262406404E+000 -0.141021691856877E+003 -0.141021691856877E+003
  0.123852934728238E+001  0.132103233426124E+001  0.778195818524715E+000  0.499134602349596E+000 -0.131028262406404E+000 -0.141021122276204E+003 -0.141021122276204E+003
  0.126484275473059E+001  0.130241284777987E+001  0.950336447387026E+000  0.499356492143279E+000 -0.131028262406404E+000 -0.141020889526603E+003 -0.141020889526603E+003
  0.126713635513891E+001  0.130711762527168E+001  0.594411011934603E+000  0.498854016968336E+000 -0.131028262406404E+000 -0.141021094675651E+003 -0.141021094675651E+003
  0.125374429486259E+001  0.129619721845103E+001  0.647490412441870E+000  0.499356675466642E+000 -0.131028262406404E+000 -0.141021116476862E+003 -0.141021116476862E+003
  0.124772509156984E+001  0.135003148275637E+001  0.589916703747624E+000  0.499885043307899E+000 -0.131028262406404E+000 -0.141021441964792E+003 -0.141021441964792E+003
  0.126490358118476E+001  0.129534532821189E+001  0.432136741928767E+000  0.498623607904675E+000 -0.131028262406404E+000 -0.141021648891351E+003 -0.141021648891351E+003
  0.126033700781529E+001  0.132515994072969E+001  0.805866487638278E+000  0.498741481742909E+000 -0.131028262406404E+000 -0.141020907174417E+003 -0.141020907174417E+003
  0.125176645812513E+001  0.130188197118205E+001  0.423480290192778E+000  0.498944117692272E+000 -0.131028262406404E+000 -0.141021095356070E+003 -0.141021095356070E+003
  0.126242095293669E+001  0.132568665828634E+001  0.829146006997920E+000  0.498932216216567E+000 -0.131028262406404E+000 -0.141020860807846E+003 -0.141020860807846E+003
  0.124983090232632E+001  0.131084910401691E+001  0.742993758059551E+000  0.498817148069966E+000 -0.131028262406404E+000 -0.141020906674671E+003 -0.141020906674671E+003
  0.124072064641202E+001  0.134742380102581E+001  0.894383813249075E+000  0.499798196771733E+000 -0.131028262406404E+000 -0.141021489902639E+003 -0.141021489902639E+003
  0.126009252993057E+001  0.134813630242619E+001  0.752129696074288E+000  0.499466178200089E+000 -0.131028262406404E+000 -0.141021715102246E+003 -0.141021715102246E+003
  0.124926094751127E+001  0.129722594176621E+001  0.419310189294029E+000  0.499282072005610E+000 -0.131028262406404E+000 -0.141021213553131E+003 -0.141021213553131E+003
  0.125782077699082E+001  0.129973959265324E+001  0.519790516248519E+000  0.498295010686177E+000 -0.131028262406404E+000 -0.141021519291672E+003 -0.141021519291672E+003
  0.123318220782039E+001  0.131817264980095E+001  0.428100685549771E+000  0.499463670048199E+000 -0.131028262406404E+000 -0.141021323150253E+003 -0.141021323150253E+003
  0.124564817715892E+001  0.132597668026210E+001  0.592842430849332E+000  0.499498932083193E+000 -0.131028262406404E+000 -0.141020516571788E+003 -0.141020516571788E+003
  0.124416513497077E+001  0.133397154645810E+001  0.959997322051856E+000  0.498873999904987E+000 -0.131028262406404E+000 -0.141021253316663E+003 -0.141021253316663E+003
  0.123972916093024E+001  0.131805890153404E+001  0.946903982622285E+000  0.498697751699945E+000 -0.131028262406404E+000 -0.141021380668375E+003 -0.141021380668375E+003
  0.127019482281209E+001  0.133249142350285E+001  0.833492333931555E+000  0.499822001715104E+000 -0.131028262406404E+000 -0.141021022476878E+003 -0.141021022476878E+003
  0.127675321869125E+001  0.131046552555921E+001  0.958838403042528E+000  0.499857456389629E+000 -0.131028262406404E+000 -0.141021180644812E+003 -0.141021180644812E+003
  0.127755534093579E+001  0.132689706757958E+001  0.782650162394697E+000  0.499299052102409E+000 -0.131028262406404E+000 -0.141021711107133E+003 -0.141021711107133E+003
  0.125344188511540E+001  0.134510390813805E+001  0.495815741690056E+000  0.499207959175553E+000 -0.131028262406404E+000 -0.141021491896157E+003 -0.141021491896157E+003
  0.124247824037321E+001  0.131067236358726E+001  0.470548584807488E+000  0.499730359036137E+000 -0.131028262406404E+000 -0.141020589707612E+003 -0.141020589707612E+003
  0.126312565605339E+001  0.131639224254658E+001  0.540977886656566E+000  0.499313603250551E+000 -0.131028262406404E+000 -0.141020553345241E+003 -0.141020553345241E+003
  0.123962328358243E+001  0.131562712034624E+001  0.681177253754091E+000  0.499520631000488E+000 -0.131028262406404E+000 -0.141020802485359E+003 -0.141020802485359E+003
  0.125212652831356E+001  0.130405977809986E+001  0.764974308826088E+000  0.499631793252161E+000 -0.131028262406404E+000 -0.141020547963774E+003 -0.141020547963774E+003
  0.125183509462898E+001  0.134195030160185E+001  0.659419518790752E+000  0.499798894888117E+000 -0.131028262406404E+000 -0.141020861371485E+003 -0.141020861371485E+003
  0.127341039817321E+001  0.133222863197389E+001  0.911444869532868E+000  0.499810578225025E+000 -0.131028262406404E+000 -0.141021282513680E+003 -0.141021282513680E+003
  0.123457730201497E+001  0.130034251232167E+001  0.638060530738039E+000  0.499797654175803E+000 -0.131028262406404E+000 -0.141021600648725E+003 -0.141021600648725E+003
  0.126300189298549E+001  0.130178159118686E+001  0.940672226265044E+000  0.498613764622625E+000 -0.131028262406404E+000 -0.141021278975457E+003 -0.141021278975457E+003
  0.126472210589118E+001  0.130518602817134E+001  0.939672599132041E+000  0.498118651751128E+000 -0.131028262406404E+000 -0.141021474948630E+003 -0.141021474948630E+003
  0.125179819470089E+001  0.133824263855127E+001  0.627068462197590E+000  0.498783426799377E+000 -0.131028262406404E+000 -0.141021331224064E+003 -0.141021331224064E+003
  0.125646345573764E+001  0.130067707496329E+001  0.768740850749211E+000  0.498533624060518E+000 -0.131028262406404E+000 -0.141021335326808E+003 -0.141021335326808E+003
  0.124318828718598E+001  0.132499504268433E+001  0.792237003316517E+000  0.498435223120156E+000 -0.131028262406404E+000 -0.141021383593746E+003 -0.141021383593746E+003
  0.127019864919362E+001  0.133324848236269E+001  0.941873171518035E+000  0.499403341192568E+000 -0.131028262406404E+000 -0.141021286447735E+003 -0.141021286447735E+003
  0.124376774110667E+001  0.131488007787477E+001  0.801226752432469E+000  0.499400454976727E+000 -0.131028262406404E+000 -0.141020662114644E+003 -0.141020662114644E+003
  0.124535557439932E+001  0.133243111311281E+001  0.940942610611413E+000  0.499994112071765E+000 -0.131028262406404E+000 -0.141020339917294E+003 -0.141020339917294E+003
  0.124581553676521E+001  0.132878957298887E+001  0.758248926285068E+000  0.499814523954618E+000 -0.131028262406404E+000 -0.141020345292710E+003 -0.141020345292710E+003
  0.126643705813555E+001  0.130110903596090E+001  0.551472575009923E+000  0.499206524141621E+000 -0.131028262406404E+000 -0.141021084972191E+003 -0.141021084972191E+003
  0.125111368214478E+001  0.128806208561825E+001  0.969317014668500E+000  0.499924080444657E+000 -0.131028262406404E+000 -0.141021453744945E+003 -0.141021453744945E+003
  0.123331396443408E+001  0.134265795372185E+001  0.689172953587325E+000  0.499679175782071E+000 -0.131028262406404E+000 -0.141021718333772E+003 -0.141021718333772E+003
  0.125164796971419E+001  0.133737384075668E+001  0.945583839771201E+000  0.498889816158712E+000 -0.131028262406404E+000 -0.141021211666376E+003 -0.141021211666376E+003
  0.128073531718156E+001  0.132616159135603E+001  0.584665642414107E+000  0.499984525469726E+000 -0.131028262406404E+000 -0.141021714780286E+003 -0.141021714780286E+003
  0.123492141750549E+001  0.132590887747152E+001  0.536735790207242E+000  0.499283285757009E+000 -0.131028262406404E+000 -0.141021312174454E+003 -0.141021312174454E+003
  0.126799475504874E+001  0.131210026139019E+001  0.810139266781842E+000  0.498365677734313E+000 -0.131028262406404E+000 -0.141021309479742E+003 -0.141021309479742E+003
  0.123878766117908E+001  0.134376966375524E+001  0.593911922308667E+000  0.499459183569266E+000 -0.131028262406404E+000 -0.141021589643723E+003 -0.141021589643723E+003
  0.125451706706300E+001  0.132351312956288E+001  0.711538522587870E+000  0.499548789260657E+000 -0.131028262406404E+000 -0.141020297329928E+003 -0.141020297329928E+003
  0.125947649596436E+001  0.132101663314439E+001  0.530960912767022E+000  0.498398180143473E+000 -0.131028262406404E+000 -0.141021035945913E+003 -0.141021035945913E+003
  0.127106736729013E+001  0.132235791879736E+001  0.888627142656220E+000  0.498998091522270E+000 -0.131028262406404E+000 -0.141021188463284E+003 -0.141021188463284E+003
  0.124184574184736E+001  0.131022419975076E+001  0.677626337635144E+000  0.498335722031673E+000 -0.131028262406404E+000 -0.141021648463354E+003 -0.141021648463354E+003
  0.125617547539545E+001  0.129470298105978E+001  0.510476361426790E+000  0.499311697448982E+000 -0.131028262406404E+000 -0.141021214182498E+003 -0.141021214182498E+003
  0.125203734072548E+001  0.132756253615958E+001  0.867559543742087E+000  0.497577967247066E+000 -0.131028262406404E+000 -0.141021722388884E+003 -0.141021722388884E+003
  0.126160133584876E+001  0.130123902310816E+001  0.579339915410319E+000  0.499814942417655E+000 -0.131028262406404E+000 -0.141020593845609E+003 -0.141020593845609E+003
  0.124766018666209E+001  0.134422149848037E+001  0.924617455800517E+000  0.499659734545214E+000 -0.131028262406404E+000 -0.141021145309644E+003 -0.141021145309644E+003
  0.124494723949425E+001  0.133108784812389E+001  0.547412530661515E+000  0.499951728390824E+000 -0.131028262406404E+000 -0.141020338961500E+003 -0.141020338961500E+003
  0.127324508339587E+001  0.133633200647957E+001  0.907688961224859E+000  0.499724731116637E+000 -0.131028262406404E+000 -0.141021534338931E+003 -0.141021534338931E+003
  0.125594440421614E+001  0.131082760205763E+001  0.574271162892535E+000  0.497561018178324E+000 -0.131028262406404E+000 -0.141021608317584E+003 -0.141021608317584E+003
  0.125029046664170E+001  0.131923654520306E+001  0.488164566703917E+000  0.498454599913984E+000 -0.131028262406404E+000 -0.141021043953807E+003 -0.141021043953807E+003
  0.125421648844642E+001  0.133345696386579E+001  0.842043928555372E+000  0.498080983803451E+000 -0.131028262406404E+000 -0.141021557447821E+003 -0.141021557447821E+003
  0.127732348156101E+001  0.132090643140655E+001  0.826690384721079E+000  0.499689726498356E+000 -0.131028262406404E+000 -0.141021340509631E+003 -0.141021340509631E+003
  0.125379551849684E+001  0.131062587917195E+001  0.542937223595636E+000  0.498044694998890E+000 -0.131028262406404E+000 -0.141021330080100E+003 -0.141021330080100E+003
  0.126043015248483E+001  0.134175282429113E+001  0.597062557389718E+000  0.499467666872595E+000 -0.131028262406404E+000 -0.141021223294331E+003 -0.141021223294331E+003
  0.124419763742602E+001  0.134271176119357E+001  0.823672578592245E+000  0.499961701416838E+000 -0.131028262406404E+000 -0.141020907033832E+003 -0.141020907033832E+003
  0.127472504688336E+001  0.133624142601951E+001  0.671620531530769E+000  0.499981896304388E+000 -0.131028262406404E+000 -0.141021536617194E+003 -0.141021536617194E+003
  0.126347086306571E+001  0.132534680993179E+001  0.478280010189385E+000  0.498207605162926E+000 -0.131028262406404E+000 -0.141021321629468E+003 -0.141021321629468E+003
  0.124423190546925E+001  0.133297722789532E+001  0.729358810286304E+000  0.499748499369977E+000 -0.131028262406404E+000 -0.141020573163485E+003 -0.141020573163485E+003
  0.123895011533455E+001  0.132344971747321E+001  0.766061704711927E+000  0.498944440342454E+000 -0.131028262406404E+000 -0.141021245241043E+003 -0.141021245241043E+003
  0.125216424688037E+001  0.130048357917303E+001  0.496535375158686E+000  0.499009454052146E+000 -0.131028262406404E+000 -0.141021114621765E+003 -0.141021114621765E+003
  0.125683005364973E+001  0.130186365688370E+001  0.943797359339838E+000  0.499394161489727E+000 -0.131028262406404E+000 -0.141020753464496E+003 -0.141020753464496E+003
  0.124414014242492E+001  0.131336665297166E+001  0.512339305534027E+000  0.499158035487830E+000 -0.131028262406404E+000 -0.141020843069283E+003 -0.141020843069283E+003
  0.126181956194465E+001  0.130027465464805E+001  0.900723523576867E+000  0.499543853149497E+000 -0.131028262406404E+000 -0.141020797163111E+003 -0.141020797163111E+003
  0.127746949121082E+001  0.131261598907089E+001  0.708364118450452E+000  0.499793428969031E+000 -0.131028262406404E+000 -0.141021258239875E+003 -0.141021258239875E+003
  0.123433743078014E+001  0.132043814731045E+001  0.936477524468289E+000  0.499521358354065E+000 -0.131028262406404E+000 -0.141021155604106E+003 -0.141021155604106E+003
  0.125569169355837E+001  0.130741384326145E+001  0.691914814503176E+000  0.499957654967763E+000 -0.131028262406404E+000 -0.141020191040854E+003 -0.141020191040854E+003
  0.123623656984348E+001  0.132028982137259E+001  0.614003761084892E+000  0.499945370416680E+000 -0.131028262406404E+000 -0.141020674729727E+003 -0.141020674729727E+003
  0.127126794660332E+001  0.130965649147135E+001  0.448521746046516E+000  0.499853141421363E+000 -0.131028262406404E+000 -0.141020748708183E+003 -0.141020748708183E+003
  0.126044857344070E+001  0.128785066783796E+001  0.585387702679083E+000  0.499774149205527E+000 -0.131028262406404E+000 -0.141021482854076E+003 -0.141021482854076E+003
  0.125516374822770E+001  0.129409730010458E+001  0.611123467091070E+000  0.498749673780631E+000 -0.131028262406404E+000 -0.141021605897224E+003 -0.141021605897224E+003
  0.126397766121814E+001  0.131574205897489E+001  0.717448688624184E+000  0.498474247219194E+000 -0.131028262406404E+000 -0.141021069896373E+003 -0.141021069896373E+003
  0.127098766291525E+001  0.131684235477279E+001  0.729179439452389E+000  0.499029696701137E+000 -0.131028262406404E+000 -0.141021102466184E+003 -0.141021102466184E+003
  0.127308849577988E+001  0.132306035143011E+001  0.646334684488436E+000  0.498619778220753E+000 -0.131028262406404E+000 -0.141021548551068E+003 -0.141021548551068E+003
  0.124780870688421E+001  0.132112949367821E+001  0.556767593089518E+000  0.499977119476874E+000 -0.131028262406404E+000 -0.141020069281959E+003 -0.141020069281959E+003
  0.123307325530398E+001  0.130108235374244E+001  0.528283296358602E+000  0.499962550792261E+000 -0.131028262406404E+000 -0.141021574461049E+003 -0.141021574461049E+003
  0.125071370607717E+001  0.131561109016535E+001  0.657399261309868E+000  0.497938023866786E+000 -0.131028262406404E+000 -0.141021399977774E+003 -0.141021399977774E+003
  0.123679144299858E+001  0.133052262102210E+001  0.760228615662039E+000  0.499347853171433E+000 -0.131028262406404E+000 -0.141021202827662E+003 -0.141021202827662E+003
