  0.760899454172391E+000  0.198636673884650E+001  0.361782552391330E+000  0.495915291235023E+000 -0.131028262406404E+000 -0.151244765400969E+003 -0.151244765400969E+003 -0.151252535555419E+003
  0.791610267778633E+000  0.199661928132377E+001  0.392153381245156E-001  0.493265859359464E+000 -0.131028262406404E+000 -0.151245170476237E+003 -0.151245170476237E+003 -0.151247535671304E+003
  0.769156090159801E+000  0.198696509535173E+001  0.751713475275770E+000  0.494742668336899E+000 -0.131028262406404E+000 -0.151245406181272E+003 -0.151245406181272E+003 -0.151250944880594E+003
  0.779651822245733E+000  0.197036029474372E+001  0.643235596044144E+000  0.497748941999952E+000 -0.131028262406404E+000 -0.151245513902447E+003 -0.151245513902447E+003 -0.151247161666790E+003
  0.773811495682626E+000  0.199038823005221E+001  0.864143477727073E+000  0.498713312263881E+000 -0.131028262406404E+000 -0.151240993293843E+003 -0.151240993293843E+003 -0.151247997163798E+003
  0.767988639783835E+000  0.197119193064789E+001  0.895268830119883E+000  0.497400449724191E+000 -0.131028262406404E+000 -0.151245606084166E+003 -0.151245606084166E+003 -0.151251712969550E+003
  0.755968124124810E+000  0.196419048420216E+001  0.933780392772958E+000  0.499981475372739E+000 -0.131028262406404E+000 -0.151244740390538E+003 -0.151244740390538E+003 -0.151245865212543E+003
  0.823381703927252E+000  0.199715265436360E+001  0.587845186114540E+000  0.499222511718723E+000 -0.131028262406404E+000 -0.151243490509298E+003 -0.151243490509298E+003 -0.151249490820115E+003
  0.790531903904642E+000  0.198026427188172E+001  0.270121049446310E+000  0.496171687709611E+000 -0.131028262406404E+000 -0.151245511092063E+003 -0.151245511092063E+003 -0.151256210898728E+003
  0.795173555290575E+000  0.196957665989337E+001  0.438204857018192E+000  0.499218713271254E+000 -0.131028262406404E+000 -0.151245327007341E+003 -0.151245327007341E+003 -0.151252215920790E+003
  0.778590905116265E+000  0.197595023311561E+001  0.843752256863425E+000  0.498962734575542E+000 -0.131028262406404E+000 -0.151243291938564E+003 -0.151243291938564E+003 -0.151260882219688E+003
  0.766903284525628E+000  0.195819316529278E+001  0.337264505270093E+000  0.499853178129091E+000 -0.131028262406404E+000 -0.151245728163052E+003 -0.151245728163052E+003 -0.151246247593251E+003
  0.774515406309406E+000  0.198375300791450E+001  0.442159434486186E+000  0.495579119626912E+000 -0.131028262406404E+000 -0.151245029443965E+003 -0.151245029443965E+003 -0.151246274948952E+003
  0.809594149537595E+000  0.198482789987755E+001  0.429576520656761E+000  0.499903835709068E+000 -0.131028262406404E+000 -0.151243273501993E+003 -0.151243273501993E+003 -0.151270571962798E+003
  0.744978062632095E+000  0.199874499091410E+001  0.467346642289891E-001  0.499443223507386E+000 -0.131028262406404E+000 -0.151241077042566E+003 -0.151241077042566E+003 -0.151249452885377E+003
  0.765496423417235E+000  0.199092905895610E+001  0.572245171349175E+000  0.494992748991983E+000 -0.131028262406404E+000 -0.151244693911172E+003 -0.151244693911172E+003 -0.151249129210944E+003
  0.779896914073543E+000  0.198207402436058E+001  0.617981340758520E+000  0.497529272457471E+000 -0.131028262406404E+000 -0.151243528507061E+003 -0.151243528507061E+003 -0.151246594638290E+003
  0.768517834774351E+000  0.199034434024604E+001  0.723113485878558E+000  0.498849455910882E+000 -0.131028262406404E+000 -0.151240974312822E+003 -0.151240974312822E+003 -0.151253545529005E+003
  0.819746623043266E+000  0.199901391325289E+001  0.848691534453180E-001  0.495572570276770E+000 -0.131028262406404E+000 -0.151245368333985E+003 -0.151245368333985E+003 -0.151249697948668E+003
  0.740906592359054E+000  0.199883902831118E+001  0.321532940779204E+000  0.499356242426172E+000 -0.131028262406404E+000 -0.151241699297642E+003 -0.151241699297642E+003 -0.151246738300621E+003
  0.790212767072992E+000  0.199431793182641E+001  0.788334753992870E+000  0.495995542474823E+000 -0.131028262406404E+000 -0.151243077277190E+003 -0.151243077277190E+003 -0.151248681712006E+003
  0.779429666461528E+000  0.199431834546124E+001  0.942313685221470E+000  0.497153541665265E+000 -0.131028262406404E+000 -0.151241785675648E+003 -0.151241785675648E+003 -0.151256728641442E+003
  0.760027673537061E+000  0.197532192600594E+001  0.700109034118159E+000  0.499485700363326E+000 -0.131028262406404E+000 -0.151243102143350E+003 -0.151243102143350E+003 -0.151249194218699E+003
  0.788900694613826E+000  0.199253959903284E+001  0.839497689958153E+000  0.498246124381603E+000 -0.131028262406404E+000 -0.151241332671828E+003 -0.151241332671828E+003 -0.151248324029226E+003
  0.766330078440965E+000  0.198328354980620E+001  0.793016352747012E+000  0.497945779264045E+000 -0.131028262406404E+000 -0.151243025589299E+003 -0.151243025589299E+003 -0.151249232155545E+003
  0.756173894252206E+000  0.198161107052444E+001  0.390061314111937E+000  0.498202294086680E+000 -0.131028262406404E+000 -0.151243568413122E+003 -0.151243568413122E+003 -0.151250657380097E+003
  0.792718835848318E+000  0.196641157125551E+001  0.723147335752934E+000  0.499909790288036E+000 -0.131028262406404E+000 -0.151245159494548E+003 -0.151245159494548E+003 -0.151248346918525E+003
  0.811684130259951E+000  0.199259414602439E+001  0.617574948505379E-001  0.496618893753393E+000 -0.131028262406404E+000 -0.151244680171073E+003 -0.151244680171073E+003 -0.151248048151552E+003
  0.738242290808226E+000  0.199204638875913E+001  0.972953362157462E+000  0.498462732069061E+000 -0.131028262406404E+000 -0.151243807911670E+003 -0.151243807911670E+003 -0.151246412043283E+003
  0.788493630645338E+000  0.199190275477676E+001  0.186086185016323E+000  0.493701137311834E+000 -0.131028262406404E+000 -0.151245498951641E+003 -0.151245498951641E+003 -0.151253730392970E+003
  0.772778125137164E+000  0.197355356404738E+001  0.636553948654133E+000  0.499770403795412E+000 -0.131028262406404E+000 -0.151242889594212E+003 -0.151242889594212E+003 -0.151252329266272E+003
  0.760973315828491E+000  0.199376002831443E+001  0.885615067229728E+000  0.494876303478741E+000 -0.131028262406404E+000 -0.151244664190162E+003 -0.151244664190162E+003 -0.151248933509921E+003
  0.794796550923767E+000  0.198997598738742E+001  0.711649060494274E+000  0.494616729051225E+000 -0.131028262406404E+000 -0.151245309933558E+003 -0.151245309933558E+003 -0.151247327794746E+003
  0.741700997378339E+000  0.198268574145762E+001  0.461774869492763E+000  0.498241867244498E+000 -0.131028262406404E+000 -0.151244796748367E+003 -0.151244796748367E+003 -0.151249363160940E+003
  0.777645599689141E+000  0.198601133099444E+001  0.916107368238394E+000  0.495004155262979E+000 -0.131028262406404E+000 -0.151245165025700E+003 -0.151245165025700E+003 -0.151246532303492E+003
  0.807412875746007E+000  0.199528524100019E+001  0.752434310068371E+000  0.496338874026874E+000 -0.131028262406404E+000 -0.151243889708748E+003 -0.151243889708748E+003 -0.151252231947827E+003
  0.772718753725431E+000  0.197748520113796E+001  0.847568440007615E+000  0.497620429956516E+000 -0.131028262406404E+000 -0.151244208970597E+003 -0.151244208970597E+003 -0.151248595946880E+003
  0.772429647815862E+000  0.199972446825016E+001  0.347503512365333E+000  0.494997867009908E+000 -0.131028262406404E+000 -0.151243057490933E+003 -0.151243057490933E+003 -0.151248988942441E+003
  0.796862717747113E+000  0.199061123366246E+001  0.407833703291080E+000  0.499115402228044E+000 -0.131028262406404E+000 -0.151241420572204E+003 -0.151241420572204E+003 -0.151247143153402E+003
  0.758106442071393E+000  0.199422547682994E+001  0.816045635166940E+000  0.499113368398267E+000 -0.131028262406404E+000 -0.151240681284669E+003 -0.151240681284669E+003 -0.151246634320651E+003
  0.808956391915117E+000  0.198423882863497E+001  0.821806115700294E+000  0.499074737001414E+000 -0.131028262406404E+000 -0.151243985958661E+003 -0.151243985958661E+003 -0.151252872157047E+003
  0.784343219131877E+000  0.197086922579456E+001  0.676700939955892E+000  0.498670647873038E+000 -0.131028262406404E+000 -0.151244754563565E+003 -0.151244754563565E+003 -0.151246528750592E+003
  0.801591620497507E+000  0.198491575993745E+001  0.937911008908663E+000  0.496849814737728E+000 -0.131028262406404E+000 -0.151244865551630E+003 -0.151244865551630E+003 -0.151245964972198E+003
  0.803159797979029E+000  0.199007671188001E+001  0.122982590371262E+000  0.497803263603396E+000 -0.131028262406404E+000 -0.151243208395872E+003 -0.151243208395872E+003 -0.151247312083819E+003
  0.760081878024571E+000  0.199181406755002E+001  0.148222282391372E+000  0.497852148504849E+000 -0.131028262406404E+000 -0.151242108514568E+003 -0.151242108514568E+003 -0.151248772390978E+003
  0.769633004102685E+000  0.198868849633451E+001  0.666315546411079E+000  0.497338973065518E+000 -0.131028262406404E+000 -0.151242630884252E+003 -0.151242630884252E+003 -0.151247014583533E+003
  0.791458920770268E+000  0.198568641225855E+001  0.391395131660127E+000  0.496588816043032E+000 -0.131028262406404E+000 -0.151244161707255E+003 -0.151244161707255E+003 -0.151254749611544E+003
  0.786895523096132E+000  0.198365672590612E+001  0.733934174604178E+000  0.497700864519646E+000 -0.131028262406404E+000 -0.151243309253724E+003 -0.151243309253724E+003 -0.151248223883531E+003
  0.797879401301262E+000  0.199965937535547E+001  0.510992554156394E+000  0.495951961349677E+000 -0.131028262406404E+000 -0.151242601446029E+003 -0.151242601446029E+003 -0.151248517375250E+003
  0.787991679390891E+000  0.197654791779338E+001  0.108794397745018E+000  0.499035508265798E+000 -0.131028262406404E+000 -0.151243511735143E+003 -0.151243511735143E+003 -0.151246745389091E+003
  0.731434858101282E+000  0.198809680203738E+001  0.251066603546845E+000  0.498512504832753E+000 -0.131028262406404E+000 -0.151245332026436E+003 -0.151245332026436E+003 -0.151248316377723E+003
  0.786220485792053E+000  0.199740986062492E+001  0.192327540876996E+000  0.497006069042421E+000 -0.131028262406404E+000 -0.151241520160284E+003 -0.151241520160284E+003 -0.151247321122176E+003
  0.782354235250524E+000  0.199861513046084E+001  0.917314621449973E+000  0.499807535995807E+000 -0.131028262406404E+000 -0.151238743058659E+003 -0.151238743058659E+003 -0.151289379230658E+003
  0.788324874117097E+000  0.197622964123883E+001  0.653551236155854E+000  0.497390538787359E+000 -0.131028262406404E+000 -0.151245072691461E+003 -0.151245072691461E+003 -0.151246065931888E+003
  0.784734521150346E+000  0.198429849213054E+001  0.884811804468047E+000  0.496880906266403E+000 -0.131028262406404E+000 -0.151243849218295E+003 -0.151243849218295E+003 -0.151246625584181E+003
  0.789484687980273E+000  0.199963394441231E+001  0.195697457981054E+000  0.495437528151415E+000 -0.131028262406404E+000 -0.151242647941271E+003 -0.151242647941271E+003 -0.151246664840941E+003
  0.768504959563939E+000  0.196976771407424E+001  0.789491363410622E+000  0.499842737849129E+000 -0.131028262406404E+000 -0.151243513929037E+003 -0.151243513929037E+003 -0.151255731307970E+003
  0.734059698301217E+000  0.199296663454129E+001  0.248114265239413E+000  0.499198831512052E+000 -0.131028262406404E+000 -0.151243592761051E+003 -0.151243592761051E+003 -0.151257150097761E+003
  0.787329576893440E+000  0.197700416629938E+001  0.157799427920871E+000  0.497904810410613E+000 -0.131028262406404E+000 -0.151244402102999E+003 -0.151244402102999E+003 -0.151246467043615E+003
  0.736114469737369E+000  0.199009274411114E+001  0.262681086981583E+000  0.497666057368861E+000 -0.131028262406404E+000 -0.151245196895390E+003 -0.151245196895390E+003 -0.151246652550384E+003
  0.758885822912880E+000  0.199842842008508E+001  0.385469282652878E+000  0.497919627199991E+000 -0.131028262406404E+000 -0.151241202818700E+003 -0.151241202818700E+003 -0.151247464946394E+003
  0.794315860131674E+000  0.198143994859265E+001  0.704318089982861E+000  0.497084682666828E+000 -0.131028262406404E+000 -0.151244719227397E+003 -0.151244719227397E+003 -0.151253330115909E+003
  0.763211826384866E+000  0.199722178291858E+001  0.712097013613946E+000  0.496620599333427E+000 -0.131028262406404E+000 -0.151242321420618E+003 -0.151242321420618E+003 -0.151249966231377E+003
  0.792431885226579E+000  0.198096103392542E+001  0.857888816500042E-001  0.499360845768194E+000 -0.131028262406404E+000 -0.151242670951643E+003 -0.151242670951643E+003 -0.151249509310653E+003
  0.785346963401089E+000  0.198458769759238E+001  0.872184505589178E+000  0.497326583108428E+000 -0.131028262406404E+000 -0.151243413882385E+003 -0.151243413882385E+003 -0.151250407168863E+003
  0.786810123898852E+000  0.198075310332189E+001  0.809834193417396E+000  0.497906507415932E+000 -0.131028262406404E+000 -0.151243659185365E+003 -0.151243659185365E+003 -0.151246867069653E+003
  0.790305845525804E+000  0.197100272451789E+001  0.613823749105298E+000  0.497927097695099E+000 -0.131028262406404E+000 -0.151245767171393E+003 -0.151245767171393E+003 -0.151249107054391E+003
  0.779885581391846E+000  0.199135619216697E+001  0.258432870867221E+000  0.495011938503513E+000 -0.131028262406404E+000 -0.151244248111206E+003 -0.151244248111206E+003 -0.151246250405558E+003
  0.750742593531179E+000  0.199983919612503E+001  0.667080509761628E+000  0.498908356113097E+000 -0.131028262406404E+000 -0.151240802317712E+003 -0.151240802317712E+003 -0.151252427206653E+003
  0.804095324628565E+000  0.199752874504115E+001  0.801489782055129E+000  0.496022096511144E+000 -0.131028262406404E+000 -0.151243408125340E+003 -0.151243408125340E+003 -0.151247585180843E+003
  0.815389750094899E+000  0.199958691857504E+001  0.523523956875691E+000  0.495641693307076E+000 -0.131028262406404E+000 -0.151244593525998E+003 -0.151244593525998E+003 -0.151252928635863E+003
  0.763752825608982E+000  0.198890290468054E+001  0.410302625637491E+000  0.495978163401424E+000 -0.131028262406404E+000 -0.151244143610848E+003 -0.151244143610848E+003 -0.151246233910887E+003
  0.834735937900586E+000  0.199822070621004E+001  0.739950368694902E+000  0.498885317483452E+000 -0.131028262406404E+000 -0.151245757243221E+003 -0.151245757243221E+003 -0.151271260140906E+003
  0.750728028315193E+000  0.198043101565213E+001  0.897609030365580E+000  0.498510808066472E+000 -0.131028262406404E+000 -0.151243877603586E+003 -0.151243877603586E+003 -0.151249240280075E+003
  0.771314105961864E+000  0.199134330198083E+001  0.965301784762712E+000  0.497658193069317E+000 -0.131028262406404E+000 -0.151241867115308E+003 -0.151241867115308E+003 -0.151249800082780E+003
  0.763870159192512E+000  0.198332851297970E+001  0.422056311691371E+000  0.497461035950751E+000 -0.131028262406404E+000 -0.151243580895410E+003 -0.151243580895410E+003 -0.151249896757427E+003
  0.736868305365712E+000  0.197744804647060E+001  0.263528143561772E+000  0.498815856393274E+000 -0.131028262406404E+000 -0.151245592266141E+003 -0.151245592266141E+003 -0.151252068879753E+003
  0.778183374253217E+000  0.199982694955064E+001  0.999100098005149E+000  0.493437789798035E+000 -0.131028262406404E+000 -0.151244356589168E+003 -0.151244356589168E+003 -0.151263232388509E+003
  0.779342369595386E+000  0.199352968626750E+001  0.128101254303164E+000  0.497672808307115E+000 -0.131028262406404E+000 -0.151241437524860E+003 -0.151241437524860E+003 -0.151247936746080E+003
  0.800563201142278E+000  0.198208724571518E+001  0.106073973754664E+000  0.496580630871274E+000 -0.131028262406404E+000 -0.151245561303203E+003 -0.151245561303203E+003 -0.151250156632513E+003
  0.824141128197769E+000  0.199059271085923E+001  0.278251498686808E+000  0.498344807075114E+000 -0.131028262406404E+000 -0.151245654061921E+003 -0.151245654061921E+003 -0.151245891717502E+003
  0.739794067938871E+000  0.199483259310149E+001  0.884486784945817E-001  0.498448429964913E+000 -0.131028262406404E+000 -0.151243252967867E+003 -0.151243252967867E+003 -0.151250876365728E+003
  0.776283393633746E+000  0.199637632280454E+001  0.695817505184900E+000  0.493774716272844E+000 -0.131028262406404E+000 -0.151244617167214E+003 -0.151244617167214E+003 -0.151248048771564E+003
  0.764197137825719E+000  0.196250625224978E+001  0.578384049027958E+000  0.499851530168938E+000 -0.131028262406404E+000 -0.151244911748448E+003 -0.151244911748448E+003 -0.151279168596066E+003
  0.782109067588973E+000  0.198709517637105E+001  0.793351161225990E+000  0.494736890403664E+000 -0.131028262406404E+000 -0.151245254405850E+003 -0.151245254405850E+003 -0.151250246972755E+003
  0.740137422486804E+000  0.198433359629904E+001  0.906595575295305E+000  0.498722038680137E+000 -0.131028262406404E+000 -0.151244279512223E+003 -0.151244279512223E+003 -0.151246730923095E+003
  0.799697670405831E+000  0.199681827364718E+001  0.205253257349332E+000  0.497637525058692E+000 -0.131028262406404E+000 -0.151241791319547E+003 -0.151241791319547E+003 -0.151261104354098E+003
  0.765075722182445E+000  0.199440464130541E+001  0.987527679439681E+000  0.495140716091653E+000 -0.131028262406404E+000 -0.151244046760599E+003 -0.151244046760599E+003 -0.151255657274528E+003
  0.797230922265268E+000  0.199677393506552E+001  0.634013226725152E+000  0.497807413822567E+000 -0.131028262406404E+000 -0.151241466578420E+003 -0.151241466578420E+003 -0.151246852785937E+003
  0.778189189849744E+000  0.198513920541409E+001  0.853757532430236E+000  0.499445482775589E+000 -0.131028262406404E+000 -0.151241200074881E+003 -0.151241200074881E+003 -0.151246392274302E+003
  0.775057527293149E+000  0.196612777567214E+001  0.200809099710577E+000  0.498972237245182E+000 -0.131028262406404E+000 -0.151245079825307E+003 -0.151245079825307E+003 -0.151253835517420E+003
  0.809379861881275E+000  0.199502626508009E+001  0.945406774152535E-001  0.494700177125230E+000 -0.131028262406404E+000 -0.151245518977989E+003 -0.151245518977989E+003 -0.151257268841386E+003
  0.776833110072593E+000  0.197856677566306E+001  0.813791881346920E+000  0.497294324006765E+000 -0.131028262406404E+000 -0.151244334267541E+003 -0.151244334267541E+003 -0.151248140693542E+003
  0.781692767327770E+000  0.199652175372462E+001  0.146762368594096E+000  0.496275525875972E+000 -0.131028262406404E+000 -0.151242246111719E+003 -0.151242246111719E+003 -0.151246553669445E+003
  0.795332384428541E+000  0.197957927428333E+001  0.703335980832721E+000  0.499917246628678E+000 -0.131028262406404E+000 -0.151242690867050E+003 -0.151242690867050E+003 -0.151250163321171E+003
  0.773009939653177E+000  0.199728038804707E+001  0.148324583449881E+000  0.497756169994799E+000 -0.131028262406404E+000 -0.151240826354191E+003 -0.151240826354191E+003 -0.151247249388249E+003
  0.758107372136813E+000  0.198933160980585E+001  0.987452591103430E-001  0.498013931452656E+000 -0.131028262406404E+000 -0.151242448392555E+003 -0.151242448392555E+003 -0.151249547149590E+003
  0.752283497921602E+000  0.198816524177613E+001  0.463066147633945E+000  0.498352754533282E+000 -0.131028262406404E+000 -0.151242754451913E+003 -0.151242754451913E+003 -0.151246049137653E+003
  0.759612805752208E+000  0.198122292860418E+001  0.546064028730088E+000  0.498916280760790E+000 -0.131028262406404E+000 -0.151242714077674E+003 -0.151242714077674E+003 -0.151252756578779E+003
  0.816242432208343E+000  0.199971446846388E+001  0.478295462466048E+000  0.494771546417366E+000 -0.131028262406404E+000 -0.151245383176202E+003 -0.151245383176202E+003 -0.151250778848892E+003
  0.783188073352731E+000  0.199995852780918E+001  0.717260720523640E+000  0.497057452789209E+000 -0.131028262406404E+000 -0.151241006782095E+003 -0.151241006782095E+003 -0.151250785136321E+003
  0.790979835898911E+000  0.197586252191289E+001  0.954186049633158E+000  0.498642617486679E+000 -0.131028262406404E+000 -0.151244194460763E+003 -0.151244194460763E+003 -0.151246215490982E+003
  0.760298838008040E+000  0.199166367305979E+001  0.168164926202532E+000  0.499655280252675E+000 -0.131028262406404E+000 -0.151240376291630E+003 -0.151240376291630E+003 -0.151246252213881E+003
  0.796834177723002E+000  0.197173576893659E+001  0.660928096474228E-001  0.498835714235030E+000 -0.131028262406404E+000 -0.151245368763638E+003 -0.151245368763638E+003 -0.151247916884111E+003
  0.774194584482485E+000  0.197705494216662E+001  0.412006145666415E+000  0.499897804860656E+000 -0.131028262406404E+000 -0.151242148560241E+003 -0.151242148560241E+003 -0.151248954284207E+003
  0.760795004861436E+000  0.199266743598734E+001  0.822289761256886E+000  0.498479870372684E+000 -0.131028262406404E+000 -0.151241332441021E+003 -0.151241332441021E+003 -0.151252811343627E+003
  0.767687993547706E+000  0.199782593679710E+001  0.315644510481694E+000  0.495677556627132E+000 -0.131028262406404E+000 -0.151242889373584E+003 -0.151242889373584E+003 -0.151252799845918E+003
  0.804232930636697E+000  0.199722946830049E+001  0.397470607618564E+000  0.498830006833678E+000 -0.131028262406404E+000 -0.151241130079910E+003 -0.151241130079910E+003 -0.151246493642573E+003
  0.781558926975379E+000  0.199015690430400E+001  0.322158529980485E+000  0.494652119912683E+000 -0.131028262406404E+000 -0.151244794192033E+003 -0.151244794192033E+003 -0.151251816446260E+003
  0.812807557829417E+000  0.197765672616530E+001  0.608681815101568E-001  0.499705329418340E+000 -0.131028262406404E+000 -0.151245423554391E+003 -0.151245423554391E+003 -0.151255575855597E+003
  0.794719028401587E+000  0.199914732541631E+001  0.799060949479536E+000  0.499692764086100E+000 -0.131028262406404E+000 -0.151239278235503E+003 -0.151239278235503E+003 -0.151248831429308E+003
  0.763296205401222E+000  0.198887948285472E+001  0.815757832040457E+000  0.498605815359300E+000 -0.131028262406404E+000 -0.151241633528741E+003 -0.151241633528741E+003 -0.151248065574492E+003
  0.754633932891235E+000  0.199906550547887E+001  0.930208576447287E+000  0.499559383155917E+000 -0.131028262406404E+000 -0.151239884207696E+003 -0.151239884207696E+003 -0.151254461011757E+003
  0.797377635654091E+000  0.199620009497943E+001  0.383068530165640E+000  0.499193838041219E+000 -0.131028262406404E+000 -0.151240396079591E+003 -0.151240396079591E+003 -0.151246091678798E+003
  0.774577874304475E+000  0.199073487503930E+001  0.342955741756884E+000  0.495705754268587E+000 -0.131028262406404E+000 -0.151243737296460E+003 -0.151243737296460E+003 -0.151259220512409E+003
  0.791841974623733E+000  0.197463539859457E+001  0.970560566431531E+000  0.498031234357325E+000 -0.131028262406404E+000 -0.151245046749430E+003 -0.151245046749430E+003 -0.151258747309339E+003
  0.803422711547626E+000  0.199931490754486E+001  0.545515451134406E+000  0.493415589971328E+000 -0.131028262406404E+000 -0.151245240902606E+003 -0.151245240902606E+003 -0.151247893127902E+003
  0.746053911075735E+000  0.198951038183711E+001  0.789413520577447E+000  0.498493218456755E+000 -0.131028262406404E+000 -0.151243072233365E+003 -0.151243072233365E+003 -0.151246215380571E+003
  0.786158153397982E+000  0.198133927060597E+001  0.961958082398407E+000  0.499061199688294E+000 -0.131028262406404E+000 -0.151242479793567E+003 -0.151242479793567E+003 -0.151246442545088E+003
  0.774391502512750E+000  0.197112629257934E+001  0.261403720088209E+000  0.497202973499377E+000 -0.131028262406404E+000 -0.151245779183756E+003 -0.151245779183756E+003 -0.151248442994048E+003
  0.774765634038751E+000  0.199729629617934E+001  0.862766921565194E+000  0.498778386826558E+000 -0.131028262406404E+000 -0.151239850102191E+003 -0.151239850102191E+003 -0.151245959804075E+003
  0.765335293121227E+000  0.196860612864372E+001  0.767624732407592E+000  0.498196447754965E+000 -0.131028262406404E+000 -0.151245359760771E+003 -0.151245359760771E+003 -0.151253222769008E+003
  0.779154402869942E+000  0.199579107005773E+001  0.834993080100662E+000  0.499315056345737E+000 -0.131028262406404E+000 -0.151239582928062E+003 -0.151239582928062E+003 -0.151246186081512E+003
  0.780868501058192E+000  0.197171323259260E+001  0.221297980579959E+000  0.499196516268163E+000 -0.131028262406404E+000 -0.151243951470706E+003 -0.151243951470706E+003 -0.151248941111725E+003
  0.785825846870274E+000  0.199435225088446E+001  0.687058058670499E+000  0.499644021601775E+000 -0.131028262406404E+000 -0.151239666389948E+003 -0.151239666389948E+003 -0.151245923583135E+003
  0.787833936685871E+000  0.197157687892486E+001  0.464798320385047E+000  0.497937045758223E+000 -0.131028262406404E+000 -0.151245476226314E+003 -0.151245476226314E+003 -0.151246689546055E+003
  0.777691329630604E+000  0.198308689765263E+001  0.780145934501384E+000  0.498352819122695E+000 -0.131028262406404E+000 -0.151242554207534E+003 -0.151242554207534E+003 -0.151250709458407E+003
  0.742151791981399E+000  0.199110291901962E+001  0.961520513530560E+000  0.496387333036761E+000 -0.131028262406404E+000 -0.151245495039459E+003 -0.151245495039459E+003 -0.151250833639809E+003
  0.752729820473515E+000  0.196332940298242E+001  0.535976944190548E+000  0.499628651356511E+000 -0.131028262406404E+000 -0.151245428099088E+003 -0.151245428099088E+003 -0.151250695257336E+003
  0.802535204147248E+000  0.198681535891881E+001  0.647469462151132E+000  0.497045018197516E+000 -0.131028262406404E+000 -0.151244418446676E+003 -0.151244418446676E+003 -0.151251265976614E+003
  0.781005939644773E+000  0.197410208877151E+001  0.300453680416137E+000  0.497118662741096E+000 -0.131028262406404E+000 -0.151245415361042E+003 -0.151245415361042E+003 -0.151246146587460E+003
  0.774571906446854E+000  0.198857917023639E+001  0.397154048802298E+000  0.496975649274855E+000 -0.131028262406404E+000 -0.151242899340198E+003 -0.151242899340198E+003 -0.151245933298587E+003
  0.774476959049079E+000  0.199794919786859E+001  0.685464101514276E+000  0.497788319522326E+000 -0.131028262406404E+000 -0.151240667820515E+003 -0.151240667820515E+003 -0.151250180792228E+003
  0.789322376323856E+000  0.198153339903123E+001  0.871251673571723E+000  0.496378516816397E+000 -0.131028262406404E+000 -0.151245014830501E+003 -0.151245014830501E+003 -0.151246594806565E+003
  0.793591837572115E+000  0.199757485736257E+001  0.735631906546470E+000  0.496265510051845E+000 -0.131028262406404E+000 -0.151242436708758E+003 -0.151242436708758E+003 -0.151247128885729E+003
  0.812206578318907E+000  0.199811457624063E+001  0.858537922398616E+000  0.498325705484010E+000 -0.131028262406404E+000 -0.151242298009483E+003 -0.151242298009483E+003 -0.151247710556629E+003
  0.801229458260649E+000  0.197835240739100E+001  0.787753726352367E+000  0.497560244251931E+000 -0.131028262406404E+000 -0.151245544488833E+003 -0.151245544488833E+003 -0.151271067500924E+003
  0.775106176868239E+000  0.199407215994832E+001  0.967973808383153E+000  0.499707690110233E+000 -0.131028262406404E+000 -0.151239487549622E+003 -0.151239487549622E+003 -0.151258339418584E+003
  0.808267323665549E+000  0.199941179548705E+001  0.318299952271324E-001  0.496087108280519E+000 -0.131028262406404E+000 -0.151243419619129E+003 -0.151243419619129E+003 -0.151255703583161E+003
  0.765507851394395E+000  0.196589649979592E+001  0.331977948109226E+000  0.499366953207480E+000 -0.131028262406404E+000 -0.151244722198704E+003 -0.151244722198704E+003 -0.151250450027408E+003
  0.778432966698616E+000  0.199900222232660E+001  0.409621710725318E+000  0.493108592313706E+000 -0.131028262406404E+000 -0.151244788700684E+003 -0.151244788700684E+003 -0.151248090434951E+003
  0.799205809422134E+000  0.199706082167129E+001  0.963627261276869E+000  0.494345871442360E+000 -0.131028262406404E+000 -0.151244536324346E+003 -0.151244536324346E+003 -0.151252849571720E+003
  0.748996327396377E+000  0.198056308945942E+001  0.650227430091503E+000  0.499859009205283E+000 -0.131028262406404E+000 -0.151242664956608E+003 -0.151242664956608E+003 -0.151256466939861E+003
  0.760543946364122E+000  0.198501306751196E+001  0.587467464706671E-001  0.496957153030286E+000 -0.131028262406404E+000 -0.151243977159493E+003 -0.151243977159493E+003 -0.151256960262117E+003
  0.780494428966634E+000  0.197687706388412E+001  0.811706024001931E+000  0.497334047872642E+000 -0.131028262406404E+000 -0.151244674753856E+003 -0.151244674753856E+003 -0.151247883842128E+003
  0.752078921827772E+000  0.197005678485574E+001  0.965739288466300E+000  0.498827889828363E+000 -0.131028262406404E+000 -0.151245112115403E+003 -0.151245112115403E+003 -0.151246088715841E+003
  0.776949794861177E+000  0.198550364053006E+001  0.673457804126702E+000  0.497106157702285E+000 -0.131028262406404E+000 -0.151243286997210E+003 -0.151243286997210E+003 -0.151246894037303E+003
  0.770205143131093E+000  0.199922275274697E+001  0.207975346103694E-001  0.497706360576643E+000 -0.131028262406404E+000 -0.151240665811233E+003 -0.151240665811233E+003 -0.151259596324861E+003
  0.787459578353398E+000  0.199878039942907E+001  0.823570484805003E-001  0.497669887728095E+000 -0.131028262406404E+000 -0.151240742616663E+003 -0.151240742616663E+003 -0.151245981496990E+003
  0.776776302873787E+000  0.198445202073641E+001  0.270198528549936E+000  0.496633551511865E+000 -0.131028262406404E+000 -0.151243908657120E+003 -0.151243908657120E+003 -0.151247576000891E+003
  0.756000239316599E+000  0.198930440990827E+001  0.532531128833171E+000  0.498962702722839E+000 -0.131028262406404E+000 -0.151241679706948E+003 -0.151241679706948E+003 -0.151250583542531E+003
  0.779533282476254E+000  0.198850064880703E+001  0.721464262841268E+000  0.494449075201582E+000 -0.131028262406404E+000 -0.151245256173110E+003 -0.151245256173110E+003 -0.151281763983124E+003
  0.767960413734766E+000  0.197429853200588E+001  0.170247267154745E+000  0.498724592801359E+000 -0.131028262406404E+000 -0.151243771135493E+003 -0.151243771135493E+003 -0.151269732037516E+003
  0.774756929324310E+000  0.199955714318615E+001  0.622034203089750E+000  0.492628697104001E+000 -0.131028262406404E+000 -0.151245243160685E+003 -0.151245243160685E+003 -0.151248848192050E+003
  0.804907777537465E+000  0.198034887786415E+001  0.215629862759179E+000  0.497519244913798E+000 -0.131028262406404E+000 -0.151245576318351E+003 -0.151245576318351E+003 -0.151250027486042E+003
  0.787965817396208E+000  0.199694915147118E+001  0.568932863767445E+000  0.493027757384117E+000 -0.131028262406404E+000 -0.151245223335066E+003 -0.151245223335066E+003 -0.151253599475528E+003
  0.809454186016979E+000  0.198593811953537E+001  0.370008436002043E+000  0.496969277774368E+000 -0.131028262406404E+000 -0.151245443319152E+003 -0.151245443319152E+003 -0.151249292323532E+003
  0.796925729599720E+000  0.199335497922883E+001  0.951020157609239E-001  0.494434987774464E+000 -0.131028262406404E+000 -0.151244979793361E+003 -0.151244979793361E+003 -0.151279487362082E+003
  0.803485137296515E+000  0.199914812173017E+001  0.463981368483359E+000  0.496491223998255E+000 -0.131028262406404E+000 -0.151242665167688E+003 -0.151242665167688E+003 -0.151249137323257E+003
  0.779843903254327E+000  0.198852901129688E+001  0.323779205833419E+000  0.494812763097381E+000 -0.131028262406404E+000 -0.151244913239023E+003 -0.151244913239023E+003 -0.151246399301768E+003
  0.750587816945305E+000  0.198615767585359E+001  0.756448501395867E-001  0.497006373447068E+000 -0.131028262406404E+000 -0.151244548836853E+003 -0.151244548836853E+003 -0.151249342487174E+003
  0.778968232442291E+000  0.199606255275726E+001  0.248821392840158E+000  0.498451476401849E+000 -0.131028262406404E+000 -0.151240322147078E+003 -0.151240322147078E+003 -0.151249894175114E+003
  0.798085323177315E+000  0.199671784491974E+001  0.975177975758138E+000  0.499794566671203E+000 -0.131028262406404E+000 -0.151239853653475E+003 -0.151239853653475E+003 -0.151247729881584E+003
  0.813370904858939E+000  0.198052531890807E+001  0.340760067747528E-001  0.499995607381453E+000 -0.131028262406404E+000 -0.151244658159230E+003 -0.151244658159230E+003 -0.151246841476454E+003
  0.755770551237338E+000  0.199672863797872E+001  0.266176344227500E+000  0.498631387747307E+000 -0.131028262406404E+000 -0.151240991910115E+003 -0.151240991910115E+003 -0.151248322188452E+003
  0.790291958430850E+000  0.196614451044593E+001  0.196447615417323E+000  0.499860526290801E+000 -0.131028262406404E+000 -0.151245047649047E+003 -0.151245047649047E+003 -0.151248293169810E+003
  0.772799052635900E+000  0.199829816300348E+001  0.423017463360476E+000  0.499590630826619E+000 -0.131028262406404E+000 -0.151238984857065E+003 -0.151238984857065E+003 -0.151246207352757E+003
  0.772674113691766E+000  0.198875220855079E+001  0.492716682399972E+000  0.495225996075058E+000 -0.131028262406404E+000 -0.151244550344365E+003 -0.151244550344365E+003 -0.151254651298876E+003
  0.799317146216154E+000  0.199884163418193E+001  0.515305883857932E+000  0.498039773304245E+000 -0.131028262406404E+000 -0.151241064409997E+003 -0.151241064409997E+003 -0.151246071551614E+003
  0.800988549631640E+000  0.199774849353393E+001  0.487642206173536E+000  0.495523007646343E+000 -0.131028262406404E+000 -0.151243529071542E+003 -0.151243529071542E+003 -0.151264893683583E+003
  0.761572969026092E+000  0.198535434577298E+001  0.176935992808733E+000  0.499873339880144E+000 -0.131028262406404E+000 -0.151241038598747E+003 -0.151241038598747E+003 -0.151253079916269E+003
  0.799247829626568E+000  0.197920404066440E+001  0.416161931694936E+000  0.499125471425070E+000 -0.131028262406404E+000 -0.151243821215846E+003 -0.151243821215846E+003 -0.151246423508884E+003
  0.801052341240545E+000  0.199694471962806E+001  0.871680268871396E+000  0.495564118120454E+000 -0.131028262406404E+000 -0.151243643674886E+003 -0.151243643674886E+003 -0.151246727561030E+003
  0.827110769585658E+000  0.199604851268532E+001  0.627756571868825E+000  0.498081506260118E+000 -0.131028262406404E+000 -0.151245261688265E+003 -0.151245261688265E+003 -0.151247870042094E+003
  0.793318723562145E+000  0.199766974823913E+001  0.677779951268315E+000  0.497662477199156E+000 -0.131028262406404E+000 -0.151241188670368E+003 -0.151241188670368E+003 -0.151260099414278E+003
  0.780253224181912E+000  0.198613246250218E+001  0.568042546836476E+000  0.496799066570389E+000 -0.131028262406404E+000 -0.151243491356539E+003 -0.151243491356539E+003 -0.151247455890887E+003
  0.786008222613752E+000  0.198837267141359E+001  0.107104859488027E+000  0.496712108180587E+000 -0.131028262406404E+000 -0.151243315915035E+003 -0.151243315915035E+003 -0.151251122446796E+003
  0.812900865348424E+000  0.199553548114667E+001  0.231613916108473E+000  0.497560246069226E+000 -0.131028262406404E+000 -0.151243497853787E+003 -0.151243497853787E+003 -0.151255078647757E+003
  0.767272374655557E+000  0.197556055966689E+001  0.112299309358100E+000  0.498549739372188E+000 -0.131028262406404E+000 -0.151243728754911E+003 -0.151243728754911E+003 -0.151284140921223E+003
  0.777471496736261E+000  0.198751429874004E+001  0.993990269435904E+000  0.499681397852226E+000 -0.131028262406404E+000 -0.151240573276420E+003 -0.151240573276420E+003 -0.151253303988852E+003
  0.786145576014457E+000  0.199239303680866E+001  0.696049588191316E+000  0.495885448678938E+000 -0.131028262406404E+000 -0.151243366466589E+003 -0.151243366466589E+003 -0.151258597320450E+003
  0.759686160975772E+000  0.199144166888344E+001  0.608843476857553E+000  0.494465112005360E+000 -0.131028262406404E+000 -0.151245505838490E+003 -0.151245505838490E+003 -0.151248041194315E+003
  0.792667256456601E+000  0.199069326894867E+001  0.642778675833088E+000  0.497780213868650E+000 -0.131028262406404E+000 -0.151242265989034E+003 -0.151242265989034E+003 -0.151248773232404E+003
  0.787537353559820E+000  0.198692902557059E+001  0.589928270196236E+000  0.496517252927991E+000 -0.131028262406404E+000 -0.151243806452018E+003 -0.151243806452018E+003 -0.151248833972930E+003
  0.746470905271236E+000  0.199208546315056E+001  0.962681886839820E+000  0.498545672126578E+000 -0.131028262406404E+000 -0.151242628339839E+003 -0.151242628339839E+003 -0.151249379627777E+003
  0.727696572531020E+000  0.199921181194174E+001  0.713022005830948E+000  0.498181400698601E+000 -0.131028262406404E+000 -0.151245097675080E+003 -0.151245097675080E+003 -0.151247316189771E+003
  0.770105288884526E+000  0.196400350558246E+001  0.202290414803904E+000  0.499475935029062E+000 -0.131028262406404E+000 -0.151244953675291E+003 -0.151244953675291E+003 -0.151246320932310E+003
  0.793969189508541E+000  0.197790716816555E+001  0.629618461508031E+000  0.497526476896039E+000 -0.131028262406404E+000 -0.151244999797700E+003 -0.151244999797700E+003 -0.151262377539814E+003
  0.783306565832020E+000  0.198300894367155E+001  0.984830688000047E+000  0.498105247903467E+000 -0.131028262406404E+000 -0.151242921466398E+003 -0.151242921466398E+003 -0.151246267385989E+003
  0.742478695803378E+000  0.199393585212826E+001  0.807291276004277E+000  0.497686843484413E+000 -0.131028262406404E+000 -0.151243760905425E+003 -0.151243760905425E+003 -0.151248432720777E+003
  0.758248562309283E+000  0.199027986827238E+001  0.544204802928054E+000  0.494571617980672E+000 -0.131028262406404E+000 -0.151245685678381E+003 -0.151245685678381E+003 -0.151248415280255E+003
  0.760541541999139E+000  0.198896038537284E+001  0.752654075405810E-001  0.498164401656502E+000 -0.131028262406404E+000 -0.151242197396502E+003 -0.151242197396502E+003 -0.151260743695418E+003
  0.756411199399423E+000  0.197347140222814E+001  0.935908363292385E+000  0.499854165257058E+000 -0.131028262406404E+000 -0.151243235334524E+003 -0.151243235334524E+003 -0.151246084665840E+003
  0.791192553398761E+000  0.198592771734091E+001  0.488725043500853E+000  0.494882316419093E+000 -0.131028262406404E+000 -0.151245628014246E+003 -0.151245628014246E+003 -0.151246570205014E+003
  0.777756439793762E+000  0.199214933415635E+001  0.904905281849056E+000  0.494537102033376E+000 -0.131028262406404E+000 -0.151244564494784E+003 -0.151244564494784E+003 -0.151248756968519E+003
  0.771561039601216E+000  0.197519576865929E+001  0.948066833148336E+000  0.498303770451852E+000 -0.131028262406404E+000 -0.151243976073693E+003 -0.151243976073693E+003 -0.151247129268891E+003
  0.770844820279120E+000  0.199297271435274E+001  0.311051699999326E+000  0.498280814186050E+000 -0.131028262406404E+000 -0.151241041118611E+003 -0.151241041118611E+003 -0.151247632976541E+003
  0.810048670297540E+000  0.199748998369063E+001  0.723925781539578E+000  0.494004906620514E+000 -0.131028262406404E+000 -0.151245699613757E+003 -0.151245699613757E+003 -0.151254843681751E+003
  0.799062493972285E+000  0.197721782051143E+001  0.899291325958552E+000  0.498902424168368E+000 -0.131028262406404E+000 -0.151244397643787E+003 -0.151244397643787E+003 -0.151247198599023E+003
  0.759224753679136E+000  0.199457913298989E+001  0.252723743709270E+000  0.499016437921139E+000 -0.131028262406404E+000 -0.151240646907404E+003 -0.151240646907404E+003 -0.151246930659826E+003
  0.803857591814321E+000  0.199436775559167E+001  0.412069802363495E+000  0.499291725211307E+000 -0.131028262406404E+000 -0.151241230828829E+003 -0.151241230828829E+003 -0.151249248789039E+003
  0.766003790132584E+000  0.199825044877875E+001  0.328845875457799E+000  0.495087119062642E+000 -0.131028262406404E+000 -0.151243481896451E+003 -0.151243481896451E+003 -0.151246573419469E+003
  0.813495396512195E+000  0.199568484327244E+001  0.474039081953492E+000  0.498378638632193E+000 -0.131028262406404E+000 -0.151242890522348E+003 -0.151242890522348E+003 -0.151246246618296E+003
  0.775360560838561E+000  0.198926735113380E+001  0.172628902268099E-001  0.495142403131715E+000 -0.131028262406404E+000 -0.151244497939958E+003 -0.151244497939958E+003 -0.151264745645025E+003
  0.753510099065646E+000  0.199337023714320E+001  0.851906285535407E+000  0.494809133891697E+000 -0.131028262406404E+000 -0.151245432606419E+003 -0.151245432606419E+003 -0.151248977378914E+003
  0.757431792773650E+000  0.196222126335611E+001  0.346575664125431E+000  0.499624663116059E+000 -0.131028262406404E+000 -0.151245386312643E+003 -0.151245386312643E+003 -0.151251722255881E+003
  0.770166149867626E+000  0.199996123966049E+001  0.839725826509959E+000  0.497285367320962E+000 -0.131028262406404E+000 -0.151240954708464E+003 -0.151240954708464E+003 -0.151248057947089E+003
  0.781198662949503E+000  0.196488854533724E+001  0.312423957977009E+000  0.499756929351350E+000 -0.131028262406404E+000 -0.151244806966930E+003 -0.151244806966930E+003 -0.151259773302276E+003
  0.774911008197787E+000  0.196760294643440E+001  0.147158366520987E+000  0.498001910670019E+000 -0.131028262406404E+000 -0.151245705405355E+003 -0.151245705405355E+003 -0.151279751654357E+003
  0.804837290137261E+000  0.199841917655653E+001  0.669461262816039E+000  0.496883809791736E+000 -0.131028262406404E+000 -0.151242592728092E+003 -0.151242592728092E+003 -0.151252366113724E+003
  0.775617503057780E+000  0.197038595162806E+001  0.601520788176350E+000  0.498807585131660E+000 -0.131028262406404E+000 -0.151244420839857E+003 -0.151244420839857E+003 -0.151246409525269E+003
  0.750824229328563E+000  0.196262159910669E+001  0.488419909778389E+000  0.499499906772400E+000 -0.131028262406404E+000 -0.151245809210418E+003 -0.151245809210418E+003 -0.151249966744507E+003
  0.774707637905837E+000  0.197107545817945E+001  0.397919889637069E+000  0.497306970543639E+000 -0.131028262406404E+000 -0.151245692876453E+003 -0.151245692876453E+003 -0.151259018297109E+003
  0.766032539414056E+000  0.197847572987619E+001  0.167679916221868E+000  0.498126820856394E+000 -0.131028262406404E+000 -0.151243662967333E+003 -0.151243662967333E+003 -0.151246741941470E+003
  0.757412650727675E+000  0.199591752133139E+001  0.546948457761517E+000  0.499272855428468E+000 -0.131028262406404E+000 -0.151240346662661E+003 -0.151240346662661E+003 -0.151246088522374E+003
  0.731198684001412E+000  0.199727388949358E+001  0.445300501434620E+000  0.499232959791044E+000 -0.131028262406404E+000 -0.151243556889518E+003 -0.151243556889518E+003 -0.151248798615516E+003
  0.815681660507098E+000  0.199980302541484E+001  0.334113169674958E+000  0.497274250809679E+000 -0.131028262406404E+000 -0.151243283126315E+003 -0.151243283126315E+003 -0.151248674286036E+003
  0.781826548643284E+000  0.199237577887792E+001  0.990866050868282E+000  0.493517961668787E+000 -0.131028262406404E+000 -0.151245468881353E+003 -0.151245468881353E+003 -0.151256066053336E+003
  0.787456366841281E+000  0.197591455847533E+001  0.165913763835238E-002  0.498728309661674E+000 -0.131028262406404E+000 -0.151243878830974E+003 -0.151243878830974E+003 -0.151268389407625E+003
  0.803112549011681E+000  0.198886051733845E+001  0.356057553843175E+000  0.495709652596463E+000 -0.131028262406404E+000 -0.151245215262539E+003 -0.151245215262539E+003 -0.151247764959232E+003
  0.762711369156163E+000  0.199394952797727E+001  0.785313436665682E+000  0.495886097408282E+000 -0.131028262406404E+000 -0.151243534023392E+003 -0.151243534023392E+003 -0.151246782835807E+003
  0.786569057763258E+000  0.198772551299291E+001  0.983730894887669E+000  0.496878124489464E+000 -0.131028262406404E+000 -0.151243300813171E+003 -0.151243300813171E+003 -0.151247433794535E+003
  0.777953051382342E+000  0.199413491369166E+001  0.388210282641651E+000  0.498079200779133E+000 -0.131028262406404E+000 -0.151240963679862E+003 -0.151240963679862E+003 -0.151246460307927E+003
  0.752641670638836E+000  0.198295785682551E+001  0.912456954650521E+000  0.498783533395961E+000 -0.131028262406404E+000 -0.151243057922245E+003 -0.151243057922245E+003 -0.151246811705673E+003
  0.784203129714520E+000  0.198776785160853E+001  0.754401251499555E-002  0.495109389544055E+000 -0.131028262406404E+000 -0.151244830923036E+003 -0.151244830923036E+003 -0.151247285039308E+003
  0.824363731636563E+000  0.199888480480967E+001  0.764519239885619E+000  0.496587863101115E+000 -0.131028262406404E+000 -0.151245332285731E+003 -0.151245332285731E+003 -0.151251223917812E+003
  0.807750547601055E+000  0.199426138623624E+001  0.846427302433502E-002  0.496257969499848E+000 -0.131028262406404E+000 -0.151244188246221E+003 -0.151244188246221E+003 -0.151252025166199E+003
  0.742114062301406E+000  0.198661075734215E+001  0.677422215607216E+000  0.499540838618987E+000 -0.131028262406404E+000 -0.151242879730335E+003 -0.151242879730335E+003 -0.151246845381308E+003
  0.814198321907112E+000  0.199053226648745E+001  0.586582290162788E+000  0.499627205536912E+000 -0.131028262406404E+000 -0.151243007109525E+003 -0.151243007109525E+003 -0.151246808609962E+003
  0.771260727120888E+000  0.196572046291532E+001  0.934318493898510E+000  0.499119710244336E+000 -0.131028262406404E+000 -0.151244967909300E+003 -0.151244967909300E+003 -0.151280244856278E+003
  0.770000084059103E+000  0.198062021411639E+001  0.989138587384768E+000  0.497182051750621E+000 -0.131028262406404E+000 -0.151244107641413E+003 -0.151244107641413E+003 -0.151254545407821E+003
  0.788391339259905E+000  0.197795112482170E+001  0.904927511440059E+000  0.496491095691587E+000 -0.131028262406404E+000 -0.151245553275439E+003 -0.151245553275439E+003 -0.151246143206312E+003
  0.762321533610942E+000  0.197791809958230E+001  0.630093473410906E-001  0.499186556518453E+000 -0.131028262406404E+000 -0.151242861124227E+003 -0.151242861124227E+003 -0.151247719145166E+003
  0.726687167956234E+000  0.198306968741369E+001  0.405399820615564E-002  0.499626263426925E+000 -0.131028262406404E+000 -0.151245625021728E+003 -0.151245625021728E+003 -0.151249683364623E+003
  0.788307069328376E+000  0.197205201726798E+001  0.332635686517800E+000  0.498097934969769E+000 -0.131028262406404E+000 -0.151245264447998E+003 -0.151245264447998E+003 -0.151248164276644E+003
  0.738447231235188E+000  0.198262801198672E+001  0.344292158150435E+000  0.499273305465660E+000 -0.131028262406404E+000 -0.151244174892982E+003 -0.151244174892982E+003 -0.151262722179147E+003
  0.825655520411251E+000  0.199539416648426E+001  0.479771225085361E+000  0.498024489468618E+000 -0.131028262406404E+000 -0.151245170803005E+003 -0.151245170803005E+003 -0.151246516841991E+003
  0.818717534987265E+000  0.198871181291915E+001  0.709552247928455E+000  0.499923151216918E+000 -0.131028262406404E+000 -0.151243866325710E+003 -0.151243866325710E+003 -0.151299211992845E+003
  0.754858706566500E+000  0.198951337951705E+001  0.140712033483119E+000  0.499769905133887E+000 -0.131028262406404E+000 -0.151240949095303E+003 -0.151240949095303E+003 -0.151247040786509E+003
  0.748455204790080E+000  0.199919745506554E+001  0.437566820942663E+000  0.494441974275156E+000 -0.131028262406404E+000 -0.151245598689060E+003 -0.151245598689060E+003 -0.151252223517437E+003
  0.803555025825044E+000  0.199574622588851E+001  0.456359398683769E+000  0.497582927553861E+000 -0.131028262406404E+000 -0.151242371822239E+003 -0.151242371822239E+003 -0.151248853891687E+003
  0.785299992376165E+000  0.199227734233949E+001  0.935740587617367E+000  0.499364791070325E+000 -0.131028262406404E+000 -0.151240240951532E+003 -0.151240240951532E+003 -0.151247792676208E+003
  0.760746273261977E+000  0.199848252442906E+001  0.233203329818858E+000  0.497706165175735E+000 -0.131028262406404E+000 -0.151241264932955E+003 -0.151241264932955E+003 -0.151248514961980E+003
  0.782856932830171E+000  0.199072928009506E+001  0.897411722226556E+000  0.495059815111638E+000 -0.131028262406404E+000 -0.151244335148376E+003 -0.151244335148376E+003 -0.151258672702572E+003
  0.813136406177980E+000  0.197672705814592E+001  0.440885537828078E+000  0.499739639740707E+000 -0.131028262406404E+000 -0.151245651511350E+003 -0.151245651511350E+003 -0.151246892789256E+003
  0.786687388388934E+000  0.196730240581762E+001  0.540279979823439E+000  0.499280602272116E+000 -0.131028262406404E+000 -0.151245059672315E+003 -0.151245059672315E+003 -0.151256137669506E+003
  0.804189741312108E+000  0.198540145709139E+001  0.509559701941408E+000  0.497541976078694E+000 -0.131028262406404E+000 -0.151244449168530E+003 -0.151244449168530E+003 -0.151246079052940E+003
  0.823204453786788E+000  0.199969074293227E+001  0.390134512403025E+000  0.498936476330706E+000 -0.131028262406404E+000 -0.151243172574041E+003 -0.151243172574041E+003 -0.151249835790667E+003
  0.789486727136943E+000  0.197795417961027E+001  0.857510045443449E+000  0.497016852732453E+000 -0.131028262406404E+000 -0.151245139250432E+003 -0.151245139250432E+003 -0.151246008396732E+003
  0.736631938967333E+000  0.198314056132819E+001  0.430755889813984E+000  0.499067013318433E+000 -0.131028262406404E+000 -0.151244573997105E+003 -0.151244573997105E+003 -0.151252637863646E+003
  0.791647447734619E+000  0.198129611638538E+001  0.495063857237328E+000  0.498074708997547E+000 -0.131028262406404E+000 -0.151243684437389E+003 -0.151243684437389E+003 -0.151247142993677E+003
  0.739595176341121E+000  0.199586687424041E+001  0.840487572053737E+000  0.498323981669294E+000 -0.131028262406404E+000 -0.151243283908940E+003 -0.151243283908940E+003 -0.151246112647737E+003
  0.775655124218352E+000  0.198531016415974E+001  0.185740571334126E-001  0.499411854284252E+000 -0.131028262406404E+000 -0.151241176483299E+003 -0.151241176483299E+003 -0.151245845786822E+003
  0.777461041656018E+000  0.197577531027824E+001  0.445922577740883E+000  0.498680638910498E+000 -0.131028262406404E+000 -0.151243561246347E+003 -0.151243561246347E+003 -0.151247751370057E+003
  0.759473697847889E+000  0.198180640474072E+001  0.160522947451466E+000  0.497207677135759E+000 -0.131028262406404E+000 -0.151244302513642E+003 -0.151244302513642E+003 -0.151247424787251E+003
  0.784636190124595E+000  0.198704158468191E+001  0.962823841750636E+000  0.497686225182245E+000 -0.131028262406404E+000 -0.151242625033804E+003 -0.151242625033804E+003 -0.151247542980089E+003
  0.764318507099173E+000  0.199692968035762E+001  0.174652624595949E+000  0.497298413754151E+000 -0.131028262406404E+000 -0.151241647367677E+003 -0.151241647367677E+003 -0.151250510193944E+003
  0.747028056508041E+000  0.198481589269001E+001  0.907098471527415E+000  0.499356392244490E+000 -0.131028262406404E+000 -0.151242745297142E+003 -0.151242745297142E+003 -0.151253644216767E+003
  0.753835604995705E+000  0.198792570219043E+001  0.198561221807374E+000  0.498226068230710E+000 -0.131028262406404E+000 -0.151242777561726E+003 -0.151242777561726E+003 -0.151258146128434E+003
  0.773675424526297E+000  0.198492631124752E+001  0.675940556666339E+000  0.497398818939917E+000 -0.131028262406404E+000 -0.151243119869604E+003 -0.151243119869604E+003 -0.151245840222992E+003
  0.779322274305345E+000  0.199646688726272E+001  0.776255357427918E+000  0.496250779670835E+000 -0.131028262406404E+000 -0.151242269739540E+003 -0.151242269739540E+003 -0.151252859048334E+003
  0.780959463346574E+000  0.197442718958132E+001  0.372801755229591E-001  0.498321433954782E+000 -0.131028262406404E+000 -0.151244239075222E+003 -0.151244239075222E+003 -0.151252511481038E+003
  0.807035588248230E+000  0.199994686033589E+001  0.652169288653996E+000  0.496705283564202E+000 -0.131028262406404E+000 -0.151242682120820E+003 -0.151242682120820E+003 -0.151251955084803E+003
  0.769837927113630E+000  0.196954508545010E+001  0.787472369214861E+000  0.499659882149123E+000 -0.131028262406404E+000 -0.151243724627216E+003 -0.151243724627216E+003 -0.151246805820020E+003
  0.791720246727615E+000  0.198911510575251E+001  0.319982655171881E+000  0.498428240706600E+000 -0.131028262406404E+000 -0.151241924530407E+003 -0.151241924530407E+003 -0.151248321516680E+003
  0.757998820062504E+000  0.197569179362613E+001  0.227253128602119E+000  0.498337136483391E+000 -0.131028262406404E+000 -0.151244272604060E+003 -0.151244272604060E+003 -0.151248996568638E+003
  0.777214810735909E+000  0.198699324545998E+001  0.851430528783751E-001  0.498380177991375E+000 -0.131028262406404E+000 -0.151241854197962E+003 -0.151241854197962E+003 -0.151248388121290E+003
  0.772940954241779E+000  0.198888545219314E+001  0.147918948029241E+000  0.497352699430227E+000 -0.131028262406404E+000 -0.151242515847937E+003 -0.151242515847937E+003 -0.151247302490658E+003
  0.759300202231798E+000  0.199580114535029E+001  0.144256946085644E-001  0.495900187586021E+000 -0.131028262406404E+000 -0.151243495314603E+003 -0.151243495314603E+003 -0.151249847860100E+003
  0.721257745737048E+000  0.199456396389694E+001  0.698761577112252E+000  0.499493567344556E+000 -0.131028262406404E+000 -0.151245521764169E+003 -0.151245521764169E+003 -0.151255030542960E+003
  0.828582204515914E+000  0.199676168257374E+001  0.359260080649883E+000  0.499399538116588E+000 -0.131028262406404E+000 -0.151244408618704E+003 -0.151244408618704E+003 -0.151248477388503E+003
  0.755619091906376E+000  0.196951114671347E+001  0.917659104071487E+000  0.499921832616077E+000 -0.131028262406404E+000 -0.151243883077459E+003 -0.151243883077459E+003 -0.151249674792133E+003
  0.795927540027073E+000  0.199494587441682E+001  0.483308364233283E+000  0.497196702844952E+000 -0.131028262406404E+000 -0.151242223555988E+003 -0.151242223555988E+003 -0.151270131632219E+003
  0.734476832306983E+000  0.198025617550065E+001  0.227165442350299E+000  0.499029544888055E+000 -0.131028262406404E+000 -0.151245323386971E+003 -0.151245323386971E+003 -0.151260039800440E+003
  0.818753968904235E+000  0.198894417340994E+001  0.668785935078558E+000  0.497461787716142E+000 -0.131028262406404E+000 -0.151245763517568E+003 -0.151245763517568E+003 -0.151250806505972E+003
  0.807455145674859E+000  0.199932764468518E+001  0.813676776277199E+000  0.498341869437007E+000 -0.131028262406404E+000 -0.151241492261600E+003 -0.151241492261600E+003 -0.151245927826882E+003
  0.823750885412643E+000  0.199620928234683E+001  0.684276119461344E+000  0.498174774121950E+000 -0.131028262406404E+000 -0.151244547572664E+003 -0.151244547572664E+003 -0.151246667730542E+003
  0.779857805216346E+000  0.199194436843765E+001  0.714886842240069E+000  0.498425628484650E+000 -0.131028262406404E+000 -0.151241013519594E+003 -0.151241013519594E+003 -0.151254231831710E+003
  0.820208597945709E+000  0.199825538970216E+001  0.468433481342859E+000  0.498636590353344E+000 -0.131028262406404E+000 -0.151243186911168E+003 -0.151243186911168E+003 -0.151278456319160E+003
  0.811081706483086E+000  0.199835425685939E+001  0.326261478549051E+000  0.498307471983003E+000 -0.131028262406404E+000 -0.151242124858592E+003 -0.151242124858592E+003 -0.151255616385245E+003
  0.784435887476075E+000  0.196387922293397E+001  0.654178833314409E+000  0.499900534814339E+000 -0.131028262406404E+000 -0.151245062253610E+003 -0.151245062253610E+003 -0.151250250184221E+003
  0.792343619508587E+000  0.197982604648454E+001  0.321422922562873E+000  0.497593083450176E+000 -0.131028262406404E+000 -0.151244442792337E+003 -0.151244442792337E+003 -0.151247408402584E+003
  0.772273385336880E+000  0.198228262609321E+001  0.705199743888758E+000  0.496503421249320E+000 -0.131028262406404E+000 -0.151244431692277E+003 -0.151244431692277E+003 -0.151245828642838E+003
  0.798794771890633E+000  0.197872595222369E+001  0.227873097871959E+000  0.498862606548085E+000 -0.131028262406404E+000 -0.151244098025598E+003 -0.151244098025598E+003 -0.151247325046870E+003
  0.795767930189245E+000  0.198085685458091E+001  0.496031521284048E+000  0.497558450246857E+000 -0.131028262406404E+000 -0.151244530334532E+003 -0.151244530334532E+003 -0.151253825522438E+003
  0.755901481028077E+000  0.198085554284040E+001  0.236339591218518E+000  0.496273534338091E+000 -0.131028262406404E+000 -0.151245622542722E+003 -0.151245622542722E+003 -0.151246823870484E+003
  0.826296470510016E+000  0.199703485978944E+001  0.913021844759508E+000  0.499447914649649E+000 -0.131028262406404E+000 -0.151243875387524E+003 -0.151243875387524E+003 -0.151248467233916E+003
  0.788565217225795E+000  0.198527495730686E+001  0.724105521318945E+000  0.494814394885776E+000 -0.131028262406404E+000 -0.151245690629704E+003 -0.151245690629704E+003 -0.151247782229105E+003
  0.808186190579988E+000  0.197814771592817E+001  0.247695117318556E+000  0.498757252573669E+000 -0.131028262406404E+000 -0.151245416206232E+003 -0.151245416206232E+003 -0.151247647084747E+003
  0.812883763483760E+000  0.199785100781275E+001  0.552684234602141E+000  0.494764798519032E+000 -0.131028262406404E+000 -0.151245325134193E+003 -0.151245325134193E+003 -0.151252723374663E+003
  0.786662489829807E+000  0.198126067770673E+001  0.482781623071090E+000  0.499439177302050E+000 -0.131028262406404E+000 -0.151242181142130E+003 -0.151242181142130E+003 -0.151254955667917E+003
  0.785577276570945E+000  0.198508422205181E+001  0.465544961811181E+000  0.498986452353013E+000 -0.131028262406404E+000 -0.151241838116382E+003 -0.151241838116382E+003 -0.151247390382317E+003
  0.765157665423784E+000  0.197030325856113E+001  0.402589093238002E+000  0.497989598124682E+000 -0.131028262406404E+000 -0.151245255447136E+003 -0.151245255447136E+003 -0.151248873599372E+003
  0.762424274558417E+000  0.196443903825552E+001  0.546541339516828E-001  0.499357928852555E+000 -0.131028262406404E+000 -0.151245066903885E+003 -0.151245066903885E+003 -0.151246015484614E+003
  0.756197609513896E+000  0.199364691784314E+001  0.585731659175460E+000  0.497983257105901E+000 -0.131028262406404E+000 -0.151242007918100E+003 -0.151242007918100E+003 -0.151245851145668E+003
  0.756696404551745E+000  0.199364715263930E+001  0.689933100327810E+000  0.497112590013657E+000 -0.131028262406404E+000 -0.151242819549360E+003 -0.151242819549360E+003 -0.151246704515344E+003
  0.744038848819011E+000  0.199993077868767E+001  0.982400810800166E+000  0.495137181057710E+000 -0.131028262406404E+000 -0.151245394984973E+003 -0.151245394984973E+003 -0.151250545040239E+003
  0.753583557276694E+000  0.197721500751753E+001  0.973900035165686E+000  0.498643132584131E+000 -0.131028262406404E+000 -0.151244012227889E+003 -0.151244012227889E+003 -0.151247424781491E+003
  0.750026912400375E+000  0.199276124396819E+001  0.855086578339379E+000  0.499640412244186E+000 -0.131028262406404E+000 -0.151241063439806E+003 -0.151241063439806E+003 -0.151250444341505E+003
  0.775770853622253E+000  0.197864343311641E+001  0.620982582609136E+000  0.499408376183858E+000 -0.131028262406404E+000 -0.151242337139181E+003 -0.151242337139181E+003 -0.151245821214938E+003
