  0.785911182645796E+000  0.197964473477308E+001  0.494228745064582E+000  0.499474467527586E+000 -0.131028262406404E+000 -0.142996662487322E+003 -0.142996662487322E+003
  0.761489076472331E+000  0.199939253060840E+001  0.165196171602886E+000  0.499578735403337E+000 -0.131028262406404E+000 -0.142996573503382E+003 -0.142996573503382E+003
  0.773242036558226E+000  0.195753634135874E+001  0.556855788711022E+000  0.498634461031361E+000 -0.131028262406404E+000 -0.142998785543424E+003 -0.142998785543424E+003
  0.774658221438854E+000  0.195640473765744E+001  0.909352292903525E+000  0.499928677892319E+000 -0.131028262406404E+000 -0.142997019100207E+003 -0.142997019100207E+003
  0.756721410182108E+000  0.197380599818876E+001  0.243194109932358E+000  0.498148660544907E+000 -0.131028262406404E+000 -0.142999177964641E+003 -0.142999177964641E+003
  0.820289635357968E+000  0.198768588606755E+001  0.790122448505648E+000  0.499264593241150E+000 -0.131028262406404E+000 -0.143000130161230E+003 -0.143000130161230E+003
  0.786058537349225E+000  0.199708445697099E+001  0.582932968392212E+000  0.498357603719469E+000 -0.131028262406404E+000 -0.142997715441440E+003 -0.142997715441440E+003
  0.758219656545714E+000  0.196590279657107E+001  0.349418250728349E+000  0.498979116433074E+000 -0.131028262406404E+000 -0.142998163922687E+003 -0.142998163922687E+003
  0.779339546497686E+000  0.197050447553275E+001  0.879210777296691E+000  0.499369149423067E+000 -0.131028262406404E+000 -0.142997027675671E+003 -0.142997027675671E+003
  0.781415574246994E+000  0.196621860359089E+001  0.833084493907195E-001  0.498669069712299E+000 -0.131028262406404E+000 -0.142998320930994E+003 -0.142998320930994E+003
  0.785026287341027E+000  0.197271397831320E+001  0.431953585193384E+000  0.498509624916774E+000 -0.131028262406404E+000 -0.142998297008424E+003 -0.142998297008424E+003
  0.800118125150773E+000  0.198701795338282E+001  0.531938885358659E+000  0.497775083470702E+000 -0.131028262406404E+000 -0.142999558509827E+003 -0.142999558509827E+003
  0.745915658433843E+000  0.195678506205929E+001  0.739568176990362E+000  0.499401519011049E+000 -0.131028262406404E+000 -0.142998908339818E+003 -0.142998908339818E+003
  0.770150705309301E+000  0.197113359837605E+001  0.220781717142854E+000  0.499758600656998E+000 -0.131028262406404E+000 -0.142996396055097E+003 -0.142996396055097E+003
  0.802157729732401E+000  0.198914043732484E+001  0.313174204170427E+000  0.497685182626229E+000 -0.131028262406404E+000 -0.142999768762812E+003 -0.142999768762812E+003
  0.760380655993818E+000  0.195368973897136E+001  0.172029484962017E-001  0.498601670977628E+000 -0.131028262406404E+000 -0.142999300801601E+003 -0.142999300801601E+003
  0.782530974145252E+000  0.198383678198069E+001  0.540363224812720E+000  0.497248505698522E+000 -0.131028262406404E+000 -0.142999475093059E+003 -0.142999475093059E+003
  0.813020039017112E+000  0.197022538623948E+001  0.420637241564279E+000  0.499917137833916E+000 -0.131028262406404E+000 -0.142999315621528E+003 -0.142999315621528E+003
  0.786234645444639E+000  0.199791291887958E+001  0.953406480239411E+000  0.498002677391385E+000 -0.131028262406404E+000 -0.142998188354507E+003 -0.142998188354507E+003
  0.760142390799581E+000  0.195872273034788E+001  0.347545195764801E+000  0.498969563524184E+000 -0.131028262406404E+000 -0.142998449929371E+003 -0.142998449929371E+003
  0.814376549336511E+000  0.199627545946859E+001  0.803063080870401E+000  0.499196649027911E+000 -0.131028262406404E+000 -0.142998914851127E+003 -0.142998914851127E+003
  0.774977731215847E+000  0.196652060823452E+001  0.167143062196089E+000  0.498294738003724E+000 -0.131028262406404E+000 -0.142998706240735E+003 -0.142998706240735E+003
  0.758482752976976E+000  0.197597208702875E+001  0.760272701263194E+000  0.497357168588614E+000 -0.131028262406404E+000 -0.143000144328257E+003 -0.143000144328257E+003
  0.773547612636927E+000  0.197682530260598E+001  0.546392413794547E+000  0.497368676355509E+000 -0.131028262406404E+000 -0.142999524131919E+003 -0.142999524131919E+003
  0.749426702587676E+000  0.199723139949367E+001  0.347341996591147E+000  0.498366269313130E+000 -0.131028262406404E+000 -0.142999372442570E+003 -0.142999372442570E+003
  0.785921704503341E+000  0.199960119990825E+001  0.515877835418086E+000  0.499665133437567E+000 -0.131028262406404E+000 -0.142995927613564E+003 -0.142995927613564E+003
  0.806760775956383E+000  0.197853827116011E+001  0.926924945568489E+000  0.499434033519378E+000 -0.131028262406404E+000 -0.142998488775934E+003 -0.142998488775934E+003
  0.767394442025629E+000  0.199157949461160E+001  0.212871823448884E+000  0.497615678911402E+000 -0.131028262406404E+000 -0.142998980131840E+003 -0.142998980131840E+003
  0.762226434839385E+000  0.199296475310461E+001  0.736397521294583E+000  0.497038513659028E+000 -0.131028262406404E+000 -0.143000072056142E+003 -0.143000072056142E+003
  0.799239859733022E+000  0.197872054218428E+001  0.412316964765323E+000  0.499849372100094E+000 -0.131028262406404E+000 -0.142997103575306E+003 -0.142997103575306E+003
  0.804418503025901E+000  0.198210758514324E+001  0.941841818131253E+000  0.498294073693468E+000 -0.131028262406404E+000 -0.142999524826323E+003 -0.142999524826323E+003
  0.774188162795163E+000  0.195632189922882E+001  0.911179392539770E+000  0.499412252202229E+000 -0.131028262406404E+000 -0.142997761712384E+003 -0.142997761712384E+003
  0.771732124987425E+000  0.198422228318272E+001  0.507786087146852E+000  0.498796738248669E+000 -0.131028262406404E+000 -0.142997300245937E+003 -0.142997300245937E+003
  0.772366274472929E+000  0.199957781977680E+001  0.842542668517731E+000  0.498648137532477E+000 -0.131028262406404E+000 -0.142997335704173E+003 -0.142997335704173E+003
  0.798350960461888E+000  0.196298047212290E+001  0.737110965175510E+000  0.498805323439052E+000 -0.131028262406404E+000 -0.142999512573457E+003 -0.142999512573457E+003
  0.784318580729031E+000  0.198875116707490E+001  0.902002748749409E+000  0.496836815794558E+000 -0.131028262406404E+000 -0.142999922395706E+003 -0.142999922395706E+003
  0.771781131838151E+000  0.198317709995449E+001  0.694637527036508E+000  0.497216689323173E+000 -0.131028262406404E+000 -0.142999552117263E+003 -0.142999552117263E+003
  0.797872990542725E+000  0.196053708238931E+001  0.533301833758681E+000  0.499539711622433E+000 -0.131028262406404E+000 -0.142998658745687E+003 -0.142998658745687E+003
  0.782605374245601E+000  0.194723792609181E+001  0.774667723710350E+000  0.499676089102740E+000 -0.131028262406404E+000 -0.142998451621777E+003 -0.142998451621777E+003
  0.777421001046023E+000  0.199110962599516E+001  0.677477426388633E+000  0.498479232040278E+000 -0.131028262406404E+000 -0.142997543904486E+003 -0.142997543904486E+003
  0.754022181180311E+000  0.195920172971361E+001  0.635248340305737E+000  0.498466886477389E+000 -0.131028262406404E+000 -0.142999509573606E+003 -0.142999509573606E+003
  0.805487568709544E+000  0.197571614099335E+001  0.650211806878611E+000  0.499353047940160E+000 -0.131028262406404E+000 -0.142998620492295E+003 -0.142998620492295E+003
  0.804576326028288E+000  0.197759402830038E+001  0.667530275486327E+000  0.499793762512558E+000 -0.131028262406404E+000 -0.142997806361728E+003 -0.142997806361728E+003
  0.818711036325697E+000  0.198336407981130E+001  0.708420412505313E+000  0.499519391391875E+000 -0.131028262406404E+000 -0.142999801934920E+003 -0.142999801934920E+003
  0.755748863447589E+000  0.198161012647398E+001  0.980025055451952E+000  0.499374950203750E+000 -0.131028262406404E+000 -0.142997296118567E+003 -0.142997296118567E+003
  0.739729462906403E+000  0.195987332803885E+001  0.589912371335301E+000  0.499543242915786E+000 -0.131028262406404E+000 -0.142999236607463E+003 -0.142999236607463E+003
  0.799696173062506E+000  0.195879849053392E+001  0.289524037066941E+000  0.499735417913944E+000 -0.131028262406404E+000 -0.142998741306343E+003 -0.142998741306343E+003
  0.761407750335109E+000  0.198511465436442E+001  0.938178806013096E+000  0.499307079639262E+000 -0.131028262406404E+000 -0.142996961715793E+003 -0.142996961715793E+003
  0.775131218952474E+000  0.197852087909419E+001  0.210791658652217E+000  0.497391444875497E+000 -0.131028262406404E+000 -0.142999414852821E+003 -0.142999414852821E+003
  0.801761435722336E+000  0.196301687831935E+001  0.378493144779037E+000  0.498896767393829E+000 -0.131028262406404E+000 -0.142999756192064E+003 -0.142999756192064E+003
  0.793394452814764E+000  0.197252995621204E+001  0.704275565341974E+000  0.499111255993644E+000 -0.131028262406404E+000 -0.142997964235543E+003 -0.142997964235543E+003
  0.741368003979532E+000  0.195930143601260E+001  0.560499188020171E+000  0.499938922442380E+000 -0.131028262406404E+000 -0.142998467067155E+003 -0.142998467067155E+003
  0.746604849014186E+000  0.197155274691559E+001  0.607916786211619E+000  0.499044956011092E+000 -0.131028262406404E+000 -0.142998816154519E+003 -0.142998816154519E+003
  0.795789350932101E+000  0.197437942550816E+001  0.439039890957630E+000  0.499885618090550E+000 -0.131028262406404E+000 -0.142996988014912E+003 -0.142996988014912E+003
  0.771361271771567E+000  0.196895050889669E+001  0.734183833864724E+000  0.497539266822784E+000 -0.131028262406404E+000 -0.142999662854259E+003 -0.142999662854259E+003
  0.756922014869227E+000  0.195934771793724E+001  0.602455498347713E+000  0.499456917448474E+000 -0.131028262406404E+000 -0.142997855426314E+003 -0.142997855426314E+003
  0.758708118755629E+000  0.198874299597528E+001  0.519753540595851E+000  0.497282528262590E+000 -0.131028262406404E+000 -0.142999999110262E+003 -0.142999999110262E+003
  0.780493879053609E+000  0.198525772773957E+001  0.812694657961698E+000  0.497310127176009E+000 -0.131028262406404E+000 -0.142999312203761E+003 -0.142999312203761E+003
  0.790920328894356E+000  0.196621126065409E+001  0.220395519941232E+000  0.498957198037114E+000 -0.131028262406404E+000 -0.142998411651617E+003 -0.142998411651617E+003
  0.739140140620625E+000  0.194590932522193E+001  0.949116757755888E-001  0.499517314542262E+000 -0.131028262406404E+000 -0.143000066819611E+003 -0.143000066819611E+003
  0.799652293140500E+000  0.196415223194125E+001  0.895023604472985E+000  0.499501773258718E+000 -0.131028262406404E+000 -0.142998598624287E+003 -0.142998598624287E+003
  0.739382183528739E+000  0.197923009988699E+001  0.159814355804804E+000  0.498967282643610E+000 -0.131028262406404E+000 -0.142999698780444E+003 -0.142999698780444E+003
  0.762493198990101E+000  0.199048370207844E+001  0.551432635419012E+000  0.499655143715872E+000 -0.131028262406404E+000 -0.142996361663028E+003 -0.142996361663028E+003
  0.803901898926914E+000  0.199459185193526E+001  0.498996951150199E+000  0.498033365725990E+000 -0.131028262406404E+000 -0.142999268724599E+003 -0.142999268724599E+003
  0.776940378766123E+000  0.195831487397867E+001  0.373429015867051E-001  0.498264218492867E+000 -0.131028262406404E+000 -0.142999316542886E+003 -0.142999316542886E+003
  0.739612919310984E+000  0.197073312475319E+001  0.163149182157398E+000  0.499592076708072E+000 -0.131028262406404E+000 -0.142998852308481E+003 -0.142998852308481E+003
  0.784895841575960E+000  0.195609916112350E+001  0.454073498784220E+000  0.498156704693090E+000 -0.131028262406404E+000 -0.142999944167147E+003 -0.142999944167147E+003
  0.803530651970741E+000  0.197996837660982E+001  0.872453054385668E+000  0.498910180675715E+000 -0.131028262406404E+000 -0.142998727737172E+003 -0.142998727737172E+003
  0.763611999517787E+000  0.198741159838409E+001  0.477298779164257E+000  0.498240080740384E+000 -0.131028262406404E+000 -0.142998327614317E+003 -0.142998327614317E+003
  0.782265528950167E+000  0.198049662884552E+001  0.404243251390385E+000  0.497384384687531E+000 -0.131028262406404E+000 -0.142999407433012E+003 -0.142999407433012E+003
  0.774326084300096E+000  0.195375260695369E+001  0.662538972038333E+000  0.499128225748216E+000 -0.131028262406404E+000 -0.142998369305308E+003 -0.142998369305308E+003
  0.746216804098869E+000  0.196397672134727E+001  0.191473086395524E+000  0.499205131699536E+000 -0.131028262406404E+000 -0.142998857063330E+003 -0.142998857063330E+003
  0.761832229833257E+000  0.199519064806456E+001  0.517739868187028E+000  0.498562498343528E+000 -0.131028262406404E+000 -0.142997943980763E+003 -0.142997943980763E+003
  0.785828848553880E+000  0.199883829114782E+001  0.886879255271215E+000  0.497593908715688E+000 -0.131028262406404E+000 -0.142998720228440E+003 -0.142998720228440E+003
  0.779813478545618E+000  0.195414478308589E+001  0.335669006688655E-001  0.499276777752860E+000 -0.131028262406404E+000 -0.142998275122724E+003 -0.142998275122724E+003
  0.768429506867043E+000  0.197227906026192E+001  0.623473092320334E+000  0.499315058307396E+000 -0.131028262406404E+000 -0.142997011098786E+003 -0.142997011098786E+003
  0.794429782147407E+000  0.199679251327030E+001  0.699142420107504E+000  0.496791557090261E+000 -0.131028262406404E+000 -0.143000150750727E+003 -0.143000150750727E+003
  0.738527195477450E+000  0.195809193350650E+001  0.252797117838808E+000  0.499654121823629E+000 -0.131028262406404E+000 -0.142999291016230E+003 -0.142999291016230E+003
  0.751260491687354E+000  0.196222368417843E+001  0.112506388492612E+000  0.498426370703455E+000 -0.131028262406404E+000 -0.142999627892580E+003 -0.142999627892580E+003
  0.801261840853942E+000  0.194852633606012E+001  0.190800937911717E-002  0.499979593247660E+000 -0.131028262406404E+000 -0.142999622913773E+003 -0.142999622913773E+003
  0.809775554925071E+000  0.198831317657223E+001  0.718575018352947E+000  0.499732655014794E+000 -0.131028262406404E+000 -0.142997948321100E+003 -0.142997948321100E+003
  0.798292703088396E+000  0.199733875193756E+001  0.279306765412075E+000  0.497425702728375E+000 -0.131028262406404E+000 -0.142999531109084E+003 -0.142999531109084E+003
  0.811211806600637E+000  0.197334689374086E+001  0.800647760519351E+000  0.499393672341743E+000 -0.131028262406404E+000 -0.142999492226577E+003 -0.142999492226577E+003
  0.777799847183867E+000  0.198001510642394E+001  0.114610707241689E+000  0.497433793287713E+000 -0.131028262406404E+000 -0.142999298889273E+003 -0.142999298889273E+003
  0.785563974731373E+000  0.198986760275452E+001  0.232858929705025E+000  0.498893100093689E+000 -0.131028262406404E+000 -0.142997110196317E+003 -0.142997110196317E+003
  0.752508443579435E+000  0.197447200827850E+001  0.580145925977337E-001  0.499238284272019E+000 -0.131028262406404E+000 -0.142997895377444E+003 -0.142997895377444E+003
  0.805942313368038E+000  0.197802404592855E+001  0.891207449680815E+000  0.499846976458644E+000 -0.131028262406404E+000 -0.142997871982398E+003 -0.142997871982398E+003
  0.770548132986868E+000  0.197917895911008E+001  0.665822699484592E+000  0.498086537338319E+000 -0.131028262406404E+000 -0.142998466654280E+003 -0.142998466654280E+003
  0.789562146236817E+000  0.199956405210064E+001  0.117779073122786E+000  0.498328159030907E+000 -0.131028262406404E+000 -0.142997830967194E+003 -0.142997830967194E+003
  0.746562844804401E+000  0.195653350095122E+001  0.838132064239397E+000  0.498794576214742E+000 -0.131028262406404E+000 -0.142999771667695E+003 -0.142999771667695E+003
  0.766568717928916E+000  0.197342740374176E+001  0.228602414305808E+000  0.499317746200216E+000 -0.131028262406404E+000 -0.142997009460912E+003 -0.142997009460912E+003
  0.786186164033688E+000  0.194067674380985E+001  0.631839380028750E+000  0.499378905642763E+000 -0.131028262406404E+000 -0.142999796118381E+003 -0.142999796118381E+003
  0.796853739262148E+000  0.196317954932421E+001  0.695918832983017E+000  0.499737178262371E+000 -0.131028262406404E+000 -0.142998064485546E+003 -0.142998064485546E+003
  0.777067245150909E+000  0.199319594753424E+001  0.513833778068791E+000  0.499057481083204E+000 -0.131028262406404E+000 -0.142996719108132E+003 -0.142996719108132E+003
  0.802056758386916E+000  0.197807152056444E+001  0.206996703543076E+000  0.498936267582019E+000 -0.131028262406404E+000 -0.142998646532323E+003 -0.142998646532323E+003
  0.768525542422628E+000  0.198628268009007E+001  0.688220500210163E+000  0.499670400925150E+000 -0.131028262406404E+000 -0.142996112019151E+003 -0.142996112019151E+003
  0.787917126882157E+000  0.199747672709798E+001  0.539222770635283E+000  0.498671890405548E+000 -0.131028262406404E+000 -0.142997339902274E+003 -0.142997339902274E+003
  0.763771672083477E+000  0.196777806891026E+001  0.515305702076746E+000  0.498847413730318E+000 -0.131028262406404E+000 -0.142998013105461E+003 -0.142998013105461E+003
  0.751513718457008E+000  0.194230005207853E+001  0.780083880297047E+000  0.499407309563381E+000 -0.131028262406404E+000 -0.142999391784368E+003 -0.142999391784368E+003
  0.813658442947760E+000  0.199775545575594E+001  0.356024294367840E+000  0.499825816784330E+000 -0.131028262406404E+000 -0.142997964460143E+003 -0.142997964460143E+003
  0.796517778933635E+000  0.197429545537554E+001  0.280000774040437E+000  0.499008890498578E+000 -0.131028262406404E+000 -0.142998248592380E+003 -0.142998248592380E+003
  0.753532741764555E+000  0.198601552359662E+001  0.870054711307194E+000  0.499892493692048E+000 -0.131028262406404E+000 -0.142996694236949E+003 -0.142996694236949E+003
  0.774663396008632E+000  0.193852958363404E+001  0.763865370008468E+000  0.499810974994394E+000 -0.131028262406404E+000 -0.142998782318989E+003 -0.142998782318989E+003
  0.793836386851784E+000  0.198576194746374E+001  0.370561575254915E-001  0.497658349264920E+000 -0.131028262406404E+000 -0.142999302866879E+003 -0.142999302866879E+003
  0.768417802160776E+000  0.198160932639252E+001  0.233119515492385E-001  0.498537211339011E+000 -0.131028262406404E+000 -0.142997811977231E+003 -0.142997811977231E+003
  0.796924946076716E+000  0.198284812788859E+001  0.699626333611117E+000  0.499906714873509E+000 -0.131028262406404E+000 -0.142996618301162E+003 -0.142996618301162E+003
  0.798834489438621E+000  0.197245856933711E+001  0.996944636827849E+000  0.499142511993147E+000 -0.131028262406404E+000 -0.142998394930890E+003 -0.142998394930890E+003
  0.788123211976129E+000  0.195118801929706E+001  0.725054173618702E+000  0.499217292503802E+000 -0.131028262406404E+000 -0.142999085566203E+003 -0.142999085566203E+003
  0.748971943799854E+000  0.196932500756980E+001  0.614846693582451E+000  0.498718097277259E+000 -0.131028262406404E+000 -0.142999123955382E+003 -0.142999123955382E+003
  0.797120012999063E+000  0.195885326389768E+001  0.536722071699858E+000  0.499901739631307E+000 -0.131028262406404E+000 -0.142998227064081E+003 -0.142998227064081E+003
  0.741050845131961E+000  0.199244291821646E+001  0.689192353467860E+000  0.499821163816957E+000 -0.131028262406404E+000 -0.142998274632253E+003 -0.142998274632253E+003
  0.795909433082176E+000  0.198246895592787E+001  0.378875962679563E+000  0.499884407714933E+000 -0.131028262406404E+000 -0.142996583237843E+003 -0.142996583237843E+003
  0.751295036442772E+000  0.197248427457987E+001  0.496422274071132E+000  0.499608038260960E+000 -0.131028262406404E+000 -0.142997508358529E+003 -0.142997508358529E+003
  0.787667522560063E+000  0.198387744775221E+001  0.893100425412145E+000  0.499523256122829E+000 -0.131028262406404E+000 -0.142996507981225E+003 -0.142996507981225E+003
  0.783001538026244E+000  0.196734810415921E+001  0.805315263721198E+000  0.499681227312626E+000 -0.131028262406404E+000 -0.142996884150677E+003 -0.142996884150677E+003
  0.768833406784095E+000  0.197106599536210E+001  0.396754951267966E+000  0.498275836965615E+000 -0.131028262406404E+000 -0.142998544146818E+003 -0.142998544146818E+003
  0.737634496200769E+000  0.194338607117446E+001  0.198543511565423E+000  0.499692091471972E+000 -0.131028262406404E+000 -0.143000138673437E+003 -0.143000138673437E+003
  0.804309243267950E+000  0.199223918104549E+001  0.430584433343377E+000  0.499043356824396E+000 -0.131028262406404E+000 -0.142998065201816E+003 -0.142998065201816E+003
  0.759625986951166E+000  0.197869890382293E+001  0.339130995059530E+000  0.498411973887751E+000 -0.131028262406404E+000 -0.142998470278489E+003 -0.142998470278489E+003
  0.787408537709605E+000  0.193883003547805E+001  0.313586739001390E+000  0.499525398264529E+000 -0.131028262406404E+000 -0.142999892513406E+003 -0.142999892513406E+003
  0.748788161200526E+000  0.199458112286892E+001  0.601931603484489E+000  0.498287666406779E+000 -0.131028262406404E+000 -0.142999523333703E+003 -0.142999523333703E+003
  0.763778519490191E+000  0.194949908738539E+001  0.718078494683512E+000  0.499128712831900E+000 -0.131028262406404E+000 -0.142998723840534E+003 -0.142998723840534E+003
  0.815139743856014E+000  0.199280368084998E+001  0.637218658135020E+000  0.499763530889549E+000 -0.131028262406404E+000 -0.142998436304868E+003 -0.142998436304868E+003
  0.777652302963483E+000  0.197181546141838E+001  0.496755018235249E-001  0.499886386855438E+000 -0.131028262406404E+000 -0.142996199448658E+003 -0.142996199448658E+003
  0.770366232078371E+000  0.196396351832191E+001  0.690588795758201E+000  0.497460941067091E+000 -0.131028262406404E+000 -0.143000063765555E+003 -0.143000063765555E+003
  0.781886437380002E+000  0.199888817372695E+001  0.564976944925096E+000  0.496613187103242E+000 -0.131028262406404E+000 -0.143000003514464E+003 -0.143000003514464E+003
  0.799888485359633E+000  0.198672207386462E+001  0.414134558679546E+000  0.499689920739899E+000 -0.131028262406404E+000 -0.142996999385007E+003 -0.142996999385007E+003
  0.795665308417643E+000  0.197543967546628E+001  0.878103594524671E+000  0.498973826015001E+000 -0.131028262406404E+000 -0.142998156946230E+003 -0.142998156946230E+003
  0.737588726041957E+000  0.196128298671563E+001  0.684660549114910E+000  0.499360808948014E+000 -0.131028262406404E+000 -0.142999733469614E+003 -0.142999733469614E+003
  0.781628420692008E+000  0.197640714038737E+001  0.976517859700134E+000  0.496961590061292E+000 -0.131028262406404E+000 -0.143000164890229E+003 -0.143000164890229E+003
  0.810300258170822E+000  0.199592567157321E+001  0.110525480203303E+000  0.498860023236985E+000 -0.131028262406404E+000 -0.142998835962117E+003 -0.142998835962117E+003
  0.776534612022613E+000  0.197592276801845E+001  0.586424106141956E+000  0.497883102269095E+000 -0.131028262406404E+000 -0.142998826156172E+003 -0.142998826156172E+003
  0.806198856107297E+000  0.199352499561254E+001  0.132897942900218E+000  0.497970353275610E+000 -0.131028262406404E+000 -0.142999616607227E+003 -0.142999616607227E+003
  0.796702490294250E+000  0.198082936688838E+001  0.167543848746606E+000  0.498542935112422E+000 -0.131028262406404E+000 -0.142998533615203E+003 -0.142998533615203E+003
  0.742420132765352E+000  0.196998712556615E+001  0.192211160073098E+000  0.499737140768303E+000 -0.131028262406404E+000 -0.142998299277927E+003 -0.142998299277927E+003
  0.767679294195984E+000  0.197552155268108E+001  0.574963125655575E+000  0.497590608663534E+000 -0.131028262406404E+000 -0.142999374528037E+003 -0.142999374528037E+003
  0.809718803411626E+000  0.197833353901244E+001  0.172943497149299E+000  0.499446835076102E+000 -0.131028262406404E+000 -0.142998866392278E+003 -0.142998866392278E+003
  0.779962468623155E+000  0.196985608766827E+001  0.277440731200877E+000  0.498852903335086E+000 -0.131028262406404E+000 -0.142997805039146E+003 -0.142997805039146E+003
  0.773905269451353E+000  0.196509451083327E+001  0.280356381507802E+000  0.499219925912196E+000 -0.131028262406404E+000 -0.142997459271256E+003 -0.142997459271256E+003
  0.768409280475037E+000  0.196560089273361E+001  0.216736683160745E+000  0.499059176425797E+000 -0.131028262406404E+000 -0.142997690777832E+003 -0.142997690777832E+003
  0.766705628678032E+000  0.195478229037532E+001  0.206164127184078E+000  0.498923909710023E+000 -0.131028262406404E+000 -0.142998581218698E+003 -0.142998581218698E+003
  0.763094914903896E+000  0.195781936101910E+001  0.633473069722493E+000  0.499473263937362E+000 -0.131028262406404E+000 -0.142997656251836E+003 -0.142997656251836E+003
  0.757084069600683E+000  0.196661384607451E+001  0.719780144039294E+000  0.498365550449617E+000 -0.131028262406404E+000 -0.142999100609663E+003 -0.142999100609663E+003
  0.760355197065440E+000  0.195560996801283E+001  0.400958351075007E+000  0.499936867196512E+000 -0.131028262406404E+000 -0.142997205222676E+003 -0.142997205222676E+003
  0.754360580475842E+000  0.199688104438619E+001  0.810249658356496E+000  0.497594015366092E+000 -0.131028262406404E+000 -0.142999942895881E+003 -0.142999942895881E+003
  0.758794905634881E+000  0.194841477263673E+001  0.519642214167159E+000  0.498938300041573E+000 -0.131028262406404E+000 -0.142999242794733E+003 -0.142999242794733E+003
  0.750713442341983E+000  0.198247360847321E+001  0.421148687698654E+000  0.498490201340637E+000 -0.131028262406404E+000 -0.142999014345661E+003 -0.142999014345661E+003
  0.777662218669195E+000  0.198847771445522E+001  0.157287201649747E-001  0.498296234100561E+000 -0.131028262406404E+000 -0.142997846154132E+003 -0.142997846154132E+003
  0.789969643753860E+000  0.199753542174906E+001  0.676147965801844E+000  0.497420975930702E+000 -0.131028262406404E+000 -0.142999091199035E+003 -0.142999091199035E+003
  0.813362231754647E+000  0.197855749110298E+001  0.934485231465203E+000  0.499727570161798E+000 -0.131028262406404E+000 -0.142999001332596E+003 -0.142999001332596E+003
  0.817579303078709E+000  0.199574335488332E+001  0.288202416651312E+000  0.499989581066838E+000 -0.131028262406404E+000 -0.142998388720332E+003 -0.142998388720332E+003
  0.759909782019441E+000  0.194698967592320E+001  0.745100650605565E+000  0.498506971070392E+000 -0.131028262406404E+000 -0.142999953216815E+003 -0.142999953216815E+003
  0.783920973269170E+000  0.199521574101114E+001  0.177806597542220E+000  0.499310972206988E+000 -0.131028262406404E+000 -0.142996401239645E+003 -0.142996401239645E+003
  0.755378886865818E+000  0.199759401294574E+001  0.699427977653865E+000  0.499894126343942E+000 -0.131028262406404E+000 -0.142996590076972E+003 -0.142996590076972E+003
  0.756089066525345E+000  0.198137096311123E+001  0.642110492228378E+000  0.499177740528187E+000 -0.131028262406404E+000 -0.142997558185234E+003 -0.142997558185234E+003
  0.742275427347388E+000  0.194589256857372E+001  0.177431449327518E+000  0.499311961256715E+000 -0.131028262406404E+000 -0.143000040838525E+003 -0.143000040838525E+003
  0.778739351190768E+000  0.197862331644454E+001  0.881864787874569E+000  0.499816911491442E+000 -0.131028262406404E+000 -0.142996025234444E+003 -0.142996025234444E+003
  0.775929796804900E+000  0.196441375100031E+001  0.240452158830227E+000  0.497506880057651E+000 -0.131028262406404E+000 -0.142999968341745E+003 -0.142999968341745E+003
  0.792802946848016E+000  0.198394979612818E+001  0.866426699011509E+000  0.499508325043103E+000 -0.131028262406404E+000 -0.142996806166594E+003 -0.142996806166594E+003
  0.779062428282898E+000  0.195839393413850E+001  0.551276860393668E+000  0.499754611440153E+000 -0.131028262406404E+000 -0.142997234833407E+003 -0.142997234833407E+003
  0.767803331425147E+000  0.198696441607535E+001  0.473936647439638E+000  0.497316487643086E+000 -0.131028262406404E+000 -0.142999446846956E+003 -0.142999446846956E+003
  0.782158060599314E+000  0.197105578650736E+001  0.979595185189659E+000  0.499056313253493E+000 -0.131028262406404E+000 -0.142997516714306E+003 -0.142997516714306E+003
  0.768435670416696E+000  0.198859399184540E+001  0.802098653335080E+000  0.498876962935756E+000 -0.131028262406404E+000 -0.142997198071306E+003 -0.142997198071306E+003
  0.797917094852812E+000  0.199388329415819E+001  0.616845685392482E+000  0.498357981736814E+000 -0.131028262406404E+000 -0.142998361013130E+003 -0.142998361013130E+003
  0.810117095191546E+000  0.199232793597857E+001  0.165912119972217E+000  0.499929271237149E+000 -0.131028262406404E+000 -0.142997565926596E+003 -0.142997565926596E+003
  0.752883926639804E+000  0.194510324573086E+001  0.973010742932182E-001  0.499943777391140E+000 -0.131028262406404E+000 -0.142998281482448E+003 -0.142998281482448E+003
  0.796963586000304E+000  0.195956645373818E+001  0.192385407267795E+000  0.499045373316401E+000 -0.131028262406404E+000 -0.142999331861978E+003 -0.142999331861978E+003
  0.765285640785610E+000  0.198449569377449E+001  0.749853751248130E+000  0.497035741848304E+000 -0.131028262406404E+000 -0.143000003223274E+003 -0.143000003223274E+003
  0.775027729733790E+000  0.198640046841983E+001  0.658595625081887E+000  0.497923827597511E+000 -0.131028262406404E+000 -0.142998425064377E+003 -0.142998425064377E+003
  0.787462077039374E+000  0.199967106850157E+001  0.438172594342515E+000  0.496586766438474E+000 -0.131028262406404E+000 -0.143000105362632E+003 -0.143000105362632E+003
  0.775343382255528E+000  0.194641370200980E+001  0.404046010991556E+000  0.498372856894208E+000 -0.131028262406404E+000 -0.143000117858867E+003 -0.143000117858867E+003
  0.750777406231876E+000  0.199301370804478E+001  0.901970265456511E+000  0.498375675618325E+000 -0.131028262406404E+000 -0.142999158932317E+003 -0.142999158932317E+003
  0.797325087304693E+000  0.199616355919842E+001  0.201553697038428E+000  0.497786845377164E+000 -0.131028262406404E+000 -0.142999015920271E+003 -0.142999015920271E+003
  0.761771572220443E+000  0.196984455624547E+001  0.569754556593490E+000  0.498165833458521E+000 -0.131028262406404E+000 -0.142998997292711E+003 -0.142998997292711E+003
  0.769039835302304E+000  0.195214136161715E+001  0.302672714406823E+000  0.499269703332578E+000 -0.131028262406404E+000 -0.142998250861151E+003 -0.142998250861151E+003
  0.790107667092425E+000  0.195172947796756E+001  0.986536541254339E+000  0.499201769943679E+000 -0.131028262406404E+000 -0.142999208968479E+003 -0.142999208968479E+003
  0.767762650122138E+000  0.193044040666969E+001  0.791291881085495E+000  0.499937483181915E+000 -0.131028262406404E+000 -0.142999327982042E+003 -0.142999327982042E+003
  0.808562107418346E+000  0.199452556501956E+001  0.462565022970924E+000  0.497851828921380E+000 -0.131028262406404E+000 -0.142999989282509E+003 -0.142999989282509E+003
  0.789951111942705E+000  0.198571159038935E+001  0.835891171022548E+000  0.498555891780013E+000 -0.131028262406404E+000 -0.142997869235941E+003 -0.142997869235941E+003
  0.803981681662031E+000  0.198647123652363E+001  0.423294639000061E+000  0.498567387370015E+000 -0.131028262406404E+000 -0.142998895104763E+003 -0.142998895104763E+003
  0.767115694834193E+000  0.195055753971100E+001  0.329074334574794E+000  0.499622902431751E+000 -0.131028262406404E+000 -0.142997866176064E+003 -0.142997866176064E+003
  0.811856911149157E+000  0.198092387649323E+001  0.756744855389372E+000  0.499176996520456E+000 -0.131028262406404E+000 -0.142999351341932E+003 -0.142999351341932E+003
  0.778917301010961E+000  0.197844306435581E+001  0.453640364110895E+000  0.498149243249237E+000 -0.131028262406404E+000 -0.142998366457249E+003 -0.142998366457249E+003
  0.784208259501494E+000  0.198617564675531E+001  0.696639199315878E+000  0.497821186295187E+000 -0.131028262406404E+000 -0.142998643737650E+003 -0.142998643737650E+003
  0.762344306650363E+000  0.195150225687788E+001  0.234050489702655E+000  0.498334795231775E+000 -0.131028262406404E+000 -0.142999782306595E+003 -0.142999782306595E+003
  0.794506613477994E+000  0.195899196633375E+001  0.360767300808004E+000  0.498357747027180E+000 -0.131028262406404E+000 -0.143000102400245E+003 -0.143000102400245E+003
  0.758603807790945E+000  0.199027498390631E+001  0.692969246394080E+000  0.497535849851312E+000 -0.131028262406404E+000 -0.142999635469519E+003 -0.142999635469519E+003
  0.762950073980882E+000  0.196286978945290E+001  0.468169287002888E+000  0.499001947618671E+000 -0.131028262406404E+000 -0.142998060248475E+003 -0.142998060248475E+003
  0.811083826076153E+000  0.197408579395320E+001  0.435173609432154E+000  0.499446508375875E+000 -0.131028262406404E+000 -0.142999349230219E+003 -0.142999349230219E+003
  0.786028080422179E+000  0.198020553366187E+001  0.127061569602629E+000  0.499890871948211E+000 -0.131028262406404E+000 -0.142996071253592E+003 -0.142996071253592E+003
  0.798179281705148E+000  0.199267459424825E+001  0.134604993226320E+000  0.498251783815261E+000 -0.131028262406404E+000 -0.142998557368500E+003 -0.142998557368500E+003
  0.737067295592035E+000  0.198824059394433E+001  0.365991990266910E+000  0.499672770362543E+000 -0.131028262406404E+000 -0.142999021830354E+003 -0.142999021830354E+003
  0.779051004470812E+000  0.198044262063680E+001  0.706020083716232E+000  0.497441926456595E+000 -0.131028262406404E+000 -0.142999280034294E+003 -0.142999280034294E+003
  0.750769402672942E+000  0.197230264771711E+001  0.279234818257987E+000  0.498361229019110E+000 -0.131028262406404E+000 -0.142999393404784E+003 -0.142999393404784E+003
  0.769028016260450E+000  0.199033535959954E+001  0.107738495741290E+000  0.498920425112999E+000 -0.131028262406404E+000 -0.142997096717279E+003 -0.142997096717279E+003
  0.778064227449764E+000  0.199314877584340E+001  0.639432723108906E-001  0.498505141384641E+000 -0.131028262406404E+000 -0.142997476343172E+003 -0.142997476343172E+003
  0.788075558903029E+000  0.197841263477308E+001  0.278010606740707E-001  0.498365671294830E+000 -0.131028262406404E+000 -0.142998341844567E+003 -0.142998341844567E+003
  0.795722165272419E+000  0.196645392624082E+001  0.877681698179380E+000  0.498033202315587E+000 -0.131028262406404E+000 -0.143000051324014E+003 -0.143000051324014E+003
  0.744962382431941E+000  0.196525159964859E+001  0.486428781613853E+000  0.498670467210883E+000 -0.131028262406404E+000 -0.142999740598757E+003 -0.142999740598757E+003
  0.747197202309257E+000  0.196675203600465E+001  0.387444650013968E+000  0.498720757693548E+000 -0.131028262406404E+000 -0.142999379277550E+003 -0.142999379277550E+003
  0.753455948538365E+000  0.195930948550044E+001  0.201181988355359E+000  0.498494871703934E+000 -0.131028262406404E+000 -0.142999501853691E+003 -0.142999501853691E+003
  0.775448797660711E+000  0.197809419752867E+001  0.371467742810126E+000  0.498780127673660E+000 -0.131028262406404E+000 -0.142997472700544E+003 -0.142997472700544E+003
  0.785208600093454E+000  0.198220542686991E+001  0.873014144099425E+000  0.499167687945146E+000 -0.131028262406404E+000 -0.142996957248913E+003 -0.142996957248913E+003
  0.820386422170610E+000  0.199162690277512E+001  0.872228257716910E+000  0.499157459528063E+000 -0.131028262406404E+000 -0.143000069741802E+003 -0.143000069741802E+003
  0.774048525779307E+000  0.195867165591040E+001  0.668796023853788E+000  0.499493665938920E+000 -0.131028262406404E+000 -0.142997475195251E+003 -0.142997475195251E+003
  0.783342454916489E+000  0.199406898307991E+001  0.843371547788414E+000  0.499169128671665E+000 -0.131028262406404E+000 -0.142996598294673E+003 -0.142996598294673E+003
  0.762261336248622E+000  0.195509247467435E+001  0.607535548936643E-001  0.499402679807014E+000 -0.131028262406404E+000 -0.142997959131541E+003 -0.142997959131541E+003
  0.777345421773427E+000  0.196749842674307E+001  0.869436848470378E-001  0.498342055856997E+000 -0.131028262406404E+000 -0.142998608600411E+003 -0.142998608600411E+003
  0.790868043678238E+000  0.199757361959943E+001  0.808995989387755E+000  0.498883976384476E+000 -0.131028262406404E+000 -0.142997167185297E+003 -0.142997167185297E+003
  0.736595312536261E+000  0.198980155233541E+001  0.427177065555000E+000  0.499573484394540E+000 -0.131028262406404E+000 -0.142999261863145E+003 -0.142999261863145E+003
  0.758916274322314E+000  0.198797595100449E+001  0.888172587146574E+000  0.499505213644077E+000 -0.131028262406404E+000 -0.142996813705754E+003 -0.142996813705754E+003
  0.801330474654065E+000  0.197453005982956E+001  0.983331439314638E+000  0.499085064875896E+000 -0.131028262406404E+000 -0.142998589165696E+003 -0.142998589165696E+003
  0.769316120957725E+000  0.195556956201309E+001  0.486760542140718E+000  0.498313300356078E+000 -0.131028262406404E+000 -0.142999389322747E+003 -0.142999389322747E+003
  0.780056235440602E+000  0.196626273582874E+001  0.981861234793494E+000  0.498098014751547E+000 -0.131028262406404E+000 -0.142999085781477E+003 -0.142999085781477E+003
  0.792526810548026E+000  0.196027163416357E+001  0.420304851245512E+000  0.498481300563868E+000 -0.131028262406404E+000 -0.142999652302179E+003 -0.142999652302179E+003
  0.771755596290868E+000  0.198456134073674E+001  0.453611465165510E+000  0.498013839617206E+000 -0.131028262406404E+000 -0.142998393082952E+003 -0.142998393082952E+003
  0.755686621019488E+000  0.197725142596471E+001  0.206406012789325E+000  0.499281089581825E+000 -0.131028262406404E+000 -0.142997515200745E+003 -0.142997515200745E+003
  0.754573281508922E+000  0.196192465957313E+001  0.229673836089427E+000  0.498599839849656E+000 -0.131028262406404E+000 -0.142999135432765E+003 -0.142999135432765E+003
  0.793315151502615E+000  0.199517160346082E+001  0.945971359144572E+000  0.499488983469271E+000 -0.131028262406404E+000 -0.142996526567114E+003 -0.142996526567114E+003
  0.770357257175767E+000  0.193014802081170E+001  0.238156535943480E+000  0.499492633544908E+000 -0.131028262406404E+000 -0.143000067119089E+003 -0.143000067119089E+003
  0.790802986275163E+000  0.199815623806362E+001  0.752249208260622E+000  0.497459415251788E+000 -0.131028262406404E+000 -0.142999061154042E+003 -0.142999061154042E+003
  0.769894618821225E+000  0.194570553927303E+001  0.426669560483733E+000  0.498440184092730E+000 -0.131028262406404E+000 -0.143000004024908E+003 -0.143000004024908E+003
  0.776127037505689E+000  0.196433678681320E+001  0.811340394159876E+000  0.498288220582118E+000 -0.131028262406404E+000 -0.142998858059231E+003 -0.142998858059231E+003
  0.797661383243610E+000  0.199767636864860E+001  0.409200495532763E+000  0.498373563208150E+000 -0.131028262406404E+000 -0.142998227125556E+003 -0.142998227125556E+003
  0.759855441122743E+000  0.196172119830217E+001  0.564596897542925E+000  0.498653849557826E+000 -0.131028262406404E+000 -0.142998759731638E+003 -0.142998759731638E+003
  0.785957495464922E+000  0.195245248154126E+001  0.178386914244018E+000  0.499305207289166E+000 -0.131028262406404E+000 -0.142998695076824E+003 -0.142998695076824E+003
  0.753386557346480E+000  0.197589974270818E+001  0.951886417913565E+000  0.499994039644332E+000 -0.131028262406404E+000 -0.142996686650412E+003 -0.142996686650412E+003
  0.745226443131263E+000  0.199701099037311E+001  0.416387019923225E+000  0.499972143482491E+000 -0.131028262406404E+000 -0.142997578563832E+003 -0.142997578563832E+003
  0.781172538471332E+000  0.197983069309327E+001  0.815381459423251E+000  0.498944463537634E+000 -0.131028262406404E+000 -0.142997239957290E+003 -0.142997239957290E+003
  0.771650039017497E+000  0.193144025626988E+001  0.616767873469797E+000  0.499775647477976E+000 -0.131028262406404E+000 -0.142999528409699E+003 -0.142999528409699E+003
  0.768055602991463E+000  0.198940732822960E+001  0.384669427286897E+000  0.497647351067540E+000 -0.131028262406404E+000 -0.142998931884154E+003 -0.142998931884154E+003
  0.779557270823820E+000  0.198740824421492E+001  0.981976865679515E+000  0.498975876173950E+000 -0.131028262406404E+000 -0.142996937645030E+003 -0.142996937645030E+003
  0.772347315090590E+000  0.197316188749081E+001  0.963868361070077E+000  0.497297646129865E+000 -0.131028262406404E+000 -0.142999793578357E+003 -0.142999793578357E+003
  0.757787560741605E+000  0.196760530159852E+001  0.363444849605238E+000  0.498979992353591E+000 -0.131028262406404E+000 -0.142998115360978E+003 -0.142998115360978E+003
  0.748406547641543E+000  0.197612799061869E+001  0.911064755136001E-001  0.499017705663544E+000 -0.131028262406404E+000 -0.142998568006727E+003 -0.142998568006727E+003
  0.763865113408851E+000  0.195671911651351E+001  0.818017728821790E+000  0.499650402996605E+000 -0.131028262406404E+000 -0.142997444404303E+003 -0.142997444404303E+003
  0.770321199936402E+000  0.196306316819391E+001  0.261938855812004E+000  0.498157805962411E+000 -0.131028262406404E+000 -0.142999111253187E+003 -0.142999111253187E+003
  0.768553767714569E+000  0.199872596192888E+001  0.947728953977167E+000  0.498592162886269E+000 -0.131028262406404E+000 -0.142997547805813E+003 -0.142997547805813E+003
  0.780894146135204E+000  0.196784730657614E+001  0.860776370254013E+000  0.499641393619102E+000 -0.131028262406404E+000 -0.142996833886602E+003 -0.142996833886602E+003
  0.786672147124904E+000  0.199835982984392E+001  0.156520019996620E+000  0.496858888096447E+000 -0.131028262406404E+000 -0.142999737532110E+003 -0.142999737532110E+003
  0.773897410524076E+000  0.197444883614494E+001  0.706909826346363E+000  0.497007514208326E+000 -0.131028262406404E+000 -0.143000134862816E+003 -0.143000134862816E+003
  0.786850584354214E+000  0.199388193555906E+001  0.326651481050960E+000  0.497702448910318E+000 -0.131028262406404E+000 -0.142998677236659E+003 -0.142998677236659E+003
  0.809615906058157E+000  0.197278911953571E+001  0.565310228109602E+000  0.499795983291246E+000 -0.131028262406404E+000 -0.142998772927259E+003 -0.142998772927259E+003
  0.812975812306914E+000  0.198058880012024E+001  0.591259673482414E+000  0.499505612586080E+000 -0.131028262406404E+000 -0.142999102487973E+003 -0.142999102487973E+003
  0.791293669057641E+000  0.198800969878163E+001  0.962307209159561E+000  0.497328475984676E+000 -0.131028262406404E+000 -0.142999522408429E+003 -0.142999522408429E+003
  0.745108709819923E+000  0.194330726087169E+001  0.272053435044210E+000  0.499988049356939E+000 -0.131028262406404E+000 -0.142998919067533E+003 -0.142998919067533E+003
  0.794732334127078E+000  0.199599919649732E+001  0.668750119044322E-001  0.498420959258766E+000 -0.131028262406404E+000 -0.142998013463935E+003 -0.142998013463935E+003
  0.791061770563381E+000  0.196895534670416E+001  0.774190244156066E+000  0.498206423699047E+000 -0.131028262406404E+000 -0.142999274322833E+003 -0.142999274322833E+003
  0.774128031754557E+000  0.198168717574103E+001  0.180393195613791E+000  0.497617202717152E+000 -0.131028262406404E+000 -0.142998993827573E+003 -0.142998993827573E+003
  0.809630930893537E+000  0.199482571726827E+001  0.438342206738396E+000  0.499411831382902E+000 -0.131028262406404E+000 -0.142998082183016E+003 -0.142998082183016E+003
  0.745278254489147E+000  0.196997301493998E+001  0.400785656103862E+000  0.499762037260122E+000 -0.131028262406404E+000 -0.142997936081450E+003 -0.142997936081450E+003
  0.787050835317164E+000  0.199850806086179E+001  0.144860048124722E+000  0.498341451982912E+000 -0.131028262406404E+000 -0.142997745625821E+003 -0.142997745625821E+003
  0.754309910369209E+000  0.194524705607394E+001  0.646588611222184E-001  0.499399721841263E+000 -0.131028262406404E+000 -0.142999007281217E+003 -0.142999007281217E+003
  0.799360192423669E+000  0.196225603298003E+001  0.638843460934867E+000  0.499009445106339E+000 -0.131028262406404E+000 -0.142999398761772E+003 -0.142999398761772E+003
  0.784033660265895E+000  0.196054784962204E+001  0.157177424223025E-001  0.499018638331771E+000 -0.131028262406404E+000 -0.142998324288664E+003 -0.142998324288664E+003
  0.782288600119833E+000  0.198178662511750E+001  0.733939602060756E+000  0.497077585526882E+000 -0.131028262406404E+000 -0.142999783458295E+003 -0.142999783458295E+003
  0.791131504371826E+000  0.194957624552701E+001  0.115175801459629E+000  0.499146951867595E+000 -0.131028262406404E+000 -0.142999582573164E+003 -0.142999582573164E+003
  0.759927890718783E+000  0.196729544323692E+001  0.323457551738636E+000  0.499533552261179E+000 -0.131028262406404E+000 -0.142997202645101E+003 -0.142997202645101E+003
  0.775599254852885E+000  0.194453881865585E+001  0.733109539229380E+000  0.498628860046245E+000 -0.131028262406404E+000 -0.142999930221749E+003 -0.142999930221749E+003
  0.763950555967676E+000  0.195687145797240E+001  0.761396259920890E+000  0.499471704249092E+000 -0.131028262406404E+000 -0.142997694207564E+003 -0.142997694207564E+003
  0.738767553721331E+000  0.196508544647825E+001  0.106062945502195E+000  0.499719468616377E+000 -0.131028262406404E+000 -0.142998913023631E+003 -0.142998913023631E+003
  0.750621017918751E+000  0.197725531250502E+001  0.266433354965945E+000  0.499945112295241E+000 -0.131028262406404E+000 -0.142996972844056E+003 -0.142996972844056E+003
  0.787698823092235E+000  0.197531270245936E+001  0.758985634863332E+000  0.498398725100565E+000 -0.131028262406404E+000 -0.142998432751426E+003 -0.142998432751426E+003
  0.825456616259541E+000  0.199489635037071E+001  0.162096668596231E+000  0.499785283785262E+000 -0.131028262406404E+000 -0.142999995712311E+003 -0.142999995712311E+003
  0.780034688151471E+000  0.199269749801251E+001  0.188670354363558E+000  0.499065154081691E+000 -0.131028262406404E+000 -0.142996717843898E+003 -0.142996717843898E+003
  0.803628321359808E+000  0.196647366837540E+001  0.721577805289726E+000  0.499460872548359E+000 -0.131028262406404E+000 -0.142998924007038E+003 -0.142998924007038E+003
  0.808454290322518E+000  0.199738213925326E+001  0.270906753820194E+000  0.498016949054309E+000 -0.131028262406404E+000 -0.142999664132143E+003 -0.142999664132143E+003
  0.750968843966517E+000  0.199196994488733E+001  0.155425255697151E+000  0.498456961889357E+000 -0.131028262406404E+000 -0.142999014683847E+003 -0.142999014683847E+003
  0.777439988557214E+000  0.196717730595995E+001  0.668770564877317E+000  0.499262907742576E+000 -0.131028262406404E+000 -0.142997320969041E+003 -0.142997320969041E+003
  0.776623910174594E+000  0.199266513690583E+001  0.864681699991600E-001  0.496661092603476E+000 -0.131028262406404E+000 -0.143000041082564E+003 -0.143000041082564E+003
  0.762724241946208E+000  0.198890694260315E+001  0.255828586669498E+000  0.497854234842699E+000 -0.131028262406404E+000 -0.142998909944740E+003 -0.142998909944740E+003
  0.749323590372343E+000  0.194677041891130E+001  0.915092442992324E-002  0.499870757378823E+000 -0.131028262406404E+000 -0.142998508175144E+003 -0.142998508175144E+003
  0.748282066491406E+000  0.196718881984333E+001  0.361568203990743E+000  0.498676627003125E+000 -0.131028262406404E+000 -0.142999322482693E+003 -0.142999322482693E+003
  0.774274825715658E+000  0.198474942275137E+001  0.383658976337394E+000  0.499498643232344E+000 -0.131028262406404E+000 -0.142996270210196E+003 -0.142996270210196E+003
  0.797345236278879E+000  0.199501004709133E+001  0.551774767351455E+000  0.499205865384257E+000 -0.131028262406404E+000 -0.142997166229082E+003 -0.142997166229082E+003
  0.798758121460612E+000  0.198923074279850E+001  0.264917988132772E+000  0.497209155705341E+000 -0.131028262406404E+000 -0.143000111962921E+003 -0.143000111962921E+003
  0.783965968409739E+000  0.195860648718317E+001  0.529695112009642E-001  0.497932183893602E+000 -0.131028262406404E+000 -0.143000009861890E+003 -0.143000009861890E+003
  0.751694812874288E+000  0.196903561484427E+001  0.509594957255593E+000  0.498105028302506E+000 -0.131028262406404E+000 -0.142999791820901E+003 -0.142999791820901E+003
  0.790945603569542E+000  0.198699447899412E+001  0.208151444154234E+000  0.497931935034741E+000 -0.131028262406404E+000 -0.142998721519262E+003 -0.142998721519262E+003
  0.770903984008973E+000  0.195213279469196E+001  0.413192370524099E+000  0.498421864598266E+000 -0.131028262406404E+000 -0.142999489355488E+003 -0.142999489355488E+003
  0.762779821412992E+000  0.199652628744399E+001  0.667004664278035E+000  0.499443141442061E+000 -0.131028262406404E+000 -0.142996651959338E+003 -0.142996651959338E+003
  0.751322072073049E+000  0.195310620719273E+001  0.808845302009753E+000  0.499381851284757E+000 -0.131028262406404E+000 -0.142998683381953E+003 -0.142998683381953E+003
  0.754920988143529E+000  0.198214459946321E+001  0.752271194947618E+000  0.497749903304076E+000 -0.131028262406404E+000 -0.142999706259971E+003 -0.142999706259971E+003
  0.804742566453950E+000  0.199442168009658E+001  0.890052929248589E+000  0.498699907880581E+000 -0.131028262406404E+000 -0.142998483502890E+003 -0.142998483502890E+003
  0.755558248621675E+000  0.195716363862133E+001  0.703756353182027E+000  0.498755626625303E+000 -0.131028262406404E+000 -0.142999094765290E+003 -0.142999094765290E+003
  0.761134430009825E+000  0.197957457127827E+001  0.441630390084801E+000  0.499328682458849E+000 -0.131028262406404E+000 -0.142997041922710E+003 -0.142997041922710E+003
  0.790188809269915E+000  0.197810780136343E+001  0.380210466431087E+000  0.498161155866132E+000 -0.131028262406404E+000 -0.142998747948608E+003 -0.142998747948608E+003
  0.763300077311434E+000  0.198944674396310E+001  0.911433740454111E-001  0.499996974397816E+000 -0.131028262406404E+000 -0.142995838688603E+003 -0.142995838688603E+003
  0.768492654785149E+000  0.198069713554755E+001  0.182764264140412E+000  0.499146648911045E+000 -0.131028262406404E+000 -0.142996968939724E+003 -0.142996968939724E+003
  0.790114815155209E+000  0.197438812005962E+001  0.922330474099010E+000  0.497872886661176E+000 -0.131028262406404E+000 -0.142999339886416E+003 -0.142999339886416E+003
  0.733546488589154E+000  0.199575996600083E+001  0.184926220656593E+000  0.499825150355874E+000 -0.131028262406404E+000 -0.142999522665908E+003 -0.142999522665908E+003
  0.799203720844610E+000  0.196342169888858E+001  0.880021098904191E+000  0.498752442146869E+000 -0.131028262406404E+000 -0.142999637036084E+003 -0.142999637036084E+003
  0.755536455216246E+000  0.199770859820032E+001  0.247697894344215E+000  0.497760587421473E+000 -0.131028262406404E+000 -0.142999601397413E+003 -0.142999601397413E+003
  0.801005521742598E+000  0.198241748460440E+001  0.746302376853668E+000  0.498756340455308E+000 -0.131028262406404E+000 -0.142998544342706E+003 -0.142998544342706E+003
  0.760827440345915E+000  0.199232046984242E+001  0.956715699920367E+000  0.499099162323004E+000 -0.131028262406404E+000 -0.142997248339923E+003 -0.142997248339923E+003
  0.775780958618303E+000  0.195084274446429E+001  0.936317337764994E+000  0.499991000298699E+000 -0.131028262406404E+000 -0.142997390008086E+003 -0.142997390008086E+003
  0.801881101991156E+000  0.198187101646250E+001  0.938372338006979E+000  0.498567189513415E+000 -0.131028262406404E+000 -0.142998910721637E+003 -0.142998910721637E+003
  0.739184205751382E+000  0.198098754662600E+001  0.417559171410426E-001  0.499497921846210E+000 -0.131028262406404E+000 -0.142998933050161E+003 -0.142998933050161E+003
  0.778224618591393E+000  0.196711528089179E+001  0.161660935513026E+000  0.499881827350727E+000 -0.131028262406404E+000 -0.142996463404376E+003 -0.142996463404376E+003
  0.756524746900530E+000  0.199107113010983E+001  0.934603937516940E+000  0.498790455216741E+000 -0.131028262406404E+000 -0.142998009065357E+003 -0.142998009065357E+003
