  0.756531263330853E+000  0.199434161038564E+001  0.803382725737070E-001  0.498540013896818E+000 -0.131028262406404E+000 -0.137737766392675E+003 -0.137737766392675E+003
  0.792106460074136E+000  0.198976506903993E+001  0.170623546893074E+000  0.499688534423233E+000 -0.131028262406404E+000 -0.137734432153007E+003 -0.137734432153007E+003
  0.832040898684621E+000  0.199776046516078E+001  0.686246298500146E+000  0.497332675619729E+000 -0.131028262406404E+000 -0.137736090851478E+003 -0.137736090851478E+003
  0.790586347122809E+000  0.199818744490850E+001  0.683075852807103E+000  0.498717912390643E+000 -0.131028262406404E+000 -0.137732430825867E+003 -0.137732430825867E+003
  0.811080027514720E+000  0.199288702239946E+001  0.797098073839866E-001  0.497821690373229E+000 -0.131028262406404E+000 -0.137735973904089E+003 -0.137735973904089E+003
  0.791576195423391E+000  0.198095884519557E+001  0.274262129614557E+000  0.499996759607063E+000 -0.131028262406404E+000 -0.137737772697057E+003 -0.137737772697057E+003
  0.773507163926824E+000  0.199838227656346E+001  0.272846544512741E-001  0.496109837261015E+000 -0.131028262406404E+000 -0.137737604973080E+003 -0.137737604973080E+003
  0.824988873711326E+000  0.199267942383204E+001  0.886932049676815E-002  0.499341963639135E+000 -0.131028262406404E+000 -0.137734902105689E+003 -0.137734902105689E+003
  0.836045078671676E+000  0.199840942018463E+001  0.624030205281537E+000  0.497059344114725E+000 -0.131028262406404E+000 -0.137736649318298E+003 -0.137736649318298E+003
  0.813286844128204E+000  0.199819325928119E+001  0.623025080410216E+000  0.495354786985106E+000 -0.131028262406404E+000 -0.137737279311755E+003 -0.137737279311755E+003
  0.765371898212498E+000  0.199791475550455E+001  0.805545759827840E-001  0.496990129774169E+000 -0.131028262406404E+000 -0.137737468591436E+003 -0.137737468591436E+003
  0.783134915794334E+000  0.199786145834963E+001  0.292311377141460E+000  0.497569116322780E+000 -0.131028262406404E+000 -0.137734699919148E+003 -0.137734699919148E+003
  0.813044205061383E+000  0.199593652266384E+001  0.267021029971968E+000  0.498303400126339E+000 -0.131028262406404E+000 -0.137734028332078E+003 -0.137734028332078E+003
  0.816354242219309E+000  0.198880855107389E+001  0.155344606221364E+000  0.497996319192935E+000 -0.131028262406404E+000 -0.137737845963781E+003 -0.137737845963781E+003
  0.806254681417536E+000  0.199583904582882E+001  0.869529744150094E-001  0.499463177161602E+000 -0.131028262406404E+000 -0.137732175922475E+003 -0.137732175922475E+003
  0.789901169670573E+000  0.199740287068421E+001  0.624014091674898E+000  0.499750948586917E+000 -0.131028262406404E+000 -0.137731252973667E+003 -0.137731252973667E+003
  0.816559096601049E+000  0.199654041737179E+001  0.726837170938983E+000  0.498296864676681E+000 -0.131028262406404E+000 -0.137733956006833E+003 -0.137733956006833E+003
  0.839757230075527E+000  0.199993946406838E+001  0.282964375230840E+000  0.499736531471424E+000 -0.131028262406404E+000 -0.137732807315036E+003 -0.137732807315036E+003
  0.774070670786945E+000  0.198339296514197E+001  0.747412488351566E+000  0.499800441555485E+000 -0.131028262406404E+000 -0.137737877418060E+003 -0.137737877418060E+003
  0.821329236467510E+000  0.199729386146595E+001  0.397691620112798E+000  0.496277408155704E+000 -0.131028262406404E+000 -0.137736789833703E+003 -0.137736789833703E+003
  0.785914440453157E+000  0.199080867803958E+001  0.505120534546555E+000  0.497529147042235E+000 -0.131028262406404E+000 -0.137737433276897E+003 -0.137737433276897E+003
  0.817018807910500E+000  0.198489822119988E+001  0.255559586303694E-001  0.499563446533669E+000 -0.131028262406404E+000 -0.137737481395617E+003 -0.137737481395617E+003
  0.810480960862942E+000  0.199692479662095E+001  0.600359691101724E+000  0.496032267517561E+000 -0.131028262406404E+000 -0.137736760174287E+003 -0.137736760174287E+003
  0.774842727301937E+000  0.198556924400495E+001  0.756212990421804E+000  0.499302758655134E+000 -0.131028262406404E+000 -0.137737675248903E+003 -0.137737675248903E+003
  0.783811286682102E+000  0.199637545509910E+001  0.706751223382060E-001  0.498457430656800E+000 -0.131028262406404E+000 -0.137733913003250E+003 -0.137733913003250E+003
  0.843787450537789E+000  0.199746245172786E+001  0.234732327700018E+000  0.498463149513852E+000 -0.131028262406404E+000 -0.137736315341131E+003 -0.137736315341131E+003
  0.808603982350371E+000  0.199888765785596E+001  0.728419090180063E+000  0.494702845070489E+000 -0.131028262406404E+000 -0.137737801069977E+003 -0.137737801069977E+003
  0.772539289023461E+000  0.199382538976469E+001  0.125143324861843E+000  0.497180014035473E+000 -0.131028262406404E+000 -0.137737835945957E+003 -0.137737835945957E+003
  0.808331373791037E+000  0.198940641402840E+001  0.332571095560469E+000  0.498150330565689E+000 -0.131028262406404E+000 -0.137736937310369E+003 -0.137736937310369E+003
  0.847555562375571E+000  0.199464850364668E+001  0.221420062778708E+000  0.499818680679209E+000 -0.131028262406404E+000 -0.137736527855611E+003 -0.137736527855611E+003
  0.796143204464425E+000  0.199595724226549E+001  0.728624035111226E+000  0.498053252610996E+000 -0.131028262406404E+000 -0.137734154571870E+003 -0.137734154571870E+003
  0.817785363917460E+000  0.199951478115024E+001  0.156116794821618E+000  0.494849295115442E+000 -0.131028262406404E+000 -0.137737624339304E+003 -0.137737624339304E+003
  0.824120599338086E+000  0.199415928372923E+001  0.595548687745511E+000  0.498689578215179E+000 -0.131028262406404E+000 -0.137735046717389E+003 -0.137735046717389E+003
  0.783110962858625E+000  0.198588687394900E+001  0.462232195314211E+000  0.499995847774144E+000 -0.131028262406404E+000 -0.137735939648960E+003 -0.137735939648960E+003
  0.819460157942675E+000  0.199760009537596E+001  0.793158706619373E+000  0.495648869734906E+000 -0.131028262406404E+000 -0.137737422007461E+003 -0.137737422007461E+003
  0.802978891821505E+000  0.199973092520905E+001  0.563104157475143E+000  0.494493409908212E+000 -0.131028262406404E+000 -0.137737724248919E+003 -0.137737724248919E+003
  0.807956061624585E+000  0.199728805698618E+001  0.206881101860957E+000  0.498318461305905E+000 -0.131028262406404E+000 -0.137733239113504E+003 -0.137733239113504E+003
  0.839291017682088E+000  0.199244664672470E+001  0.539452514674757E+000  0.499998264710548E+000 -0.131028262406404E+000 -0.137735946127827E+003 -0.137735946127827E+003
  0.809578051420589E+000  0.199503526122208E+001  0.644112871273634E+000  0.496534150878714E+000 -0.131028262406404E+000 -0.137736830204820E+003 -0.137736830204820E+003
  0.789231634131724E+000  0.198908398065232E+001  0.669569389165772E-001  0.498011934614205E+000 -0.131028262406404E+000 -0.137737281701144E+003 -0.137737281701144E+003
  0.782306427778129E+000  0.199602739880693E+001  0.695981095880522E+000  0.499605100319085E+000 -0.131028262406404E+000 -0.137732439995298E+003 -0.137732439995298E+003
  0.835564504337183E+000  0.199818700596456E+001  0.681889139482696E+000  0.498142442509589E+000 -0.131028262406404E+000 -0.137735208537378E+003 -0.137735208537378E+003
  0.799595454470183E+000  0.198980944963972E+001  0.117458785411269E+000  0.498408289527629E+000 -0.131028262406404E+000 -0.137736213887752E+003 -0.137736213887752E+003
  0.793457559220442E+000  0.199840447120787E+001  0.119338622663087E-001  0.497900263223255E+000 -0.131028262406404E+000 -0.137733441695171E+003 -0.137733441695171E+003
  0.779153416539824E+000  0.199548552240140E+001  0.576059168677074E+000  0.499535694473348E+000 -0.131028262406404E+000 -0.137732994350304E+003 -0.137732994350304E+003
  0.769607767856298E+000  0.199711032735867E+001  0.708211411567066E+000  0.499750754835481E+000 -0.131028262406404E+000 -0.137732994721207E+003 -0.137732994721207E+003
  0.821751088035084E+000  0.199678318237366E+001  0.514999888841630E+000  0.496020012338806E+000 -0.131028262406404E+000 -0.137737413703305E+003 -0.137737413703305E+003
  0.795393752921911E+000  0.198723761019123E+001  0.669779041366850E-001  0.498597713207275E+000 -0.131028262406404E+000 -0.137737059676666E+003 -0.137737059676666E+003
  0.810395757868533E+000  0.199535099681160E+001  0.394137708676481E-001  0.497145345055274E+000 -0.131028262406404E+000 -0.137735837245632E+003 -0.137735837245632E+003
  0.773301919265655E+000  0.198534614768107E+001  0.415134606869556E-001  0.499781012118671E+000 -0.131028262406404E+000 -0.137737177368817E+003 -0.137737177368817E+003
  0.778383446080468E+000  0.199953455268736E+001  0.592427780323077E+000  0.497626408156383E+000 -0.131028262406404E+000 -0.137734353323338E+003 -0.137734353323338E+003
  0.792898371045828E+000  0.199803591687897E+001  0.571558816385270E+000  0.495886151554025E+000 -0.131028262406404E+000 -0.137736596825171E+003 -0.137736596825171E+003
  0.761946930841617E+000  0.199707614937723E+001  0.272280743571746E+000  0.497570203025510E+000 -0.131028262406404E+000 -0.137737389715057E+003 -0.137737389715057E+003
  0.806745609974845E+000  0.199181023113541E+001  0.638647276858078E+000  0.499701459378841E+000 -0.131028262406404E+000 -0.137733595219527E+003 -0.137733595219527E+003
  0.772361844931261E+000  0.198987491850528E+001  0.755354474662098E-001  0.498672241086138E+000 -0.131028262406404E+000 -0.137737133201595E+003 -0.137737133201595E+003
  0.781115866242191E+000  0.199215294973321E+001  0.179608309650618E+000  0.497330843658541E+000 -0.131028262406404E+000 -0.137737486768889E+003 -0.137737486768889E+003
  0.782901713866504E+000  0.199319701219828E+001  0.313957092419876E+000  0.497611938279715E+000 -0.131028262406404E+000 -0.137736516455444E+003 -0.137736516455444E+003
  0.776169932771656E+000  0.199769447579979E+001  0.627029173995869E+000  0.499998988255673E+000 -0.131028262406404E+000 -0.137731697159871E+003 -0.137731697159871E+003
  0.815159955409778E+000  0.199302375695690E+001  0.595731662032795E+000  0.498644580884417E+000 -0.131028262406404E+000 -0.137734945279212E+003 -0.137734945279212E+003
  0.779927468642293E+000  0.198463473380218E+001  0.735294499640366E+000  0.499260518600647E+000 -0.131028262406404E+000 -0.137737744240271E+003 -0.137737744240271E+003
  0.799908360977952E+000  0.199531120517075E+001  0.692390221730032E+000  0.495760005287036E+000 -0.131028262406404E+000 -0.137737743602609E+003 -0.137737743602609E+003
  0.820102580068980E+000  0.199593785703618E+001  0.492049435218591E+000  0.497108574646402E+000 -0.131028262406404E+000 -0.137736135090676E+003 -0.137736135090676E+003
  0.798033141919356E+000  0.198634163166361E+001  0.122393963367931E+000  0.499949471817491E+000 -0.131028262406404E+000 -0.137735468080847E+003 -0.137735468080847E+003
  0.809968286304087E+000  0.199324636620680E+001  0.261665027467847E+000  0.498707040945925E+000 -0.131028262406404E+000 -0.137734502531433E+003 -0.137734502531433E+003
  0.804403844683879E+000  0.199368317118426E+001  0.457872509618012E+000  0.497707796794650E+000 -0.131028262406404E+000 -0.137735602995140E+003 -0.137735602995140E+003
  0.803385063179241E+000  0.199774656570329E+001  0.177670273447564E+000  0.495208182888200E+000 -0.131028262406404E+000 -0.137737507297090E+003 -0.137737507297090E+003
  0.775348670705064E+000  0.199532373105501E+001  0.245216167719343E+000  0.498393614482425E+000 -0.131028262406404E+000 -0.137735117176063E+003 -0.137735117176063E+003
  0.756061603623413E+000  0.199313091565021E+001  0.231875442889106E+000  0.499504130319276E+000 -0.131028262406404E+000 -0.137736797220850E+003 -0.137736797220850E+003
  0.809939821673882E+000  0.199761746283228E+001  0.485569683270427E+000  0.495383508924789E+000 -0.131028262406404E+000 -0.137737384895463E+003 -0.137737384895463E+003
  0.825308919236850E+000  0.198952880440751E+001  0.325093160189422E-001  0.498355371895985E+000 -0.131028262406404E+000 -0.137737770403152E+003 -0.137737770403152E+003
  0.745474482185003E+000  0.199776946471907E+001  0.359141251193329E+000  0.499311500842037E+000 -0.131028262406404E+000 -0.137737448480058E+003 -0.137737448480058E+003
  0.787530126426395E+000  0.199009016632241E+001  0.319736707245869E+000  0.499314822367008E+000 -0.131028262406404E+000 -0.137734995236094E+003 -0.137734995236094E+003
  0.799646545833083E+000  0.199839208532231E+001  0.398679886265667E+000  0.495160508287710E+000 -0.131028262406404E+000 -0.137737338031662E+003 -0.137737338031662E+003
  0.781046567992119E+000  0.199476318063240E+001  0.398163692556525E+000  0.499060642202863E+000 -0.131028262406404E+000 -0.137733846543645E+003 -0.137733846543645E+003
  0.795004158143524E+000  0.199088032270327E+001  0.716138666237100E+000  0.499914461775236E+000 -0.131028262406404E+000 -0.137733578374475E+003 -0.137733578374475E+003
  0.803328356245012E+000  0.199430644957885E+001  0.708974495598253E+000  0.499372430883194E+000 -0.131028262406404E+000 -0.137732910530494E+003 -0.137732910530494E+003
  0.823754662723987E+000  0.199672289612048E+001  0.343187897144755E+000  0.499401428288462E+000 -0.131028262406404E+000 -0.137732856023946E+003 -0.137732856023946E+003
  0.775790454528061E+000  0.198493895764822E+001  0.761241661273177E+000  0.499311431851539E+000 -0.131028262406404E+000 -0.137737841072696E+003 -0.137737841072696E+003
  0.828440832129211E+000  0.199941771562603E+001  0.301810913278697E+000  0.498628973425153E+000 -0.131028262406404E+000 -0.137733153144621E+003 -0.137733153144621E+003
  0.783218483302687E+000  0.198748501379789E+001  0.185573449740234E+000  0.499682910148401E+000 -0.131028262406404E+000 -0.137735735658436E+003 -0.137735735658436E+003
  0.802640356743875E+000  0.198926481533959E+001  0.740912351168518E+000  0.498764991170809E+000 -0.131028262406404E+000 -0.137735961408427E+003 -0.137735961408427E+003
  0.840909704559206E+000  0.199729534803717E+001  0.799183613954011E+000  0.499491457849350E+000 -0.131028262406404E+000 -0.137734558459151E+003 -0.137734558459151E+003
  0.819920758750855E+000  0.199900143499762E+001  0.607650860382265E+000  0.495525068772640E+000 -0.131028262406404E+000 -0.137737004586801E+003 -0.137737004586801E+003
  0.772633415025583E+000  0.199367170436754E+001  0.420048425002907E+000  0.498499649968287E+000 -0.131028262406404E+000 -0.137735876135992E+003 -0.137735876135992E+003
  0.766102982956664E+000  0.199075179466655E+001  0.750742558430844E+000  0.498804538168251E+000 -0.131028262406404E+000 -0.137737301379628E+003 -0.137737301379628E+003
  0.792689774243737E+000  0.199540324604545E+001  0.464309182903430E+000  0.498701771952302E+000 -0.131028262406404E+000 -0.137733516021886E+003 -0.137733516021886E+003
  0.791507748444914E+000  0.198909940234277E+001  0.411014396835705E+000  0.498304947798281E+000 -0.131028262406404E+000 -0.137736767752258E+003 -0.137736767752258E+003
  0.840848777700896E+000  0.199638217676188E+001  0.379481106015514E+000  0.497591385158149E+000 -0.131028262406404E+000 -0.137737547350749E+003 -0.137737547350749E+003
  0.777477325208257E+000  0.198688104235542E+001  0.756292299101190E+000  0.499193741954875E+000 -0.131028262406404E+000 -0.137737092325665E+003 -0.137737092325665E+003
  0.825567835711437E+000  0.199429272987570E+001  0.624880924743343E+000  0.499575048042463E+000 -0.131028262406404E+000 -0.137733893891871E+003 -0.137733893891871E+003
  0.767450626217473E+000  0.199764757125473E+001  0.199368826964583E+000  0.497605513180263E+000 -0.131028262406404E+000 -0.137736336923256E+003 -0.137736336923256E+003
  0.828479983635535E+000  0.199743942139607E+001  0.208522447470923E+000  0.499804937958002E+000 -0.131028262406404E+000 -0.137732436320314E+003 -0.137732436320314E+003
  0.792804323171334E+000  0.199140323630285E+001  0.625220291791141E+000  0.497931877169827E+000 -0.131028262406404E+000 -0.137736313719803E+003 -0.137736313719803E+003
  0.835205101937593E+000  0.199814350873761E+001  0.383455835688683E+000  0.498069511422613E+000 -0.131028262406404E+000 -0.137735282405271E+003 -0.137735282405271E+003
  0.820571062485257E+000  0.199536971565634E+001  0.610764112027652E-001  0.496097994091634E+000 -0.131028262406404E+000 -0.137737855021539E+003 -0.137737855021539E+003
  0.764098647138856E+000  0.199603988425403E+001  0.378385128428403E+000  0.499311081558492E+000 -0.131028262406404E+000 -0.137734781484915E+003 -0.137734781484915E+003
  0.814091505313527E+000  0.199578908810208E+001  0.454794040139744E+000  0.497482077043138E+000 -0.131028262406404E+000 -0.137735314371128E+003 -0.137735314371128E+003
  0.793841631991601E+000  0.199058475010678E+001  0.840394554626182E-001  0.499440275922608E+000 -0.131028262406404E+000 -0.137734415256400E+003 -0.137734415256400E+003
  0.778308140668550E+000  0.199139433704276E+001  0.449551286199275E+000  0.498191317276110E+000 -0.131028262406404E+000 -0.137736711980461E+003 -0.137736711980461E+003
  0.782277089673375E+000  0.198433189168801E+001  0.428790553283030E+000  0.499449621450471E+000 -0.131028262406404E+000 -0.137737448526694E+003 -0.137737448526694E+003
  0.790658192485724E+000  0.199436116470572E+001  0.684226228267680E+000  0.498000091287423E+000 -0.131028262406404E+000 -0.137735051981895E+003 -0.137735051981895E+003
  0.794502562507083E+000  0.199752783518273E+001  0.739215900529893E+000  0.499083315571830E+000 -0.131028262406404E+000 -0.137732030137740E+003 -0.137732030137740E+003
  0.795246148433629E+000  0.199567894590425E+001  0.744187261758399E+000  0.496897434870856E+000 -0.131028262406404E+000 -0.137735992564567E+003 -0.137735992564567E+003
  0.831398722826383E+000  0.199994427553691E+001  0.281372000087372E+000  0.497354119329324E+000 -0.131028262406404E+000 -0.137734986486898E+003 -0.137734986486898E+003
  0.817038196778404E+000  0.199649521103401E+001  0.676287606228256E+000  0.497497583427878E+000 -0.131028262406404E+000 -0.137735137764662E+003 -0.137735137764662E+003
  0.799129595875913E+000  0.198718383689590E+001  0.364235826237251E+000  0.498955041314581E+000 -0.131028262406404E+000 -0.137736554445604E+003 -0.137736554445604E+003
  0.818807989882909E+000  0.199642838965769E+001  0.713020071000106E+000  0.497329386675471E+000 -0.131028262406404E+000 -0.137735515554755E+003 -0.137735515554755E+003
  0.774555085311746E+000  0.198907325910422E+001  0.420325642542333E+000  0.499401521410747E+000 -0.131028262406404E+000 -0.137736137094550E+003 -0.137736137094550E+003
  0.810253347877298E+000  0.199367653235793E+001  0.792415738489402E+000  0.496547322333157E+000 -0.131028262406404E+000 -0.137737427474754E+003 -0.137737427474754E+003
  0.812998015007011E+000  0.199330554700499E+001  0.670053860849111E+000  0.499511612281827E+000 -0.131028262406404E+000 -0.137733468850827E+003 -0.137733468850827E+003
  0.835918696214801E+000  0.199084322632702E+001  0.158613989441020E+000  0.499057890970310E+000 -0.131028262406404E+000 -0.137737483454248E+003 -0.137737483454248E+003
  0.843428242868066E+000  0.199394166979700E+001  0.708463250209652E+000  0.499954070358007E+000 -0.131028262406404E+000 -0.137735959152783E+003 -0.137735959152783E+003
  0.807596205485864E+000  0.199660475364173E+001  0.242020248268816E+000  0.497499877921087E+000 -0.131028262406404E+000 -0.137734703986012E+003 -0.137734703986012E+003
  0.810357288354090E+000  0.199368252144644E+001  0.133648058720042E+000  0.498975242894957E+000 -0.131028262406404E+000 -0.137733942812535E+003 -0.137733942812535E+003
  0.776989613247921E+000  0.199323129645396E+001  0.342704990012217E+000  0.499086699127837E+000 -0.131028262406404E+000 -0.137734741224564E+003 -0.137734741224564E+003
  0.813426607929177E+000  0.199664566142251E+001  0.265767187162515E+000  0.498897308573382E+000 -0.131028262406404E+000 -0.137732890089949E+003 -0.137732890089949E+003
  0.766144350068336E+000  0.199599490719161E+001  0.697794187723793E-001  0.499463493699330E+000 -0.131028262406404E+000 -0.137734287661329E+003 -0.137734287661329E+003
  0.760334305803691E+000  0.199913801992985E+001  0.235196013093191E+000  0.497019044228765E+000 -0.131028262406404E+000 -0.137737740664994E+003 -0.137737740664994E+003
  0.785935735449910E+000  0.199994847171081E+001  0.801281416562046E+000  0.497389194706827E+000 -0.131028262406404E+000 -0.137733950588303E+003 -0.137733950588303E+003
  0.831237472269131E+000  0.199242524650207E+001  0.264184564259604E-002  0.499147260959581E+000 -0.131028262406404E+000 -0.137735985057878E+003 -0.137735985057878E+003
  0.824616924473392E+000  0.199618614162297E+001  0.322816218337958E+000  0.496694318932865E+000 -0.131028262406404E+000 -0.137736959401316E+003 -0.137736959401316E+003
  0.810036447839185E+000  0.199443452229954E+001  0.232378122205677E+000  0.498800035793713E+000 -0.131028262406404E+000 -0.137733850914481E+003 -0.137733850914481E+003
  0.809010002733278E+000  0.199518909681336E+001  0.519911007303926E+000  0.496098332994980E+000 -0.131028262406404E+000 -0.137737377755842E+003 -0.137737377755842E+003
  0.757971439148202E+000  0.199580020686913E+001  0.411973738755642E+000  0.499030987736975E+000 -0.131028262406404E+000 -0.137736231110480E+003 -0.137736231110480E+003
  0.770567332790777E+000  0.199223174853995E+001  0.420197612810226E+000  0.499939828486473E+000 -0.131028262406404E+000 -0.137734472724661E+003 -0.137734472724661E+003
  0.833104808006940E+000  0.199956213025031E+001  0.497654865385207E+000  0.499198652190604E+000 -0.131028262406404E+000 -0.137732821395420E+003 -0.137732821395420E+003
  0.779266769902463E+000  0.199164866718401E+001  0.231607856081367E+000  0.497380048069521E+000 -0.131028262406404E+000 -0.137737757542877E+003 -0.137737757542877E+003
  0.809097655362727E+000  0.198944338922020E+001  0.231566290620984E+000  0.499631855590417E+000 -0.131028262406404E+000 -0.137734827655248E+003 -0.137734827655248E+003
  0.795452812797492E+000  0.198598414450806E+001  0.280635921165405E+000  0.498579749316648E+000 -0.131028262406404E+000 -0.137737627402790E+003 -0.137737627402790E+003
  0.842584014526216E+000  0.199654532277466E+001  0.567212925458577E+000  0.497502505989047E+000 -0.131028262406404E+000 -0.137737855753316E+003 -0.137737855753316E+003
  0.834075215492763E+000  0.199995566910691E+001  0.703585816911525E+000  0.498570103799250E+000 -0.131028262406404E+000 -0.137733617400017E+003 -0.137733617400017E+003
  0.768661227884283E+000  0.199718738405217E+001  0.214861146539708E+000  0.499945800592659E+000 -0.131028262406404E+000 -0.137732783691021E+003 -0.137732783691021E+003
  0.823982816575788E+000  0.199790855353279E+001  0.355852645063523E-001  0.498154370897872E+000 -0.131028262406404E+000 -0.137734079814369E+003 -0.137734079814369E+003
  0.800187075030666E+000  0.199829848959343E+001  0.786185403943305E+000  0.499710565127766E+000 -0.131028262406404E+000 -0.137730716535146E+003 -0.137730716535146E+003
  0.761927009352973E+000  0.199940210821397E+001  0.632273401834411E+000  0.499033417776492E+000 -0.131028262406404E+000 -0.137734282321819E+003 -0.137734282321819E+003
  0.813283296456097E+000  0.199931189981666E+001  0.575018505943586E+000  0.496651660762435E+000 -0.131028262406404E+000 -0.137734928327451E+003 -0.137734928327451E+003
  0.824575850686352E+000  0.199359886568094E+001  0.297222211269003E+000  0.497485879466595E+000 -0.131028262406404E+000 -0.137737027495338E+003 -0.137737027495338E+003
  0.811184307202431E+000  0.199988965302950E+001  0.790020433592392E+000  0.499226116991485E+000 -0.131028262406404E+000 -0.137730921389030E+003 -0.137730921389030E+003
  0.850921569130927E+000  0.199883009080395E+001  0.264184889949625E+000  0.499975034669850E+000 -0.131028262406404E+000 -0.137734915462170E+003 -0.137734915462170E+003
  0.820630623003387E+000  0.198844616280974E+001  0.151702781401847E+000  0.498426985159185E+000 -0.131028262406404E+000 -0.137737733546856E+003 -0.137737733546856E+003
  0.828476916160514E+000  0.199615843195805E+001  0.328455665533439E+000  0.497193162720214E+000 -0.131028262406404E+000 -0.137736637648722E+003 -0.137736637648722E+003
  0.800032100429958E+000  0.199377590972698E+001  0.726848219037053E+000  0.497363994477598E+000 -0.131028262406404E+000 -0.137736039184069E+003 -0.137736039184069E+003
  0.788656419581144E+000  0.199989637032282E+001  0.781144161902507E+000  0.496884603532933E+000 -0.131028262406404E+000 -0.137734560211745E+003 -0.137734560211745E+003
  0.805056066331438E+000  0.198938712724052E+001  0.691056801247146E+000  0.498501211194887E+000 -0.131028262406404E+000 -0.137736339295311E+003 -0.137736339295311E+003
  0.835019066807533E+000  0.198961804633880E+001  0.395165841489191E+000  0.499818863835889E+000 -0.131028262406404E+000 -0.137736909220093E+003 -0.137736909220093E+003
  0.801272329806735E+000  0.198245601345124E+001  0.318973962244889E+000  0.499735640886733E+000 -0.131028262406404E+000 -0.137737541247871E+003 -0.137737541247871E+003
  0.790011838991725E+000  0.199911576993039E+001  0.556137408489720E+000  0.497318856718746E+000 -0.131028262406404E+000 -0.137734155566132E+003 -0.137734155566132E+003
  0.775095917717804E+000  0.199840762287455E+001  0.446609662052927E+000  0.499089689306746E+000 -0.131028262406404E+000 -0.137732896632783E+003 -0.137732896632783E+003
  0.836737125063331E+000  0.199871944877632E+001  0.686799778817883E+000  0.497245620743639E+000 -0.131028262406404E+000 -0.137736338678886E+003 -0.137736338678886E+003
  0.817302619630387E+000  0.199185689997144E+001  0.476437991885898E+000  0.498619029435520E+000 -0.131028262406404E+000 -0.137735643586441E+003 -0.137735643586441E+003
  0.789788627057760E+000  0.199791346517698E+001  0.249626697278294E+000  0.498223909613298E+000 -0.131028262406404E+000 -0.137733307665460E+003 -0.137733307665460E+003
  0.823877563098190E+000  0.199078575709110E+001  0.307338614201644E+000  0.498613233545446E+000 -0.131028262406404E+000 -0.137736683785706E+003 -0.137736683785706E+003
  0.806854072076057E+000  0.199492367222442E+001  0.266164495967328E+000  0.497791513728399E+000 -0.131028262406404E+000 -0.137734991469343E+003 -0.137734991469343E+003
  0.816404058905292E+000  0.199034173242990E+001  0.145962203522701E-001  0.497755494292988E+000 -0.131028262406404E+000 -0.137737493126972E+003 -0.137737493126972E+003
  0.786409286751206E+000  0.199661861378363E+001  0.431669111719745E+000  0.496692328124332E+000 -0.131028262406404E+000 -0.137736292267802E+003 -0.137736292267802E+003
  0.799576188348477E+000  0.199559518531799E+001  0.356127511272442E+000  0.496923821577721E+000 -0.131028262406404E+000 -0.137735916286206E+003 -0.137735916286206E+003
  0.772871774852079E+000  0.199488137307207E+001  0.159136188015721E+000  0.497898435568588E+000 -0.131028262406404E+000 -0.137736294737341E+003 -0.137736294737341E+003
  0.806301862363516E+000  0.198908153654366E+001  0.358732638386804E+000  0.499099206770286E+000 -0.131028262406404E+000 -0.137735647205726E+003 -0.137735647205726E+003
  0.769528954808706E+000  0.199847751054466E+001  0.757919624501167E+000  0.499204708965452E+000 -0.131028262406404E+000 -0.137733317230296E+003 -0.137733317230296E+003
  0.759197154541467E+000  0.199895957791708E+001  0.583887552303709E+000  0.497348573526772E+000 -0.131028262406404E+000 -0.137737481359186E+003 -0.137737481359186E+003
  0.814142207059633E+000  0.199623078912435E+001  0.329463453018241E+000  0.496784997623730E+000 -0.131028262406404E+000 -0.137736118802350E+003 -0.137736118802350E+003
  0.797036120363561E+000  0.199098675641602E+001  0.851411531580423E-001  0.497075308886212E+000 -0.131028262406404E+000 -0.137737673068867E+003 -0.137737673068867E+003
  0.828825641725542E+000  0.199600010058276E+001  0.689536204884567E+000  0.498440793242338E+000 -0.131028262406404E+000 -0.137735016031308E+003 -0.137735016031308E+003
  0.781462908376569E+000  0.198380285404999E+001  0.253744002788818E+000  0.499883595106963E+000 -0.131028262406404E+000 -0.137737066606416E+003 -0.137737066606416E+003
  0.783743298777190E+000  0.199683063256623E+001  0.560279737839852E+000  0.498723909394568E+000 -0.131028262406404E+000 -0.137733338021902E+003 -0.137733338021902E+003
  0.808318299801224E+000  0.198832137234302E+001  0.172159721747294E+000  0.498718144272293E+000 -0.131028262406404E+000 -0.137736604262480E+003 -0.137736604262480E+003
  0.756246504038482E+000  0.199812134937121E+001  0.537571148309302E+000  0.497829960188721E+000 -0.131028262406404E+000 -0.137737541215099E+003 -0.137737541215099E+003
  0.819027223706411E+000  0.199440266583319E+001  0.768446109870188E+000  0.497631471441849E+000 -0.131028262406404E+000 -0.137736010364895E+003 -0.137736010364895E+003
  0.784071812476177E+000  0.199690666274214E+001  0.173261032630035E+000  0.499277647106958E+000 -0.131028262406404E+000 -0.137732460575186E+003 -0.137732460575186E+003
  0.830421509120442E+000  0.199928122726603E+001  0.697926062980141E+000  0.499910450033994E+000 -0.131028262406404E+000 -0.137731663304055E+003 -0.137731663304055E+003
  0.834145253811516E+000  0.199491669624305E+001  0.556735913737422E+000  0.498397579063288E+000 -0.131028262406404E+000 -0.137736207347127E+003 -0.137736207347127E+003
  0.797350496894840E+000  0.199696683170615E+001  0.541029378175412E+000  0.497316077181462E+000 -0.131028262406404E+000 -0.137734795068974E+003 -0.137734795068974E+003
  0.787085363604140E+000  0.199991710946558E+001  0.472247553766925E+000  0.497429380902203E+000 -0.131028262406404E+000 -0.137733830637699E+003 -0.137733830637699E+003
  0.830665382938597E+000  0.199586942316925E+001  0.545118457737371E+000  0.498628264627384E+000 -0.131028262406404E+000 -0.137735021788245E+003 -0.137735021788245E+003
  0.832510894271408E+000  0.199488716733959E+001  0.127905363423810E+000  0.498972140795224E+000 -0.131028262406404E+000 -0.137735227476826E+003 -0.137735227476826E+003
  0.790440136454973E+000  0.199080183548052E+001  0.348325252590328E+000  0.499046405390318E+000 -0.131028262406404E+000 -0.137734988439493E+003 -0.137734988439493E+003
  0.769126535708663E+000  0.198376532347527E+001  0.579393064863105E-001  0.499977949031723E+000 -0.131028262406404E+000 -0.137737920070296E+003 -0.137737920070296E+003
  0.812877420212104E+000  0.198624727683737E+001  0.293898277529292E+000  0.499003401737446E+000 -0.131028262406404E+000 -0.137737361363886E+003 -0.137737361363886E+003
  0.822094724827633E+000  0.199502676871234E+001  0.412439285059702E+000  0.498499626708616E+000 -0.131028262406404E+000 -0.137734740058084E+003 -0.137734740058084E+003
  0.750951006235388E+000  0.199183865695426E+001  0.650345289218104E+000  0.499703184533571E+000 -0.131028262406404E+000 -0.137737860106259E+003 -0.137737860106259E+003
  0.796093043873929E+000  0.199602256989395E+001  0.601549790033914E+000  0.497939604538376E+000 -0.131028262406404E+000 -0.137734295305984E+003 -0.137734295305984E+003
  0.774692187511652E+000  0.199951521514664E+001  0.600478764559837E+000  0.497778645744623E+000 -0.131028262406404E+000 -0.137734499003729E+003 -0.137734499003729E+003
  0.796875819094088E+000  0.198505531317584E+001  0.269492905863587E+000  0.499736597395916E+000 -0.131028262406404E+000 -0.137736335350747E+003 -0.137736335350747E+003
  0.772397191836239E+000  0.199985046764736E+001  0.570643399531481E+000  0.496339624495922E+000 -0.131028262406404E+000 -0.137736823737373E+003 -0.137736823737373E+003
  0.805640438859896E+000  0.199802364631048E+001  0.845136443206473E-001  0.494939137474404E+000 -0.131028262406404E+000 -0.137737790612071E+003 -0.137737790612071E+003
  0.798775462061401E+000  0.199168062338057E+001  0.576958142743430E+000  0.497094668342912E+000 -0.131028262406404E+000 -0.137737333170246E+003 -0.137737333170246E+003
  0.748641764510741E+000  0.199632443486468E+001  0.704145639589282E+000  0.499986158206941E+000 -0.131028262406404E+000 -0.137736248453963E+003 -0.137736248453963E+003
  0.746832107802717E+000  0.199708313650328E+001  0.137321607921828E+000  0.499407851122096E+000 -0.131028262406404E+000 -0.137737251421521E+003 -0.137737251421521E+003
  0.782998620044478E+000  0.199688479603567E+001  0.288500129746554E+000  0.499037907366188E+000 -0.131028262406404E+000 -0.137732898063395E+003 -0.137732898063395E+003
  0.816209299302496E+000  0.199834680028010E+001  0.171440084313289E+000  0.499620481437827E+000 -0.131028262406404E+000 -0.137731269181504E+003 -0.137731269181504E+003
  0.809272354229160E+000  0.199706137672935E+001  0.237020886533483E+000  0.499916013409104E+000 -0.131028262406404E+000 -0.137731088147710E+003 -0.137731088147710E+003
  0.791808220727030E+000  0.199388668551023E+001  0.282971672455904E+000  0.496174437894001E+000 -0.131028262406404E+000 -0.137737916522758E+003 -0.137737916522758E+003
  0.785678562477177E+000  0.199934455247749E+001  0.509846686738992E+000  0.496317365017244E+000 -0.131028262406404E+000 -0.137735812988953E+003 -0.137735812988953E+003
  0.825547702359630E+000  0.199757577649836E+001  0.219248307285629E+000  0.496265794879390E+000 -0.131028262406404E+000 -0.137737010981513E+003 -0.137737010981513E+003
  0.837449697737266E+000  0.199542000029317E+001  0.157013410634751E+000  0.499589149740193E+000 -0.131028262406404E+000 -0.137734799674491E+003 -0.137734799674491E+003
  0.801649518655536E+000  0.198813581789483E+001  0.781651609588515E+000  0.498599672155150E+000 -0.131028262406404E+000 -0.137736680327792E+003 -0.137736680327792E+003
  0.739337837323895E+000  0.199897124589828E+001  0.603501903800906E+000  0.499769640252984E+000 -0.131028262406404E+000 -0.137737701904942E+003 -0.137737701904942E+003
  0.811257582183155E+000  0.199404832418426E+001  0.146803811292080E+000  0.496250555817001E+000 -0.131028262406404E+000 -0.137737727622157E+003 -0.137737727622157E+003
  0.798064476396369E+000  0.198533926428715E+001  0.592606385002433E+000  0.499269143810514E+000 -0.131028262406404E+000 -0.137736897021401E+003 -0.137736897021401E+003
  0.769991846090062E+000  0.199022153995329E+001  0.338305740727790E+000  0.498655393458561E+000 -0.131028262406404E+000 -0.137737274006511E+003 -0.137737274006511E+003
  0.831565493885293E+000  0.199046976960586E+001  0.796802411270589E-001  0.499244462334247E+000 -0.131028262406404E+000 -0.137736817311989E+003 -0.137736817311989E+003
  0.781542030298785E+000  0.199714817041822E+001  0.132866496772653E+000  0.499222578711113E+000 -0.131028262406404E+000 -0.137732622121062E+003 -0.137732622121062E+003
  0.772959046672303E+000  0.199833115448713E+001  0.139451602670937E-001  0.498732175492646E+000 -0.131028262406404E+000 -0.137733692130723E+003 -0.137733692130723E+003
  0.822464396476657E+000  0.199860564292139E+001  0.394314659082383E+000  0.496648372746586E+000 -0.131028262406404E+000 -0.137735760877306E+003 -0.137735760877306E+003
  0.788626998373778E+000  0.199906657103200E+001  0.220150814103144E+000  0.499153002160060E+000 -0.131028262406404E+000 -0.137731523730319E+003 -0.137731523730319E+003
  0.817790738565603E+000  0.199615643243218E+001  0.202194360647874E-001  0.496558815505103E+000 -0.131028262406404E+000 -0.137736667480546E+003 -0.137736667480546E+003
  0.781810318099994E+000  0.199643591414110E+001  0.436869601716944E+000  0.497153231826510E+000 -0.131028262406404E+000 -0.137735989023529E+003 -0.137735989023529E+003
  0.775789689506824E+000  0.199843653390719E+001  0.468431305569345E+000  0.499819347472306E+000 -0.131028262406404E+000 -0.137731717396140E+003 -0.137731717396140E+003
  0.784403646479027E+000  0.199648415669115E+001  0.415071689404782E+000  0.496098065875540E+000 -0.131028262406404E+000 -0.137737369434171E+003 -0.137737369434171E+003
  0.809281796209832E+000  0.199881525763942E+001  0.660658158597575E+000  0.496786391101500E+000 -0.131028262406404E+000 -0.137734823677391E+003 -0.137734823677391E+003
  0.769239157990692E+000  0.198505901807845E+001  0.553164183137067E+000  0.499628928988139E+000 -0.131028262406404E+000 -0.137737919443095E+003 -0.137737919443095E+003
  0.822404974804996E+000  0.199780680093073E+001  0.513271769513153E+000  0.498535467385433E+000 -0.131028262406404E+000 -0.137733462118951E+003 -0.137733462118951E+003
  0.782568389616516E+000  0.199404838960136E+001  0.262169648147337E+000  0.497467544686874E+000 -0.131028262406404E+000 -0.137736413406307E+003 -0.137736413406307E+003
  0.793620448241947E+000  0.198677211094885E+001  0.414754771653526E+000  0.499825052095704E+000 -0.131028262406404E+000 -0.137735479247504E+003 -0.137735479247504E+003
  0.804983072478731E+000  0.199381106555046E+001  0.616435017252756E+000  0.498902402342087E+000 -0.131028262406404E+000 -0.137733829545492E+003 -0.137733829545492E+003
  0.779013043141718E+000  0.198520499430007E+001  0.310665631409955E+000  0.499389814871847E+000 -0.131028262406404E+000 -0.137737374424983E+003 -0.137737374424983E+003
  0.839018342132473E+000  0.199650525585081E+001  0.168936932712747E+000  0.497889668839512E+000 -0.131028262406404E+000 -0.137736814859026E+003 -0.137736814859026E+003
  0.761010849109894E+000  0.199988282455387E+001  0.638749875737478E+000  0.497864886041249E+000 -0.131028262406404E+000 -0.137736051024700E+003 -0.137736051024700E+003
  0.798454763065387E+000  0.199937197560321E+001  0.653304612815129E+000  0.498714603124153E+000 -0.131028262406404E+000 -0.137731733249687E+003 -0.137731733249687E+003
  0.760379670976614E+000  0.199626672636007E+001  0.482960418326516E+000  0.497784238478400E+000 -0.131028262406404E+000 -0.137737601105653E+003 -0.137737601105653E+003
  0.759830357562780E+000  0.199901027234556E+001  0.159277666206623E+000  0.497121634085618E+000 -0.131028262406404E+000 -0.137737710428869E+003 -0.137737710428869E+003
  0.787617727659692E+000  0.199987678863754E+001  0.146636715691735E+000  0.497454526676521E+000 -0.131028262406404E+000 -0.137733777425948E+003 -0.137733777425948E+003
  0.813244728368969E+000  0.199462548334069E+001  0.112049697869037E+000  0.497877384361915E+000 -0.131028262406404E+000 -0.137735222767090E+003 -0.137735222767090E+003
  0.772753124464643E+000  0.199921791290533E+001  0.672052208599774E+000  0.496401569053843E+000 -0.131028262406404E+000 -0.137736926914556E+003 -0.137736926914556E+003
  0.810768973350337E+000  0.199851866247089E+001  0.160038216851435E-001  0.495129801549204E+000 -0.131028262406404E+000 -0.137737384767375E+003 -0.137737384767375E+003
  0.824586743955683E+000  0.199354049550261E+001  0.648624385605951E-002  0.498621336600955E+000 -0.131028262406404E+000 -0.137735469068850E+003 -0.137735469068850E+003
  0.819103414868864E+000  0.199058178119838E+001  0.675793993001544E+000  0.497629115228629E+000 -0.131028262406404E+000 -0.137737752424652E+003 -0.137737752424652E+003
  0.844737700503876E+000  0.199724669595899E+001  0.572758757077734E+000  0.498713901167367E+000 -0.131028262406404E+000 -0.137736239738442E+003 -0.137736239738442E+003
  0.839476131677606E+000  0.199191701685319E+001  0.216861409602738E+000  0.499131428576919E+000 -0.131028262406404E+000 -0.137737398482363E+003 -0.137737398482363E+003
  0.770060492194854E+000  0.199890675322562E+001  0.541657729213190E+000  0.498609054608204E+000 -0.131028262406404E+000 -0.137733997113313E+003 -0.137733997113313E+003
  0.857631730461351E+000  0.199950328555967E+001  0.150635225217026E-001  0.498756501723541E+000 -0.131028262406404E+000 -0.137737537236989E+003 -0.137737537236989E+003
  0.784062097095476E+000  0.199671129599836E+001  0.498443721604092E+000  0.499904676740623E+000 -0.131028262406404E+000 -0.137731606337527E+003 -0.137731606337527E+003
  0.823705140935742E+000  0.199874631238203E+001  0.619748347432704E+000  0.499867033383664E+000 -0.131028262406404E+000 -0.137731293590746E+003 -0.137731293590746E+003
  0.818494120144311E+000  0.199651676903609E+001  0.642176002959285E+000  0.496992925257667E+000 -0.131028262406404E+000 -0.137735933093073E+003 -0.137735933093073E+003
  0.835076031836408E+000  0.199278680677346E+001  0.558204396334461E+000  0.499902161294019E+000 -0.131028262406404E+000 -0.137735288384314E+003 -0.137735288384314E+003
  0.806759595900244E+000  0.199931608722590E+001  0.357238647406196E+000  0.495562213531959E+000 -0.131028262406404E+000 -0.137736341464892E+003 -0.137736341464892E+003
