  0.288460230358789E+000  0.192146096768315E+001  0.718996516264481E+000  0.496304903885653E+000 -0.131028262406404E+000 -0.139084553770969E+003 -0.139084553770969E+003 -0.139084699758659E+003
  0.280183965960752E+000  0.193626799030963E+001  0.789210272857616E+000  0.490232387681166E+000 -0.131028262406404E+000 -0.139084506090964E+003 -0.139084506090964E+003 -0.139084565555308E+003
  0.271051967980339E+000  0.187143138582082E+001  0.867169150357910E+000  0.497007453038273E+000 -0.131028262406404E+000 -0.139084527459419E+003 -0.139084527459419E+003 -0.139084591014455E+003
  0.277551883868141E+000  0.186913588707109E+001  0.681384907256113E-001  0.495243257141757E+000 -0.131028262406404E+000 -0.139084535423855E+003 -0.139084535423855E+003 -0.139084738647089E+003
  0.289221310695491E+000  0.196561211966029E+001  0.446288099564980E+000  0.490153859663579E+000 -0.131028262406404E+000 -0.139084557333228E+003 -0.139084557333228E+003 -0.139085336906857E+003
  0.281295543405633E+000  0.191611998248719E+001  0.419359372147650E+000  0.488558185386203E+000 -0.131028262406404E+000 -0.139084551601195E+003 -0.139084551601195E+003 -0.139084674325839E+003
  0.277449096836147E+000  0.194227956841092E+001  0.423853203503487E+000  0.494409162659995E+000 -0.131028262406404E+000 -0.139084506062506E+003 -0.139084506062506E+003 -0.139084575184754E+003
  0.279501528651126E+000  0.190693476534135E+001  0.183273389860382E+000  0.495708626860500E+000 -0.131028262406404E+000 -0.139084414870097E+003 -0.139084414870097E+003 -0.139084578696837E+003
  0.272285481691348E+000  0.188435192222013E+001  0.357321710240481E+000  0.495509908258959E+000 -0.131028262406404E+000 -0.139084529573006E+003 -0.139084529573006E+003 -0.139084578688063E+003
  0.270987716211567E+000  0.188350604005659E+001  0.105103201718944E+000  0.499554072376974E+000 -0.131028262406404E+000 -0.139084414391352E+003 -0.139084414391352E+003 -0.139085338874105E+003
  0.288499727848992E+000  0.195148537669004E+001  0.328934548268899E+000  0.486332044978318E+000 -0.131028262406404E+000 -0.139084537379038E+003 -0.139084537379038E+003 -0.139084617242185E+003
  0.283445268283538E+000  0.196498471419289E+001  0.343983337500651E+000  0.494089190089986E+000 -0.131028262406404E+000 -0.139084546176245E+003 -0.139084546176245E+003 -0.139084589818451E+003
  0.282320270524570E+000  0.187763097648094E+001  0.668541519487638E+000  0.495905157488830E+000 -0.131028262406404E+000 -0.139084519271227E+003 -0.139084519271227E+003 -0.139085202252567E+003
  0.271934935721563E+000  0.191277519664387E+001  0.240101710829306E+000  0.495294494551353E+000 -0.131028262406404E+000 -0.139084544373516E+003 -0.139084544373516E+003 -0.139084662954423E+003
  0.277282704952576E+000  0.188429984432401E+001  0.736911931308998E-001  0.498673278613879E+000 -0.131028262406404E+000 -0.139084373205575E+003 -0.139084373205575E+003 -0.139084572198566E+003
  0.278231137982612E+000  0.190967930545240E+001  0.487125320524911E+000  0.490354917555845E+000 -0.131028262406404E+000 -0.139084545924522E+003 -0.139084545924522E+003 -0.139087347869729E+003
  0.271370457581888E+000  0.192956566395109E+001  0.442268923685055E+000  0.499837264491285E+000 -0.131028262406404E+000 -0.139084531304235E+003 -0.139084531304235E+003 -0.139084845943627E+003
  0.291208975418282E+000  0.196560226044827E+001  0.988633471221361E+000  0.485921559501611E+000 -0.131028262406404E+000 -0.139084562161684E+003 -0.139084562161684E+003 -0.139084655556329E+003
  0.281662900611446E+000  0.193875829097369E+001  0.647478587971223E+000  0.496629853289532E+000 -0.131028262406404E+000 -0.139084451359083E+003 -0.139084451359083E+003 -0.139084582807421E+003
  0.288184414768408E+000  0.195384370723637E+001  0.684024197252221E+000  0.494227575030570E+000 -0.131028262406404E+000 -0.139084556698895E+003 -0.139084556698895E+003 -0.139084736582250E+003
  0.283747459976370E+000  0.192225875750951E+001  0.183128372952799E+000  0.488286048828039E+000 -0.131028262406404E+000 -0.139084537931596E+003 -0.139084537931596E+003 -0.139084598208333E+003
  0.282108742886548E+000  0.188429210302001E+001  0.419298377321008E+000  0.493159653199473E+000 -0.131028262406404E+000 -0.139084556485713E+003 -0.139084556485713E+003 -0.139084598753915E+003
  0.277525207847575E+000  0.190965841382346E+001  0.471282775369045E-001  0.496564514343479E+000 -0.131028262406404E+000 -0.139084404895134E+003 -0.139084404895134E+003 -0.139084583896155E+003
  0.286257402166228E+000  0.197008462443260E+001  0.887133394157312E+000  0.484617334561493E+000 -0.131028262406404E+000 -0.139084539415311E+003 -0.139084539415311E+003 -0.139084853490057E+003
  0.289683420044054E+000  0.194816324133546E+001  0.206334743195502E+000  0.488330344034712E+000 -0.131028262406404E+000 -0.139084552209892E+003 -0.139084552209892E+003 -0.139084579219538E+003
  0.276579556093266E+000  0.187109688978420E+001  0.885555790324127E-001  0.494391990929391E+000 -0.131028262406404E+000 -0.139084559781821E+003 -0.139084559781821E+003 -0.139084569842418E+003
  0.281671857883409E+000  0.193737006463808E+001  0.839036087111698E+000  0.494001471018351E+000 -0.131028262406404E+000 -0.139084456333425E+003 -0.139084456333425E+003 -0.139084859650803E+003
  0.290718987133572E+000  0.197085333815202E+001  0.249941944952898E+000  0.485464200177723E+000 -0.131028262406404E+000 -0.139084552909244E+003 -0.139084552909244E+003 -0.139084591783106E+003
  0.273821136996693E+000  0.191890095131613E+001  0.760228949624126E+000  0.494387922991431E+000 -0.131028262406404E+000 -0.139084523865170E+003 -0.139084523865170E+003 -0.139084940605935E+003
  0.287148519314648E+000  0.192200830034950E+001  0.974454973489513E+000  0.492366876329445E+000 -0.131028262406404E+000 -0.139084525259582E+003 -0.139084525259582E+003 -0.139084707951363E+003
  0.283260591081576E+000  0.189517905247358E+001  0.689276242104696E+000  0.495501488899100E+000 -0.131028262406404E+000 -0.139084475248154E+003 -0.139084475248154E+003 -0.139084661117397E+003
  0.272938884640164E+000  0.185440153809793E+001  0.990297813828508E+000  0.499206117726505E+000 -0.131028262406404E+000 -0.139084464749719E+003 -0.139084464749719E+003 -0.139084574493953E+003
  0.274817837450255E+000  0.185156904587605E+001  0.722101269819070E+000  0.497775393598008E+000 -0.131028262406404E+000 -0.139084532445907E+003 -0.139084532445907E+003 -0.139084665330869E+003
  0.285511537217014E+000  0.196141327736891E+001  0.330216818612455E+000  0.484528856902198E+000 -0.131028262406404E+000 -0.139084540302843E+003 -0.139084540302843E+003 -0.139084719096899E+003
  0.274637880528558E+000  0.187317051973864E+001  0.288846233678707E+000  0.499438614605722E+000 -0.131028262406404E+000 -0.139084378780550E+003 -0.139084378780550E+003 -0.139084631390251E+003
  0.285848687899002E+000  0.194444527507479E+001  0.948923939020494E+000  0.485057432691839E+000 -0.131028262406404E+000 -0.139084546798909E+003 -0.139084546798909E+003 -0.139084841963501E+003
  0.286279646331834E+000  0.195472814976254E+001  0.943904239250458E+000  0.484932566282713E+000 -0.131028262406404E+000 -0.139084535368697E+003 -0.139084535368697E+003 -0.139086043045866E+003
  0.272403732823980E+000  0.186673353777835E+001  0.537172485187281E+000  0.498534797340522E+000 -0.131028262406404E+000 -0.139084451920019E+003 -0.139084451920019E+003 -0.139085730399736E+003
  0.279010387955554E+000  0.193307968581347E+001  0.699961425900541E+000  0.496183395377573E+000 -0.131028262406404E+000 -0.139084441188295E+003 -0.139084441188295E+003 -0.139084573914720E+003
  0.275681024748682E+000  0.187237994711611E+001  0.109061558127801E+000  0.496769644234866E+000 -0.131028262406404E+000 -0.139084468193816E+003 -0.139084468193816E+003 -0.139084824549295E+003
  0.291705354116670E+000  0.199692043335735E+001  0.208743579254590E+000  0.475692051910698E+000 -0.131028262406404E+000 -0.139084559659423E+003 -0.139084559659423E+003 -0.139084651655811E+003
  0.285982851692166E+000  0.191928379544266E+001  0.893899249922362E+000  0.496843871227132E+000 -0.131028262406404E+000 -0.139084482516418E+003 -0.139084482516418E+003 -0.139084680402379E+003
  0.285747229600781E+000  0.187953514934646E+001  0.710025958495241E+000  0.499036456215191E+000 -0.131028262406404E+000 -0.139084544377297E+003 -0.139084544377297E+003 -0.139084747894867E+003
  0.291584171217725E+000  0.198422615540946E+001  0.104107324453725E+000  0.479312583073418E+000 -0.131028262406404E+000 -0.139084552644465E+003 -0.139084552644465E+003 -0.139085176744223E+003
  0.288481274669130E+000  0.196616639116745E+001  0.420902927676971E+000  0.488961122018812E+000 -0.131028262406404E+000 -0.139084540100368E+003 -0.139084540100368E+003 -0.139085375453078E+003
  0.287119543261195E+000  0.193245581946705E+001  0.410035978116218E+000  0.493279063573781E+000 -0.131028262406404E+000 -0.139084509096914E+003 -0.139084509096914E+003 -0.139085142830975E+003
  0.278413241798181E+000  0.190047392368187E+001  0.180015584548478E-001  0.499890675745915E+000 -0.131028262406404E+000 -0.139084342179690E+003 -0.139084342179690E+003 -0.139084575287270E+003
  0.285733114561333E+000  0.197595404383464E+001  0.205468298416144E+000  0.489258326599227E+000 -0.131028262406404E+000 -0.139084554624880E+003 -0.139084554624880E+003 -0.139084594475273E+003
  0.274246475856767E+000  0.193834848988156E+001  0.692723083176622E+000  0.497065108545605E+000 -0.131028262406404E+000 -0.139084531154743E+003 -0.139084531154743E+003 -0.139085617687667E+003
  0.281861046218157E+000  0.189617808612852E+001  0.573313535005144E+000  0.491436104643005E+000 -0.131028262406404E+000 -0.139084545933025E+003 -0.139084545933025E+003 -0.139087064437732E+003
  0.277182656356268E+000  0.191289132944550E+001  0.696520209999798E+000  0.498873804013681E+000 -0.131028262406404E+000 -0.139084373838952E+003 -0.139084373838952E+003 -0.139084704946697E+003
  0.277242407783414E+000  0.192426157334900E+001  0.216259444881448E+000  0.496006453583693E+000 -0.131028262406404E+000 -0.139084437111170E+003 -0.139084437111170E+003 -0.139084582203699E+003
  0.272528172331325E+000  0.188752884035815E+001  0.925042587089497E+000  0.499607685171121E+000 -0.131028262406404E+000 -0.139084382167396E+003 -0.139084382167396E+003 -0.139084705605680E+003
  0.278538571477995E+000  0.192889735910150E+001  0.973601131575652E+000  0.491022241509930E+000 -0.131028262406404E+000 -0.139084510200510E+003 -0.139084510200510E+003 -0.139084806693507E+003
  0.274608164576694E+000  0.190463526403395E+001  0.401421421185346E+000  0.494168533941777E+000 -0.131028262406404E+000 -0.139084501500549E+003 -0.139084501500549E+003 -0.139085571619997E+003
  0.278339184536203E+000  0.191589151700573E+001  0.906965913747747E+000  0.490547517430241E+000 -0.131028262406404E+000 -0.139084528907382E+003 -0.139084528907382E+003 -0.139084955060399E+003
  0.279951122369953E+000  0.191087678389699E+001  0.329115656736023E+000  0.494947565126793E+000 -0.131028262406404E+000 -0.139084426624593E+003 -0.139084426624593E+003 -0.139084622186268E+003
  0.283411884375139E+000  0.193925735868895E+001  0.273203383497341E+000  0.494556267434659E+000 -0.131028262406404E+000 -0.139084462741198E+003 -0.139084462741198E+003 -0.139084691972045E+003
  0.287069659807684E+000  0.196364596106664E+001  0.861360902316572E+000  0.487372094841147E+000 -0.131028262406404E+000 -0.139084523718003E+003 -0.139084523718003E+003 -0.139091840029040E+003
  0.277838663662706E+000  0.187889073460315E+001  0.858872598517447E+000  0.493415608246171E+000 -0.131028262406404E+000 -0.139084553789410E+003 -0.139084553789410E+003 -0.139085069572447E+003
  0.268059191191091E+000  0.189471809063616E+001  0.519412977620322E+000  0.499766171795585E+000 -0.131028262406404E+000 -0.139084505822133E+003 -0.139084505822133E+003 -0.139084572687860E+003
  0.270503238089772E+000  0.188992157309593E+001  0.953791082776853E+000  0.496032645656565E+000 -0.131028262406404E+000 -0.139084551099110E+003 -0.139084551099110E+003 -0.139084595286037E+003
  0.279525228103287E+000  0.191475672323121E+001  0.371540198677197E+000  0.496783655300664E+000 -0.131028262406404E+000 -0.139084398833704E+003 -0.139084398833704E+003 -0.139084690754785E+003
  0.288385279147292E+000  0.193458405344610E+001  0.289406318837777E+000  0.487596237427162E+000 -0.131028262406404E+000 -0.139084558514596E+003 -0.139084558514596E+003 -0.139085826535124E+003
  0.279246466510778E+000  0.191743213904408E+001  0.987202205744664E+000  0.493420511227573E+000 -0.131028262406404E+000 -0.139084454346394E+003 -0.139084454346394E+003 -0.139084691551727E+003
  0.290175933972211E+000  0.197572869839657E+001  0.731798859841145E+000  0.486823140439741E+000 -0.131028262406404E+000 -0.139084557603848E+003 -0.139084557603848E+003 -0.139084676022139E+003
  0.283321215724973E+000  0.190298863490980E+001  0.502873452811514E+000  0.492037541201132E+000 -0.131028262406404E+000 -0.139084517914894E+003 -0.139084517914894E+003 -0.139084594822180E+003
  0.278154413652871E+000  0.186714259222914E+001  0.349611519306582E-001  0.495655760875835E+000 -0.131028262406404E+000 -0.139084532495792E+003 -0.139084532495792E+003 -0.139084593031504E+003
  0.287674752213848E+000  0.191461486328442E+001  0.137784698539438E+000  0.493616560153019E+000 -0.131028262406404E+000 -0.139084546337844E+003 -0.139084546337844E+003 -0.139084573815881E+003
  0.290560959191048E+000  0.197363647395481E+001  0.386024886359275E+000  0.481822705382410E+000 -0.131028262406404E+000 -0.139084549899866E+003 -0.139084549899866E+003 -0.139084563699725E+003
  0.285513760328758E+000  0.193459920375833E+001  0.398957997857449E+000  0.488781153731333E+000 -0.131028262406404E+000 -0.139084513210454E+003 -0.139084513210454E+003 -0.139084573696894E+003
  0.284994646395917E+000  0.192477498638569E+001  0.884044237616203E+000  0.489361791978141E+000 -0.131028262406404E+000 -0.139084519734481E+003 -0.139084519734481E+003 -0.139084584330063E+003
  0.270554674201056E+000  0.190674158276285E+001  0.213901945970547E+000  0.495979708534139E+000 -0.131028262406404E+000 -0.139084559762476E+003 -0.139084559762476E+003 -0.139084567118569E+003
  0.283159242916515E+000  0.195215851200988E+001  0.620255233927547E+000  0.485378905308722E+000 -0.131028262406404E+000 -0.139084550909126E+003 -0.139084550909126E+003 -0.139085008806405E+003
  0.273411888240086E+000  0.190911398329751E+001  0.958102218569127E+000  0.495505834698676E+000 -0.131028262406404E+000 -0.139084492359193E+003 -0.139084492359193E+003 -0.139085032976892E+003
  0.291326310203353E+000  0.197401119957806E+001  0.749915125189253E+000  0.484317757125267E+000 -0.131028262406404E+000 -0.139084556173612E+003 -0.139084556173612E+003 -0.139084580469458E+003
  0.275259755656951E+000  0.189301242127936E+001  0.444345279316425E+000  0.493928231988653E+000 -0.131028262406404E+000 -0.139084511395380E+003 -0.139084511395380E+003 -0.139084576926989E+003
  0.287235518016979E+000  0.193574875460566E+001  0.146785809405072E+000  0.485985521176751E+000 -0.131028262406404E+000 -0.139084559606706E+003 -0.139084559606706E+003 -0.139084597555022E+003
  0.281706589596827E+000  0.193973618413336E+001  0.212869864756769E+000  0.488160330132481E+000 -0.131028262406404E+000 -0.139084523947510E+003 -0.139084523947510E+003 -0.139084672967489E+003
  0.275131420180451E+000  0.192257256967504E+001  0.473560713109496E+000  0.492727451092508E+000 -0.131028262406404E+000 -0.139084535711872E+003 -0.139084535711872E+003 -0.139085060984637E+003
  0.287109788743198E+000  0.194744512536211E+001  0.851640394052623E+000  0.494139148960125E+000 -0.131028262406404E+000 -0.139084522167930E+003 -0.139084522167930E+003 -0.139084586764962E+003
  0.281539786743046E+000  0.190344903252363E+001  0.472104424041843E+000  0.499706545340075E+000 -0.131028262406404E+000 -0.139084376443779E+003 -0.139084376443779E+003 -0.139084673509107E+003
  0.280839176772845E+000  0.194705170062386E+001  0.641769114132859E+000  0.493083628360508E+000 -0.131028262406404E+000 -0.139084488227356E+003 -0.139084488227356E+003 -0.139085166471514E+003
  0.280559633841535E+000  0.190652680092434E+001  0.642827496700991E+000  0.489509041942540E+000 -0.131028262406404E+000 -0.139084558646021E+003 -0.139084558646021E+003 -0.139084642359737E+003
  0.286191561204050E+000  0.194836798860885E+001  0.790450330294850E+000  0.487523948058621E+000 -0.131028262406404E+000 -0.139084515849210E+003 -0.139084515849210E+003 -0.139084772372224E+003
  0.280912577902624E+000  0.192113275090636E+001  0.294245433808416E-001  0.498623888717447E+000 -0.131028262406404E+000 -0.139084396613206E+003 -0.139084396613206E+003 -0.139084586558528E+003
  0.281777936462318E+000  0.193688737922204E+001  0.913824848881293E+000  0.491873976619499E+000 -0.131028262406404E+000 -0.139084472755978E+003 -0.139084472755978E+003 -0.139085975403904E+003
  0.279576580365870E+000  0.194511188029702E+001  0.439304603531686E+000  0.492867772828712E+000 -0.131028262406404E+000 -0.139084496947262E+003 -0.139084496947262E+003 -0.139084590471856E+003
  0.285674065951015E+000  0.196638283007793E+001  0.882757151802849E+000  0.484422316590030E+000 -0.131028262406404E+000 -0.139084541792450E+003 -0.139084541792450E+003 -0.139084836701338E+003
  0.278446631857508E+000  0.190750921703067E+001  0.281563261829274E+000  0.493470652982427E+000 -0.131028262406404E+000 -0.139084465067113E+003 -0.139084465067113E+003 -0.139084731364702E+003
  0.286609409258073E+000  0.194037034975352E+001  0.901374560841939E+000  0.487262342118378E+000 -0.131028262406404E+000 -0.139084528860425E+003 -0.139084528860425E+003 -0.139084568998572E+003
  0.284363005523024E+000  0.196432060533229E+001  0.888189283068760E+000  0.489394184733145E+000 -0.131028262406404E+000 -0.139084524764056E+003 -0.139084524764056E+003 -0.139084565491126E+003
  0.285375854829999E+000  0.192343376175371E+001  0.250884945967023E+000  0.489080781991435E+000 -0.131028262406404E+000 -0.139084530660256E+003 -0.139084530660256E+003 -0.139084564139560E+003
  0.269374775434917E+000  0.188972473229310E+001  0.866719922952262E+000  0.497333221399246E+000 -0.131028262406404E+000 -0.139084538849582E+003 -0.139084538849582E+003 -0.139085550992666E+003
  0.283275430368965E+000  0.193518050546817E+001  0.656979390026886E-001  0.496912388192623E+000 -0.131028262406404E+000 -0.139084452361877E+003 -0.139084452361877E+003 -0.139084707312029E+003
  0.274361868775176E+000  0.190511114521217E+001  0.549668083542949E+000  0.494765043586462E+000 -0.131028262406404E+000 -0.139084489294926E+003 -0.139084489294926E+003 -0.139084667178731E+003
  0.286757405681419E+000  0.197835638673580E+001  0.377407850855254E+000  0.487040620107236E+000 -0.131028262406404E+000 -0.139084549453069E+003 -0.139084549453069E+003 -0.139084689727246E+003
  0.273896720095829E+000  0.192316431709459E+001  0.499301641755898E+000  0.494581959362760E+000 -0.131028262406404E+000 -0.139084525824822E+003 -0.139084525824822E+003 -0.139084689116550E+003
  0.284108497443158E+000  0.196885558087785E+001  0.714942848174581E+000  0.485491805148911E+000 -0.131028262406404E+000 -0.139084551687570E+003 -0.139084551687570E+003 -0.139084700134078E+003
  0.279135065476485E+000  0.194856571213011E+001  0.922635906136914E+000  0.495530095879544E+000 -0.131028262406404E+000 -0.139084500385351E+003 -0.139084500385351E+003 -0.139084611082329E+003
  0.275536248582742E+000  0.184474792469367E+001  0.560473899777555E-001  0.498590007376824E+000 -0.131028262406404E+000 -0.139084540096550E+003 -0.139084540096550E+003 -0.139084570842257E+003
  0.283287946674087E+000  0.196584828834694E+001  0.742424072268980E+000  0.491782855004582E+000 -0.131028262406404E+000 -0.139084537623734E+003 -0.139084537623734E+003 -0.139084751634586E+003
  0.285072885308891E+000  0.194879678277115E+001  0.595483634639790E+000  0.484835250646841E+000 -0.131028262406404E+000 -0.139084545469083E+003 -0.139084545469083E+003 -0.139084646608760E+003
  0.277893345382993E+000  0.189971718518957E+001  0.808970268568919E+000  0.499432047605491E+000 -0.131028262406404E+000 -0.139084347738477E+003 -0.139084347738477E+003 -0.139084587935329E+003
  0.283325084496465E+000  0.195024434090828E+001  0.402387713416207E+000  0.490958246683180E+000 -0.131028262406404E+000 -0.139084493664043E+003 -0.139084493664043E+003 -0.139089131982007E+003
  0.277353856898552E+000  0.189873224844078E+001  0.156740127175331E-002  0.494051117787433E+000 -0.131028262406404E+000 -0.139084471421262E+003 -0.139084471421262E+003 -0.139084576107096E+003
  0.282569769210851E+000  0.191639938441695E+001  0.740591938798155E+000  0.489374079824079E+000 -0.131028262406404E+000 -0.139084528974818E+003 -0.139084528974818E+003 -0.139084587246045E+003
  0.287405267460177E+000  0.195734239625748E+001  0.603395701166053E+000  0.483893674786644E+000 -0.131028262406404E+000 -0.139084543082308E+003 -0.139084543082308E+003 -0.139084612593809E+003
  0.276359003029301E+000  0.192565714897396E+001  0.411639962717974E+000  0.493453042818516E+000 -0.131028262406404E+000 -0.139084496931268E+003 -0.139084496931268E+003 -0.139084674387469E+003
  0.284791371384928E+000  0.196166004123754E+001  0.579029827262551E+000  0.485746865589978E+000 -0.131028262406404E+000 -0.139084534355529E+003 -0.139084534355529E+003 -0.139084623181658E+003
  0.272391460319763E+000  0.190413094245555E+001  0.734569420607298E+000  0.499567272477115E+000 -0.131028262406404E+000 -0.139084406331600E+003 -0.139084406331600E+003 -0.139084933826712E+003
  0.274982241135625E+000  0.193575647203885E+001  0.460524040146701E-001  0.493951462698898E+000 -0.131028262406404E+000 -0.139084544168044E+003 -0.139084544168044E+003 -0.139084668454665E+003
  0.274605599629782E+000  0.187033950674237E+001  0.933139092113675E+000  0.499268610897355E+000 -0.131028262406404E+000 -0.139084391879285E+003 -0.139084391879285E+003 -0.139084823311718E+003
  0.273052039545920E+000  0.188273402980181E+001  0.825197605846542E+000  0.494375988703311E+000 -0.131028262406404E+000 -0.139084560607084E+003 -0.139084560607084E+003 -0.139084717657372E+003
  0.281556021155497E+000  0.196703329144212E+001  0.779828450512448E+000  0.489271841313999E+000 -0.131028262406404E+000 -0.139084561166836E+003 -0.139084561166836E+003 -0.139085019753810E+003
  0.273199285824825E+000  0.189604213203993E+001  0.247450297891894E+000  0.498916048210832E+000 -0.131028262406404E+000 -0.139084394088716E+003 -0.139084394088716E+003 -0.139084663712328E+003
  0.289589402908318E+000  0.195930262953123E+001  0.668364009643254E+000  0.487954625544388E+000 -0.131028262406404E+000 -0.139084544517972E+003 -0.139084544517972E+003 -0.139085303457510E+003
  0.280719626984432E+000  0.192064044673072E+001  0.504595427380446E+000  0.494824482508905E+000 -0.131028262406404E+000 -0.139084428720230E+003 -0.139084428720230E+003 -0.139084656934355E+003
  0.288310826909636E+000  0.197165735290835E+001  0.474718964887851E+000  0.481175467683136E+000 -0.131028262406404E+000 -0.139084553882845E+003 -0.139084553882845E+003 -0.139084643747902E+003
  0.277878972768887E+000  0.191912175402453E+001  0.138745070506575E+000  0.499646746995276E+000 -0.131028262406404E+000 -0.139084377950668E+003 -0.139084377950668E+003 -0.139084643130035E+003
  0.277119728448474E+000  0.193262571938527E+001  0.982341431273747E+000  0.492946384135963E+000 -0.131028262406404E+000 -0.139084504016691E+003 -0.139084504016691E+003 -0.139084680000175E+003
  0.277843350374209E+000  0.192999715712980E+001  0.145541228967596E+000  0.493391158874321E+000 -0.131028262406404E+000 -0.139084479602690E+003 -0.139084479602690E+003 -0.139084567721927E+003
  0.271452247541982E+000  0.192437197298458E+001  0.110625494862821E+000  0.497872819723699E+000 -0.131028262406404E+000 -0.139084534377997E+003 -0.139084534377997E+003 -0.139084568491509E+003
  0.287033884397857E+000  0.196879304969476E+001  0.950470293476121E+000  0.487313747669334E+000 -0.131028262406404E+000 -0.139084530179064E+003 -0.139084530179064E+003 -0.139084711802146E+003
  0.284167639758955E+000  0.191157344214717E+001  0.772772733327477E+000  0.499054543080995E+000 -0.131028262406404E+000 -0.139084433467564E+003 -0.139084433467564E+003 -0.139084643389945E+003
  0.284470515410193E+000  0.193030223624845E+001  0.322987665813487E-001  0.497300507190459E+000 -0.131028262406404E+000 -0.139084459341536E+003 -0.139084459341536E+003 -0.139085713707214E+003
  0.280068222677554E+000  0.188298863861122E+001  0.486678430825031E+000  0.496996616074843E+000 -0.131028262406404E+000 -0.139084435866248E+003 -0.139084435866248E+003 -0.139084568265455E+003
  0.291820765681732E+000  0.199660507280147E+001  0.956050041571088E+000  0.477340249635492E+000 -0.131028262406404E+000 -0.139084551782555E+003 -0.139084551782555E+003 -0.139084640986238E+003
  0.273883896819861E+000  0.189113639059018E+001  0.942020911353336E+000  0.498634595737531E+000 -0.131028262406404E+000 -0.139084389243357E+003 -0.139084389243357E+003 -0.139085349164168E+003
  0.285407995203901E+000  0.191444319421325E+001  0.184820125889669E+000  0.489154927038291E+000 -0.131028262406404E+000 -0.139084558174312E+003 -0.139084558174312E+003 -0.139084733848646E+003
  0.286132168349194E+000  0.194565325469715E+001  0.100701147351513E+000  0.493344841859379E+000 -0.131028262406404E+000 -0.139084500002496E+003 -0.139084500002496E+003 -0.139084580828709E+003
  0.284638374946699E+000  0.194488973919738E+001  0.316848175860417E+000  0.499316035967258E+000 -0.131028262406404E+000 -0.139084519790502E+003 -0.139084519790502E+003 -0.139085590957192E+003
  0.283830033450791E+000  0.192738978240628E+001  0.889409804184739E+000  0.499286530293541E+000 -0.131028262406404E+000 -0.139084447371204E+003 -0.139084447371204E+003 -0.139084605690680E+003
  0.276925510561063E+000  0.191570864378096E+001  0.116586811880303E-001  0.499490922602990E+000 -0.131028262406404E+000 -0.139084374138681E+003 -0.139084374138681E+003 -0.139084908653889E+003
  0.288608335975596E+000  0.192712292340170E+001  0.783460604153191E+000  0.496179542185934E+000 -0.131028262406404E+000 -0.139084555589671E+003 -0.139084555589671E+003 -0.139084567888927E+003
  0.292061543488438E+000  0.199638416698939E+001  0.719717323084169E+000  0.476229150238695E+000 -0.131028262406404E+000 -0.139084555132837E+003 -0.139084555132837E+003 -0.139084676024601E+003
  0.278449388167617E+000  0.192980407740566E+001  0.335856444081525E+000  0.489730829356768E+000 -0.131028262406404E+000 -0.139084538937760E+003 -0.139084538937760E+003 -0.139084592259791E+003
  0.287951328812341E+000  0.193727148063084E+001  0.955762443757015E+000  0.493345239290099E+000 -0.131028262406404E+000 -0.139084526502560E+003 -0.139084526502560E+003 -0.139084731107888E+003
  0.282442934979430E+000  0.186698663831487E+001  0.875952783509712E+000  0.498559999981977E+000 -0.131028262406404E+000 -0.139084508581711E+003 -0.139084508581711E+003 -0.139084582494768E+003
  0.285930793560556E+000  0.196325143508584E+001  0.866824121725410E+000  0.488270094218458E+000 -0.131028262406404E+000 -0.139084520429937E+003 -0.139084520429937E+003 -0.139086538802318E+003
  0.275354900192010E+000  0.192152609845600E+001  0.934069891586568E+000  0.493686670184470E+000 -0.131028262406404E+000 -0.139084506874537E+003 -0.139084506874537E+003 -0.139084846031983E+003
  0.283867549553021E+000  0.196899371477947E+001  0.854516678107836E+000  0.489956898495877E+000 -0.131028262406404E+000 -0.139084541449138E+003 -0.139084541449138E+003 -0.139084925272415E+003
  0.276844525457275E+000  0.186229070284788E+001  0.229645766965925E+000  0.497856551635633E+000 -0.131028262406404E+000 -0.139084471391535E+003 -0.139084471391535E+003 -0.139084782284235E+003
  0.285641717495735E+000  0.189846629447677E+001  0.181674791911979E+000  0.494340108528214E+000 -0.131028262406404E+000 -0.139084534656411E+003 -0.139084534656411E+003 -0.139084599919652E+003
  0.283307441360845E+000  0.194923927345332E+001  0.870339350340451E-001  0.493901552770926E+000 -0.131028262406404E+000 -0.139084486200190E+003 -0.139084486200190E+003 -0.139084578571681E+003
  0.282186464750958E+000  0.185457753620187E+001  0.419740294243767E+000  0.499543317427240E+000 -0.131028262406404E+000 -0.139084548047658E+003 -0.139084548047658E+003 -0.139084594594204E+003
  0.281949917554786E+000  0.196093592154885E+001  0.737477297742575E+000  0.497809822456146E+000 -0.131028262406404E+000 -0.139084560670176E+003 -0.139084560670176E+003 -0.139084605842541E+003
  0.290200106275645E+000  0.197799673164539E+001  0.504067980379724E+000  0.486609945602692E+000 -0.131028262406404E+000 -0.139084559381798E+003 -0.139084559381798E+003 -0.139084588448102E+003
  0.282588413057506E+000  0.194710166777972E+001  0.662487123360452E-001  0.489147408197875E+000 -0.131028262406404E+000 -0.139084506248718E+003 -0.139084506248718E+003 -0.139084580564178E+003
  0.279162900930033E+000  0.187905330774767E+001  0.225307315803221E+000  0.497374882371707E+000 -0.131028262406404E+000 -0.139084430560838E+003 -0.139084430560838E+003 -0.139084714244316E+003
  0.287022829294475E+000  0.196419923543491E+001  0.325944290655216E-001  0.488454647692351E+000 -0.131028262406404E+000 -0.139084524570522E+003 -0.139084524570522E+003 -0.139084654117510E+003
  0.289678410359468E+000  0.197194300837870E+001  0.836643329335042E+000  0.488478376985074E+000 -0.131028262406404E+000 -0.139084559453492E+003 -0.139084559453492E+003 -0.139084672457516E+003
  0.277450586474416E+000  0.195047762624473E+001  0.825985590631916E+000  0.494891965860453E+000 -0.131028262406404E+000 -0.139084537109920E+003 -0.139084537109920E+003 -0.139086967524054E+003
  0.273894197154014E+000  0.189015771211978E+001  0.678030711629530E+000  0.494368992630770E+000 -0.131028262406404E+000 -0.139084526053385E+003 -0.139084526053385E+003 -0.139084599289838E+003
  0.273306902994800E+000  0.188995697724201E+001  0.164575285630573E+000  0.496097584008435E+000 -0.131028262406404E+000 -0.139084477902051E+003 -0.139084477902051E+003 -0.139090100201426E+003
  0.288171351914152E+000  0.194047826537513E+001  0.889477235236377E+000  0.493788921309526E+000 -0.131028262406404E+000 -0.139084534155226E+003 -0.139084534155226E+003 -0.139084645849556E+003
  0.274519065781631E+000  0.190225691422892E+001  0.587753598542571E+000  0.496410333247991E+000 -0.131028262406404E+000 -0.139084440851056E+003 -0.139084440851056E+003 -0.139084604249005E+003
  0.274738544335055E+000  0.185466975075995E+001  0.684689541017551E+000  0.497112871637411E+000 -0.131028262406404E+000 -0.139084543751448E+003 -0.139084543751448E+003 -0.139084747179938E+003
  0.280038905436076E+000  0.185168719527486E+001  0.883416606422982E+000  0.499224593010326E+000 -0.131028262406404E+000 -0.139084522879786E+003 -0.139084522879786E+003 -0.139084922620948E+003
  0.285414048909365E+000  0.189181950730702E+001  0.463069040422091E+000  0.494348433864720E+000 -0.131028262406404E+000 -0.139084556026227E+003 -0.139084556026227E+003 -0.139084970467301E+003
  0.274309272031252E+000  0.189319618816017E+001  0.457438653290886E+000  0.494405831922331E+000 -0.131028262406404E+000 -0.139084511286737E+003 -0.139084511286737E+003 -0.139085038466509E+003
  0.286689534804204E+000  0.191835506231895E+001  0.487066951109080E+000  0.490904495308222E+000 -0.131028262406404E+000 -0.139084538448264E+003 -0.139084538448264E+003 -0.139085723141081E+003
  0.276633670692016E+000  0.194736428627827E+001  0.225924994234886E+000  0.496992590592171E+000 -0.131028262406404E+000 -0.139084526696319E+003 -0.139084526696319E+003 -0.139084566424113E+003
  0.283710520179149E+000  0.188696520225329E+001  0.740021879605005E+000  0.498096981543092E+000 -0.131028262406404E+000 -0.139084466686298E+003 -0.139084466686298E+003 -0.139085390678605E+003
  0.282428552177959E+000  0.188196779942004E+001  0.475932579325971E+000  0.496165859149232E+000 -0.131028262406404E+000 -0.139084494763819E+003 -0.139084494763819E+003 -0.139084648721686E+003
  0.282074154665291E+000  0.187845007521837E+001  0.662316414767878E+000  0.495129320059606E+000 -0.131028262406404E+000 -0.139084531319897E+003 -0.139084531319897E+003 -0.139084588387575E+003
  0.285512919841696E+000  0.194420587843079E+001  0.483145283832410E+000  0.499775738119952E+000 -0.131028262406404E+000 -0.139084540094437E+003 -0.139084540094437E+003 -0.139084566720289E+003
  0.283135575448703E+000  0.189730893699180E+001  0.513443712572162E+000  0.499117473934037E+000 -0.131028262406404E+000 -0.139084416299399E+003 -0.139084416299399E+003 -0.139084575202836E+003
  0.284734127443502E+000  0.187919062787313E+001  0.480368003699384E+000  0.499246844086462E+000 -0.131028262406404E+000 -0.139084506589595E+003 -0.139084506589595E+003 -0.139084740254375E+003
  0.274013144396607E+000  0.191346028664187E+001  0.963658375197999E+000  0.499046816281686E+000 -0.131028262406404E+000 -0.139084409248298E+003 -0.139084409248298E+003 -0.139085517834069E+003
  0.276590415856829E+000  0.193978893108483E+001  0.834029733084962E+000  0.496544051106233E+000 -0.131028262406404E+000 -0.139084492483925E+003 -0.139084492483925E+003 -0.139084790467990E+003
  0.281167450260160E+000  0.195371545805062E+001  0.695857098593871E+000  0.487398249880363E+000 -0.131028262406404E+000 -0.139084551463650E+003 -0.139084551463650E+003 -0.139085106092878E+003
  0.288314108732216E+000  0.198705015449061E+001  0.511307476561755E+000  0.485647595414050E+000 -0.131028262406404E+000 -0.139084562664600E+003 -0.139084562664600E+003 -0.139084798731576E+003
  0.286964972565572E+000  0.194593226886333E+001  0.422830777466813E+000  0.495355901278886E+000 -0.131028262406404E+000 -0.139084525638729E+003 -0.139084525638729E+003 -0.139084566972209E+003
  0.293180813985551E+000  0.199679914973750E+001  0.498965225893120E-001  0.474637350309272E+000 -0.131028262406404E+000 -0.139084559585596E+003 -0.139084559585596E+003 -0.139084565145083E+003
  0.281720435107240E+000  0.190880354578882E+001  0.472216909105698E-001  0.493619613409301E+000 -0.131028262406404E+000 -0.139084458127260E+003 -0.139084458127260E+003 -0.139084661659293E+003
  0.284487848815254E+000  0.191205692041822E+001  0.426418465556023E+000  0.495294446269855E+000 -0.131028262406404E+000 -0.139084463635355E+003 -0.139084463635355E+003 -0.139085333638463E+003
  0.284402034342568E+000  0.191230701177125E+001  0.187426057832433E+000  0.490651365849223E+000 -0.131028262406404E+000 -0.139084526250055E+003 -0.139084526250055E+003 -0.139084631951822E+003
  0.283753054625114E+000  0.195277972208395E+001  0.815054051604767E+000  0.488787319265713E+000 -0.131028262406404E+000 -0.139084508578531E+003 -0.139084508578531E+003 -0.139084702729498E+003
  0.273732979147555E+000  0.192728193623044E+001  0.788831386038920E+000  0.495831712779497E+000 -0.131028262406404E+000 -0.139084516426560E+003 -0.139084516426560E+003 -0.139084610424652E+003
  0.270493694105696E+000  0.187382813540751E+001  0.250376073097798E+000  0.498834687279280E+000 -0.131028262406404E+000 -0.139084459982608E+003 -0.139084459982608E+003 -0.139084567824585E+003
  0.283990406504233E+000  0.189555646280010E+001  0.395432787930659E+000  0.493874061888325E+000 -0.131028262406404E+000 -0.139084517866841E+003 -0.139084517866841E+003 -0.139084625828436E+003
  0.276975177371397E+000  0.192757991214083E+001  0.502432378092303E-002  0.494387242144322E+000 -0.131028262406404E+000 -0.139084472550650E+003 -0.139084472550650E+003 -0.139084639329799E+003
  0.277571383946121E+000  0.193808528640286E+001  0.349978494252117E-001  0.491315494029993E+000 -0.131028262406404E+000 -0.139084533391452E+003 -0.139084533391452E+003 -0.139084576159672E+003
  0.280504126820539E+000  0.192992808982988E+001  0.498183884829845E+000  0.490930340219134E+000 -0.131028262406404E+000 -0.139084489101756E+003 -0.139084489101756E+003 -0.139084774546558E+003
  0.271333789099870E+000  0.187495907084864E+001  0.306324505956976E+000  0.498361491224193E+000 -0.131028262406404E+000 -0.139084457938831E+003 -0.139084457938831E+003 -0.139084640767663E+003
  0.286237701378633E+000  0.192338492663862E+001  0.769713255278752E+000  0.491189407500053E+000 -0.131028262406404E+000 -0.139084515112392E+003 -0.139084515112392E+003 -0.139084659280470E+003
  0.281075783794810E+000  0.195577723822608E+001  0.247755021984131E+000  0.493764311484902E+000 -0.131028262406404E+000 -0.139084514872564E+003 -0.139084514872564E+003 -0.139084597203259E+003
  0.287321920804934E+000  0.198350483758548E+001  0.206512504827462E+000  0.484183938106552E+000 -0.131028262406404E+000 -0.139084553462485E+003 -0.139084553462485E+003 -0.139084801871122E+003
  0.287919885639416E+000  0.192878258174849E+001  0.161959019425399E+000  0.488518326648184E+000 -0.131028262406404E+000 -0.139084557494859E+003 -0.139084557494859E+003 -0.139084642243695E+003
  0.284502494440802E+000  0.195294397258302E+001  0.305932353737779E+000  0.485389399911537E+000 -0.131028262406404E+000 -0.139084538183723E+003 -0.139084538183723E+003 -0.139084847216323E+003
  0.288140121525133E+000  0.198633300563733E+001  0.884509501234792E+000  0.483757475021914E+000 -0.131028262406404E+000 -0.139084554248563E+003 -0.139084554248563E+003 -0.139084569949943E+003
  0.273205520648914E+000  0.186678944477884E+001  0.306211279154362E+000  0.499446070493666E+000 -0.131028262406404E+000 -0.139084406243779E+003 -0.139084406243779E+003 -0.139086317027445E+003
  0.290766786410193E+000  0.197738770914745E+001  0.842997379679821E+000  0.483197613271737E+000 -0.131028262406404E+000 -0.139084548242219E+003 -0.139084548242219E+003 -0.139084566025411E+003
  0.273909337009428E+000  0.184874207271486E+001  0.866085438515543E+000  0.498919838346928E+000 -0.131028262406404E+000 -0.139084500667554E+003 -0.139084500667554E+003 -0.139084569318545E+003
  0.282265398421458E+000  0.189904349485811E+001  0.984807984469537E+000  0.499154451746690E+000 -0.131028262406404E+000 -0.139084396066003E+003 -0.139084396066003E+003 -0.139084572643373E+003
  0.290285833849365E+000  0.199540485853204E+001  0.968769727918907E+000  0.481032436775757E+000 -0.131028262406404E+000 -0.139084555432025E+003 -0.139084555432025E+003 -0.139084670058358E+003
  0.285857186756349E+000  0.193864886528431E+001  0.216685565306440E+000  0.498766875685544E+000 -0.131028262406404E+000 -0.139084515594591E+003 -0.139084515594591E+003 -0.139084596329336E+003
  0.288721375486147E+000  0.195661420780010E+001  0.561406112168553E+000  0.492362896479203E+000 -0.131028262406404E+000 -0.139084553780085E+003 -0.139084553780085E+003 -0.139084820898030E+003
  0.288942021876415E+000  0.195897920715791E+001  0.702827138152190E+000  0.487611658312604E+000 -0.131028262406404E+000 -0.139084535293178E+003 -0.139084535293178E+003 -0.139084833444946E+003
  0.283080551352756E+000  0.189927328141492E+001  0.967585744365227E+000  0.494452244749670E+000 -0.131028262406404E+000 -0.139084479102228E+003 -0.139084479102228E+003 -0.139084566451063E+003
  0.275136101335758E+000  0.191772754535511E+001  0.573701831027986E+000  0.495564455178730E+000 -0.131028262406404E+000 -0.139084465062695E+003 -0.139084465062695E+003 -0.139084571572761E+003
  0.275388589716136E+000  0.187327801960514E+001  0.887954409109336E+000  0.498303857074134E+000 -0.131028262406404E+000 -0.139084412714047E+003 -0.139084412714047E+003 -0.139086022394152E+003
  0.280350166616561E+000  0.187295379278338E+001  0.809116781976270E+000  0.496071725719852E+000 -0.131028262406404E+000 -0.139084506659111E+003 -0.139084506659111E+003 -0.139084683242924E+003
  0.279578851620980E+000  0.188981050236865E+001  0.334694942262547E+000  0.497781997138008E+000 -0.131028262406404E+000 -0.139084395168095E+003 -0.139084395168095E+003 -0.139084635090528E+003
  0.281553678617028E+000  0.193068749510588E+001  0.424729510008751E+000  0.490585714227211E+000 -0.131028262406404E+000 -0.139084487852647E+003 -0.139084487852647E+003 -0.139084690584086E+003
  0.283913358683902E+000  0.195712115752742E+001  0.906678239185803E+000  0.487419145951940E+000 -0.131028262406404E+000 -0.139084522863428E+003 -0.139084522863428E+003 -0.139084774644169E+003
  0.286604083866351E+000  0.198251685790030E+001  0.121396583131252E+000  0.482694624001886E+000 -0.131028262406404E+000 -0.139084560795812E+003 -0.139084560795812E+003 -0.139084603507288E+003
  0.274858549297546E+000  0.190158495496012E+001  0.237407955998162E+000  0.497044530927694E+000 -0.131028262406404E+000 -0.139084418925327E+003 -0.139084418925327E+003 -0.139084707023042E+003
  0.276986382186594E+000  0.189012147329219E+001  0.617621428908189E+000  0.497782959721587E+000 -0.131028262406404E+000 -0.139084387304927E+003 -0.139084387304927E+003 -0.139084614630451E+003
  0.282685354335588E+000  0.193898044411593E+001  0.280404662645403E+000  0.497072842305279E+000 -0.131028262406404E+000 -0.139084457789454E+003 -0.139084457789454E+003 -0.139084896539044E+003
  0.284125210377897E+000  0.188240005249169E+001  0.580069722386964E+000  0.498831738822604E+000 -0.131028262406404E+000 -0.139084481795977E+003 -0.139084481795977E+003 -0.139084601125858E+003
  0.270541388053628E+000  0.184571995102286E+001  0.827009034218814E+000  0.498987993978623E+000 -0.131028262406404E+000 -0.139084549365845E+003 -0.139084549365845E+003 -0.139084584721281E+003
  0.271905190993869E+000  0.190899054442181E+001  0.843107293547598E+000  0.499760235487148E+000 -0.131028262406404E+000 -0.139084426330157E+003 -0.139084426330157E+003 -0.139084596228786E+003
  0.278398537412887E+000  0.186464119049151E+001  0.976262529709506E+000  0.496914377396131E+000 -0.131028262406404E+000 -0.139084502240506E+003 -0.139084502240506E+003 -0.139085586864579E+003
  0.284285517368152E+000  0.194955308024724E+001  0.635654169748937E+000  0.497516355795538E+000 -0.131028262406404E+000 -0.139084514038378E+003 -0.139084514038378E+003 -0.139084603063268E+003
  0.280772434403247E+000  0.189561830822753E+001  0.455155734716204E+000  0.496941602406839E+000 -0.131028262406404E+000 -0.139084412289669E+003 -0.139084412289669E+003 -0.139084638624769E+003
  0.281622141059497E+000  0.188350748714437E+001  0.332447681328744E-001  0.498320228631314E+000 -0.131028262406404E+000 -0.139084426786824E+003 -0.139084426786824E+003 -0.139084651640439E+003
  0.278506654961949E+000  0.190643584234932E+001  0.673669067219371E+000  0.492168962300090E+000 -0.131028262406404E+000 -0.139084499003170E+003 -0.139084499003170E+003 -0.139085178585138E+003
  0.274255433352658E+000  0.183944658977190E+001  0.997219224522805E+000  0.499606743991726E+000 -0.131028262406404E+000 -0.139084526954995E+003 -0.139084526954995E+003 -0.139084564317705E+003
  0.292887364817657E+000  0.198371378739421E+001  0.152018975546221E+000  0.479732637999250E+000 -0.131028262406404E+000 -0.139084558667770E+003 -0.139084558667770E+003 -0.139084591600112E+003
  0.288002533834536E+000  0.194879571332080E+001  0.536071647349946E+000  0.489854356789218E+000 -0.131028262406404E+000 -0.139084523523632E+003 -0.139084523523632E+003 -0.139084720902474E+003
  0.282863382262353E+000  0.191581191768008E+001  0.296372694386171E+000  0.493536516789690E+000 -0.131028262406404E+000 -0.139084457475981E+003 -0.139084457475981E+003 -0.139084613311558E+003
  0.284284378793608E+000  0.188193289563709E+001  0.463549057235764E+000  0.495472425399772E+000 -0.131028262406404E+000 -0.139084551872404E+003 -0.139084551872404E+003 -0.139084715127060E+003
  0.285626383347110E+000  0.193509928923433E+001  0.830113861948953E+000  0.491585550865759E+000 -0.131028262406404E+000 -0.139084489890455E+003 -0.139084489890455E+003 -0.139084971106530E+003
  0.277957112628114E+000  0.193371048550521E+001  0.242891198552826E+000  0.499497321365350E+000 -0.131028262406404E+000 -0.139084433656305E+003 -0.139084433656305E+003 -0.139084594202277E+003
  0.278552589416621E+000  0.194278064107145E+001  0.635974978496398E+000  0.497473688532872E+000 -0.131028262406404E+000 -0.139084475725044E+003 -0.139084475725044E+003 -0.139084676482595E+003
  0.287568963390376E+000  0.192793385736929E+001  0.191886959455125E+000  0.499640262581794E+000 -0.131028262406404E+000 -0.139084548356967E+003 -0.139084548356967E+003 -0.139084590443332E+003
  0.278987058114534E+000  0.184743873529155E+001  0.842025831931583E+000  0.499315141417839E+000 -0.131028262406404E+000 -0.139084527898712E+003 -0.139084527898712E+003 -0.139084653896448E+003
  0.272321055008152E+000  0.189719277605649E+001  0.227397396585340E+000  0.497439396483590E+000 -0.131028262406404E+000 -0.139084454239733E+003 -0.139084454239733E+003 -0.139084564270912E+003
  0.279853450429783E+000  0.190161277435835E+001  0.878412272289929E+000  0.494984786944047E+000 -0.131028262406404E+000 -0.139084435690279E+003 -0.139084435690279E+003 -0.139084583801564E+003
  0.283662622553211E+000  0.189938288121340E+001  0.257932931727509E+000  0.499657545548247E+000 -0.131028262406404E+000 -0.139084421650721E+003 -0.139084421650721E+003 -0.139084656610375E+003
  0.281397501361277E+000  0.195410881890015E+001  0.632554846551507E-001  0.494753995704503E+000 -0.131028262406404E+000 -0.139084506682965E+003 -0.139084506682965E+003 -0.139084639709807E+003
  0.274802180997662E+000  0.191097526507703E+001  0.814692215747811E+000  0.493747839811812E+000 -0.131028262406404E+000 -0.139084508928302E+003 -0.139084508928302E+003 -0.139084665176684E+003
  0.287813511824416E+000  0.194096152724686E+001  0.976695710579526E+000  0.493294303792464E+000 -0.131028262406404E+000 -0.139084524334653E+003 -0.139084524334653E+003 -0.139084733114047E+003
  0.289974486353792E+000  0.197064423957720E+001  0.104535783603008E+000  0.482402164108236E+000 -0.131028262406404E+000 -0.139084547479761E+003 -0.139084547479761E+003 -0.139084576170343E+003
  0.274301788137642E+000  0.186928672029140E+001  0.488769683529808E-002  0.499019413242917E+000 -0.131028262406404E+000 -0.139084405499068E+003 -0.139084405499068E+003 -0.139084594494403E+003
  0.283494692763797E+000  0.193038934543197E+001  0.802604832549605E+000  0.489332278213389E+000 -0.131028262406404E+000 -0.139084503547276E+003 -0.139084503547276E+003 -0.139084613629051E+003
  0.282024592171727E+000  0.191481688779661E+001  0.280673070908463E+000  0.495308119398742E+000 -0.131028262406404E+000 -0.139084428299594E+003 -0.139084428299594E+003 -0.139084801076115E+003
  0.294846833848578E+000  0.199591035902570E+001  0.361014817871286E+000  0.477816818099301E+000 -0.131028262406404E+000 -0.139084559544539E+003 -0.139084559544539E+003 -0.139084697121360E+003
  0.282548252264500E+000  0.191594749769607E+001  0.137873568250765E+000  0.496299812753986E+000 -0.131028262406404E+000 -0.139084422745471E+003 -0.139084422745471E+003 -0.139085274441522E+003
  0.285050031952365E+000  0.189799861655495E+001  0.694825606110408E+000  0.498860534083156E+000 -0.131028262406404E+000 -0.139084467894054E+003 -0.139084467894054E+003 -0.139084954899093E+003
  0.286067330581974E+000  0.192185706203626E+001  0.475513607498275E+000  0.498927722350329E+000 -0.131028262406404E+000 -0.139084488731088E+003 -0.139084488731088E+003 -0.139084909991597E+003
  0.281516362400006E+000  0.189101892030182E+001  0.275489498809703E+000  0.497006793757214E+000 -0.131028262406404E+000 -0.139084430278543E+003 -0.139084430278543E+003 -0.139084877083770E+003
  0.269987026354024E+000  0.190821230499177E+001  0.174129600234226E+000  0.497350683816111E+000 -0.131028262406404E+000 -0.139084541596278E+003 -0.139084541596278E+003 -0.139084889604976E+003
  0.287161301287867E+000  0.191918679472980E+001  0.693956411974836E+000  0.489974813160158E+000 -0.131028262406404E+000 -0.139084556190227E+003 -0.139084556190227E+003 -0.139084780481906E+003
  0.283978509953496E+000  0.193062032691781E+001  0.245463603631804E+000  0.492491258529038E+000 -0.131028262406404E+000 -0.139084468772371E+003 -0.139084468772371E+003 -0.139084710453342E+003
  0.278644257542935E+000  0.191091034556875E+001  0.539242869380686E+000  0.496102475528060E+000 -0.131028262406404E+000 -0.139084408298255E+003 -0.139084408298255E+003 -0.139084823822782E+003
  0.278715084386419E+000  0.190790994388893E+001  0.641690379638476E+000  0.489865684466233E+000 -0.131028262406404E+000 -0.139084558554060E+003 -0.139084558554060E+003 -0.139084929891622E+003
  0.280255581439993E+000  0.194925603391540E+001  0.113781190792521E-002  0.494861975257687E+000 -0.131028262406404E+000 -0.139084494067438E+003 -0.139084494067438E+003 -0.139084783613525E+003
  0.273543328876135E+000  0.189458194341292E+001  0.957580469533762E-001  0.497032952718486E+000 -0.131028262406404E+000 -0.139084440477847E+003 -0.139084440477847E+003 -0.139084660711659E+003
  0.280329973948358E+000  0.193364991262848E+001  0.563922571919218E+000  0.499303018509205E+000 -0.131028262406404E+000 -0.139084429822072E+003 -0.139084429822072E+003 -0.139084684179977E+003
  0.285612335424936E+000  0.197096940312283E+001  0.202477464695917E+000  0.485990198132167E+000 -0.131028262406404E+000 -0.139084538618523E+003 -0.139084538618523E+003 -0.139084581869299E+003
  0.284011966347390E+000  0.194069961483287E+001  0.896596297354313E+000  0.490048006170933E+000 -0.131028262406404E+000 -0.139084490184358E+003 -0.139084490184358E+003 -0.139084777027009E+003
  0.281455153913871E+000  0.188991249089902E+001  0.858652410868321E+000  0.494195248493914E+000 -0.131028262406404E+000 -0.139084496054916E+003 -0.139084496054916E+003 -0.139084659682587E+003
  0.280673709915689E+000  0.194425317460794E+001  0.803522503144060E+000  0.496408856175872E+000 -0.131028262406404E+000 -0.139084470684302E+003 -0.139084470684302E+003 -0.139084685870134E+003
  0.285455097903538E+000  0.187999830145970E+001  0.827523682474385E+000  0.498092902697822E+000 -0.131028262406404E+000 -0.139084546263172E+003 -0.139084546263172E+003 -0.139084835119695E+003
  0.286519464164847E+000  0.191641897301551E+001  0.537783279619586E+000  0.494077310163972E+000 -0.131028262406404E+000 -0.139084509626248E+003 -0.139084509626248E+003 -0.139084788211531E+003
  0.278564084503825E+000  0.187700490485534E+001  0.445864906343304E+000  0.497202490977058E+000 -0.131028262406404E+000 -0.139084438367033E+003 -0.139084438367033E+003 -0.139084802676961E+003
  0.287700590047462E+000  0.194075803046863E+001  0.264898334421165E+000  0.485284370512388E+000 -0.131028262406404E+000 -0.139084559380075E+003 -0.139084559380075E+003 -0.139084636762305E+003
  0.275303335215012E+000  0.189906254464440E+001  0.121452221714345E+000  0.493084237015454E+000 -0.131028262406404E+000 -0.139084527155804E+003 -0.139084527155804E+003 -0.139084742838325E+003
  0.272670858950286E+000  0.189187452006372E+001  0.934129666658326E-001  0.495407024256717E+000 -0.131028262406404E+000 -0.139084513231214E+003 -0.139084513231214E+003 -0.139084961218033E+003
  0.293593609467160E+000  0.199455862928995E+001  0.862571525056727E-001  0.479612756770179E+000 -0.131028262406404E+000 -0.139084556824695E+003 -0.139084556824695E+003 -0.139084825663687E+003
  0.274215561611046E+000  0.189860628466082E+001  0.437964129341106E+000  0.497890048057231E+000 -0.131028262406404E+000 -0.139084405851656E+003 -0.139084405851656E+003 -0.139084900427526E+003
  0.290892648792128E+000  0.199574068870741E+001  0.901137180726325E+000  0.481742286700773E+000 -0.131028262406404E+000 -0.139084557554179E+003 -0.139084557554179E+003 -0.139085335800462E+003
  0.280630250826021E+000  0.193578060537281E+001  0.180502417869070E+000  0.499544867824680E+000 -0.131028262406404E+000 -0.139084440017421E+003 -0.139084440017421E+003 -0.139085108919434E+003
  0.273089541154337E+000  0.188093424684164E+001  0.306813505517449E+000  0.498157177886674E+000 -0.131028262406404E+000 -0.139084423651810E+003 -0.139084423651810E+003 -0.139084571808092E+003
  0.284689272134445E+000  0.189208535013092E+001  0.121853913469611E+000  0.493639821652931E+000 -0.131028262406404E+000 -0.139084551242905E+003 -0.139084551242905E+003 -0.139088732538561E+003
  0.279116903933292E+000  0.194719202878714E+001  0.345256188171078E+000  0.489256149871376E+000 -0.131028262406404E+000 -0.139084552080100E+003 -0.139084552080100E+003 -0.139085820216352E+003
  0.287860976100456E+000  0.196011442504479E+001  0.587779059401444E+000  0.490833774507595E+000 -0.131028262406404E+000 -0.139084534300869E+003 -0.139084534300869E+003 -0.139085109317001E+003
  0.286993404735834E+000  0.191253043035464E+001  0.937547571199988E-001  0.497058750938066E+000 -0.131028262406404E+000 -0.139084515067111E+003 -0.139084515067111E+003 -0.139084589880484E+003
  0.278818552120616E+000  0.194741326559186E+001  0.518474986800138E+000  0.492679707944338E+000 -0.131028262406404E+000 -0.139084516546085E+003 -0.139084516546085E+003 -0.139084727345283E+003
  0.271776187516098E+000  0.190444969045060E+001  0.418721567861144E+000  0.494714428491609E+000 -0.131028262406404E+000 -0.139084557501522E+003 -0.139084557501522E+003 -0.139084562922877E+003
  0.276275510670560E+000  0.193744260614699E+001  0.691618020968537E+000  0.496260586439263E+000 -0.131028262406404E+000 -0.139084490599652E+003 -0.139084490599652E+003 -0.139084606010928E+003
  0.287418182771510E+000  0.193774825580809E+001  0.620303944311557E+000  0.494591173963588E+000 -0.131028262406404E+000 -0.139084518724095E+003 -0.139084518724095E+003 -0.139084637722872E+003
  0.281900865008674E+000  0.191341328797791E+001  0.109720033577266E+000  0.493977311788248E+000 -0.131028262406404E+000 -0.139084446760163E+003 -0.139084446760163E+003 -0.139084584399553E+003
  0.273673060440640E+000  0.186010849467076E+001  0.598282037391412E+000  0.498788748098931E+000 -0.131028262406404E+000 -0.139084451403145E+003 -0.139084451403145E+003 -0.139084574103635E+003
  0.282380589001200E+000  0.196028653447631E+001  0.518206668158687E+000  0.488247155609828E+000 -0.131028262406404E+000 -0.139084536490488E+003 -0.139084536490488E+003 -0.139084598172378E+003
  0.283579578656305E+000  0.190681182901022E+001  0.201536473048722E+000  0.491451021850466E+000 -0.131028262406404E+000 -0.139084519787545E+003 -0.139084519787545E+003 -0.139084618906318E+003
  0.284234527265564E+000  0.190998893540496E+001  0.545226756684785E+000  0.489879498265019E+000 -0.131028262406404E+000 -0.139084547472111E+003 -0.139084547472111E+003 -0.139084569446011E+003
  0.283901258250060E+000  0.189870422910012E+001  0.101907536017326E+000  0.497711306836554E+000 -0.131028262406404E+000 -0.139084447270669E+003 -0.139084447270669E+003 -0.139084627780619E+003
  0.275393591309203E+000  0.185379798615630E+001  0.530090368329790E+000  0.497194488665452E+000 -0.131028262406404E+000 -0.139084543462260E+003 -0.139084543462260E+003 -0.139084678625668E+003
  0.267143666823073E+000  0.188605503452661E+001  0.159077663594084E-001  0.499286688563302E+000 -0.131028262406404E+000 -0.139084544028437E+003 -0.139084544028437E+003 -0.139084563236264E+003
  0.290112337041000E+000  0.198551749342659E+001  0.870724077489422E+000  0.481357060770622E+000 -0.131028262406404E+000 -0.139084547355576E+003 -0.139084547355576E+003 -0.139084565987302E+003
  0.271323382042190E+000  0.190430241548918E+001  0.965121445706252E-002  0.498010074211181E+000 -0.131028262406404E+000 -0.139084472346182E+003 -0.139084472346182E+003 -0.139084603749014E+003
  0.284120844078019E+000  0.192187854197729E+001  0.865592535232160E+000  0.489358550353259E+000 -0.131028262406404E+000 -0.139084520478177E+003 -0.139084520478177E+003 -0.139084585696856E+003
  0.285144175366059E+000  0.194288018149760E+001  0.497372310143285E+000  0.497905642321092E+000 -0.131028262406404E+000 -0.139084505869815E+003 -0.139084505869815E+003 -0.139085161082054E+003
  0.272517598584108E+000  0.188524656850182E+001  0.752729067627970E+000  0.495137440269001E+000 -0.131028262406404E+000 -0.139084536748524E+003 -0.139084536748524E+003 -0.139084590785405E+003
  0.285119587712197E+000  0.190581221359961E+001  0.645112737466590E+000  0.499995688058564E+000 -0.131028262406404E+000 -0.139084456325499E+003 -0.139084456325499E+003 -0.139084627556710E+003
  0.275397511016329E+000  0.193552201620663E+001  0.618124002427264E+000  0.493136403757574E+000 -0.131028262406404E+000 -0.139084546584737E+003 -0.139084546584737E+003 -0.139084596346183E+003
  0.277224995022066E+000  0.191167828042341E+001  0.258819333920166E+000  0.499211403063087E+000 -0.131028262406404E+000 -0.139084366640518E+003 -0.139084366640518E+003 -0.139084702152269E+003
  0.289530143533412E+000  0.198117663072123E+001  0.420924173345613E+000  0.484392987604415E+000 -0.131028262406404E+000 -0.139084546997854E+003 -0.139084546997854E+003 -0.139084688244397E+003
  0.290890216148262E+000  0.197817503112282E+001  0.610532296388633E+000  0.481932808679602E+000 -0.131028262406404E+000 -0.139084548569289E+003 -0.139084548569289E+003 -0.139084757577160E+003
  0.285133592488778E+000  0.189094926258197E+001  0.193523459197753E+000  0.495618174660767E+000 -0.131028262406404E+000 -0.139084530323963E+003 -0.139084530323963E+003 -0.139084857482103E+003
  0.282908457322048E+000  0.195586479991986E+001  0.962041020978339E+000  0.490689658565269E+000 -0.131028262406404E+000 -0.139084508241835E+003 -0.139084508241835E+003 -0.139084722465048E+003
  0.287973040744147E+000  0.191070438933475E+001  0.954402304458246E+000  0.495630385255287E+000 -0.131028262406404E+000 -0.139084553983610E+003 -0.139084553983610E+003 -0.139084564263454E+003
  0.279184271180619E+000  0.189321212731265E+001  0.303754376730290E+000  0.494474481822979E+000 -0.131028262406404E+000 -0.139084465418802E+003 -0.139084465418802E+003 -0.139084881808948E+003
  0.281840118868370E+000  0.193700334216784E+001  0.100354958533125E+000  0.496944476404934E+000 -0.131028262406404E+000 -0.139084446536917E+003 -0.139084446536917E+003 -0.139084587823917E+003
  0.286160716955232E+000  0.195343769591463E+001  0.966439639450926E+000  0.485797161239340E+000 -0.131028262406404E+000 -0.139084527820653E+003 -0.139084527820653E+003 -0.139084834042081E+003
  0.272672444853001E+000  0.189781661959810E+001  0.680208521805956E+000  0.498684189510513E+000 -0.131028262406404E+000 -0.139084411845475E+003 -0.139084411845475E+003 -0.139084562902989E+003
