  0.101960786595687E+000  0.780753385126663E+000  0.725361019163616E+000  0.100239842009318E+000 -0.131028262406404E+000 -0.136023238121620E+003 -0.136023238121620E+003 -0.136024360871327E+003
  0.103553192604685E+000  0.503612356061860E+000  0.413651222560435E+000  0.100478183009466E+000 -0.131028262406404E+000 -0.136023573451442E+003 -0.136023573451442E+003 -0.136026092995367E+003
  0.101117834602328E+000  0.628437216567040E+000  0.347081209656176E+000  0.100630695049196E+000 -0.131028262406404E+000 -0.136022329600634E+003 -0.136022329600634E+003 -0.136029422143391E+003
  0.100134928925300E+000  0.163820587178642E+001  0.944352294650327E+000  0.101677202248172E+000 -0.131028262406404E+000 -0.136024335995910E+003 -0.136024335995910E+003 -0.136028157955102E+003
  0.101561425391998E+000  0.533365076265368E+000  0.313509927434577E-001  0.100001415822060E+000 -0.131028262406404E+000 -0.136021832645246E+003 -0.136021832645246E+003 -0.136026155299422E+003
  0.101429571042926E+000  0.731626923257245E+000  0.349743696195648E+000  0.100298894993306E+000 -0.131028262406404E+000 -0.136022705126400E+003 -0.136022705126400E+003 -0.136028639301432E+003
  0.100093123329372E+000  0.551382717771677E+000  0.277594985854498E-001  0.102360695330022E+000 -0.131028262406404E+000 -0.136022461681826E+003 -0.136022461681826E+003 -0.136024408658560E+003
  0.100161589560468E+000  0.854730907906973E+000  0.162538922871556E+000  0.101781037355875E+000 -0.131028262406404E+000 -0.136023219953399E+003 -0.136023219953399E+003 -0.136029090783720E+003
  0.100547054874201E+000  0.673122701272463E+000  0.561246098036735E+000  0.101694251905110E+000 -0.131028262406404E+000 -0.136022831549802E+003 -0.136022831549802E+003 -0.136026823111616E+003
  0.100517871425181E+000  0.184418765220828E+001  0.899777463329137E+000  0.100455741630757E+000 -0.131028262406404E+000 -0.136023602712887E+003 -0.136023602712887E+003 -0.136024582248611E+003
  0.100369652439291E+000  0.108050267892342E+001  0.761645530581403E-001  0.100813306112820E+000 -0.131028262406404E+000 -0.136023249500066E+003 -0.136023249500066E+003 -0.136025193969782E+003
  0.101412707998676E+000  0.140376258347776E+001  0.593549049928508E-001  0.100027214862950E+000 -0.131028262406404E+000 -0.136023955068306E+003 -0.136023955068306E+003 -0.136026540086033E+003
  0.103601408078032E+000  0.529305544486774E+000  0.317534851887261E+000  0.100726716224044E+000 -0.131028262406404E+000 -0.136023904908293E+003 -0.136023904908293E+003 -0.136037186396091E+003
  0.100673700594749E+000  0.178057915110977E+001  0.239027071141478E+000  0.101124143319510E+000 -0.131028262406404E+000 -0.136024291587206E+003 -0.136024291587206E+003 -0.136025692036828E+003
  0.100342221219580E+000  0.123539396302678E+001  0.534143021765648E+000  0.101802982182875E+000 -0.131028262406404E+000 -0.136024278471490E+003 -0.136024278471490E+003 -0.136024965399283E+003
  0.100441223898746E+000  0.128776039500665E+001  0.258571140027861E+000  0.101016638524916E+000 -0.131028262406404E+000 -0.136023828482793E+003 -0.136023828482793E+003 -0.136024472919193E+003
  0.102083577818468E+000  0.592230381574721E+000  0.385511032941447E+000  0.101955316215207E+000 -0.131028262406404E+000 -0.136023897297778E+003 -0.136023897297778E+003 -0.136024549314452E+003
  0.100756060322836E+000  0.801599340628126E+000  0.256770380355535E+000  0.101285201147655E+000 -0.131028262406404E+000 -0.136023149115283E+003 -0.136023149115283E+003 -0.136024458647671E+003
  0.101119274720479E+000  0.792982207851402E+000  0.713377612517138E+000  0.101498831181252E+000 -0.131028262406404E+000 -0.136023563786889E+003 -0.136023563786889E+003 -0.136027986150631E+003
  0.101318252769370E+000  0.101346489427391E+001  0.980027744773669E+000  0.100021359132022E+000 -0.131028262406404E+000 -0.136023234867571E+003 -0.136023234867571E+003 -0.136024724110217E+003
  0.100951527773072E+000  0.912070381811994E+000  0.226813713733009E+000  0.100285100970138E+000 -0.131028262406404E+000 -0.136022887718120E+003 -0.136022887718120E+003 -0.136024516641396E+003
  0.103942525352091E+000  0.519071231041290E+000  0.363753688794697E+000  0.100334167249511E+000 -0.131028262406404E+000 -0.136023833595218E+003 -0.136023833595218E+003 -0.136024852190110E+003
  0.100946323474339E+000  0.597702800592750E+000  0.938519993160126E+000  0.100696865758150E+000 -0.131028262406404E+000 -0.136022124688581E+003 -0.136022124688581E+003 -0.136026488594234E+003
  0.100592430939483E+000  0.510592034290949E+000  0.784692981124191E+000  0.104159543556626E+000 -0.131028262406404E+000 -0.136023941354780E+003 -0.136023941354780E+003 -0.136024645853886E+003
  0.100296201080593E+000  0.134448100802358E+001  0.794685162647237E+000  0.101306321747374E+000 -0.131028262406404E+000 -0.136024009033650E+003 -0.136024009033650E+003 -0.136030920787776E+003
  0.100327377507749E+000  0.163618088544202E+001  0.694199379442693E+000  0.100186234857564E+000 -0.131028262406404E+000 -0.136023328464252E+003 -0.136023328464252E+003 -0.136024609234734E+003
  0.100027678146715E+000  0.979419807337205E+000  0.624622114373398E+000  0.102487761814855E+000 -0.131028262406404E+000 -0.136024001679204E+003 -0.136024001679204E+003 -0.136025637708176E+003
  0.100921537691532E+000  0.122465845110898E+001  0.362516998259233E+000  0.101238282961347E+000 -0.131028262406404E+000 -0.136024285741158E+003 -0.136024285741158E+003 -0.136024720968477E+003
  0.100833527789212E+000  0.879605040188953E+000  0.656603628495134E+000  0.100635958352422E+000 -0.131028262406404E+000 -0.136022967097330E+003 -0.136022967097330E+003 -0.136031763271849E+003
  0.100852999091091E+000  0.648017579577875E+000  0.864526970563093E-001  0.102236930480937E+000 -0.131028262406404E+000 -0.136023367707047E+003 -0.136023367707047E+003 -0.136027414033406E+003
  0.102610094877092E+000  0.599372902510941E+000  0.680462313963502E+000  0.100610659306260E+000 -0.131028262406404E+000 -0.136023350440512E+003 -0.136023350440512E+003 -0.136024813261127E+003
  0.101030374398169E+000  0.635534068964482E+000  0.761216337399252E+000  0.100859778954711E+000 -0.131028262406404E+000 -0.136022456156116E+003 -0.136022456156116E+003 -0.136024640067021E+003
  0.100538368913072E+000  0.505213307059338E+000  0.904399225421302E+000  0.102275337771415E+000 -0.131028262406404E+000 -0.136022544811099E+003 -0.136022544811099E+003 -0.136025659683524E+003
  0.100025818065758E+000  0.676279598963095E+000  0.603544614696319E+000  0.100587898692371E+000 -0.131028262406404E+000 -0.136021635351816E+003 -0.136021635351816E+003 -0.136024745857615E+003
  0.100753387578135E+000  0.147857721095794E+001  0.330958601422731E+000  0.100702483086999E+000 -0.131028262406404E+000 -0.136024020324034E+003 -0.136024020324034E+003 -0.136024582082495E+003
  0.100380077158818E+000  0.962269679114674E+000  0.824268747804250E-001  0.101965964121564E+000 -0.131028262406404E+000 -0.136023843252094E+003 -0.136023843252094E+003 -0.136024738705807E+003
  0.103016552943570E+000  0.550003901559914E+000  0.755181693276560E+000  0.101105889719193E+000 -0.131028262406404E+000 -0.136023821654913E+003 -0.136023821654913E+003 -0.136025402282207E+003
  0.100157926787549E+000  0.168239604815434E+001  0.518793887957408E+000  0.100134221889275E+000 -0.131028262406404E+000 -0.136023150085082E+003 -0.136023150085082E+003 -0.136025843465422E+003
  0.100232799840792E+000  0.877831798820298E+000  0.623159876900985E+000  0.100858886026144E+000 -0.131028262406404E+000 -0.136022659611818E+003 -0.136022659611818E+003 -0.136024849023894E+003
  0.100502073829483E+000  0.160580384751435E+001  0.742535932255288E+000  0.100636594490633E+000 -0.131028262406404E+000 -0.136023815948668E+003 -0.136023815948668E+003 -0.136024651991212E+003
  0.101131732830915E+000  0.182368307656602E+001  0.473117106771564E+000  0.100665925783680E+000 -0.131028262406404E+000 -0.136024267684767E+003 -0.136024267684767E+003 -0.136024496016366E+003
  0.104193318596188E+000  0.553338956991815E+000  0.407738455090910E+000  0.100244299306347E+000 -0.131028262406404E+000 -0.136024106163768E+003 -0.136024106163768E+003 -0.136024376789487E+003
  0.100346220576035E+000  0.519528713247780E+000  0.276955905560094E+000  0.102806945855668E+000 -0.131028262406404E+000 -0.136022834709250E+003 -0.136022834709250E+003 -0.136025959193943E+003
  0.103559019891854E+000  0.562368644279775E+000  0.482906856014176E+000  0.100109097300010E+000 -0.131028262406404E+000 -0.136023558145691E+003 -0.136023558145691E+003 -0.136025044460449E+003
  0.101088267651496E+000  0.118963847048648E+001  0.470515025705858E+000  0.100706868788225E+000 -0.131028262406404E+000 -0.136023947044695E+003 -0.136023947044695E+003 -0.136027207652445E+003
  0.100024745505845E+000  0.835289915180773E+000  0.571900665212866E+000  0.101933192984057E+000 -0.131028262406404E+000 -0.136023163686952E+003 -0.136023163686952E+003 -0.136024372717232E+003
  0.100069201033197E+000  0.895619614237243E+000  0.277022149792184E+000  0.100248622027960E+000 -0.131028262406404E+000 -0.136022128096393E+003 -0.136022128096393E+003 -0.136030212845101E+003
  0.100805161117993E+000  0.862928780312524E+000  0.523280702026156E+000  0.101740226888911E+000 -0.131028262406404E+000 -0.136023721981144E+003 -0.136023721981144E+003 -0.136025629396910E+003
  0.102378434361298E+000  0.556472239387757E+000  0.192545619308498E-001  0.101526838479417E+000 -0.131028262406404E+000 -0.136023662777545E+003 -0.136023662777545E+003 -0.136025105883647E+003
  0.101009007651561E+000  0.106896439871535E+001  0.412303101696853E+000  0.100227366889387E+000 -0.131028262406404E+000 -0.136023278124799E+003 -0.136023278124799E+003 -0.136025509933518E+003
  0.101538560156200E+000  0.755814578036174E+000  0.485917010199063E+000  0.102162434653052E+000 -0.131028262406404E+000 -0.136024258140262E+003 -0.136024258140262E+003 -0.136026488313486E+003
  0.100352099867231E+000  0.132421251296934E+001  0.741205739622700E+000  0.101517995853165E+000 -0.131028262406404E+000 -0.136024193002144E+003 -0.136024193002144E+003 -0.136024928080999E+003
  0.100303935875146E+000  0.106515757853752E+001  0.167138549562496E+000  0.102243146953388E+000 -0.131028262406404E+000 -0.136024250740560E+003 -0.136024250740560E+003 -0.136028144305484E+003
  0.101259695701336E+000  0.881146577067010E+000  0.990131093607866E+000  0.101034300727202E+000 -0.131028262406404E+000 -0.136023604261184E+003 -0.136023604261184E+003 -0.136025654086553E+003
  0.101299281040480E+000  0.531728371909197E+000  0.377950472496417E-001  0.101848942474236E+000 -0.131028262406404E+000 -0.136022950662548E+003 -0.136022950662548E+003 -0.136026804883725E+003
  0.100759106591759E+000  0.193747182084907E+001  0.188969782010694E+000  0.100556815554211E+000 -0.131028262406404E+000 -0.136023777987469E+003 -0.136023777987469E+003 -0.136024581104557E+003
  0.100751500292049E+000  0.186483541374662E+001  0.639698868997775E+000  0.100054546946934E+000 -0.131028262406404E+000 -0.136023456598011E+003 -0.136023456598011E+003 -0.136025250483477E+003
  0.100564827388388E+000  0.652532586848247E+000  0.245046716175540E+000  0.102094076185524E+000 -0.131028262406404E+000 -0.136023056132944E+003 -0.136023056132944E+003 -0.136024681031418E+003
  0.100653966804629E+000  0.136663797089896E+001  0.219377775801189E-001  0.100051111356006E+000 -0.131028262406404E+000 -0.136023342140342E+003 -0.136023342140342E+003 -0.136026768913760E+003
  0.100148871112436E+000  0.110594233703699E+001  0.845546579751356E+000  0.100057345642761E+000 -0.131028262406404E+000 -0.136022553732487E+003 -0.136022553732487E+003 -0.136025090795822E+003
  0.100964720890497E+000  0.107412801856965E+001  0.514374774398722E-001  0.101372723050980E+000 -0.131028262406404E+000 -0.136024132015983E+003 -0.136024132015983E+003 -0.136025333080917E+003
  0.100994485845092E+000  0.138636952432977E+001  0.838752237942720E+000  0.100396773741763E+000 -0.131028262406404E+000 -0.136023899081643E+003 -0.136023899081643E+003 -0.136029145816103E+003
  0.100317420188305E+000  0.743047616339136E+000  0.674692351632662E+000  0.101007938958540E+000 -0.131028262406404E+000 -0.136022404988916E+003 -0.136022404988916E+003 -0.136024451705350E+003
  0.101694591892754E+000  0.101748811389263E+001  0.652593283555933E-001  0.100671355151207E+000 -0.131028262406404E+000 -0.136024036854244E+003 -0.136024036854244E+003 -0.136024491443673E+003
  0.100089545735321E+000  0.116118569440245E+001  0.352947547141694E+000  0.101713884225656E+000 -0.131028262406404E+000 -0.136023878887705E+003 -0.136023878887705E+003 -0.136028809704779E+003
  0.100706076807214E+000  0.813463028178112E+000  0.944721053555936E+000  0.102216483311818E+000 -0.131028262406404E+000 -0.136023840190988E+003 -0.136023840190988E+003 -0.136034118917458E+003
  0.101861194835690E+000  0.708462721445081E+000  0.636370530595720E+000  0.100969932479741E+000 -0.131028262406404E+000 -0.136023454823976E+003 -0.136023454823976E+003 -0.136025447071248E+003
  0.100169993037557E+000  0.576718784154790E+000  0.265311501268692E+000  0.100819791159284E+000 -0.131028262406404E+000 -0.136021530670055E+003 -0.136021530670055E+003 -0.136024973815572E+003
  0.103994623155017E+000  0.586026916275361E+000  0.615239047198448E+000  0.100078787462091E+000 -0.131028262406404E+000 -0.136023966547003E+003 -0.136023966547003E+003 -0.136024524090060E+003
  0.101247112035605E+000  0.579266464940021E+000  0.698110920310771E+000  0.100245856166318E+000 -0.131028262406404E+000 -0.136021956127438E+003 -0.136021956127438E+003 -0.136024690199231E+003
  0.100115680204912E+000  0.177295355335047E+001  0.328358269117853E+000  0.101415731110413E+000 -0.131028262406404E+000 -0.136024078801557E+003 -0.136024078801557E+003 -0.136024858232605E+003
  0.101458088454780E+000  0.565642933319451E+000  0.195355351839159E+000  0.102803644018279E+000 -0.131028262406404E+000 -0.136023908470864E+003 -0.136023908470864E+003 -0.136024403436650E+003
  0.100214789974438E+000  0.689788023309981E+000  0.332212630546094E+000  0.103026445211700E+000 -0.131028262406404E+000 -0.136023601515679E+003 -0.136023601515679E+003 -0.136025730601387E+003
  0.103026108917863E+000  0.754884225610468E+000  0.554114861189918E-001  0.100305753049231E+000 -0.131028262406404E+000 -0.136024025294515E+003 -0.136024025294515E+003 -0.136024671998376E+003
  0.101664376416665E+000  0.117821504852446E+001  0.327680013597294E+000  0.100503813007983E+000 -0.131028262406404E+000 -0.136024222790914E+003 -0.136024222790914E+003 -0.136029559808077E+003
  0.102011602646514E+000  0.657772231791887E+000  0.444169196762829E+000  0.102199687338577E+000 -0.131028262406404E+000 -0.136024287780744E+003 -0.136024287780744E+003 -0.136024444753604E+003
  0.100230288631595E+000  0.135132075262596E+001  0.155550670435951E+000  0.100521446311711E+000 -0.131028262406404E+000 -0.136023357244743E+003 -0.136023357244743E+003 -0.136027046842327E+003
  0.103598550092538E+000  0.504329742744798E+000  0.791992970354106E+000  0.101408339341647E+000 -0.131028262406404E+000 -0.136024290675322E+003 -0.136024290675322E+003 -0.136026993583839E+003
  0.101614371952844E+000  0.185912117952757E+001  0.266302497187154E+000  0.100048136720831E+000 -0.131028262406404E+000 -0.136024134486216E+003 -0.136024134486216E+003 -0.136025737201908E+003
  0.100121684699547E+000  0.878135763862104E+000  0.765979535365841E+000  0.102522885753252E+000 -0.131028262406404E+000 -0.136023811791813E+003 -0.136023811791813E+003 -0.136024601700816E+003
  0.101139750949657E+000  0.558747427501224E+000  0.473296985375813E+000  0.101514684901580E+000 -0.131028262406404E+000 -0.136022703526242E+003 -0.136022703526242E+003 -0.136024422537463E+003
  0.102445645740335E+000  0.864462485079011E+000  0.526191166243358E+000  0.100105036927893E+000 -0.131028262406404E+000 -0.136023775006683E+003 -0.136023775006683E+003 -0.136033572225315E+003
  0.100235195301766E+000  0.766396024887015E+000  0.742191828421775E-001  0.102985755539921E+000 -0.131028262406404E+000 -0.136023872816165E+003 -0.136023872816165E+003 -0.136026402760665E+003
  0.100606726388791E+000  0.128148709233991E+001  0.894833614045487E+000  0.100935777649366E+000 -0.131028262406404E+000 -0.136023888266562E+003 -0.136023888266562E+003 -0.136024419035581E+003
  0.100700102711174E+000  0.144751020824313E+001  0.846975536284458E+000  0.100859710672021E+000 -0.131028262406404E+000 -0.136024079893483E+003 -0.136024079893483E+003 -0.136024458185163E+003
  0.103630879252858E+000  0.603290353554744E+000  0.526834205166529E+000  0.100795299271558E+000 -0.131028262406404E+000 -0.136024290122352E+003 -0.136024290122352E+003 -0.136025019472972E+003
  0.101171492191445E+000  0.527312489208057E+000  0.900280889563924E+000  0.101894831072161E+000 -0.131028262406404E+000 -0.136022864889481E+003 -0.136022864889481E+003 -0.136024454599433E+003
  0.100917333669638E+000  0.171139350143200E+001  0.189548315197405E+000  0.100149289209748E+000 -0.131028262406404E+000 -0.136023752540200E+003 -0.136023752540200E+003 -0.136030140171007E+003
  0.102014991965082E+000  0.719871984684974E+000  0.961163857098669E+000  0.100660543024523E+000 -0.131028262406404E+000 -0.136023385490420E+003 -0.136023385490420E+003 -0.136025831339757E+003
  0.101455644842379E+000  0.837674124248073E+000  0.689623826076699E+000  0.100553580106381E+000 -0.131028262406404E+000 -0.136023263625692E+003 -0.136023263625692E+003 -0.136025250204522E+003
  0.100494910693399E+000  0.161271698188268E+001  0.810706815157481E+000  0.100683252262031E+000 -0.131028262406404E+000 -0.136023847359423E+003 -0.136023847359423E+003 -0.136026367637424E+003
  0.101168627276306E+000  0.111615765730668E+001  0.495241725671663E+000  0.100723243133148E+000 -0.131028262406404E+000 -0.136023883868348E+003 -0.136023883868348E+003 -0.136024656714008E+003
  0.102646053719003E+000  0.581889072197048E+000  0.954188223957232E+000  0.100611631108552E+000 -0.131028262406404E+000 -0.136023307746344E+003 -0.136023307746344E+003 -0.136024459979124E+003
  0.101147869159753E+000  0.787533827695631E+000  0.552634556702061E+000  0.100112304209287E+000 -0.131028262406404E+000 -0.136022536002442E+003 -0.136022536002442E+003 -0.136024492684861E+003
  0.100843850617605E+000  0.176020726400012E+001  0.428012736153435E+000  0.100792395408458E+000 -0.131028262406404E+000 -0.136024178430508E+003 -0.136024178430508E+003 -0.136025130513918E+003
  0.102409085628771E+000  0.568573324920331E+000  0.940165024021019E+000  0.101694962724382E+000 -0.131028262406404E+000 -0.136023860776033E+003 -0.136023860776033E+003 -0.136024709623315E+003
  0.102960122276400E+000  0.564892072140480E+000  0.151837365028834E+000  0.100100623840724E+000 -0.131028262406404E+000 -0.136023103957425E+003 -0.136023103957425E+003 -0.136024547504013E+003
  0.100224705419411E+000  0.525355094252375E+000  0.273211664491223E-001  0.101358067739019E+000 -0.131028262406404E+000 -0.136021741622795E+003 -0.136021741622795E+003 -0.136024467110626E+003
  0.100749703411444E+000  0.773070510648452E+000  0.100313748176264E+000  0.102470097487502E+000 -0.131028262406404E+000 -0.136023924563720E+003 -0.136023924563720E+003 -0.136163806797596E+003
  0.100657404926769E+000  0.183965939633919E+001  0.863589676096079E+000  0.100743206509436E+000 -0.131028262406404E+000 -0.136023940415118E+003 -0.136023940415118E+003 -0.136029611068512E+003
  0.100594310406656E+000  0.680241271091366E+000  0.542986581208506E+000  0.101961700344160E+000 -0.131028262406404E+000 -0.136023090141463E+003 -0.136023090141463E+003 -0.136026827254005E+003
  0.100349102342159E+000  0.596755916195770E+000  0.672809302057966E+000  0.104009602596128E+000 -0.131028262406404E+000 -0.136024033144598E+003 -0.136024033144598E+003 -0.136025946198843E+003
  0.100343085204128E+000  0.966051235639039E+000  0.956930433825672E+000  0.101162145365152E+000 -0.131028262406404E+000 -0.136023218791736E+003 -0.136023218791736E+003 -0.136024729683832E+003
  0.100782161140968E+000  0.842671663791609E+000  0.485878974016327E+000  0.100946411034575E+000 -0.131028262406404E+000 -0.136023048185520E+003 -0.136023048185520E+003 -0.136030003314493E+003
  0.101275797497038E+000  0.173286874432548E+001  0.972381522232815E+000  0.100552557145096E+000 -0.131028262406404E+000 -0.136024344339880E+003 -0.136024344339880E+003 -0.136035559219602E+003
  0.100723814191698E+000  0.136667419419514E+001  0.329110461902458E+000  0.100631498580971E+000 -0.131028262406404E+000 -0.136023848622489E+003 -0.136023848622489E+003 -0.136032500895071E+003
  0.100766071324162E+000  0.172629562179936E+001  0.758315449000682E+000  0.100693174593905E+000 -0.131028262406404E+000 -0.136024053870306E+003 -0.136024053870306E+003 -0.136030323904713E+003
  0.100849208020502E+000  0.951071307386151E+000  0.883266825323542E+000  0.101837824147843E+000 -0.131028262406404E+000 -0.136024087552618E+003 -0.136024087552618E+003 -0.136024726738302E+003
  0.100413095724596E+000  0.101236607469070E+001  0.437161616833643E-001  0.101933906176509E+000 -0.131028262406404E+000 -0.136023975787334E+003 -0.136023975787334E+003 -0.136024963297677E+003
  0.100141006939708E+000  0.968604102297838E+000  0.343145071454347E+000  0.102537107917989E+000 -0.131028262406404E+000 -0.136024099937464E+003 -0.136024099937464E+003 -0.136027481680111E+003
  0.100503141070843E+000  0.181151433675801E+001  0.205577608777112E+000  0.100570461367156E+000 -0.131028262406404E+000 -0.136023705088460E+003 -0.136023705088460E+003 -0.136026121075227E+003
  0.100080618900377E+000  0.104082762241578E+001  0.221993766719223E+000  0.100501174734491E+000 -0.131028262406404E+000 -0.136022697353388E+003 -0.136022697353388E+003 -0.136024864768741E+003
  0.100947699350957E+000  0.102289999831304E+001  0.890965480903259E+000  0.101290798586331E+000 -0.131028262406404E+000 -0.136023936368860E+003 -0.136023936368860E+003 -0.136024359691538E+003
  0.100487608480430E+000  0.755319927059981E+000  0.669662170249208E+000  0.101830216620832E+000 -0.131028262406404E+000 -0.136023184484274E+003 -0.136023184484274E+003 -0.136025139478452E+003
  0.101432991807193E+000  0.148470673686372E+001  0.473895454224670E+000  0.100279155785977E+000 -0.131028262406404E+000 -0.136024228868029E+003 -0.136024228868029E+003 -0.136027033656589E+003
  0.100569465276643E+000  0.680491417704506E+000  0.107686535328741E+000  0.103446436311406E+000 -0.131028262406404E+000 -0.136024151038051E+003 -0.136024151038051E+003 -0.136029573298693E+003
  0.100293804975186E+000  0.151900740318146E+001  0.505508395653018E-001  0.100132638044606E+000 -0.131028262406404E+000 -0.136023234782539E+003 -0.136023234782539E+003 -0.136024823934444E+003
  0.100718946304076E+000  0.123036576034239E+001  0.460759307646531E+000  0.100555067159887E+000 -0.131028262406404E+000 -0.136023606471152E+003 -0.136023606471152E+003 -0.136025622724153E+003
  0.101157339260541E+000  0.661638549638994E+000  0.974059420977025E+000  0.100107773953195E+000 -0.131028262406404E+000 -0.136022103913584E+003 -0.136022103913584E+003 -0.136029160210611E+003
  0.100323284761576E+000  0.634002591725566E+000  0.863827919363775E+000  0.101727957347200E+000 -0.131028262406404E+000 -0.136022529938517E+003 -0.136022529938517E+003 -0.136026495752055E+003
  0.100165874982525E+000  0.112739734397341E+001  0.938665964912892E+000  0.100338199946140E+000 -0.131028262406404E+000 -0.136022823724383E+003 -0.136022823724383E+003 -0.136025216084922E+003
  0.100188016578158E+000  0.144318752343756E+001  0.666207891004123E+000  0.100404166521188E+000 -0.131028262406404E+000 -0.136023317563071E+003 -0.136023317563071E+003 -0.136027866149365E+003
  0.100590205524171E+000  0.681237009038421E+000  0.423329424820819E+000  0.101130979766587E+000 -0.131028262406404E+000 -0.136022485575084E+003 -0.136022485575084E+003 -0.136025014772908E+003
  0.101060274700437E+000  0.606235766160146E+000  0.380608138056715E+000  0.102937065008566E+000 -0.131028262406404E+000 -0.136023866391503E+003 -0.136023866391503E+003 -0.136024594279234E+003
  0.103084957505343E+000  0.735344617369142E+000  0.282037711229985E+000  0.100483976876413E+000 -0.131028262406404E+000 -0.136024137332548E+003 -0.136024137332548E+003 -0.136025481763687E+003
  0.102331772366438E+000  0.602586805530470E+000  0.895772165220859E+000  0.100827408182091E+000 -0.131028262406404E+000 -0.136023307915098E+003 -0.136023307915098E+003 -0.136024851812085E+003
  0.100427507344650E+000  0.864228351334278E+000  0.833817274929899E+000  0.100831172877115E+000 -0.131028262406404E+000 -0.136022750752101E+003 -0.136022750752101E+003 -0.136024494402543E+003
  0.101851665136340E+000  0.792168978197610E+000  0.667226574063930E+000  0.101632808977602E+000 -0.131028262406404E+000 -0.136024235630847E+003 -0.136024235630847E+003 -0.136024655418337E+003
  0.100175854263570E+000  0.128118046160227E+001  0.662453934994506E+000  0.100148347763621E+000 -0.131028262406404E+000 -0.136022940132729E+003 -0.136022940132729E+003 -0.136025367842710E+003
  0.100049765210464E+000  0.725749021736255E+000  0.173360371241639E-001  0.100180036564200E+000 -0.131028262406404E+000 -0.136021532117806E+003 -0.136021532117806E+003 -0.136029995906403E+003
  0.100271261632522E+000  0.127161978248042E+001  0.171726551506729E+000  0.101714860918381E+000 -0.131028262406404E+000 -0.136024209596323E+003 -0.136024209596323E+003 -0.136024358574770E+003
  0.100334528565192E+000  0.761571579712437E+000  0.683214949864692E+000  0.102402767728576E+000 -0.131028262406404E+000 -0.136023506580580E+003 -0.136023506580580E+003 -0.136028534839565E+003
  0.100571140044734E+000  0.914529280149321E+000  0.301056860486547E+000  0.100897164113139E+000 -0.131028262406404E+000 -0.136023058336998E+003 -0.136023058336998E+003 -0.136027184295859E+003
  0.100242083457338E+000  0.134600387450318E+001  0.283181494667168E+000  0.100971093129312E+000 -0.131028262406404E+000 -0.136023708470885E+003 -0.136023708470885E+003 -0.136030124925840E+003
  0.100119123791042E+000  0.106033106324214E+001  0.788250403651986E+000  0.101308560868195E+000 -0.131028262406404E+000 -0.136023383741347E+003 -0.136023383741347E+003 -0.136026194394586E+003
  0.100092170963358E+000  0.189760567012701E+001  0.672907956571591E+000  0.100516356758341E+000 -0.131028262406404E+000 -0.136023264711431E+003 -0.136023264711431E+003 -0.136026697675877E+003
  0.100585115714460E+000  0.501659589667756E+000  0.438395398707055E+000  0.103231736256995E+000 -0.131028262406404E+000 -0.136023239903707E+003 -0.136023239903707E+003 -0.136024400001409E+003
  0.101921405051796E+000  0.558615925864441E+000  0.511483745955596E+000  0.101659848886669E+000 -0.131028262406404E+000 -0.136023413929810E+003 -0.136023413929810E+003 -0.136035514671597E+003
  0.101637516226668E+000  0.573276050801465E+000  0.968597506471486E+000  0.100956312808843E+000 -0.131028262406404E+000 -0.136022746331293E+003 -0.136022746331293E+003 -0.136024365533940E+003
  0.102535178713310E+000  0.816262033277600E+000  0.429072264450743E-001  0.100067803485668E+000 -0.131028262406404E+000 -0.136023667792544E+003 -0.136023667792544E+003 -0.136024769313215E+003
  0.101638982412868E+000  0.144633866652620E+001  0.445057260333325E+000  0.100002180817938E+000 -0.131028262406404E+000 -0.136024147732646E+003 -0.136024147732646E+003 -0.136027608889148E+003
  0.100324164812860E+000  0.158637818014588E+001  0.329511159730537E+000  0.101208404733978E+000 -0.131028262406404E+000 -0.136024117653625E+003 -0.136024117653625E+003 -0.136024487913947E+003
  0.101044848555046E+000  0.108351556108781E+001  0.983008653288236E+000  0.100873377771082E+000 -0.131028262406404E+000 -0.136023833203892E+003 -0.136023833203892E+003 -0.136025357565719E+003
  0.100518260097915E+000  0.928920548192835E+000  0.423065318378359E+000  0.100617347683867E+000 -0.131028262406404E+000 -0.136022846541051E+003 -0.136022846541051E+003 -0.136025466230552E+003
  0.100609995591120E+000  0.141654537460754E+001  0.584287250701370E+000  0.101188708562132E+000 -0.131028262406404E+000 -0.136024239933895E+003 -0.136024239933895E+003 -0.136026627095080E+003
  0.101094937328869E+000  0.180020501486621E+001  0.546875682391377E+000  0.100036860087166E+000 -0.131028262406404E+000 -0.136023762221679E+003 -0.136023762221679E+003 -0.136025021410261E+003
  0.102055331153382E+000  0.619976446827499E+000  0.471670881455105E+000  0.102313559998624E+000 -0.131028262406404E+000 -0.136024252409150E+003 -0.136024252409150E+003 -0.136024891782171E+003
  0.101429752566226E+000  0.120615902112959E+001  0.255026010247284E+000  0.100269119121385E+000 -0.131028262406404E+000 -0.136023904352773E+003 -0.136023904352773E+003 -0.136026520106750E+003
  0.100170887156600E+000  0.660668499552011E+000  0.403361467602205E+000  0.103978364163826E+000 -0.131028262406404E+000 -0.136024138766460E+003 -0.136024138766460E+003 -0.136024674815917E+003
  0.101628921040385E+000  0.848820927592692E+000  0.607564485421335E+000  0.101581341158329E+000 -0.131028262406404E+000 -0.136024207188011E+003 -0.136024207188011E+003 -0.136024596127376E+003
  0.102441285137722E+000  0.756829803454171E+000  0.736959375007391E+000  0.100008250247245E+000 -0.131028262406404E+000 -0.136023355712930E+003 -0.136023355712930E+003 -0.136028835938050E+003
  0.100098955067353E+000  0.152357710739658E+001  0.660658072607060E+000  0.100834294745442E+000 -0.131028262406404E+000 -0.136023628282476E+003 -0.136023628282476E+003 -0.136025777207568E+003
  0.101228557771514E+000  0.749802347167038E+000  0.860999395037605E+000  0.100580181063743E+000 -0.131028262406404E+000 -0.136022820636699E+003 -0.136022820636699E+003 -0.136024767064492E+003
  0.101046013198031E+000  0.199257040385766E+001  0.718908251819577E+000  0.100583281626435E+000 -0.131028262406404E+000 -0.136023953277136E+003 -0.136023953277136E+003 -0.136024528325973E+003
  0.103412319338602E+000  0.590027193290521E+000  0.821908819554054E+000  0.100115676835799E+000 -0.131028262406404E+000 -0.136023563901074E+003 -0.136023563901074E+003 -0.136025987910712E+003
  0.100215942288047E+000  0.145946934275339E+001  0.233692727581052E+000  0.101077724919467E+000 -0.131028262406404E+000 -0.136023874056657E+003 -0.136023874056657E+003 -0.136028628783331E+003
  0.101401423673314E+000  0.707107053476327E+000  0.151292845549682E+000  0.100766653626883E+000 -0.131028262406404E+000 -0.136022942634728E+003 -0.136022942634728E+003 -0.136025540817221E+003
  0.100482539178680E+000  0.695467754050809E+000  0.268155662559956E+000  0.101700068371725E+000 -0.131028262406404E+000 -0.136022869326661E+003 -0.136022869326661E+003 -0.136024404537954E+003
  0.103195070208349E+000  0.648667088958098E+000  0.328404163178237E+000  0.100079237507376E+000 -0.131028262406404E+000 -0.136023600391495E+003 -0.136023600391495E+003 -0.136029855036617E+003
  0.100481659287874E+000  0.625725954267458E+000  0.957707442893915E+000  0.102933249999181E+000 -0.131028262406404E+000 -0.136023489058838E+003 -0.136023489058838E+003 -0.136024855924948E+003
  0.100144479251161E+000  0.628421565066337E+000  0.563793366746382E+000  0.102883913239716E+000 -0.131028262406404E+000 -0.136023198971535E+003 -0.136023198971535E+003 -0.136024803190790E+003
  0.103914732164625E+000  0.646948469373713E+000  0.637448903881376E+000  0.100053477283583E+000 -0.131028262406404E+000 -0.136024127569145E+003 -0.136024127569145E+003 -0.136024622217509E+003
  0.100390591774769E+000  0.125908580962669E+001  0.574729772439506E+000  0.100502193765182E+000 -0.131028262406404E+000 -0.136023350699972E+003 -0.136023350699972E+003 -0.136024885386355E+003
  0.101502117629458E+000  0.954848345614725E+000  0.644515264754294E+000  0.101430138823775E+000 -0.131028262406404E+000 -0.136024304399582E+003 -0.136024304399582E+003 -0.136027104538866E+003
  0.100420759073307E+000  0.509225763956733E+000  0.727013559463959E+000  0.102499159585628E+000 -0.131028262406404E+000 -0.136022629280407E+003 -0.136022629280407E+003 -0.136025243938143E+003
  0.100530942659517E+000  0.896462941394826E+000  0.967603413650880E+000  0.101207515546315E+000 -0.131028262406404E+000 -0.136023208021866E+003 -0.136023208021866E+003 -0.136026074420235E+003
  0.100988436744270E+000  0.110680543908399E+001  0.122230959822764E+000  0.100211202212370E+000 -0.131028262406404E+000 -0.136023329522504E+003 -0.136023329522504E+003 -0.136024800460285E+003
  0.100597699489346E+000  0.669309420404563E+000  0.167944103166640E+000  0.103480211842561E+000 -0.131028262406404E+000 -0.136024153334060E+003 -0.136024153334060E+003 -0.136024884258030E+003
  0.100900981952602E+000  0.149331376671498E+001  0.794717783100259E-001  0.100620353329414E+000 -0.131028262406404E+000 -0.136024081459114E+003 -0.136024081459114E+003 -0.136024384944478E+003
  0.101159300168467E+000  0.110900932821779E+001  0.585716271197754E+000  0.100473958570972E+000 -0.131028262406404E+000 -0.136023669987977E+003 -0.136023669987977E+003 -0.136024602159551E+003
  0.100934640642278E+000  0.550710188259114E+000  0.276955516727781E+000  0.101452451491760E+000 -0.131028262406404E+000 -0.136022465961188E+003 -0.136022465961188E+003 -0.136026405649411E+003
  0.104265190869827E+000  0.544933229005845E+000  0.502815638098062E-001  0.100420838599900E+000 -0.131028262406404E+000 -0.136024256427314E+003 -0.136024256427314E+003 -0.136027486888512E+003
  0.101042031425792E+000  0.122370396534382E+001  0.847217250957004E+000  0.101149576963395E+000 -0.131028262406404E+000 -0.136024310962409E+003 -0.136024310962409E+003 -0.136024858622712E+003
  0.102948321536528E+000  0.723861885555453E+000  0.407813354794779E+000  0.100423385203001E+000 -0.131028262406404E+000 -0.136023945201490E+003 -0.136023945201490E+003 -0.136024651528710E+003
  0.100830420969150E+000  0.684776945348745E+000  0.357247688937825E-001  0.100533876007563E+000 -0.131028262406404E+000 -0.136022248665470E+003 -0.136022248665470E+003 -0.136026400543130E+003
  0.102259391453793E+000  0.687848854071560E+000  0.541944464635702E-002  0.100786380900575E+000 -0.131028262406404E+000 -0.136023551915689E+003 -0.136023551915689E+003 -0.136024917855245E+003
  0.100287973519067E+000  0.148574601224289E+001  0.545909083108360E+000  0.100974112931365E+000 -0.131028262406404E+000 -0.136023867508984E+003 -0.136023867508984E+003 -0.136029821902144E+003
  0.101103134819320E+000  0.907161324099401E+000  0.850684265020131E-001  0.100748927708680E+000 -0.131028262406404E+000 -0.136023342116746E+003 -0.136023342116746E+003 -0.136025386269096E+003
  0.100940414008404E+000  0.932744404462045E+000  0.238653214361789E+000  0.101084400140017E+000 -0.131028262406404E+000 -0.136023539653195E+003 -0.136023539653195E+003 -0.136024899429759E+003
  0.101126248859463E+000  0.137413896461457E+001  0.385846194540951E-002  0.100371618254994E+000 -0.131028262406404E+000 -0.136023971130773E+003 -0.136023971130773E+003 -0.136028496358561E+003
  0.100986080338065E+000  0.546374518182757E+000  0.971604032379097E+000  0.103302563079630E+000 -0.131028262406404E+000 -0.136023809494017E+003 -0.136023809494017E+003 -0.136025767174688E+003
  0.100949833932395E+000  0.172264860529547E+001  0.847874270267561E+000  0.100036097048179E+000 -0.131028262406404E+000 -0.136023685811567E+003 -0.136023685811567E+003 -0.136026217084632E+003
  0.101012954057201E+000  0.626621704845411E+000  0.571719697284251E+000  0.102937315042374E+000 -0.131028262406404E+000 -0.136023914476797E+003 -0.136023914476797E+003 -0.136027347791743E+003
  0.102497447248079E+000  0.533782042826147E+000  0.899961648469284E-001  0.100576916851567E+000 -0.131028262406404E+000 -0.136022966986409E+003 -0.136022966986409E+003 -0.136027556132466E+003
  0.101431489202964E+000  0.678143009789242E+000  0.281752359435322E+000  0.101433794613784E+000 -0.131028262406404E+000 -0.136023350195347E+003 -0.136023350195347E+003 -0.136025423521774E+003
  0.100177310034817E+000  0.503432395497044E+000  0.500704811015684E+000  0.100514940507598E+000 -0.131028262406404E+000 -0.136021015353350E+003 -0.136021015353350E+003 -0.136024464445725E+003
  0.100635219303849E+000  0.109566894417037E+001  0.852067233415819E+000  0.101109614226315E+000 -0.131028262406404E+000 -0.136023717401169E+003 -0.136023717401169E+003 -0.136024382392467E+003
  0.100614284971562E+000  0.930925606455657E+000  0.658051040125181E+000  0.102451910438115E+000 -0.131028262406404E+000 -0.136024307365517E+003 -0.136024307365517E+003 -0.136025345285875E+003
  0.101772577241841E+000  0.673404503487510E+000  0.876341533630413E+000  0.101512388958995E+000 -0.131028262406404E+000 -0.136023655866926E+003 -0.136023655866926E+003 -0.136024624661323E+003
  0.100406170361576E+000  0.150261010323777E+001  0.149025333183278E+000  0.100296967336280E+000 -0.131028262406404E+000 -0.136023443357404E+003 -0.136023443357404E+003 -0.136024411003136E+003
  0.100981309261502E+000  0.192265209239353E+001  0.150673737777957E+000  0.100809276051243E+000 -0.131028262406404E+000 -0.136024167185707E+003 -0.136024167185707E+003 -0.136024477382428E+003
  0.100034147751472E+000  0.113265768157044E+001  0.984086277153102E+000  0.100304965827981E+000 -0.131028262406404E+000 -0.136022705354136E+003 -0.136022705354136E+003 -0.136028263660235E+003
  0.100110938758994E+000  0.950242647374318E+000  0.122170722579590E+000  0.101057674274120E+000 -0.131028262406404E+000 -0.136022915942839E+003 -0.136022915942839E+003 -0.136024372988191E+003
  0.100635243998744E+000  0.568861481344463E+000  0.949841980939062E+000  0.101391475397815E+000 -0.131028262406404E+000 -0.136022266721423E+003 -0.136022266721423E+003 -0.136026529349763E+003
  0.100609052922648E+000  0.748236062637867E+000  0.672119358305347E+000  0.100748362128009E+000 -0.131028262406404E+000 -0.136022458794136E+003 -0.136022458794136E+003 -0.136025195122551E+003
  0.100281303293891E+000  0.157255593402275E+001  0.794345334871671E-001  0.100671439994135E+000 -0.131028262406404E+000 -0.136023662582093E+003 -0.136023662582093E+003 -0.136025986834221E+003
  0.100541931554104E+000  0.566755351067579E+000  0.231667369627370E+000  0.103691825127727E+000 -0.131028262406404E+000 -0.136023827446695E+003 -0.136023827446695E+003 -0.136024922223590E+003
  0.100423618942635E+000  0.123128588098197E+001  0.382477874559880E-001  0.101623934324297E+000 -0.131028262406404E+000 -0.136024198809511E+003 -0.136024198809511E+003 -0.136024387575677E+003
  0.100857468017892E+000  0.192525790709264E+001  0.140377677251781E+000  0.100779503844071E+000 -0.131028262406404E+000 -0.136024043086332E+003 -0.136024043086332E+003 -0.136024399798853E+003
  0.102071151046317E+000  0.123218862260176E+001  0.542776934722807E+000  0.100086782029303E+000 -0.131028262406404E+000 -0.136024307327367E+003 -0.136024307327367E+003 -0.136024715654716E+003
  0.100169257061434E+000  0.534878526781285E+000  0.168546008455129E+000  0.102193323747285E+000 -0.131028262406404E+000 -0.136022330920281E+003 -0.136022330920281E+003 -0.136025487260132E+003
  0.100147197439398E+000  0.727027356319123E+000  0.819487674710910E+000  0.101708317466813E+000 -0.131028262406404E+000 -0.136022728135781E+003 -0.136022728135781E+003 -0.136027045092035E+003
  0.102756894224079E+000  0.585988204255179E+000  0.858348290952062E+000  0.101674970303810E+000 -0.131028262406404E+000 -0.136024190447763E+003 -0.136024190447763E+003 -0.136025319126790E+003
  0.101649909890652E+000  0.753538496972815E+000  0.939477736342456E+000  0.100424307741694E+000 -0.131028262406404E+000 -0.136023044097338E+003 -0.136023044097338E+003 -0.136024603961157E+003
  0.100084931408291E+000  0.125770542515320E+001  0.967164262392055E+000  0.100293564262276E+000 -0.131028262406404E+000 -0.136022947613900E+003 -0.136022947613900E+003 -0.136027598724851E+003
  0.100692238329783E+000  0.674085894515301E+000  0.387006615301515E+000  0.101924300764974E+000 -0.131028262406404E+000 -0.136023116095585E+003 -0.136023116095585E+003 -0.136025562735813E+003
  0.100915836421411E+000  0.919363271676198E+000  0.452908721445482E+000  0.101312639025614E+000 -0.131028262406404E+000 -0.136023655105694E+003 -0.136023655105694E+003 -0.136025123155637E+003
  0.100580315101141E+000  0.818200403137974E+000  0.861729996845726E+000  0.102672405409963E+000 -0.131028262406404E+000 -0.136024094603944E+003 -0.136024094603944E+003 -0.136024784628094E+003
  0.100402032509253E+000  0.659526018211312E+000  0.122256605500029E+000  0.100799218560495E+000 -0.131028262406404E+000 -0.136022017482911E+003 -0.136022017482911E+003 -0.136024657706100E+003
  0.101460202777121E+000  0.726792352032099E+000  0.182946917791701E+000  0.101362432836877E+000 -0.131028262406404E+000 -0.136023499553899E+003 -0.136023499553899E+003 -0.136024379585670E+003
  0.101513998896455E+000  0.938853127736335E+000  0.459319432468237E+000  0.100189035052098E+000 -0.131028262406404E+000 -0.136023325938029E+003 -0.136023325938029E+003 -0.136025360695991E+003
  0.100291443423269E+000  0.734163463307746E+000  0.603250839790960E+000  0.100542051685818E+000 -0.131028262406404E+000 -0.136022012648328E+003 -0.136022012648328E+003 -0.136025410338842E+003
  0.101112507505709E+000  0.171964487973433E+001  0.355336667938224E+000  0.100593982628013E+000 -0.131028262406404E+000 -0.136024252581751E+003 -0.136024252581751E+003 -0.136024836478011E+003
  0.101283034367788E+000  0.100804360308517E+001  0.926214115237194E-001  0.100495761087302E+000 -0.131028262406404E+000 -0.136023556965370E+003 -0.136023556965370E+003 -0.136025336869733E+003
  0.100211669791690E+000  0.951664895792732E+000  0.116601501203615E+000  0.101977624776834E+000 -0.131028262406404E+000 -0.136023689682996E+003 -0.136023689682996E+003 -0.136025061203679E+003
  0.100652016529380E+000  0.584601081868581E+000  0.677266603669015E+000  0.102968981025883E+000 -0.131028262406404E+000 -0.136023475965758E+003 -0.136023475965758E+003 -0.136024436468493E+003
  0.100047116004265E+000  0.596362235771870E+000  0.126718500561657E+000  0.101850005869307E+000 -0.131028262406404E+000 -0.136022251297347E+003 -0.136022251297347E+003 -0.136027432803089E+003
  0.100163343964830E+000  0.764710263120871E+000  0.848659849740772E-001  0.102944003110716E+000 -0.131028262406404E+000 -0.136023779165257E+003 -0.136023779165257E+003 -0.136025855405418E+003
  0.100539669786021E+000  0.923975503412941E+000  0.725531565184837E+000  0.101854290754018E+000 -0.131028262406404E+000 -0.136023779204694E+003 -0.136023779204694E+003 -0.136025353211753E+003
  0.101930177368182E+000  0.725085114320076E+000  0.642128840472172E+000  0.101561867913630E+000 -0.131028262406404E+000 -0.136024008512641E+003 -0.136024008512641E+003 -0.136024585130237E+003
  0.101403180571566E+000  0.163822532404513E+001  0.757447341652817E+000  0.100081745720608E+000 -0.131028262406404E+000 -0.136024093494585E+003 -0.136024093494585E+003 -0.136025579255892E+003
  0.101243030524166E+000  0.192451744988250E+001  0.361270733906035E+000  0.100234489551467E+000 -0.131028262406404E+000 -0.136023922987979E+003 -0.136023922987979E+003 -0.136024672936408E+003
  0.100650308325135E+000  0.104148821797022E+001  0.483599791964871E+000  0.101112979500424E+000 -0.131028262406404E+000 -0.136023610792964E+003 -0.136023610792964E+003 -0.136024567375265E+003
  0.102944642386461E+000  0.624947378222825E+000  0.460374714838846E+000  0.100007395060797E+000 -0.131028262406404E+000 -0.136023263411689E+003 -0.136023263411689E+003 -0.136025188099151E+003
  0.101133678698132E+000  0.573240603593990E+000  0.437207027717533E+000  0.101721590789821E+000 -0.131028262406404E+000 -0.136022908716781E+003 -0.136022908716781E+003 -0.136025651979967E+003
  0.101906446013132E+000  0.186684194225261E+001  0.566034914788900E+000  0.100028642009984E+000 -0.131028262406404E+000 -0.136024341702701E+003 -0.136024341702701E+003 -0.136024638029378E+003
  0.101975240264365E+000  0.952774637123269E+000  0.243605531371796E+000  0.100623564950536E+000 -0.131028262406404E+000 -0.136024054759557E+003 -0.136024054759557E+003 -0.136024873023481E+003
  0.103125103367904E+000  0.731211706567504E+000  0.376545959539994E+000  0.100114450960460E+000 -0.131028262406404E+000 -0.136023875171644E+003 -0.136023875171644E+003 -0.136025811658663E+003
  0.100711217324767E+000  0.634744913175141E+000  0.364090278133192E+000  0.101341346313932E+000 -0.131028262406404E+000 -0.136022555308771E+003 -0.136022555308771E+003 -0.136024848922045E+003
  0.101220775388266E+000  0.839723524932427E+000  0.537732648864265E+000  0.100693681718780E+000 -0.131028262406404E+000 -0.136023192225439E+003 -0.136023192225439E+003 -0.136026275378751E+003
  0.100627682338886E+000  0.137050669707620E+001  0.644096321328195E+000  0.100618412619249E+000 -0.131028262406404E+000 -0.136023766514680E+003 -0.136023766514680E+003 -0.136024767011976E+003
  0.102614641632023E+000  0.844057678466092E+000  0.464515645798064E+000  0.100633356367027E+000 -0.131028262406404E+000 -0.136024246385032E+003 -0.136024246385032E+003 -0.136025324349901E+003
  0.100441660797782E+000  0.120216301233004E+001  0.811720480596021E+000  0.100446595636620E+000 -0.131028262406404E+000 -0.136023258833942E+003 -0.136023258833942E+003 -0.136029394055070E+003
  0.100198480766972E+000  0.198490510793601E+001  0.236769048510347E+000  0.101160063531791E+000 -0.131028262406404E+000 -0.136023740384990E+003 -0.136023740384990E+003 -0.136025132701934E+003
  0.100881574578121E+000  0.626317758159113E+000  0.951452811025151E+000  0.103466148427294E+000 -0.131028262406404E+000 -0.136024191762815E+003 -0.136024191762815E+003 -0.136025790791665E+003
  0.100295940832896E+000  0.146936322962475E+001  0.130061699721241E+000  0.101539343442233E+000 -0.131028262406404E+000 -0.136024302976106E+003 -0.136024302976106E+003 -0.136024637824971E+003
  0.101253960156994E+000  0.163074389455608E+001  0.919308413341291E+000  0.100090348052113E+000 -0.131028262406404E+000 -0.136023982848231E+003 -0.136023982848231E+003 -0.136025667345360E+003
  0.100297969428376E+000  0.709719405799582E+000  0.473783398242055E+000  0.100866022537494E+000 -0.131028262406404E+000 -0.136022168998481E+003 -0.136022168998481E+003 -0.136024754571781E+003
  0.101746427842718E+000  0.194382592123763E+001  0.123818777772508E-001  0.100025942670822E+000 -0.131028262406404E+000 -0.136024132554804E+003 -0.136024132554804E+003 -0.136025933614401E+003
  0.100418083593812E+000  0.111555478653426E+001  0.354393498815160E+000  0.100176404897409E+000 -0.131028262406404E+000 -0.136022874270808E+003 -0.136022874270808E+003 -0.136025958767388E+003
  0.101940074443219E+000  0.816315993745452E+000  0.368467447508137E-001  0.100918868350045E+000 -0.131028262406404E+000 -0.136023848401261E+003 -0.136023848401261E+003 -0.136024960013245E+003
  0.103199201147404E+000  0.761732965064149E+000  0.159219047850591E+000  0.100465138170571E+000 -0.131028262406404E+000 -0.136024303515689E+003 -0.136024303515689E+003 -0.136025087267706E+003
  0.100475181758225E+000  0.647965983929597E+000  0.804756860577326E+000  0.103762905111128E+000 -0.131028262406404E+000 -0.136024173529325E+003 -0.136024173529325E+003 -0.136027440009766E+003
  0.100736072333504E+000  0.565176452121402E+000  0.776191503282737E+000  0.101820671662649E+000 -0.131028262406404E+000 -0.136022636807909E+003 -0.136022636807909E+003 -0.136024630326039E+003
  0.100051660729474E+000  0.615371410782991E+000  0.974180981265461E+000  0.102648832253246E+000 -0.131028262406404E+000 -0.136022903982840E+003 -0.136022903982840E+003 -0.136025251444492E+003
  0.100875247237408E+000  0.153385253553616E+001  0.449877900402964E+000  0.100332914807081E+000 -0.131028262406404E+000 -0.136023855300859E+003 -0.136023855300859E+003 -0.136025367291976E+003
  0.100183420720464E+000  0.187591591982300E+001  0.648998447946698E+000  0.100799188948370E+000 -0.131028262406404E+000 -0.136023577008500E+003 -0.136023577008500E+003 -0.136025290017667E+003
  0.102408676681569E+000  0.628773532369668E+000  0.357847198557954E+000  0.101526721984773E+000 -0.131028262406404E+000 -0.136023986845060E+003 -0.136023986845060E+003 -0.136025114596797E+003
  0.101322198725411E+000  0.182414688542568E+001  0.585246037375549E+000  0.100010882078881E+000 -0.131028262406404E+000 -0.136023903893182E+003 -0.136023903893182E+003 -0.136024893864870E+003
  0.101316610329687E+000  0.971348689193688E+000  0.901989010888478E+000  0.100435801600332E+000 -0.131028262406404E+000 -0.136023445397217E+003 -0.136023445397217E+003 -0.136028003521665E+003
  0.101114637493040E+000  0.622716073020812E+000  0.746135884185137E+000  0.101523358434433E+000 -0.131028262406404E+000 -0.136022953316569E+003 -0.136022953316569E+003 -0.136024738802059E+003
  0.100534643215094E+000  0.737210381153853E+000  0.668105931511826E+000  0.101085671159388E+000 -0.131028262406404E+000 -0.136022610846141E+003 -0.136022610846141E+003 -0.136024681515967E+003
  0.102419862399849E+000  0.910604642062589E+000  0.289703099752397E+000  0.100169874976950E+000 -0.131028262406404E+000 -0.136023938391090E+003 -0.136023938391090E+003 -0.136026419452672E+003
  0.100991363191140E+000  0.507624457324111E+000  0.909449470139356E+000  0.102394294444642E+000 -0.131028262406404E+000 -0.136022992597370E+003 -0.136022992597370E+003 -0.136026244249229E+003
  0.100617872136867E+000  0.694193817356602E+000  0.805296344062873E+000  0.103580054020329E+000 -0.131028262406404E+000 -0.136024340777249E+003 -0.136024340777249E+003 -0.136037105182610E+003
  0.100366856350864E+000  0.166375232680789E+001  0.795714211130369E+000  0.100648568422412E+000 -0.131028262406404E+000 -0.136023718128251E+003 -0.136023718128251E+003 -0.136024777555193E+003
  0.101868287765838E+000  0.856251916599594E+000  0.617065970007557E+000  0.101126620224744E+000 -0.131028262406404E+000 -0.136024075187378E+003 -0.136024075187378E+003 -0.136024504560459E+003
  0.100492576006176E+000  0.156409613613355E+001  0.157267334689695E+000  0.101104853153768E+000 -0.131028262406404E+000 -0.136024165665016E+003 -0.136024165665016E+003 -0.136025441493218E+003
  0.100509759826877E+000  0.712328866619387E+000  0.159518935587686E+000  0.102277776539450E+000 -0.131028262406404E+000 -0.136023374858766E+003 -0.136023374858766E+003 -0.136026115480105E+003
  0.100038625877567E+000  0.860603038593890E+000  0.761538214946740E+000  0.100479311817236E+000 -0.131028262406404E+000 -0.136022174964359E+003 -0.136022174964359E+003 -0.136024583822182E+003
  0.101212407319901E+000  0.105504296582390E+001  0.889004434251419E+000  0.100596284867981E+000 -0.131028262406404E+000 -0.136023689193731E+003 -0.136023689193731E+003 -0.136025070765719E+003
  0.100641856430433E+000  0.742157537462810E+000  0.815147305008939E+000  0.103059311871858E+000 -0.131028262406404E+000 -0.136024161769268E+003 -0.136024161769268E+003 -0.136024592976866E+003
  0.100143529179627E+000  0.191397575009843E+001  0.251553998043920E+000  0.101258437309778E+000 -0.131028262406404E+000 -0.136023861427818E+003 -0.136023861427818E+003 -0.136024402734119E+003
  0.100793115845427E+000  0.591377148846240E+000  0.557297748528648E+000  0.102860064388563E+000 -0.131028262406404E+000 -0.136023537774864E+003 -0.136023537774864E+003 -0.136025086756094E+003
  0.100172018058707E+000  0.689070568212037E+000  0.498929917005084E-001  0.101135561636238E+000 -0.131028262406404E+000 -0.136022192828302E+003 -0.136022192828302E+003 -0.136024619537386E+003
  0.102083515884856E+000  0.601785581092188E+000  0.852237259223557E+000  0.100078022251915E+000 -0.131028262406404E+000 -0.136022564594191E+003 -0.136022564594191E+003 -0.136025146714917E+003
  0.100716507545037E+000  0.974433699884124E+000  0.690850315096586E+000  0.101715819024029E+000 -0.131028262406404E+000 -0.136023953391274E+003 -0.136023953391274E+003 -0.136024541693920E+003
  0.101981510018520E+000  0.670153952374085E+000  0.115251897405120E+000  0.101089532115425E+000 -0.131028262406404E+000 -0.136023494297466E+003 -0.136023494297466E+003 -0.136027574331608E+003
  0.101457402317387E+000  0.111153956762862E+001  0.299520482813969E+000  0.100988503262334E+000 -0.131028262406404E+000 -0.136024306406264E+003 -0.136024306406264E+003 -0.136024785588856E+003
  0.103373468740134E+000  0.821051525548559E+000  0.111326035748894E+000  0.100019064975885E+000 -0.131028262406404E+000 -0.136024294771990E+003 -0.136024294771990E+003 -0.136025333734406E+003
  0.100081564412991E+000  0.844328234867531E+000  0.654093291119510E+000  0.102477837405301E+000 -0.131028262406404E+000 -0.136023640381778E+003 -0.136023640381778E+003 -0.136026081069377E+003
  0.101200909034618E+000  0.150588429346426E+001  0.796458785267312E+000  0.100513195126936E+000 -0.131028262406404E+000 -0.136024241182484E+003 -0.136024241182484E+003 -0.136033433307991E+003
  0.101066898147256E+000  0.114197023933238E+001  0.389619405134442E+000  0.100209775818099E+000 -0.131028262406404E+000 -0.136023459191366E+003 -0.136023459191366E+003 -0.136026549402539E+003
  0.101752648120406E+000  0.731616492244286E+000  0.407547425797025E+000  0.101953533221668E+000 -0.131028262406404E+000 -0.136024184059243E+003 -0.136024184059243E+003 -0.136024477647026E+003
  0.102283816667319E+000  0.602420438370744E+000  0.974591982898512E+000  0.101830524378984E+000 -0.131028262406404E+000 -0.136024004837333E+003 -0.136024004837333E+003 -0.136024611584874E+003
  0.103228490100183E+000  0.617214229263658E+000  0.662255394847469E-001  0.100299138454328E+000 -0.131028262406404E+000 -0.136023667525109E+003 -0.136023667525109E+003 -0.136028786254393E+003
  0.101594195921267E+000  0.562254947211643E+000  0.742667568125631E+000  0.100093765418646E+000 -0.131028262406404E+000 -0.136022043145583E+003 -0.136022043145583E+003 -0.136025063230059E+003
  0.103542980039216E+000  0.588412038318990E+000  0.274191671975771E+000  0.100684199649106E+000 -0.131028262406404E+000 -0.136024078865157E+003 -0.136024078865157E+003 -0.136024766710754E+003
  0.101043200688939E+000  0.671451442048433E+000  0.178465611913708E-001  0.103029928979239E+000 -0.131028262406404E+000 -0.136024187511244E+003 -0.136024187511244E+003 -0.136026098176288E+003
  0.100004231670085E+000  0.963397690926587E+000  0.389309633174161E+000  0.101257753687541E+000 -0.131028262406404E+000 -0.136023017127129E+003 -0.136023017127129E+003 -0.136027953171912E+003
  0.102438292771312E+000  0.701454649068731E+000  0.390001698806901E+000  0.100918165200541E+000 -0.131028262406404E+000 -0.136023839013145E+003 -0.136023839013145E+003 -0.136024506436223E+003
  0.100697999512309E+000  0.111972555426560E+001  0.500693557298099E+000  0.100220007296331E+000 -0.131028262406404E+000 -0.136023134971922E+003 -0.136023134971922E+003 -0.136025217376810E+003
  0.102353817594126E+000  0.688050759970847E+000  0.119415696718793E+000  0.101091346835947E+000 -0.131028262406404E+000 -0.136023852446569E+003 -0.136023852446569E+003 -0.136037616123543E+003
  0.100302500835938E+000  0.577171594423481E+000  0.228808549517675E+000  0.101891278820721E+000 -0.131028262406404E+000 -0.136022400388383E+003 -0.136022400388383E+003 -0.136026270521463E+003
  0.100775005602101E+000  0.552799527397161E+000  0.837661617548258E+000  0.100031423174884E+000 -0.131028262406404E+000 -0.136021333707142E+003 -0.136021333707142E+003 -0.136024487868730E+003
  0.102183375688464E+000  0.609423326884128E+000  0.221830426511268E+000  0.101154196760936E+000 -0.131028262406404E+000 -0.136023460289098E+003 -0.136023460289098E+003 -0.136025580249140E+003
  0.100849412932557E+000  0.108158169784548E+001  0.458878538750389E+000  0.100735032155864E+000 -0.131028262406404E+000 -0.136023569264285E+003 -0.136023569264285E+003 -0.136024500576704E+003
  0.102411850327959E+000  0.741246351566768E+000  0.350560303238909E+000  0.101002790506761E+000 -0.131028262406404E+000 -0.136024025291434E+003 -0.136024025291434E+003 -0.136024812696568E+003
  0.100418360387094E+000  0.563822216385560E+000  0.282674218863461E+000  0.100314080242859E+000 -0.131028262406404E+000 -0.136021307910642E+003 -0.136021307910642E+003 -0.136024558389664E+003
  0.101160942472960E+000  0.748143531399610E+000  0.424360524710191E-002  0.102044830962358E+000 -0.131028262406404E+000 -0.136023846365252E+003 -0.136023846365252E+003 -0.136025159736114E+003
  0.102440188941604E+000  0.507084113170136E+000  0.151243918423937E+000  0.101297813114838E+000 -0.131028262406404E+000 -0.136023328634901E+003 -0.136023328634901E+003 -0.136025872016402E+003
  0.101310892686133E+000  0.557526829195000E+000  0.729313541643166E+000  0.102970647675656E+000 -0.131028262406404E+000 -0.136023877212954E+003 -0.136023877212954E+003 -0.136026194901551E+003
  0.101238466353903E+000  0.921953192992661E+000  0.690583527502277E+000  0.100699990453172E+000 -0.131028262406404E+000 -0.136023452527321E+003 -0.136023452527321E+003 -0.136028166510950E+003
  0.102045641806181E+000  0.111789798211697E+001  0.214222197184245E+000  0.100237279947529E+000 -0.131028262406404E+000 -0.136024199765714E+003 -0.136024199765714E+003 -0.136025423189780E+003
  0.101104076604805E+000  0.117108488184608E+001  0.673370497382419E+000  0.100321259868410E+000 -0.131028262406404E+000 -0.136023628356092E+003 -0.136023628356092E+003 -0.136025397807527E+003
  0.101300928214106E+000  0.568468804178096E+000  0.898604737479430E+000  0.100289410412219E+000 -0.131028262406404E+000 -0.136021985327814E+003 -0.136021985327814E+003 -0.136024964258756E+003
  0.100434591128562E+000  0.945786558145694E+000  0.334389474442521E+000  0.102481447344327E+000 -0.131028262406404E+000 -0.136024228852505E+003 -0.136024228852505E+003 -0.136024746060704E+003
  0.101063929923878E+000  0.159058165213998E+001  0.770404147750038E+000  0.100165683796165E+000 -0.131028262406404E+000 -0.136023888785692E+003 -0.136023888785692E+003 -0.136024740322266E+003
  0.100589128768449E+000  0.194566721357995E+001  0.452785996130282E+000  0.100173781757794E+000 -0.131028262406404E+000 -0.136023337093967E+003 -0.136023337093967E+003 -0.136027154970056E+003
  0.103042589528461E+000  0.662134904728872E+000  0.131004999443056E+000  0.100824560326054E+000 -0.131028262406404E+000 -0.136024090052571E+003 -0.136024090052571E+003 -0.136024353254693E+003
