  0.763747438988813E+000  0.129425975049472E+001  0.983284848283661E+000  0.498299245248861E+000 -0.131028262406404E+000 -0.141180187446259E+003 -0.141180187446259E+003
  0.781545450590771E+000  0.125002654279361E+001  0.954085214721758E+000  0.497754690199606E+000 -0.131028262406404E+000 -0.141180516044363E+003 -0.141180516044363E+003
  0.783895730595007E+000  0.123052429156718E+001  0.952484889050817E+000  0.497713596058429E+000 -0.131028262406404E+000 -0.141181154366397E+003 -0.141181154366397E+003
  0.772682396392115E+000  0.128094408824590E+001  0.917498918248030E+000  0.498592129390089E+000 -0.131028262406404E+000 -0.141179887641326E+003 -0.141179887641326E+003
  0.768860942322021E+000  0.131450447321640E+001  0.970912761001187E+000  0.499404449502429E+000 -0.131028262406404E+000 -0.141180698864540E+003 -0.141180698864540E+003
  0.763431691806092E+000  0.124229148081919E+001  0.943229664755415E+000  0.499868132635569E+000 -0.131028262406404E+000 -0.141179570292151E+003 -0.141179570292151E+003
  0.779145027178719E+000  0.126425076531913E+001  0.933466292175506E+000  0.495148837379835E+000 -0.131028262406404E+000 -0.141181214263702E+003 -0.141181214263702E+003
  0.771741337251415E+000  0.126009361898074E+001  0.932929839172841E+000  0.497365078938849E+000 -0.131028262406404E+000 -0.141180218668428E+003 -0.141180218668428E+003
  0.765954144333441E+000  0.124792102742272E+001  0.958084537920059E+000  0.498090672645373E+000 -0.131028262406404E+000 -0.141180111958934E+003 -0.141180111958934E+003
  0.768471270084303E+000  0.122460474236975E+001  0.961917625464988E+000  0.497263973200612E+000 -0.131028262406404E+000 -0.141181259595790E+003 -0.141181259595790E+003
  0.775491881528208E+000  0.126685298790210E+001  0.905196428085221E+000  0.496256241300541E+000 -0.131028262406404E+000 -0.141180694462678E+003 -0.141180694462678E+003
  0.745091339136865E+000  0.125715243432323E+001  0.994347642915892E+000  0.497859328574009E+000 -0.131028262406404E+000 -0.141181161269789E+003 -0.141181161269789E+003
  0.746160496060899E+000  0.125051239984515E+001  0.971865025333459E+000  0.498962539297915E+000 -0.131028262406404E+000 -0.141180683992143E+003 -0.141180683992143E+003
  0.761553899325372E+000  0.128096256547801E+001  0.987101811091480E+000  0.499153267591755E+000 -0.131028262406404E+000 -0.141179574706095E+003 -0.141179574706095E+003
  0.794654619582921E+000  0.124769240634861E+001  0.949704590320342E+000  0.499740305467734E+000 -0.131028262406404E+000 -0.141181031093610E+003 -0.141181031093610E+003
  0.767499702028404E+000  0.126917163519917E+001  0.916231552025807E+000  0.499121834963081E+000 -0.131028262406404E+000 -0.141179471532991E+003 -0.141179471532991E+003
  0.770557183326929E+000  0.125485256944712E+001  0.989383437576803E+000  0.498323585787293E+000 -0.131028262406404E+000 -0.141179889115465E+003 -0.141179889115465E+003
  0.756750142935567E+000  0.130863395439611E+001  0.988083737012352E+000  0.498796268552403E+000 -0.131028262406404E+000 -0.141180610937329E+003 -0.141180610937329E+003
  0.754719736779685E+000  0.129012695989871E+001  0.992663713501371E+000  0.498035105546743E+000 -0.131028262406404E+000 -0.141180406826170E+003 -0.141180406826170E+003
  0.782369636825722E+000  0.123725897788641E+001  0.955365313073559E+000  0.496844034751221E+000 -0.131028262406404E+000 -0.141181153418552E+003 -0.141181153418552E+003
  0.767724171944720E+000  0.127809416595938E+001  0.990056502849833E+000  0.495620404423437E+000 -0.131028262406404E+000 -0.141180913238093E+003 -0.141180913238093E+003
  0.743798298411575E+000  0.128198573101864E+001  0.971455038374275E+000  0.497797711762806E+000 -0.131028262406404E+000 -0.141181157150581E+003 -0.141181157150581E+003
  0.771892230685334E+000  0.125011847366602E+001  0.991993880248199E+000  0.498547195126141E+000 -0.131028262406404E+000 -0.141179895801114E+003 -0.141179895801114E+003
