  0.151680609423336E+001  0.199224404024922E+001  0.889327297831422E+000  0.498544984974880E+000 -0.131028262406404E+000 -0.139721461310977E+003 -0.139721461310977E+003
  0.150239891682645E+001  0.199835135878358E+001  0.808626048737796E+000  0.493799118971853E+000 -0.131028262406404E+000 -0.139722269385387E+003 -0.139722269385387E+003
  0.149484932560066E+001  0.199955435022811E+001  0.477676649326619E+000  0.494536707920290E+000 -0.131028262406404E+000 -0.139720203032296E+003 -0.139720203032296E+003
  0.143810791013533E+001  0.199399666310423E+001  0.872341805300035E+000  0.498222633184481E+000 -0.131028262406404E+000 -0.139721026910220E+003 -0.139721026910220E+003
  0.147045577019975E+001  0.198843102148557E+001  0.581571091359220E+000  0.498765512123529E+000 -0.131028262406404E+000 -0.139720443471567E+003 -0.139720443471567E+003
  0.152492049918287E+001  0.199994964977081E+001  0.329537758341118E+000  0.497189082185988E+000 -0.131028262406404E+000 -0.139719236067629E+003 -0.139719236067629E+003
  0.144990317683032E+001  0.199557709711092E+001  0.825863651162694E+000  0.497829087642083E+000 -0.131028262406404E+000 -0.139719276082026E+003 -0.139719276082026E+003
  0.144595138423082E+001  0.199226290121987E+001  0.993315929281238E+000  0.499049822575061E+000 -0.131028262406404E+000 -0.139719452231266E+003 -0.139719452231266E+003
  0.146695889553636E+001  0.199771633493671E+001  0.706184692778169E+000  0.494117612443915E+000 -0.131028262406404E+000 -0.139722630187690E+003 -0.139722630187690E+003
  0.143320785958907E+001  0.199356115551212E+001  0.560658019789235E+000  0.499938402317726E+000 -0.131028262406404E+000 -0.139719026566208E+003 -0.139719026566208E+003
  0.148217681056294E+001  0.199763496837272E+001  0.910004228128930E+000  0.495108226367666E+000 -0.131028262406404E+000 -0.139720400533812E+003 -0.139720400533812E+003
  0.148684207157798E+001  0.198857795242363E+001  0.381527436711410E+000  0.498324636726371E+000 -0.131028262406404E+000 -0.139721207938637E+003 -0.139721207938637E+003
  0.148878230816941E+001  0.198931461138256E+001  0.716149242870519E+000  0.496921214928719E+000 -0.131028262406404E+000 -0.139722813487107E+003 -0.139722813487107E+003
  0.149789214587006E+001  0.199705642586253E+001  0.439793605787053E+000  0.498222819710152E+000 -0.131028262406404E+000 -0.139716688969275E+003 -0.139716688969275E+003
  0.144395433583426E+001  0.199457211773219E+001  0.395522232399271E+000  0.498514809968675E+000 -0.131028262406404E+000 -0.139719380784596E+003 -0.139719380784596E+003
  0.146500191346358E+001  0.198731576692271E+001  0.836623263034960E+000  0.498644340428237E+000 -0.131028262406404E+000 -0.139721442172911E+003 -0.139721442172911E+003
  0.143597501623136E+001  0.199739262554189E+001  0.843285721455482E+000  0.496653805885631E+000 -0.131028262406404E+000 -0.139722450447822E+003 -0.139722450447822E+003
  0.153486207086807E+001  0.199761800832814E+001  0.642239153917427E+000  0.497696460704507E+000 -0.131028262406404E+000 -0.139722022405242E+003 -0.139722022405242E+003
  0.149547388409060E+001  0.199922557909063E+001  0.512572636190486E+000  0.499448098260625E+000 -0.131028262406404E+000 -0.139713546759336E+003 -0.139713546759336E+003
  0.146676609873342E+001  0.199981332146565E+001  0.490074380448661E+000  0.499028745397975E+000 -0.131028262406404E+000 -0.139713645629061E+003 -0.139713645629061E+003
  0.153201577153835E+001  0.199657655209036E+001  0.601436256312810E+000  0.498955938630807E+000 -0.131028262406404E+000 -0.139720769035688E+003 -0.139720769035688E+003
  0.147255290888340E+001  0.199289749598561E+001  0.908050880978187E+000  0.499758713266220E+000 -0.131028262406404E+000 -0.139716269227446E+003 -0.139716269227446E+003
  0.150439052079065E+001  0.198969311244281E+001  0.938152971582055E+000  0.499293921336181E+000 -0.131028262406404E+000 -0.139720572237961E+003 -0.139720572237961E+003
  0.152935298391601E+001  0.199250928394547E+001  0.892006934312441E+000  0.499279988061953E+000 -0.131028262406404E+000 -0.139722681091041E+003 -0.139722681091041E+003
  0.147040512372370E+001  0.198522093882360E+001  0.602124331314977E+000  0.499510693616481E+000 -0.131028262406404E+000 -0.139721270152768E+003 -0.139721270152768E+003
  0.152685034519316E+001  0.199739555579938E+001  0.630804797598253E+000  0.498879255656482E+000 -0.131028262406404E+000 -0.139719294189407E+003 -0.139719294189407E+003
  0.148424471567493E+001  0.198880899091849E+001  0.536913947890692E+000  0.499827571923384E+000 -0.131028262406404E+000 -0.139718836735140E+003 -0.139718836735140E+003
  0.151460702850687E+001  0.199972402331146E+001  0.270957938664955E+000  0.496037863225089E+000 -0.131028262406404E+000 -0.139719409808420E+003 -0.139719409808420E+003
  0.150251855363985E+001  0.198962791317624E+001  0.816240018985798E+000  0.498352204956031E+000 -0.131028262406404E+000 -0.139721625515911E+003 -0.139721625515911E+003
  0.149251177839825E+001  0.199840488353946E+001  0.722765376497803E+000  0.493409096423806E+000 -0.131028262406404E+000 -0.139722485170611E+003 -0.139722485170611E+003
  0.153329127355152E+001  0.199977978285902E+001  0.280538078687124E+000  0.499627230322365E+000 -0.131028262406404E+000 -0.139718119193330E+003 -0.139718119193330E+003
  0.144142479532911E+001  0.199834059826100E+001  0.633518466045200E+000  0.497266625077619E+000 -0.131028262406404E+000 -0.139719973129602E+003 -0.139719973129602E+003
  0.141665237511053E+001  0.199418871145070E+001  0.488409029450541E+000  0.499794701312428E+000 -0.131028262406404E+000 -0.139722215718728E+003 -0.139722215718728E+003
  0.145247129416062E+001  0.199180041963996E+001  0.431381827030984E+000  0.496687632138266E+000 -0.131028262406404E+000 -0.139722943334815E+003 -0.139722943334815E+003
  0.142244297396187E+001  0.199381471258868E+001  0.470364430048079E+000  0.499281729611907E+000 -0.131028262406404E+000 -0.139722076620511E+003 -0.139722076620511E+003
  0.142389532960607E+001  0.199928412520637E+001  0.783028580271717E+000  0.498472399864189E+000 -0.131028262406404E+000 -0.139720632609376E+003 -0.139720632609376E+003
  0.147720371784846E+001  0.198764507204553E+001  0.630195308478435E+000  0.499530115954799E+000 -0.131028262406404E+000 -0.139719780554431E+003 -0.139719780554431E+003
  0.147209514186260E+001  0.198964752625653E+001  0.634661730766916E+000  0.498871426147417E+000 -0.131028262406404E+000 -0.139719531012283E+003 -0.139719531012283E+003
  0.143375648028492E+001  0.199198180168675E+001  0.912034699907579E+000  0.498394396055940E+000 -0.131028262406404E+000 -0.139722467269167E+003 -0.139722467269167E+003
  0.145168662800322E+001  0.199688832834614E+001  0.917950647256657E+000  0.497501526163029E+000 -0.131028262406404E+000 -0.139718929635021E+003 -0.139718929635021E+003
  0.151304455470650E+001  0.199874739603905E+001  0.842127935435547E+000  0.493988236820652E+000 -0.131028262406404E+000 -0.139722536931722E+003 -0.139722536931722E+003
  0.148829242662012E+001  0.199697716963591E+001  0.768264013218044E+000  0.495788105947473E+000 -0.131028262406404E+000 -0.139719771302005E+003 -0.139719771302005E+003
  0.145589130227461E+001  0.199112136274805E+001  0.849146038421802E+000  0.499670249464915E+000 -0.131028262406404E+000 -0.139718120396305E+003 -0.139718120396305E+003
  0.150865074188940E+001  0.199015600038132E+001  0.559519640850124E+000  0.497844289091015E+000 -0.131028262406404E+000 -0.139722609865687E+003 -0.139722609865687E+003
  0.146708851288857E+001  0.199219055555263E+001  0.854596515993024E+000  0.498812803129801E+000 -0.131028262406404E+000 -0.139718249437035E+003 -0.139718249437035E+003
  0.152574524472233E+001  0.199923518048692E+001  0.275612002960704E+000  0.497996806238894E+000 -0.131028262406404E+000 -0.139718890202069E+003 -0.139718890202069E+003
  0.145221270877850E+001  0.198987268206095E+001  0.663939564612450E+000  0.498548581378379E+000 -0.131028262406404E+000 -0.139720944578024E+003 -0.139720944578024E+003
  0.141511915113590E+001  0.199973813916344E+001  0.839798076985175E+000  0.499115457330549E+000 -0.131028262406404E+000 -0.139721270909146E+003 -0.139721270909146E+003
  0.145781073654701E+001  0.198540597007105E+001  0.378876101970761E+000  0.499741418125002E+000 -0.131028262406404E+000 -0.139721182378435E+003 -0.139721182378435E+003
  0.152019278005973E+001  0.199436289606436E+001  0.961571170470520E+000  0.497811186431812E+000 -0.131028262406404E+000 -0.139721443666512E+003 -0.139721443666512E+003
  0.143059356816034E+001  0.199186451616452E+001  0.979615060850989E+000  0.498649209181205E+000 -0.131028262406404E+000 -0.139722620861399E+003 -0.139722620861399E+003
  0.146177151841336E+001  0.199464619216755E+001  0.697910409775353E+000  0.499321369351864E+000 -0.131028262406404E+000 -0.139716313700542E+003 -0.139716313700542E+003
  0.150875821952719E+001  0.199261349086999E+001  0.589816149010818E+000  0.497750439619694E+000 -0.131028262406404E+000 -0.139721124040200E+003 -0.139721124040200E+003
  0.144996557927682E+001  0.199650582574721E+001  0.873029803804642E+000  0.495796731414129E+000 -0.131028262406404E+000 -0.139722236572028E+003 -0.139722236572028E+003
  0.146902599621893E+001  0.199543062774064E+001  0.507336594110641E+000  0.498824577727220E+000 -0.131028262406404E+000 -0.139716305256045E+003 -0.139716305256045E+003
  0.147886707020972E+001  0.199531896872302E+001  0.633691404959919E+000  0.496793125195377E+000 -0.131028262406404E+000 -0.139719234947416E+003 -0.139719234947416E+003
  0.148868858771553E+001  0.199701642291274E+001  0.556716190559583E+000  0.494583549722795E+000 -0.131028262406404E+000 -0.139721526551253E+003 -0.139721526551253E+003
  0.150322998963657E+001  0.199952173409932E+001  0.943227427178367E+000  0.499788889479108E+000 -0.131028262406404E+000 -0.139713527162141E+003 -0.139713527162141E+003
  0.148954104485113E+001  0.199647837917227E+001  0.993372491438477E+000  0.499113665080510E+000 -0.131028262406404E+000 -0.139715348864156E+003 -0.139715348864156E+003
  0.144351349305972E+001  0.199292400690424E+001  0.522210439274286E+000  0.497811770639057E+000 -0.131028262406404E+000 -0.139721512786741E+003 -0.139721512786741E+003
  0.152886978955066E+001  0.199761460151802E+001  0.878847110968030E+000  0.496415364604295E+000 -0.131028262406404E+000 -0.139722344902817E+003 -0.139722344902817E+003
  0.150746712085574E+001  0.199566151912342E+001  0.316347976123261E+000  0.496544690771531E+000 -0.131028262406404E+000 -0.139720585363045E+003 -0.139720585363045E+003
  0.144359419167778E+001  0.198998513921382E+001  0.278067793629564E+000  0.499983764018020E+000 -0.131028262406404E+000 -0.139719392671837E+003 -0.139719392671837E+003
  0.147879063708497E+001  0.199753635969228E+001  0.275758194853702E+000  0.496862191304529E+000 -0.131028262406404E+000 -0.139717850140675E+003 -0.139717850140675E+003
  0.154255092771567E+001  0.199993076708967E+001  0.833778333266227E+000  0.497373988979278E+000 -0.131028262406404E+000 -0.139722443820820E+003 -0.139722443820820E+003
  0.150022769700911E+001  0.199823521541744E+001  0.834794582474970E+000  0.495221319908510E+000 -0.131028262406404E+000 -0.139720236257779E+003 -0.139720236257779E+003
  0.141073796946402E+001  0.199846755407203E+001  0.928602190923311E+000  0.499983956570475E+000 -0.131028262406404E+000 -0.139721308800749E+003 -0.139721308800749E+003
  0.144807724347463E+001  0.198543430669474E+001  0.695813568647670E+000  0.498859454297374E+000 -0.131028262406404E+000 -0.139723328658738E+003 -0.139723328658738E+003
  0.147400847977510E+001  0.199316121538187E+001  0.934492759097587E+000  0.496525211533945E+000 -0.131028262406404E+000 -0.139720993434888E+003 -0.139720993434888E+003
  0.144843920476836E+001  0.199322359472280E+001  0.720523646453164E+000  0.498350327212921E+000 -0.131028262406404E+000 -0.139719823923482E+003 -0.139719823923482E+003
  0.149818651089515E+001  0.199013878282392E+001  0.835730607951480E+000  0.497084149137636E+000 -0.131028262406404E+000 -0.139722599313672E+003 -0.139722599313672E+003
  0.143466900012137E+001  0.198664271735472E+001  0.411687504041438E+000  0.499682747626618E+000 -0.131028262406404E+000 -0.139722893529528E+003 -0.139722893529528E+003
  0.149547878849744E+001  0.198656093535449E+001  0.667708979975046E+000  0.499450270850794E+000 -0.131028262406404E+000 -0.139721527539744E+003 -0.139721527539744E+003
  0.151970656654013E+001  0.199918837777719E+001  0.816735761558165E+000  0.496461059738844E+000 -0.131028262406404E+000 -0.139719847022115E+003 -0.139719847022115E+003
  0.148426780078219E+001  0.199049571145420E+001  0.579812251833130E+000  0.498010121917163E+000 -0.131028262406404E+000 -0.139720373230979E+003 -0.139720373230979E+003
  0.150339075180125E+001  0.199638770040518E+001  0.817540573136949E+000  0.497874119830152E+000 -0.131028262406404E+000 -0.139718000798235E+003 -0.139718000798235E+003
  0.153346013037569E+001  0.199502822090179E+001  0.512757490031484E+000  0.499094928840594E+000 -0.131028262406404E+000 -0.139721991327211E+003 -0.139721991327211E+003
  0.147959032162306E+001  0.199970223454939E+001  0.580299405844139E+000  0.497449593276359E+000 -0.131028262406404E+000 -0.139715719130882E+003 -0.139715719130882E+003
  0.147813816488346E+001  0.199785547863291E+001  0.414352737633671E+000  0.494144233966564E+000 -0.131028262406404E+000 -0.139721863408155E+003 -0.139721863408155E+003
  0.145754030043917E+001  0.199144501384984E+001  0.329413711130963E+000  0.498623992879773E+000 -0.131028262406404E+000 -0.139719499969178E+003 -0.139719499969178E+003
  0.145937339943149E+001  0.198875307468808E+001  0.545344071264414E+000  0.499663808202568E+000 -0.131028262406404E+000 -0.139719262310861E+003 -0.139719262310861E+003
  0.150115664273969E+001  0.198602012531992E+001  0.505771987663600E+000  0.499100185465821E+000 -0.131028262406404E+000 -0.139722901254476E+003 -0.139722901254476E+003
  0.151843086186057E+001  0.199197718668716E+001  0.822270753220167E+000  0.499062297738996E+000 -0.131028262406404E+000 -0.139721281073460E+003 -0.139721281073460E+003
  0.150971609398189E+001  0.199721765134176E+001  0.862272327354134E+000  0.493956704748087E+000 -0.131028262406404E+000 -0.139723246069385E+003 -0.139723246069385E+003
  0.153947013242159E+001  0.199897150172973E+001  0.984130392373314E+000  0.496583917943975E+000 -0.131028262406404E+000 -0.139723273381029E+003 -0.139723273381029E+003
  0.152061416722308E+001  0.199648004248926E+001  0.858208558806094E+000  0.497094428850101E+000 -0.131028262406404E+000 -0.139720965570623E+003 -0.139720965570623E+003
  0.143480400097912E+001  0.199667582511126E+001  0.791390207539404E+000  0.499011875243351E+000 -0.131028262406404E+000 -0.139718815297355E+003 -0.139718815297355E+003
  0.147627530845888E+001  0.199955744782790E+001  0.402442690375933E+000  0.496803671346951E+000 -0.131028262406404E+000 -0.139716849354913E+003 -0.139716849354913E+003
  0.148074119247057E+001  0.199000609250248E+001  0.679663680960414E+000  0.498720656756076E+000 -0.131028262406404E+000 -0.139719566220955E+003 -0.139719566220955E+003
  0.148847540664640E+001  0.199320325675957E+001  0.749299184321421E+000  0.495339480475203E+000 -0.131028262406404E+000 -0.139722689933909E+003 -0.139722689933909E+003
  0.149790970016946E+001  0.199718762158964E+001  0.274943508267455E+000  0.495637950563350E+000 -0.131028262406404E+000 -0.139720171015424E+003 -0.139720171015424E+003
  0.145985587256918E+001  0.199380140672372E+001  0.625932304040430E+000  0.498008458216830E+000 -0.131028262406404E+000 -0.139719004332948E+003 -0.139719004332948E+003
  0.153661170142461E+001  0.199742824824033E+001  0.830337550266532E+000  0.498017735977578E+000 -0.131028262406404E+000 -0.139722169411977E+003 -0.139722169411977E+003
  0.145017256754306E+001  0.199616273160444E+001  0.976387898948801E+000  0.495591287760745E+000 -0.131028262406404E+000 -0.139722742083546E+003 -0.139722742083546E+003
  0.148853623477512E+001  0.199812897874120E+001  0.595685004761024E+000  0.497634961437687E+000 -0.131028262406404E+000 -0.139716420487225E+003 -0.139716420487225E+003
  0.148471257051075E+001  0.199902129459738E+001  0.975053295567558E+000  0.496369578131138E+000 -0.131028262406404E+000 -0.139717691586907E+003 -0.139717691586907E+003
  0.150750096668835E+001  0.198633096316161E+001  0.478774277245215E+000  0.499668144262995E+000 -0.131028262406404E+000 -0.139722750385519E+003 -0.139722750385519E+003
  0.147236932315685E+001  0.199748065474666E+001  0.669614744340098E+000  0.498733014774753E+000 -0.131028262406404E+000 -0.139715179114807E+003 -0.139715179114807E+003
  0.147490530818597E+001  0.199861010735543E+001  0.318762243648159E+000  0.493174469145110E+000 -0.131028262406404E+000 -0.139723127558614E+003 -0.139723127558614E+003
  0.148225063698716E+001  0.199397698615558E+001  0.515735556823983E+000  0.495713623206096E+000 -0.131028262406404E+000 -0.139721621644283E+003 -0.139721621644283E+003
  0.143802516619772E+001  0.199374026491834E+001  0.472024694353661E+000  0.499667677469036E+000 -0.131028262406404E+000 -0.139718660832258E+003 -0.139718660832258E+003
  0.144053489209769E+001  0.199159536725361E+001  0.790162575665481E+000  0.499831109657813E+000 -0.131028262406404E+000 -0.139719160558271E+003 -0.139719160558271E+003
  0.151551446768198E+001  0.199146412018848E+001  0.613927346150464E+000  0.499781007309368E+000 -0.131028262406404E+000 -0.139720308098117E+003 -0.139720308098117E+003
  0.151044946746931E+001  0.199851014831810E+001  0.857198360582877E+000  0.495844729876127E+000 -0.131028262406404E+000 -0.139719991906146E+003 -0.139719991906146E+003
  0.146431242475343E+001  0.199565369002975E+001  0.399698423875188E+000  0.497409167378939E+000 -0.131028262406404E+000 -0.139718632031847E+003 -0.139718632031847E+003
  0.142375884999711E+001  0.199643271360475E+001  0.925325975701524E+000  0.498913529427007E+000 -0.131028262406404E+000 -0.139721204202732E+003 -0.139721204202732E+003
  0.147430447088508E+001  0.199928385163102E+001  0.943603946615149E+000  0.494186289705043E+000 -0.131028262406404E+000 -0.139721172419471E+003 -0.139721172419471E+003
  0.142110195374336E+001  0.199441775960203E+001  0.806810261112094E+000  0.499324912503972E+000 -0.131028262406404E+000 -0.139721987424178E+003 -0.139721987424178E+003
  0.153470296607709E+001  0.199673556482600E+001  0.898501143225646E+000  0.499294666432762E+000 -0.131028262406404E+000 -0.139720861577107E+003 -0.139720861577107E+003
  0.150693576936828E+001  0.199906947590171E+001  0.886983262092658E+000  0.498587826680186E+000 -0.131028262406404E+000 -0.139715725638302E+003 -0.139715725638302E+003
  0.145025834622198E+001  0.199959924002578E+001  0.949758548933973E+000  0.496881578312430E+000 -0.131028262406404E+000 -0.139718742771054E+003 -0.139718742771054E+003
  0.148697029767531E+001  0.199853364453719E+001  0.868193520737946E+000  0.498797602367111E+000 -0.131028262406404E+000 -0.139714478501606E+003 -0.139714478501606E+003
  0.144843779702196E+001  0.199082585688669E+001  0.416597319811625E+000  0.498294276349744E+000 -0.131028262406404E+000 -0.139721219316131E+003 -0.139721219316131E+003
  0.147071312143760E+001  0.198712770415555E+001  0.303527040135996E+000  0.498025496879577E+000 -0.131028262406404E+000 -0.139722347278217E+003 -0.139722347278217E+003
  0.148741941533991E+001  0.199126378564927E+001  0.323637881567050E+000  0.498011244072372E+000 -0.131028262406404E+000 -0.139719999672741E+003 -0.139719999672741E+003
  0.152945071974201E+001  0.199682933090223E+001  0.785992943900153E+000  0.498864249336588E+000 -0.131028262406404E+000 -0.139720185017205E+003 -0.139720185017205E+003
  0.152136380118982E+001  0.199754360329010E+001  0.613515885460322E+000  0.494817598225396E+000 -0.131028262406404E+000 -0.139723175788326E+003 -0.139723175788326E+003
  0.144457590219112E+001  0.199688545022732E+001  0.306393448331279E+000  0.497216618400877E+000 -0.131028262406404E+000 -0.139720327100815E+003 -0.139720327100815E+003
  0.154583607634905E+001  0.199739570167631E+001  0.770018719802313E+000  0.499154210740618E+000 -0.131028262406404E+000 -0.139723195556567E+003 -0.139723195556567E+003
  0.141781127862895E+001  0.199616470558882E+001  0.303587929632912E+000  0.499176598765542E+000 -0.131028262406404E+000 -0.139722160781615E+003 -0.139722160781615E+003
  0.149464110253028E+001  0.199168420835318E+001  0.813636419382594E+000  0.496777315962685E+000 -0.131028262406404E+000 -0.139721808852975E+003 -0.139721808852975E+003
  0.149583426920010E+001  0.199187167228245E+001  0.459276511879535E+000  0.497944197191721E+000 -0.131028262406404E+000 -0.139720158900526E+003 -0.139720158900526E+003
  0.147916529914370E+001  0.199833378754584E+001  0.787028857901465E+000  0.494524351858238E+000 -0.131028262406404E+000 -0.139720966392160E+003 -0.139720966392160E+003
  0.150112471806741E+001  0.198431923817992E+001  0.586168858777654E+000  0.499807787564386E+000 -0.131028262406404E+000 -0.139723135803659E+003 -0.139723135803659E+003
  0.148182856774205E+001  0.198456057281958E+001  0.712397999024667E+000  0.499860740996221E+000 -0.131028262406404E+000 -0.139721377947163E+003 -0.139721377947163E+003
  0.147395543810310E+001  0.198904431782984E+001  0.353503127837284E+000  0.499882124008449E+000 -0.131028262406404E+000 -0.139718379199075E+003 -0.139718379199075E+003
  0.152069057212830E+001  0.199546552205539E+001  0.916365304101879E+000  0.496113231433046E+000 -0.131028262406404E+000 -0.139722842111926E+003 -0.139722842111926E+003
  0.143369097655611E+001  0.199754661315512E+001  0.601391764715940E+000  0.497793655684932E+000 -0.131028262406404E+000 -0.139720743117541E+003 -0.139720743117541E+003
  0.149264493654556E+001  0.199201163279570E+001  0.989249199376263E+000  0.495839042901931E+000 -0.131028262406404E+000 -0.139722826744028E+003 -0.139722826744028E+003
  0.149006698621061E+001  0.199345203889267E+001  0.716214661487597E+000  0.497500533626190E+000 -0.131028262406404E+000 -0.139719478662103E+003 -0.139719478662103E+003
  0.143000956564641E+001  0.199498067067793E+001  0.864922386728699E+000  0.497562063899537E+000 -0.131028262406404E+000 -0.139723116900202E+003 -0.139723116900202E+003
  0.146580858978956E+001  0.199679552907285E+001  0.495576656896865E+000  0.496967477715606E+000 -0.131028262406404E+000 -0.139718609978739E+003 -0.139718609978739E+003
  0.142629679334468E+001  0.199296877645071E+001  0.886718072247418E+000  0.499277577770063E+000 -0.131028262406404E+000 -0.139721729591390E+003 -0.139721729591390E+003
  0.143148130197470E+001  0.199580821948267E+001  0.489214585469575E+000  0.497939765844357E+000 -0.131028262406404E+000 -0.139721745606976E+003 -0.139721745606976E+003
  0.147562207292357E+001  0.199934519575013E+001  0.949591461842265E+000  0.495556781634491E+000 -0.131028262406404E+000 -0.139718918521726E+003 -0.139718918521726E+003
  0.145615880763212E+001  0.199908270397603E+001  0.283951998187625E+000  0.495069474434006E+000 -0.131028262406404E+000 -0.139721369855685E+003 -0.139721369855685E+003
  0.151558044187846E+001  0.199569494754474E+001  0.860711808445513E+000  0.495956397699472E+000 -0.131028262406404E+000 -0.139722207702900E+003 -0.139722207702900E+003
  0.148455534519764E+001  0.198646262814873E+001  0.607805517227682E+000  0.498737182518446E+000 -0.131028262406404E+000 -0.139721865676005E+003 -0.139721865676005E+003
  0.143227989077715E+001  0.199217611088113E+001  0.751121723812969E+000  0.499802074163492E+000 -0.131028262406404E+000 -0.139720129126727E+003 -0.139720129126727E+003
  0.151721701229353E+001  0.199578837535508E+001  0.412568052503270E+000  0.497872693747337E+000 -0.131028262406404E+000 -0.139719980419953E+003 -0.139719980419953E+003
  0.148327991712453E+001  0.199303187367767E+001  0.294022790619004E+000  0.495160774115774E+000 -0.131028262406404E+000 -0.139723010110141E+003 -0.139723010110141E+003
  0.143231564422183E+001  0.198962158569244E+001  0.915455505836524E+000  0.499793952132776E+000 -0.131028262406404E+000 -0.139721468119917E+003 -0.139721468119917E+003
  0.147401741242526E+001  0.199391080957249E+001  0.646359114819081E+000  0.499632085120635E+000 -0.131028262406404E+000 -0.139715850403902E+003 -0.139715850403902E+003
  0.149597962748529E+001  0.199569907813380E+001  0.968561042349996E+000  0.494401873017211E+000 -0.131028262406404E+000 -0.139722742682426E+003 -0.139722742682426E+003
  0.149744694576342E+001  0.199506747579869E+001  0.272708072463875E+000  0.499510568637672E+000 -0.131028262406404E+000 -0.139716159306806E+003 -0.139716159306806E+003
  0.142405614453473E+001  0.199154067732884E+001  0.768429241919330E+000  0.499428416706856E+000 -0.131028262406404E+000 -0.139722609983411E+003 -0.139722609983411E+003
  0.146566147736498E+001  0.199585569774989E+001  0.775072476510571E+000  0.498334542041855E+000 -0.131028262406404E+000 -0.139716976027744E+003 -0.139716976027744E+003
  0.151484770461149E+001  0.199672605937042E+001  0.511607330143495E+000  0.495373255933626E+000 -0.131028262406404E+000 -0.139722198712867E+003 -0.139722198712867E+003
  0.149060065700455E+001  0.199246314126425E+001  0.556534739535305E+000  0.497843247014574E+000 -0.131028262406404E+000 -0.139719628343746E+003 -0.139719628343746E+003
  0.144652533195761E+001  0.199770698781372E+001  0.810714104929227E+000  0.497725310195387E+000 -0.131028262406404E+000 -0.139718760702699E+003 -0.139718760702699E+003
  0.143071021750965E+001  0.199615142521536E+001  0.594847020712621E+000  0.497545626295633E+000 -0.131028262406404E+000 -0.139722433755124E+003 -0.139722433755124E+003
  0.150749206504451E+001  0.199392177400046E+001  0.581139813366743E+000  0.496592813041408E+000 -0.131028262406404E+000 -0.139721636291490E+003 -0.139721636291490E+003
  0.146181301025924E+001  0.199779563962081E+001  0.444104808321538E+000  0.494953476214320E+000 -0.131028262406404E+000 -0.139721653053601E+003 -0.139721653053601E+003
  0.146369583787693E+001  0.199912329102799E+001  0.859253069888806E+000  0.495623289381242E+000 -0.131028262406404E+000 -0.139719670614821E+003 -0.139719670614821E+003
  0.142621323521884E+001  0.199946630796258E+001  0.849772921890433E+000  0.499916794912415E+000 -0.131028262406404E+000 -0.139717423753126E+003 -0.139717423753126E+003
  0.143701104937664E+001  0.199499336918195E+001  0.394084234105120E+000  0.499790216813505E+000 -0.131028262406404E+000 -0.139717953552079E+003 -0.139717953552079E+003
  0.149976182930515E+001  0.199532528521314E+001  0.851572656046920E+000  0.499680678813098E+000 -0.131028262406404E+000 -0.139715967520540E+003 -0.139715967520540E+003
  0.151304056233308E+001  0.199370943473420E+001  0.993940544392450E+000  0.496104535510615E+000 -0.131028262406404E+000 -0.139723007570205E+003 -0.139723007570205E+003
  0.150236556642755E+001  0.199935835783182E+001  0.821287623332057E+000  0.492904362873010E+000 -0.131028262406404E+000 -0.139722922451850E+003 -0.139722922451850E+003
  0.146677037891276E+001  0.199266635117790E+001  0.854302941325115E+000  0.498494421910049E+000 -0.131028262406404E+000 -0.139718481345309E+003 -0.139718481345309E+003
  0.149804207201627E+001  0.199708359003326E+001  0.470293512408095E+000  0.499217665865262E+000 -0.131028262406404E+000 -0.139715343641914E+003 -0.139715343641914E+003
  0.150252095834630E+001  0.199635567586209E+001  0.657955746746667E+000  0.496551744808499E+000 -0.131028262406404E+000 -0.139719715812262E+003 -0.139719715812262E+003
  0.143580391393398E+001  0.199470596164665E+001  0.354482386630581E+000  0.497157665524470E+000 -0.131028262406404E+000 -0.139722923764422E+003 -0.139722923764422E+003
  0.147532654129435E+001  0.199831840853261E+001  0.910711657535921E+000  0.493601812783149E+000 -0.131028262406404E+000 -0.139722583986081E+003 -0.139722583986081E+003
  0.148004689088620E+001  0.198823440589257E+001  0.394631455096638E+000  0.497953888555467E+000 -0.131028262406404E+000 -0.139721759863335E+003 -0.139721759863335E+003
  0.149571967333795E+001  0.199343638631779E+001  0.840341069522359E+000  0.495147689898899E+000 -0.131028262406404E+000 -0.139723057923369E+003 -0.139723057923369E+003
  0.150543398461699E+001  0.199238866636207E+001  0.892352359130663E+000  0.498727731211217E+000 -0.131028262406404E+000 -0.139719646455904E+003 -0.139719646455904E+003
  0.145675597998767E+001  0.198854340912009E+001  0.629627014256916E+000  0.497653106589096E+000 -0.131028262406404E+000 -0.139722775376187E+003 -0.139722775376187E+003
  0.144468464126352E+001  0.199565634881077E+001  0.372980733356199E+000  0.495977697506181E+000 -0.131028262406404E+000 -0.139723098635526E+003 -0.139723098635526E+003
  0.146015761041221E+001  0.199067801334554E+001  0.579359195834292E+000  0.496880445833098E+000 -0.131028262406404E+000 -0.139722558500043E+003 -0.139722558500043E+003
  0.148751515644605E+001  0.199352182418799E+001  0.778263130747508E+000  0.496588186154321E+000 -0.131028262406404E+000 -0.139720659937447E+003 -0.139720659937447E+003
  0.146099459389319E+001  0.199598240455624E+001  0.310480524698705E+000  0.498049050819978E+000 -0.131028262406404E+000 -0.139717651314163E+003 -0.139717651314163E+003
  0.144903867028769E+001  0.199964280649242E+001  0.498436046270565E+000  0.498274291533384E+000 -0.131028262406404E+000 -0.139716510570923E+003 -0.139716510570923E+003
  0.148614134631388E+001  0.199875565853741E+001  0.549580565791644E+000  0.498045314238690E+000 -0.131028262406404E+000 -0.139715408064678E+003 -0.139715408064678E+003
  0.141482632172289E+001  0.199559723596275E+001  0.917813464224412E+000  0.499333275148345E+000 -0.131028262406404E+000 -0.139722839730368E+003 -0.139722839730368E+003
  0.145659034666885E+001  0.198939891237076E+001  0.793066703438866E+000  0.499631174916961E+000 -0.131028262406404E+000 -0.139719111280497E+003 -0.139719111280497E+003
  0.151344104832913E+001  0.199226496209715E+001  0.755306861660870E+000  0.498028787653398E+000 -0.131028262406404E+000 -0.139721591794118E+003 -0.139721591794118E+003
  0.148572149942120E+001  0.198257993050506E+001  0.601385958914672E+000  0.499515227331252E+000 -0.131028262406404E+000 -0.139723336761279E+003 -0.139723336761279E+003
  0.152272710785756E+001  0.199599488802434E+001  0.820962640961470E+000  0.496235925896743E+000 -0.131028262406404E+000 -0.139722642285912E+003 -0.139722642285912E+003
  0.142955566757104E+001  0.199960894316104E+001  0.442713248024060E+000  0.498862912513164E+000 -0.131028262406404E+000 -0.139718598445155E+003 -0.139718598445155E+003
  0.144982149638111E+001  0.198666359757059E+001  0.468373903941615E+000  0.498669972789302E+000 -0.131028262406404E+000 -0.139722775211137E+003 -0.139722775211137E+003
  0.146310497621224E+001  0.199584001622078E+001  0.279377286902868E+000  0.499461049078031E+000 -0.131028262406404E+000 -0.139715352678225E+003 -0.139715352678225E+003
  0.146552644004637E+001  0.199079768695500E+001  0.982429112409321E+000  0.496246839695556E+000 -0.131028262406404E+000 -0.139723157539642E+003 -0.139723157539642E+003
  0.141932956285123E+001  0.199406249390148E+001  0.820990861760317E+000  0.499676277039873E+000 -0.131028262406404E+000 -0.139721896713842E+003 -0.139721896713842E+003
  0.149045569697114E+001  0.199200136889164E+001  0.504712590354024E+000  0.496152555781577E+000 -0.131028262406404E+000 -0.139722302682373E+003 -0.139722302682373E+003
  0.145287700806318E+001  0.199746500347415E+001  0.730189326602865E+000  0.498527484946396E+000 -0.131028262406404E+000 -0.139716785147334E+003 -0.139716785147334E+003
  0.147316340305267E+001  0.199655587678281E+001  0.412591612571501E+000  0.497351657727442E+000 -0.131028262406404E+000 -0.139717794911994E+003 -0.139717794911994E+003
  0.151475617875576E+001  0.199691307457915E+001  0.410727469581015E+000  0.497956835674558E+000 -0.131028262406404E+000 -0.139718806506945E+003 -0.139718806506945E+003
  0.147766880264697E+001  0.199952863782827E+001  0.659154339434995E+000  0.498036323555369E+000 -0.131028262406404E+000 -0.139714962725154E+003 -0.139714962725154E+003
  0.148253601213769E+001  0.199779442087879E+001  0.716666480283639E+000  0.494758061854639E+000 -0.131028262406404E+000 -0.139720835833454E+003 -0.139720835833454E+003
  0.150401496730865E+001  0.199556903206042E+001  0.442605393916544E+000  0.498986644323113E+000 -0.131028262406404E+000 -0.139717120652256E+003 -0.139717120652256E+003
  0.150489481989123E+001  0.199502261218000E+001  0.957869201810837E+000  0.499483675799723E+000 -0.131028262406404E+000 -0.139716920480781E+003 -0.139716920480781E+003
  0.145779578615311E+001  0.199133659245620E+001  0.968619445185452E+000  0.497657455563446E+000 -0.131028262406404E+000 -0.139721105625972E+003 -0.139721105625972E+003
  0.147333589810864E+001  0.199420715064177E+001  0.721058414831149E+000  0.499388063086878E+000 -0.131028262406404E+000 -0.139716048946240E+003 -0.139716048946240E+003
  0.144276090950348E+001  0.199835767688661E+001  0.870847225844471E+000  0.496512329197561E+000 -0.131028262406404E+000 -0.139721078492890E+003 -0.139721078492890E+003
  0.144301085479748E+001  0.199981744900752E+001  0.683884590796682E+000  0.496587696667998E+000 -0.131028262406404E+000 -0.139720176847679E+003 -0.139720176847679E+003
  0.151047521041961E+001  0.199604727560800E+001  0.647813258392750E+000  0.497224875352230E+000 -0.131028262406404E+000 -0.139719768041065E+003 -0.139719768041065E+003
  0.148494335715785E+001  0.199851816293930E+001  0.934925317374654E+000  0.497643935499157E+000 -0.131028262406404E+000 -0.139716110939503E+003 -0.139716110939503E+003
  0.145659804918854E+001  0.199516431248796E+001  0.486711257752582E+000  0.496176801445499E+000 -0.131028262406404E+000 -0.139721541165272E+003 -0.139721541165272E+003
  0.143037317995387E+001  0.199710613852492E+001  0.438579933708139E+000  0.499504673319054E+000 -0.131028262406404E+000 -0.139718505793443E+003 -0.139718505793443E+003
  0.144357068728049E+001  0.199555866985916E+001  0.322386060972998E+000  0.499065015162742E+000 -0.131028262406404E+000 -0.139717977336621E+003 -0.139717977336621E+003
  0.151176794222976E+001  0.199411742641288E+001  0.784046986967125E+000  0.497691364330865E+000 -0.131028262406404E+000 -0.139720575801915E+003 -0.139720575801915E+003
  0.152964841187873E+001  0.199216248582011E+001  0.762780105351567E+000  0.499918109889106E+000 -0.131028262406404E+000 -0.139722288735422E+003 -0.139722288735422E+003
  0.145904734525932E+001  0.199354415464547E+001  0.538061163892341E+000  0.495544007544275E+000 -0.131028262406404E+000 -0.139723240682073E+003 -0.139723240682073E+003
  0.145072460736489E+001  0.199940737817597E+001  0.385086792195472E+000  0.496800095255367E+000 -0.131028262406404E+000 -0.139718920680459E+003 -0.139718920680459E+003
  0.144793951127217E+001  0.199851842200257E+001  0.422476771584089E+000  0.496458623753703E+000 -0.131028262406404E+000 -0.139720328731813E+003 -0.139720328731813E+003
  0.147376986109361E+001  0.199102547945872E+001  0.299879832651102E+000  0.499092922197495E+000 -0.131028262406404E+000 -0.139718360289024E+003 -0.139718360289024E+003
  0.144624544653321E+001  0.199260672011470E+001  0.917657491265877E+000  0.497519629593036E+000 -0.131028262406404E+000 -0.139721824114271E+003 -0.139721824114271E+003
  0.149617926783668E+001  0.199925508932813E+001  0.351403620446338E+000  0.495680856470787E+000 -0.131028262406404E+000 -0.139718787161962E+003 -0.139718787161962E+003
  0.142495530063577E+001  0.199877032786992E+001  0.995825480692617E+000  0.497665515873491E+000 -0.131028262406404E+000 -0.139722133775928E+003 -0.139722133775928E+003
  0.146368649437030E+001  0.198841127183396E+001  0.336156071463327E+000  0.499757344775421E+000 -0.131028262406404E+000 -0.139719119440396E+003 -0.139719119440396E+003
  0.152831429393598E+001  0.199215869502008E+001  0.411395512839616E+000  0.499094831140415E+000 -0.131028262406404E+000 -0.139722918903936E+003 -0.139722918903936E+003
  0.148521005131336E+001  0.198730515212222E+001  0.677738488858041E+000  0.498235449443446E+000 -0.131028262406404E+000 -0.139722069874953E+003 -0.139722069874953E+003
  0.149078688278705E+001  0.199621059639538E+001  0.694684114552180E+000  0.495799770931004E+000 -0.131028262406404E+000 -0.139720261165449E+003 -0.139720261165449E+003
  0.149418379774514E+001  0.198904629023455E+001  0.764273108917573E+000  0.499030916582817E+000 -0.131028262406404E+000 -0.139720368003646E+003 -0.139720368003646E+003
  0.147947261652645E+001  0.199135509112331E+001  0.468408615756652E+000  0.497044720941987E+000 -0.131028262406404E+000 -0.139721199185988E+003 -0.139721199185988E+003
  0.145957430787576E+001  0.199178641509649E+001  0.478973219511214E+000  0.497145571124122E+000 -0.131028262406404E+000 -0.139721546687390E+003 -0.139721546687390E+003
  0.143173641492979E+001  0.199957319268774E+001  0.602516300441306E+000  0.498088720564470E+000 -0.131028262406404E+000 -0.139719591286564E+003 -0.139719591286564E+003
  0.152789163520444E+001  0.199464393253158E+001  0.337957858745651E+000  0.499608284765270E+000 -0.131028262406404E+000 -0.139720544116003E+003 -0.139720544116003E+003
  0.151616427465260E+001  0.199813267623177E+001  0.816124266037011E+000  0.499329678266835E+000 -0.131028262406404E+000 -0.139716528813050E+003 -0.139716528813050E+003
  0.148953868690247E+001  0.199822331537185E+001  0.325050649173676E+000  0.499182123768855E+000 -0.131028262406404E+000 -0.139714206625853E+003 -0.139714206625853E+003
  0.143859170726243E+001  0.199556307325073E+001  0.554970700884286E+000  0.496868015708281E+000 -0.131028262406404E+000 -0.139722533368099E+003 -0.139722533368099E+003
  0.145330030923978E+001  0.198862513403163E+001  0.561057716450365E+000  0.499750000413258E+000 -0.131028262406404E+000 -0.139719598464399E+003 -0.139719598464399E+003
  0.146484180097977E+001  0.199622188494411E+001  0.980287983995696E+000  0.497840072011806E+000 -0.131028262406404E+000 -0.139717598684606E+003 -0.139717598684606E+003
  0.150220575741156E+001  0.199647958166584E+001  0.828201679963346E+000  0.499850482004723E+000 -0.131028262406404E+000 -0.139715247358481E+003 -0.139715247358481E+003
  0.141864129594461E+001  0.199367623645460E+001  0.443858605605909E+000  0.499746583033966E+000 -0.131028262406404E+000 -0.139722105228339E+003 -0.139722105228339E+003
  0.146964230716025E+001  0.199580501242383E+001  0.639095168190344E+000  0.498795855161301E+000 -0.131028262406404E+000 -0.139716115500873E+003 -0.139716115500873E+003
  0.143069079859932E+001  0.199396601767383E+001  0.723828091210278E+000  0.498071331953965E+000 -0.131028262406404E+000 -0.139722574328836E+003 -0.139722574328836E+003
  0.143922315569682E+001  0.199453808901387E+001  0.368705047599436E+000  0.497599325985253E+000 -0.131028262406404E+000 -0.139721666109120E+003 -0.139721666109120E+003
  0.147802919467414E+001  0.199919470979951E+001  0.958459114008891E+000  0.499711262525388E+000 -0.131028262406404E+000 -0.139712657749830E+003 -0.139712657749830E+003
  0.146332292858896E+001  0.199862770949873E+001  0.306951765656465E+000  0.494442159681685E+000 -0.131028262406404E+000 -0.139721914839544E+003 -0.139721914839544E+003
  0.145679333507265E+001  0.199231781602389E+001  0.809868918208798E+000  0.497860505339409E+000 -0.131028262406404E+000 -0.139720308026281E+003 -0.139720308026281E+003
  0.146596422790704E+001  0.199298130455567E+001  0.858732907137859E+000  0.498648977443347E+000 -0.131028262406404E+000 -0.139718094555751E+003 -0.139718094555751E+003
  0.150455429364551E+001  0.198812023582919E+001  0.803159943808376E+000  0.498276612926800E+000 -0.131028262406404E+000 -0.139722934957567E+003 -0.139722934957567E+003
  0.150483897906276E+001  0.199813399926484E+001  0.270750131526393E+000  0.498503377915835E+000 -0.131028262406404E+000 -0.139716213906978E+003 -0.139716213906978E+003
  0.149524843566492E+001  0.199657340801492E+001  0.467982760720463E+000  0.498354048261782E+000 -0.131028262406404E+000 -0.139716637149419E+003 -0.139716637149419E+003
  0.146350224145765E+001  0.199596689926406E+001  0.603825872225566E+000  0.498937275908337E+000 -0.131028262406404E+000 -0.139716083703144E+003 -0.139716083703144E+003
  0.146859081912754E+001  0.199279772648739E+001  0.901058670102175E+000  0.496059028507285E+000 -0.131028262406404E+000 -0.139722143443486E+003 -0.139722143443486E+003
  0.149364239930675E+001  0.199692840710811E+001  0.568759002927170E+000  0.496420932012396E+000 -0.131028262406404E+000 -0.139719034617488E+003 -0.139719034617488E+003
