  0.452910787981921E+000  0.511996743390658E+000  0.358109240508181E+000  0.496838344765473E+000 -0.131028262406404E+000 -0.140120149670434E+003 -0.140120149670434E+003 -0.140126771191854E+003
  0.452043899428011E+000  0.503681999429914E+000  0.652415526903434E+000  0.490737133522174E+000 -0.131028262406404E+000 -0.140121644686496E+003 -0.140121644686496E+003 -0.140133593465947E+003
  0.452309003251808E+000  0.501372877260101E+000  0.541024696710883E+000  0.491987993726301E+000 -0.131028262406404E+000 -0.140120544209944E+003 -0.140120544209944E+003 -0.140126619236531E+003
  0.437320144201091E+000  0.503584042253091E+000  0.403803499280008E+000  0.496478870257187E+000 -0.131028262406404E+000 -0.140119812564592E+003 -0.140119812564592E+003 -0.140123815440015E+003
  0.467407887434163E+000  0.503455325063884E+000  0.241032547000985E+000  0.499261293442511E+000 -0.131028262406404E+000 -0.140116697470976E+003 -0.140116697470976E+003 -0.140122351314582E+003
  0.435425776167232E+000  0.507365636849358E+000  0.520979824968027E+000  0.499016989438087E+000 -0.131028262406404E+000 -0.140119392163483E+003 -0.140119392163483E+003 -0.140122320765211E+003
  0.448152891244131E+000  0.508041851818697E+000  0.874312129347068E+000  0.499802531578203E+000 -0.131028262406404E+000 -0.140118134042128E+003 -0.140118134042128E+003 -0.140123642320592E+003
  0.504369893283377E+000  0.506028985343134E+000  0.240707739126756E+000  0.499783243174775E+000 -0.131028262406404E+000 -0.140118139084102E+003 -0.140118139084102E+003 -0.140126111042865E+003
  0.458865578934717E+000  0.505788119897494E+000  0.438905792089671E+000  0.495130967320029E+000 -0.131028262406404E+000 -0.140119503873011E+003 -0.140119503873011E+003 -0.140142048033000E+003
  0.456707397540322E+000  0.512765365331675E+000  0.294175622765888E+000  0.495863263416943E+000 -0.131028262406404E+000 -0.140120643124305E+003 -0.140120643124305E+003 -0.140130549690286E+003
  0.463055459652083E+000  0.500925280275484E+000  0.932148309071401E+000  0.498259288378937E+000 -0.131028262406404E+000 -0.140116778776128E+003 -0.140116778776128E+003 -0.140123971210982E+003
  0.441830623186942E+000  0.520216823323054E+000  0.205603687077005E+000  0.499818771491882E+000 -0.131028262406404E+000 -0.140120900694684E+003 -0.140120900694684E+003 -0.140122151342698E+003
  0.483354117793385E+000  0.518649160393250E+000  0.837585797933194E+000  0.498591465015370E+000 -0.131028262406404E+000 -0.140120670100367E+003 -0.140120670100367E+003 -0.140122324973534E+003
  0.462430019164008E+000  0.511834894942539E+000  0.366852357942948E+000  0.499419060125640E+000 -0.131028262406404E+000 -0.140118510547078E+003 -0.140118510547078E+003 -0.140124162664436E+003
  0.445580721693472E+000  0.503099609758414E+000  0.946296675027669E+000  0.499917305418670E+000 -0.131028262406404E+000 -0.140117299638442E+003 -0.140117299638442E+003 -0.140122952195348E+003
  0.511769491305374E+000  0.503988790239087E+000  0.986583607918743E+000  0.497576506569019E+000 -0.131028262406404E+000 -0.140119310810017E+003 -0.140119310810017E+003 -0.140124214797699E+003
  0.435889912350022E+000  0.508667094300478E+000  0.535916891671129E+000  0.496150557362290E+000 -0.131028262406404E+000 -0.140121025806464E+003 -0.140121025806464E+003 -0.140123109721794E+003
  0.493488070123843E+000  0.506567675459739E+000  0.698771987984628E+000  0.498113376555246E+000 -0.131028262406404E+000 -0.140118403154913E+003 -0.140118403154913E+003 -0.140125762307991E+003
  0.464451150427359E+000  0.501950124438949E+000  0.618297905984378E+000  0.492796918774271E+000 -0.131028262406404E+000 -0.140119716479484E+003 -0.140119716479484E+003 -0.140122962314734E+003
  0.492956425609308E+000  0.504848112531017E+000  0.228471585871873E+000  0.497590779367116E+000 -0.131028262406404E+000 -0.140118213198898E+003 -0.140118213198898E+003 -0.140138694316372E+003
  0.452819756672610E+000  0.504519728868348E+000  0.937494038565114E+000  0.494613950388761E+000 -0.131028262406404E+000 -0.140119789166918E+003 -0.140119789166918E+003 -0.140147634879702E+003
  0.455779574981696E+000  0.504579941868347E+000  0.888749825324059E+000  0.494618528589140E+000 -0.131028262406404E+000 -0.140119649699478E+003 -0.140119649699478E+003 -0.140123761285304E+003
  0.486491672619424E+000  0.510184185432579E+000  0.124234582349745E+000  0.499322443514539E+000 -0.131028262406404E+000 -0.140118381598108E+003 -0.140118381598108E+003 -0.140124070908510E+003
  0.416693886475993E+000  0.508290861840682E+000  0.413706294237160E+000  0.499269771153117E+000 -0.131028262406404E+000 -0.140121621809494E+003 -0.140121621809494E+003 -0.140123464743488E+003
  0.489017727507073E+000  0.502205132940811E+000  0.870537436187644E+000  0.492072424687155E+000 -0.131028262406404E+000 -0.140120190422524E+003 -0.140120190422524E+003 -0.140132547943699E+003
  0.477615138573261E+000  0.515589728488733E+000  0.609043492963820E+000  0.496742342297873E+000 -0.131028262406404E+000 -0.140120678761016E+003 -0.140120678761016E+003 -0.140123107055338E+003
  0.462278633052006E+000  0.505945584706068E+000  0.975804503992243E+000  0.492990995281756E+000 -0.131028262406404E+000 -0.140120506486613E+003 -0.140120506486613E+003 -0.140128338139832E+003
  0.438556743167890E+000  0.503725221130816E+000  0.879741148393496E+000  0.498274017965861E+000 -0.131028262406404E+000 -0.140118817908981E+003 -0.140118817908981E+003 -0.140126181310940E+003
  0.437431761488945E+000  0.508511810644063E+000  0.731612409497210E+000  0.499167681883969E+000 -0.131028262406404E+000 -0.140119342306040E+003 -0.140119342306040E+003 -0.140124061017582E+003
  0.496584750602442E+000  0.501435470347070E+000  0.485640442801026E+000  0.499911797448930E+000 -0.131028262406404E+000 -0.140116398168581E+003 -0.140116398168581E+003 -0.140130917124146E+003
  0.464234641114514E+000  0.509106957215962E+000  0.341847328131077E+000  0.493259573775252E+000 -0.131028262406404E+000 -0.140120982349879E+003 -0.140120982349879E+003 -0.140122206012403E+003
  0.509456359079185E+000  0.505263103006666E+000  0.320380191708970E+000  0.496707571682859E+000 -0.131028262406404E+000 -0.140119869753787E+003 -0.140119869753787E+003 -0.140122569413215E+003
  0.534290788018931E+000  0.502451627829704E+000  0.720098406368793E+000  0.499908714044669E+000 -0.131028262406404E+000 -0.140120448127909E+003 -0.140120448127909E+003 -0.140125870984854E+003
  0.470877720659059E+000  0.500626185374084E+000  0.337918362416532E+000  0.494667404705927E+000 -0.131028262406404E+000 -0.140118351510000E+003 -0.140118351510000E+003 -0.140146362027862E+003
  0.441811157377093E+000  0.505500712053975E+000  0.636187193956308E+000  0.491986432259134E+000 -0.131028262406404E+000 -0.140122051741531E+003 -0.140122051741531E+003 -0.140122765122614E+003
  0.459382741451210E+000  0.508465674538654E+000  0.133122993341455E+000  0.495154961474636E+000 -0.131028262406404E+000 -0.140120022284865E+003 -0.140120022284865E+003 -0.140135190953989E+003
  0.435713160018068E+000  0.501668629576376E+000  0.471170995926154E+000  0.498921060577418E+000 -0.131028262406404E+000 -0.140118393082845E+003 -0.140118393082845E+003 -0.140145010328519E+003
  0.463659344036919E+000  0.501878934591129E+000  0.884861675246031E+000  0.490222283752813E+000 -0.131028262406404E+000 -0.140121040644721E+003 -0.140121040644721E+003 -0.140130055413510E+003
  0.461518880067136E+000  0.521781287806336E+000  0.837237448238222E+000  0.497723605386140E+000 -0.131028262406404E+000 -0.140121513909748E+003 -0.140121513909748E+003 -0.140123491349404E+003
  0.453701642456557E+000  0.518980731483597E+000  0.661663456707981E+000  0.498090751518632E+000 -0.131028262406404E+000 -0.140120921183410E+003 -0.140120921183410E+003 -0.140145104657448E+003
  0.477342430848015E+000  0.515850429519493E+000  0.863438013463858E+000  0.498650218940373E+000 -0.131028262406404E+000 -0.140119790347142E+003 -0.140119790347142E+003 -0.140122762550467E+003
  0.444608731856669E+000  0.500041847620042E+000  0.826508593521082E+000  0.490362115474187E+000 -0.131028262406404E+000 -0.140121660362212E+003 -0.140121660362212E+003 -0.140128929323630E+003
  0.425559601306170E+000  0.509801628935587E+000  0.203501226372325E+000  0.497983500823092E+000 -0.131028262406404E+000 -0.140121378288100E+003 -0.140121378288100E+003 -0.140129761098240E+003
  0.431935797110947E+000  0.515663726334299E+000  0.517592612024204E+000  0.498333904297600E+000 -0.131028262406404E+000 -0.140121563929315E+003 -0.140121563929315E+003 -0.140123147404844E+003
  0.453641720681728E+000  0.517401196231286E+000  0.675124094030931E+000  0.499465398318350E+000 -0.131028262406404E+000 -0.140119913814520E+003 -0.140119913814520E+003 -0.140139740368253E+003
  0.492751468398309E+000  0.516260732315291E+000  0.191474452472410E+000  0.495858630366881E+000 -0.131028262406404E+000 -0.140121892123621E+003 -0.140121892123621E+003 -0.140122698198351E+003
  0.454336775413934E+000  0.501334173389135E+000  0.548967008538699E+000  0.490327590630296E+000 -0.131028262406404E+000 -0.140121272835857E+003 -0.140121272835857E+003 -0.140127886749723E+003
  0.507332520628626E+000  0.508067820938464E+000  0.316731631158240E+000  0.495207736159713E+000 -0.131028262406404E+000 -0.140121167104209E+003 -0.140121167104209E+003 -0.140123003674500E+003
  0.446293106889509E+000  0.502959704913064E+000  0.506437271457265E+000  0.491753571902939E+000 -0.131028262406404E+000 -0.140121358820077E+003 -0.140121358820077E+003 -0.140123115809325E+003
  0.483981009729984E+000  0.514753582608007E+000  0.474227911950280E+000  0.494019492025076E+000 -0.131028262406404E+000 -0.140122014704888E+003 -0.140122014704888E+003 -0.140125124758485E+003
  0.430629792957268E+000  0.506078363380521E+000  0.724032178005271E+000  0.499627426590255E+000 -0.131028262406404E+000 -0.140119341754653E+003 -0.140119341754653E+003 -0.140123202406030E+003
  0.478927891990196E+000  0.505875155418777E+000  0.644754313552832E+000  0.491315236197686E+000 -0.131028262406404E+000 -0.140121196680826E+003 -0.140121196680826E+003 -0.140133640913243E+003
  0.448818252719719E+000  0.509202646723522E+000  0.311833998024119E+000  0.492757826956129E+000 -0.131028262406404E+000 -0.140121869268211E+003 -0.140121869268211E+003 -0.140122425670159E+003
  0.417648010132888E+000  0.502441788594345E+000  0.339485744593429E+000  0.499530073721493E+000 -0.131028262406404E+000 -0.140120418335927E+003 -0.140120418335927E+003 -0.140122683820310E+003
  0.447036365168462E+000  0.521861378158799E+000  0.432283466897568E+000  0.499865916024145E+000 -0.131028262406404E+000 -0.140120911382447E+003 -0.140120911382447E+003 -0.140126208082921E+003
  0.496721398251182E+000  0.509354558493489E+000  0.489876237567455E+000  0.493366251918035E+000 -0.131028262406404E+000 -0.140121633572031E+003 -0.140121633572031E+003 -0.140125377634522E+003
  0.490525811131095E+000  0.509826891800480E+000  0.876570851030205E+000  0.492250472566763E+000 -0.131028262406404E+000 -0.140121979114657E+003 -0.140121979114657E+003 -0.140122714606170E+003
  0.474319354437791E+000  0.500513133151909E+000  0.912676463504029E+000  0.492869167954720E+000 -0.131028262406404E+000 -0.140119207234319E+003 -0.140119207234319E+003 -0.140127391430046E+003
  0.473630368752243E+000  0.505993355966114E+000  0.573554524296429E+000  0.494944449520736E+000 -0.131028262406404E+000 -0.140119359569526E+003 -0.140119359569526E+003 -0.140122921051171E+003
  0.467726416947441E+000  0.506673483527137E+000  0.450242166003137E+000  0.490461435597717E+000 -0.131028262406404E+000 -0.140121824550038E+003 -0.140121824550038E+003 -0.140122669406495E+003
  0.475620538140338E+000  0.516620762030686E+000  0.325752288904788E+000  0.497424211409688E+000 -0.131028262406404E+000 -0.140120541753812E+003 -0.140120541753812E+003 -0.140122623099580E+003
  0.501006802214719E+000  0.520955764167331E+000  0.562893706875748E+000  0.499667900463204E+000 -0.131028262406404E+000 -0.140121866921170E+003 -0.140121866921170E+003 -0.140123968724095E+003
  0.525003534341001E+000  0.502750277038272E+000  0.726043697420664E+000  0.499535828357785E+000 -0.131028262406404E+000 -0.140119449341983E+003 -0.140119449341983E+003 -0.140125951249663E+003
  0.481124046353866E+000  0.509863036519648E+000  0.616799186765579E+000  0.496273692064752E+000 -0.131028262406404E+000 -0.140119655280953E+003 -0.140119655280953E+003 -0.140130384492927E+003
  0.468041143401293E+000  0.500303176914084E+000  0.409855521060739E+000  0.495925526045197E+000 -0.131028262406404E+000 -0.140117694472884E+003 -0.140117694472884E+003 -0.140124439509525E+003
  0.448894904545705E+000  0.515135366391817E+000  0.211518640934597E+000  0.497468678531790E+000 -0.131028262406404E+000 -0.140120658356966E+003 -0.140120658356966E+003 -0.140131746322346E+003
  0.482881933389691E+000  0.508470523212910E+000  0.949378285461423E+000  0.493060326195758E+000 -0.131028262406404E+000 -0.140120982000351E+003 -0.140120982000351E+003 -0.140123278870580E+003
  0.478180128355999E+000  0.511213297535080E+000  0.948725832985581E+000  0.494685106603859E+000 -0.131028262406404E+000 -0.140120702416846E+003 -0.140120702416846E+003 -0.140126417978930E+003
  0.508179593086553E+000  0.512310602490611E+000  0.407824296172197E+000  0.498535081915488E+000 -0.131028262406404E+000 -0.140120747644537E+003 -0.140120747644537E+003 -0.140133322939893E+003
  0.456978230916388E+000  0.517968606179489E+000  0.966074284717779E+000  0.498494935118660E+000 -0.131028262406404E+000 -0.140120405452779E+003 -0.140120405452779E+003 -0.140125413159852E+003
  0.540384399697499E+000  0.502210436434896E+000  0.492857141351243E+000  0.498426074230819E+000 -0.131028262406404E+000 -0.140122030325387E+003 -0.140122030325387E+003 -0.140124197283714E+003
  0.458997563075536E+000  0.517851498847271E+000  0.907231350903234E+000  0.496694886449596E+000 -0.131028262406404E+000 -0.140121223931832E+003 -0.140121223931832E+003 -0.140122298363803E+003
  0.440512693521935E+000  0.507057758150253E+000  0.406256598119765E+000  0.498923654468465E+000 -0.131028262406404E+000 -0.140118934660747E+003 -0.140118934660747E+003 -0.140142688086916E+003
  0.502032640529999E+000  0.513469996936603E+000  0.282478083310060E+000  0.499282646349085E+000 -0.131028262406404E+000 -0.140120152805772E+003 -0.140120152805772E+003 -0.140123756948626E+003
  0.417628886008222E+000  0.501612002740873E+000  0.947401046444145E+000  0.496705924158957E+000 -0.131028262406404E+000 -0.140121710818956E+003 -0.140121710818956E+003 -0.140134090534173E+003
  0.538064838689424E+000  0.501537269626733E+000  0.756454671291325E+000  0.498694424272129E+000 -0.131028262406404E+000 -0.140121328271679E+003 -0.140121328271679E+003 -0.140135362913193E+003
  0.442474227646988E+000  0.500743880002323E+000  0.154596684137855E+000  0.490392254757221E+000 -0.131028262406404E+000 -0.140121946491479E+003 -0.140121946491479E+003 -0.140126671807737E+003
  0.487340951249523E+000  0.501150795057434E+000  0.276128610581321E+000  0.488902487607554E+000 -0.131028262406404E+000 -0.140121506895429E+003 -0.140121506895429E+003 -0.140126247644783E+003
  0.479960903845814E+000  0.509294290479997E+000  0.216629777781076E+000  0.491558740346871E+000 -0.131028262406404E+000 -0.140121864972285E+003 -0.140121864972285E+003 -0.140123670210603E+003
  0.489139851172822E+000  0.510921518819361E+000  0.712619142141873E+000  0.497631411426490E+000 -0.131028262406404E+000 -0.140119505178466E+003 -0.140119505178466E+003 -0.140124194064143E+003
  0.453682826052563E+000  0.507941954374578E+000  0.841284998187382E+000  0.492024560546916E+000 -0.131028262406404E+000 -0.140121734188433E+003 -0.140121734188433E+003 -0.140125761247457E+003
  0.460815294163451E+000  0.504753824840430E+000  0.627034611086778E+000  0.499430989605601E+000 -0.131028262406404E+000 -0.140117057326631E+003 -0.140117057326631E+003 -0.140122722778180E+003
  0.490360450184194E+000  0.508897762645519E+000  0.385067123213459E+000  0.496429324877527E+000 -0.131028262406404E+000 -0.140119661462083E+003 -0.140119661462083E+003 -0.140125740602859E+003
  0.448093762326042E+000  0.501359565773174E+000  0.724404960699288E+000  0.495030248890228E+000 -0.131028262406404E+000 -0.140119260545563E+003 -0.140119260545563E+003 -0.140123862256737E+003
  0.468436300684459E+000  0.524791003266284E+000  0.303118107862075E+000  0.499161422553328E+000 -0.131028262406404E+000 -0.140121469452272E+003 -0.140121469452272E+003 -0.140123191113556E+003
  0.444471667161275E+000  0.504074550231682E+000  0.999828140538895E+000  0.497113042367082E+000 -0.131028262406404E+000 -0.140118978363805E+003 -0.140118978363805E+003 -0.140123559066077E+003
  0.465181762691421E+000  0.519844224206014E+000  0.141894548972189E+000  0.496135302068755E+000 -0.131028262406404E+000 -0.140121844660518E+003 -0.140121844660518E+003 -0.140126352255967E+003
  0.416504530163817E+000  0.506998744251094E+000  0.341811172356449E+000  0.498438192025675E+000 -0.131028262406404E+000 -0.140121857106548E+003 -0.140121857106548E+003 -0.140123631932519E+003
  0.439110240659441E+000  0.509186318753375E+000  0.377321743130548E+000  0.498307196846674E+000 -0.131028262406404E+000 -0.140119754588165E+003 -0.140119754588165E+003 -0.140122147171005E+003
  0.530351235794297E+000  0.501553240727870E+000  0.130919616716189E+000  0.499646699017462E+000 -0.131028262406404E+000 -0.140119747814060E+003 -0.140119747814060E+003 -0.140122973646718E+003
  0.456917185831450E+000  0.521577725687440E+000  0.162906550718807E+000  0.497023473955798E+000 -0.131028262406404E+000 -0.140121900318977E+003 -0.140121900318977E+003 -0.140122537887884E+003
  0.493713695593882E+000  0.509434847867768E+000  0.735024512387854E+000  0.497543201074714E+000 -0.131028262406404E+000 -0.140119408628738E+003 -0.140119408628738E+003 -0.140127653217385E+003
  0.458014899443229E+000  0.513762094793157E+000  0.240931286224785E+000  0.493974840447488E+000 -0.131028262406404E+000 -0.140121754943295E+003 -0.140121754943295E+003 -0.140122966667570E+003
  0.535700392290308E+000  0.503745242640344E+000  0.216241404741811E+000  0.497978582018374E+000 -0.131028262406404E+000 -0.140121975297621E+003 -0.140121975297621E+003 -0.140129425645146E+003
  0.490068190210072E+000  0.502484859956510E+000  0.666911364423339E+000  0.489014852867304E+000 -0.131028262406404E+000 -0.140121843300393E+003 -0.140121843300393E+003 -0.140127492934294E+003
  0.470774091796409E+000  0.512396550816856E+000  0.844973658160463E+000  0.499825545377727E+000 -0.131028262406404E+000 -0.140118346400107E+003 -0.140118346400107E+003 -0.140128104673546E+003
  0.453508408272899E+000  0.501520566442243E+000  0.726873930962046E+000  0.499639168852929E+000 -0.131028262406404E+000 -0.140116623406469E+003 -0.140116623406469E+003 -0.140124703609115E+003
  0.539491449414850E+000  0.502074792532752E+000  0.432753461278119E+000  0.499901992071054E+000 -0.131028262406404E+000 -0.140121138548266E+003 -0.140121138548266E+003 -0.140122279434560E+003
  0.470820606105691E+000  0.507945514547035E+000  0.351742104639822E+000  0.498537741166544E+000 -0.131028262406404E+000 -0.140117996390286E+003 -0.140117996390286E+003 -0.140128853979746E+003
  0.519120491285108E+000  0.504254432244733E+000  0.264815399233034E+000  0.497124055002018E+000 -0.131028262406404E+000 -0.140120354202858E+003 -0.140120354202858E+003 -0.140124572737927E+003
  0.469972969395337E+000  0.510821898097481E+000  0.338919844436806E+000  0.496299860687074E+000 -0.131028262406404E+000 -0.140119752843905E+003 -0.140119752843905E+003 -0.140130367265801E+003
  0.427706385967384E+000  0.516666817442951E+000  0.323176530851250E+000  0.499935688301560E+000 -0.131028262406404E+000 -0.140121364762799E+003 -0.140121364762799E+003 -0.140122419446519E+003
  0.508499444107437E+000  0.511052634380078E+000  0.422604433408112E+000  0.498024064772648E+000 -0.131028262406404E+000 -0.140120687088699E+003 -0.140120687088699E+003 -0.140126724379826E+003
  0.510148429339290E+000  0.506899822785780E+000  0.824327800016116E+000  0.498244538092317E+000 -0.131028262406404E+000 -0.140119615335690E+003 -0.140119615335690E+003 -0.140123932958781E+003
  0.526991392666415E+000  0.502406415979667E+000  0.920055350501805E+000  0.496937566644632E+000 -0.131028262406404E+000 -0.140120864925379E+003 -0.140120864925379E+003 -0.140125899398057E+003
  0.491473590556563E+000  0.501397742435123E+000  0.871358593262625E+000  0.491339328816402E+000 -0.131028262406404E+000 -0.140120456264719E+003 -0.140120456264719E+003 -0.140126909971834E+003
  0.494124741151804E+000  0.503955220468975E+000  0.794095746611083E+000  0.494594952331202E+000 -0.131028262406404E+000 -0.140119544525892E+003 -0.140119544525892E+003 -0.140122154360563E+003
  0.484332598090549E+000  0.502058308620494E+000  0.885088785206947E+000  0.495381743278521E+000 -0.131028262406404E+000 -0.140118360166923E+003 -0.140118360166923E+003 -0.140123264484531E+003
  0.458351807288058E+000  0.500915361147347E+000  0.881929981134261E+000  0.495662787282219E+000 -0.131028262406404E+000 -0.140118270212863E+003 -0.140118270212863E+003 -0.140127280273750E+003
  0.456298742556981E+000  0.518965921518287E+000  0.960950174998205E+000  0.499768886484168E+000 -0.131028262406404E+000 -0.140120003899341E+003 -0.140120003899341E+003 -0.140122295766923E+003
  0.520021415715727E+000  0.509288000356890E+000  0.910762454571536E+000  0.497325695630386E+000 -0.131028262406404E+000 -0.140121772106416E+003 -0.140121772106416E+003 -0.140128370129746E+003
  0.516009549956056E+000  0.502885833341687E+000  0.626562673416077E+000  0.493833717413448E+000 -0.131028262406404E+000 -0.140121269295320E+003 -0.140121269295320E+003 -0.140123296005540E+003
  0.450591448921477E+000  0.509811277362420E+000  0.774711427218000E+000  0.494075084890563E+000 -0.131028262406404E+000 -0.140121220876218E+003 -0.140121220876218E+003 -0.140122708912980E+003
  0.514565673117126E+000  0.503692812951809E+000  0.218719963805360E+000  0.499701982795687E+000 -0.131028262406404E+000 -0.140118458860730E+003 -0.140118458860730E+003 -0.140122179305256E+003
  0.451496867086532E+000  0.517745256797327E+000  0.802947688692491E+000  0.496859856258322E+000 -0.131028262406404E+000 -0.140121365531883E+003 -0.140121365531883E+003 -0.140126475468960E+003
  0.458552486579637E+000  0.504225214657855E+000  0.842972131457451E+000  0.495488891329999E+000 -0.131028262406404E+000 -0.140119017257421E+003 -0.140119017257421E+003 -0.140123210326712E+003
  0.498942363298747E+000  0.507119476753306E+000  0.962958893055119E+000  0.498335344363499E+000 -0.131028262406404E+000 -0.140118746112405E+003 -0.140118746112405E+003 -0.140123435812709E+003
  0.456958809585530E+000  0.506899446782138E+000  0.561042022354418E+000  0.499968417479958E+000 -0.131028262406404E+000 -0.140117373188648E+003 -0.140117373188648E+003 -0.140122302902058E+003
  0.438856381170204E+000  0.502226966680878E+000  0.409034057956497E+000  0.497114506016650E+000 -0.131028262406404E+000 -0.140119104979425E+003 -0.140119104979425E+003 -0.140122085471862E+003
  0.425810165773209E+000  0.503806176548704E+000  0.458897681237487E+000  0.497412190202274E+000 -0.131028262406404E+000 -0.140120620507898E+003 -0.140120620507898E+003 -0.140122490486629E+003
  0.510389027841555E+000  0.512275751899850E+000  0.845126217970974E+000  0.497902772119654E+000 -0.131028262406404E+000 -0.140121260826705E+003 -0.140121260826705E+003 -0.140125368959965E+003
  0.467949586457976E+000  0.515496721717571E+000  0.659399718846986E+000  0.497382223240543E+000 -0.131028262406404E+000 -0.140120253117438E+003 -0.140120253117438E+003 -0.140122903225542E+003
  0.409766356306541E+000  0.501525983015290E+000  0.997343764962157E+000  0.499053525240174E+000 -0.131028262406404E+000 -0.140121732022807E+003 -0.140121732022807E+003 -0.140133488776879E+003
  0.526127310916864E+000  0.502017872334280E+000  0.271022220155007E+000  0.499575588800509E+000 -0.131028262406404E+000 -0.140119361066884E+003 -0.140119361066884E+003 -0.140122224926705E+003
  0.437311427236598E+000  0.509931859111678E+000  0.943865520771447E+000  0.494612418078918E+000 -0.131028262406404E+000 -0.140121905008605E+003 -0.140121905008605E+003 -0.140122110687813E+003
  0.426624980171793E+000  0.505038717067240E+000  0.793096397883451E+000  0.496614598679318E+000 -0.131028262406404E+000 -0.140121132217046E+003 -0.140121132217046E+003 -0.140126107124550E+003
  0.496760844731023E+000  0.515736848807171E+000  0.457042569144691E+000  0.499532398936235E+000 -0.131028262406404E+000 -0.140120222731050E+003 -0.140120222731050E+003 -0.140122825745223E+003
  0.488745811235041E+000  0.502953063363308E+000  0.807080755305830E+000  0.490117988365053E+000 -0.131028262406404E+000 -0.140121348145934E+003 -0.140121348145934E+003 -0.140124302388156E+003
  0.524707013421996E+000  0.502243797483848E+000  0.707726680700054E+000  0.497761516875848E+000 -0.131028262406404E+000 -0.140120130354253E+003 -0.140120130354253E+003 -0.140124231446839E+003
  0.475227333191225E+000  0.513587758607424E+000  0.494362971828813E+000  0.494546353413601E+000 -0.131028262406404E+000 -0.140121271211492E+003 -0.140121271211492E+003 -0.140125148751952E+003
  0.497759862847990E+000  0.516138697984051E+000  0.619953982068986E+000  0.498655233285591E+000 -0.131028262406404E+000 -0.140120825860569E+003 -0.140120825860569E+003 -0.140123276066905E+003
  0.469814130452810E+000  0.501719152944279E+000  0.930929059021244E+000  0.495274825301202E+000 -0.131028262406404E+000 -0.140118293104564E+003 -0.140118293104564E+003 -0.140122616571237E+003
  0.504983213180122E+000  0.516196881204741E+000  0.889554043102730E+000  0.497441187634350E+000 -0.131028262406404E+000 -0.140122027225677E+003 -0.140122027225677E+003 -0.140124253520345E+003
  0.512469035382407E+000  0.511290104881570E+000  0.683550726282366E+000  0.499721705060461E+000 -0.131028262406404E+000 -0.140120321883776E+003 -0.140120321883776E+003 -0.140123974132989E+003
  0.476430383667188E+000  0.506462034343609E+000  0.452897679299860E+000  0.496957683217727E+000 -0.131028262406404E+000 -0.140118462392304E+003 -0.140118462392304E+003 -0.140126043150615E+003
  0.474109939771181E+000  0.507313300901909E+000  0.342188327399568E+000  0.499218973987994E+000 -0.131028262406404E+000 -0.140117512948712E+003 -0.140117512948712E+003 -0.140124462892562E+003
  0.475170696519814E+000  0.523057088755539E+000  0.146218184807950E+000  0.497788572367782E+000 -0.131028262406404E+000 -0.140121854146960E+003 -0.140121854146960E+003 -0.140124286104225E+003
  0.451703534493435E+000  0.500343369137372E+000  0.269840516900824E+000  0.489626793127389E+000 -0.131028262406404E+000 -0.140121594897717E+003 -0.140121594897717E+003 -0.140123501529840E+003
  0.436374103684958E+000  0.502611563966162E+000  0.443530287139042E+000  0.499605172385491E+000 -0.131028262406404E+000 -0.140118151666528E+003 -0.140118151666528E+003 -0.140123859620510E+003
  0.466680194976549E+000  0.511280400734408E+000  0.824655555577227E+000  0.495682585935202E+000 -0.131028262406404E+000 -0.140120187682399E+003 -0.140120187682399E+003 -0.140122533102451E+003
  0.492315582405966E+000  0.504047499777625E+000  0.920045546384634E+000  0.493154465361955E+000 -0.131028262406404E+000 -0.140120207746431E+003 -0.140120207746431E+003 -0.140142225889234E+003
  0.485580285940731E+000  0.505679153794804E+000  0.612462705184341E+000  0.492345540353623E+000 -0.131028262406404E+000 -0.140120763046595E+003 -0.140120763046595E+003 -0.140123143621356E+003
  0.466863016426030E+000  0.503270349713356E+000  0.549702729951228E+000  0.490800690705650E+000 -0.131028262406404E+000 -0.140120949836870E+003 -0.140120949836870E+003 -0.140122289832688E+003
  0.488055031585771E+000  0.500333090482041E+000  0.734719069273202E+000  0.492316556803420E+000 -0.131028262406404E+000 -0.140119599283577E+003 -0.140119599283577E+003 -0.140127774345326E+003
  0.461322776330245E+000  0.523724613099618E+000  0.555201711122138E+000  0.498552827973837E+000 -0.131028262406404E+000 -0.140121531818878E+003 -0.140121531818878E+003 -0.140122110687813E+003
  0.421964532751713E+000  0.508334192987907E+000  0.851218418990766E+000  0.499286032406511E+000 -0.131028262406404E+000 -0.140120915641516E+003 -0.140120915641516E+003 -0.140123178809305E+003
  0.464864872988738E+000  0.514162950206968E+000  0.840352452060817E+000  0.494162454727553E+000 -0.131028262406404E+000 -0.140121595073351E+003 -0.140121595073351E+003 -0.140125883852602E+003
  0.438119886639525E+000  0.504346606806474E+000  0.540800693382999E+000  0.496923733592175E+000 -0.131028262406404E+000 -0.140119651291220E+003 -0.140119651291220E+003 -0.140123353898893E+003
  0.445287818943694E+000  0.523960173836752E+000  0.177027233623378E+000  0.499682506477952E+000 -0.131028262406404E+000 -0.140121512825788E+003 -0.140121512825788E+003 -0.140122179234203E+003
  0.481719355535440E+000  0.520239885581253E+000  0.906455362819250E+000  0.497810845026562E+000 -0.131028262406404E+000 -0.140121374655841E+003 -0.140121374655841E+003 -0.140122575878394E+003
  0.487458353623737E+000  0.501871446156797E+000  0.259233400907505E+000  0.494173110212572E+000 -0.131028262406404E+000 -0.140119003486323E+003 -0.140119003486323E+003 -0.140126284172675E+003
  0.474691531888742E+000  0.502126593133729E+000  0.800778525088549E+000  0.494494046063122E+000 -0.131028262406404E+000 -0.140118733519917E+003 -0.140118733519917E+003 -0.140123284045813E+003
  0.476365149359609E+000  0.514697994559222E+000  0.431445943707859E+000  0.497173213387134E+000 -0.131028262406404E+000 -0.140120234489662E+003 -0.140120234489662E+003 -0.140126415419185E+003
  0.432228256015451E+000  0.504883227949546E+000  0.878751760053390E+000  0.498699377824532E+000 -0.131028262406404E+000 -0.140119428458370E+003 -0.140119428458370E+003 -0.140122245688876E+003
  0.461872000019409E+000  0.519972999664072E+000  0.506900072082612E+000  0.497984906188734E+000 -0.131028262406404E+000 -0.140120986484989E+003 -0.140120986484989E+003 -0.140122201693998E+003
  0.505001414949177E+000  0.503292016953432E+000  0.791006661997600E+000  0.496349530761214E+000 -0.131028262406404E+000 -0.140119167692951E+003 -0.140119167692951E+003 -0.140123652001269E+003
  0.491378547876037E+000  0.505061247463062E+000  0.496537305926621E+000  0.492041853739145E+000 -0.131028262406404E+000 -0.140120972050327E+003 -0.140120972050327E+003 -0.140122700772356E+003
  0.463881748952306E+000  0.510734376408578E+000  0.686100743320580E+000  0.496381698395055E+000 -0.131028262406404E+000 -0.140119763093506E+003 -0.140119763093506E+003 -0.140123035898617E+003
  0.480640387121824E+000  0.502545895383514E+000  0.677681071233498E+000  0.493087101706565E+000 -0.131028262406404E+000 -0.140119568171189E+003 -0.140119568171189E+003 -0.140122093904937E+003
  0.478952813013451E+000  0.500424822855553E+000  0.237074238733912E+000  0.491718362101906E+000 -0.131028262406404E+000 -0.140119773173178E+003 -0.140119773173178E+003 -0.140123783185456E+003
  0.467731435377100E+000  0.505589968666868E+000  0.473459840912896E+000  0.496603925074697E+000 -0.131028262406404E+000 -0.140118483952192E+003 -0.140118483952192E+003 -0.140160270547192E+003
  0.503170673632010E+000  0.510638262790395E+000  0.641234300143347E+000  0.495290383213785E+000 -0.131028262406404E+000 -0.140121457244981E+003 -0.140121457244981E+003 -0.140123100581538E+003
  0.451180662109726E+000  0.503192051569465E+000  0.776418444407210E+000  0.491329656599701E+000 -0.131028262406404E+000 -0.140121297636190E+003 -0.140121297636190E+003 -0.140122446880032E+003
  0.449949816609739E+000  0.508318092092959E+000  0.255113140408966E+000  0.498081152985480E+000 -0.131028262406404E+000 -0.140118944552070E+003 -0.140118944552070E+003 -0.140123736103733E+003
  0.478429027995823E+000  0.500807895547222E+000  0.462005038371322E+000  0.499040282061610E+000 -0.131028262406404E+000 -0.140116156892552E+003 -0.140116156892552E+003 -0.140129661603951E+003
  0.504771497148473E+000  0.501689392682552E+000  0.338185840172440E+000  0.494557727111307E+000 -0.131028262406404E+000 -0.140119630020709E+003 -0.140119630020709E+003 -0.140125392095889E+003
  0.422350123285927E+000  0.514082385553968E+000  0.925938837254812E+000  0.499399824908504E+000 -0.131028262406404E+000 -0.140121781011299E+003 -0.140121781011299E+003 -0.140123316133414E+003
  0.469560554157538E+000  0.505576667221783E+000  0.813026315781455E+000  0.489497012724149E+000 -0.131028262406404E+000 -0.140122058182266E+003 -0.140122058182266E+003 -0.140122240770932E+003
  0.463351432037076E+000  0.515931012586641E+000  0.712481622347044E+000  0.495716555021251E+000 -0.131028262406404E+000 -0.140121218906326E+003 -0.140121218906326E+003 -0.140122110687813E+003
  0.491968573276360E+000  0.506991698179066E+000  0.828194023722064E+000  0.499164758739237E+000 -0.131028262406404E+000 -0.140117913439332E+003 -0.140117913439332E+003 -0.140123325429143E+003
  0.473941151592756E+000  0.505854016179184E+000  0.304599036232014E+000  0.494072048927988E+000 -0.131028262406404E+000 -0.140119768588651E+003 -0.140119768588651E+003 -0.140134465100012E+003
  0.540052700464667E+000  0.500300075271518E+000  0.308496185399623E+000  0.498578647570798E+000 -0.131028262406404E+000 -0.140121320040902E+003 -0.140121320040902E+003 -0.140123494787197E+003
  0.490776281050951E+000  0.503831435503002E+000  0.380037150087708E+000  0.492875237086408E+000 -0.131028262406404E+000 -0.140120233420403E+003 -0.140120233420403E+003 -0.140134645474521E+003
  0.431831087602035E+000  0.505073776009192E+000  0.406205997627474E+000  0.498322496398642E+000 -0.131028262406404E+000 -0.140119693283234E+003 -0.140119693283234E+003 -0.140134492788464E+003
  0.522214128491176E+000  0.502029642361565E+000  0.923594943363711E+000  0.493839078477618E+000 -0.131028262406404E+000 -0.140121698247615E+003 -0.140121698247615E+003 -0.140150613835830E+003
  0.486890596580059E+000  0.514584053326752E+000  0.397699300069255E+000  0.494504755145959E+000 -0.131028262406404E+000 -0.140121846659906E+003 -0.140121846659906E+003 -0.140126532879009E+003
  0.454637648513605E+000  0.500959134324231E+000  0.575159536636683E+000  0.491747803440513E+000 -0.131028262406404E+000 -0.140120455895735E+003 -0.140120455895735E+003 -0.140122337318325E+003
  0.469325378826792E+000  0.503453175902251E+000  0.726705976019573E+000  0.493324335286484E+000 -0.131028262406404E+000 -0.140119659657339E+003 -0.140119659657339E+003 -0.140127511855333E+003
  0.478792982129039E+000  0.517508473605945E+000  0.936030119068342E+000  0.499319972401431E+000 -0.131028262406404E+000 -0.140119885880711E+003 -0.140119885880711E+003 -0.140123678164219E+003
  0.443977329202777E+000  0.505912828486465E+000  0.730803386020741E+000  0.494792811410077E+000 -0.131028262406404E+000 -0.140120533762360E+003 -0.140120533762360E+003 -0.140124036405748E+003
  0.507808491015230E+000  0.511445097001588E+000  0.150467732431443E+000  0.499422237847355E+000 -0.131028262406404E+000 -0.140120048102431E+003 -0.140120048102431E+003 -0.140122179305256E+003
  0.454904866710874E+000  0.502946846414112E+000  0.246790946804512E+000  0.493968615180777E+000 -0.131028262406404E+000 -0.140119698446760E+003 -0.140119698446760E+003 -0.140122633884634E+003
  0.511253583456162E+000  0.510431903240498E+000  0.834167085349321E+000  0.496024959676009E+000 -0.131028262406404E+000 -0.140121761097888E+003 -0.140121761097888E+003 -0.140126492654784E+003
  0.497371890971810E+000  0.505345247972184E+000  0.616689607529375E+000  0.495547330554688E+000 -0.131028262406404E+000 -0.140119583612360E+003 -0.140119583612360E+003 -0.140128034011143E+003
  0.493326140334005E+000  0.511725558520681E+000  0.235415065495612E+000  0.494153598683564E+000 -0.131028262406404E+000 -0.140121635963695E+003 -0.140121635963695E+003 -0.140122866648372E+003
  0.460623108502623E+000  0.523727006519103E+000  0.296029009467367E+000  0.498781915504791E+000 -0.131028262406404E+000 -0.140121427227179E+003 -0.140121427227179E+003 -0.140123534340793E+003
  0.465765341942360E+000  0.517209890587694E+000  0.696306111475682E+000  0.498937643173126E+000 -0.131028262406404E+000 -0.140119871221276E+003 -0.140119871221276E+003 -0.140122359950056E+003
  0.523632008973681E+000  0.510068267512187E+000  0.776327218152190E+000  0.499142429605486E+000 -0.131028262406404E+000 -0.140121572431539E+003 -0.140121572431539E+003 -0.140122732116397E+003
  0.436181432614738E+000  0.519793700789154E+000  0.723314228493160E+000  0.498964284494514E+000 -0.131028262406404E+000 -0.140121646535528E+003 -0.140121646535528E+003 -0.140129580585554E+003
  0.510236682529850E+000  0.506600303540317E+000  0.512084501218981E+000  0.499805808031087E+000 -0.131028262406404E+000 -0.140118780235225E+003 -0.140118780235225E+003 -0.140122265376791E+003
  0.485764606677768E+000  0.500553597374323E+000  0.706634889366041E+000  0.492168053162211E+000 -0.131028262406404E+000 -0.140119668289408E+003 -0.140119668289408E+003 -0.140123471514063E+003
  0.485550643092238E+000  0.515296772228702E+000  0.829357193553490E+000  0.498263307136019E+000 -0.131028262406404E+000 -0.140120105828640E+003 -0.140120105828640E+003 -0.140123278364252E+003
  0.461866757530327E+000  0.514549092577148E+000  0.719867364652652E+000  0.496656624367191E+000 -0.131028262406404E+000 -0.140120478654907E+003 -0.140120478654907E+003 -0.140126217912187E+003
  0.456383993159469E+000  0.516647480338986E+000  0.169241692184798E+000  0.496954816677387E+000 -0.131028262406404E+000 -0.140120912319811E+003 -0.140120912319811E+003 -0.140122653885977E+003
  0.522145762228308E+000  0.509336481788638E+000  0.405095113555364E+000  0.497864517212739E+000 -0.131028262406404E+000 -0.140121786395592E+003 -0.140121786395592E+003 -0.140122832349937E+003
  0.440929258107624E+000  0.515856377262836E+000  0.208458107990792E+000  0.497880941552690E+000 -0.131028262406404E+000 -0.140121082793860E+003 -0.140121082793860E+003 -0.140128746464286E+003
  0.501384592650443E+000  0.501180256371630E+000  0.307322267974466E+000  0.495399329873470E+000 -0.131028262406404E+000 -0.140118853983994E+003 -0.140118853983994E+003 -0.140122135103120E+003
  0.432297283305978E+000  0.510061665913915E+000  0.493938342172076E+000  0.496588875191448E+000 -0.131028262406404E+000 -0.140121397814694E+003 -0.140121397814694E+003 -0.140127019615703E+003
  0.491049509547847E+000  0.500626886547435E+000  0.978361448982859E+000  0.492985407920758E+000 -0.131028262406404E+000 -0.140119424762444E+003 -0.140119424762444E+003 -0.140125324359527E+003
  0.459927286916353E+000  0.501698402193356E+000  0.556354664409741E+000  0.495998760738593E+000 -0.131028262406404E+000 -0.140118191866210E+003 -0.140118191866210E+003 -0.140132183823955E+003
  0.447749830162490E+000  0.501179396994879E+000  0.365382140007184E+000  0.489956950337735E+000 -0.131028262406404E+000 -0.140121843556059E+003 -0.140121843556059E+003 -0.140133461186207E+003
  0.440807025854286E+000  0.509091598933115E+000  0.618753737586302E+000  0.496629558189717E+000 -0.131028262406404E+000 -0.140120442890767E+003 -0.140120442890767E+003 -0.140165042326784E+003
  0.527038160347199E+000  0.503468285313856E+000  0.829375028509284E+000  0.497335008012928E+000 -0.131028262406404E+000 -0.140120983051591E+003 -0.140120983051591E+003 -0.140123671117655E+003
  0.486386869245375E+000  0.517570468951317E+000  0.220129596110854E+000  0.496422077139260E+000 -0.131028262406404E+000 -0.140121603072697E+003 -0.140121603072697E+003 -0.140123115809325E+003
  0.462636939091754E+000  0.528296961247692E+000  0.913497576449337E+000  0.499965898208346E+000 -0.131028262406404E+000 -0.140121846274990E+003 -0.140121846274990E+003 -0.140123210326712E+003
  0.454828086250053E+000  0.503302692773064E+000  0.756652844821375E+000  0.489743823838007E+000 -0.131028262406404E+000 -0.140121929853540E+003 -0.140121929853540E+003 -0.140122543861386E+003
  0.492134333587534E+000  0.513786810972310E+000  0.576410029420365E+000  0.497486599887767E+000 -0.131028262406404E+000 -0.140120435448799E+003 -0.140120435448799E+003 -0.140124197674171E+003
  0.422393461906830E+000  0.503917334806135E+000  0.744061544434363E+000  0.499234940315752E+000 -0.131028262406404E+000 -0.140120153591944E+003 -0.140120153591944E+003 -0.140124802356303E+003
  0.448464400811208E+000  0.517416502363256E+000  0.574320515616557E+000  0.497184939280250E+000 -0.131028262406404E+000 -0.140121277546008E+003 -0.140121277546008E+003 -0.140123008181095E+003
  0.537682522228219E+000  0.500592402965796E+000  0.206266389833645E+000  0.499751054660806E+000 -0.131028262406404E+000 -0.140120475483910E+003 -0.140120475483910E+003 -0.140123074692571E+003
  0.483421744055341E+000  0.514194172347605E+000  0.129586827670311E+000  0.495901847872940E+000 -0.131028262406404E+000 -0.140120926750196E+003 -0.140120926750196E+003 -0.140122785069808E+003
  0.476320424549475E+000  0.505626171987525E+000  0.635560009772688E+000  0.494241481862036E+000 -0.131028262406404E+000 -0.140119638820044E+003 -0.140119638820044E+003 -0.140134018537367E+003
  0.454953388710240E+000  0.508109859815926E+000  0.679688770424271E+000  0.497840666385466E+000 -0.131028262406404E+000 -0.140118770483750E+003 -0.140118770483750E+003 -0.140124703609115E+003
  0.485073448909489E+000  0.501647781090632E+000  0.908673465849603E+000  0.493109754276243E+000 -0.131028262406404E+000 -0.140119428010206E+003 -0.140119428010206E+003 -0.140122808652874E+003
  0.440314623461427E+000  0.501053176677082E+000  0.229156642304508E+000  0.494931344761413E+000 -0.131028262406404E+000 -0.140119869074247E+003 -0.140119869074247E+003 -0.140123869003640E+003
  0.489535019195915E+000  0.506941218351900E+000  0.555216087735807E+000  0.496360135689572E+000 -0.131028262406404E+000 -0.140119185707384E+003 -0.140119185707384E+003 -0.140123832244692E+003
  0.471704727741780E+000  0.502613047258675E+000  0.492287344769588E+000  0.493837235355517E+000 -0.131028262406404E+000 -0.140119190377681E+003 -0.140119190377681E+003 -0.140122485082709E+003
  0.472020727208041E+000  0.505241259511925E+000  0.884308539074831E+000  0.489325744037135E+000 -0.131028262406404E+000 -0.140122051072531E+003 -0.140122051072531E+003 -0.140122748538215E+003
  0.487215950415704E+000  0.509083177102522E+000  0.752480290077874E+000  0.499639387351208E+000 -0.131028262406404E+000 -0.140117986337716E+003 -0.140117986337716E+003 -0.140125802356604E+003
  0.427172745037976E+000  0.504154361542965E+000  0.197047152863054E+000  0.498960846293539E+000 -0.131028262406404E+000 -0.140119735799040E+003 -0.140119735799040E+003 -0.140124553624596E+003
  0.460239712460895E+000  0.519195119017096E+000  0.563916249628439E+000  0.498481852185379E+000 -0.131028262406404E+000 -0.140120597841509E+003 -0.140120597841509E+003 -0.140134370587529E+003
  0.441621020026272E+000  0.505905849734951E+000  0.881073154641952E+000  0.496309509379579E+000 -0.131028262406404E+000 -0.140119947445769E+003 -0.140119947445769E+003 -0.140122480953767E+003
  0.456405998096662E+000  0.503743757196633E+000  0.748829586305959E+000  0.497283126993127E+000 -0.131028262406404E+000 -0.140118105881955E+003 -0.140118105881955E+003 -0.140149330781788E+003
  0.507823005795976E+000  0.504290342499439E+000  0.827933057123931E+000  0.494772215954562E+000 -0.131028262406404E+000 -0.140120430780501E+003 -0.140120430780501E+003 -0.140124662563372E+003
  0.417439489103079E+000  0.508682109257472E+000  0.610446491071576E+000  0.499935811829867E+000 -0.131028262406404E+000 -0.140121248516763E+003 -0.140121248516763E+003 -0.140123592747941E+003
  0.509899295509204E+000  0.500723180817396E+000  0.183468516964950E+000  0.499531506348050E+000 -0.131028262406404E+000 -0.140117312285959E+003 -0.140117312285959E+003 -0.140131795736222E+003
  0.437695566465017E+000  0.518352357151781E+000  0.657510339223823E+000  0.498114427470825E+000 -0.131028262406404E+000 -0.140121679533455E+003 -0.140121679533455E+003 -0.140127382030523E+003
  0.454897259079160E+000  0.503987877596395E+000  0.701439446789030E+000  0.493540038267303E+000 -0.131028262406404E+000 -0.140120122242328E+003 -0.140120122242328E+003 -0.140131897847387E+003
  0.480577449989055E+000  0.506800066054126E+000  0.378410359574929E+000  0.492789535622708E+000 -0.131028262406404E+000 -0.140120684759127E+003 -0.140120684759127E+003 -0.140131376250060E+003
  0.501690137523740E+000  0.501557130738146E+000  0.199643131751831E+000  0.490264574204690E+000 -0.131028262406404E+000 -0.140121546993027E+003 -0.140121546993027E+003 -0.140126427767937E+003
  0.476162638252105E+000  0.500260229123531E+000  0.248815215905315E+000  0.488719549188967E+000 -0.131028262406404E+000 -0.140121265974591E+003 -0.140121265974591E+003 -0.140131777174851E+003
  0.487669873279932E+000  0.515949272350427E+000  0.900044715510191E+000  0.495023204776175E+000 -0.131028262406404E+000 -0.140121956515403E+003 -0.140121956515403E+003 -0.140124129239414E+003
  0.407465804984755E+000  0.501419401647447E+000  0.718407192584200E+000  0.499154652443536E+000 -0.131028262406404E+000 -0.140122050867835E+003 -0.140122050867835E+003 -0.140122097954812E+003
  0.474961495088936E+000  0.501259769402085E+000  0.591287124695313E+000  0.497679096398735E+000 -0.131028262406404E+000 -0.140116935036233E+003 -0.140116935036233E+003 -0.140123655579770E+003
  0.490270362924421E+000  0.510236997849912E+000  0.213381799016487E+000  0.498324129177751E+000 -0.131028262406404E+000 -0.140119047024171E+003 -0.140119047024171E+003 -0.140123504544610E+003
  0.509019048204151E+000  0.512763995496599E+000  0.265053838796341E+000  0.496911212532861E+000 -0.131028262406404E+000 -0.140121740971640E+003 -0.140121740971640E+003 -0.140122446880032E+003
  0.438044062678951E+000  0.507034608847328E+000  0.706264780433728E+000  0.495596452757850E+000 -0.131028262406404E+000 -0.140120816140514E+003 -0.140120816140514E+003 -0.140125007862885E+003
  0.476364569629506E+000  0.511175674038855E+000  0.665806789033717E+000  0.496887901633826E+000 -0.131028262406404E+000 -0.140119567089464E+003 -0.140119567089464E+003 -0.140127718204384E+003
  0.479974383570681E+000  0.516467135935558E+000  0.338732632110798E+000  0.496006259418447E+000 -0.131028262406404E+000 -0.140121307108727E+003 -0.140121307108727E+003 -0.140126055411189E+003
  0.466196222655802E+000  0.500817098529306E+000  0.872366686175664E+000  0.492221802840741E+000 -0.131028262406404E+000 -0.140119728023416E+003 -0.140119728023416E+003 -0.140122543861386E+003
  0.447460276912982E+000  0.522696327073245E+000  0.898455934931916E+000  0.498169664451933E+000 -0.131028262406404E+000 -0.140121899538690E+003 -0.140121899538690E+003 -0.140139959006664E+003
  0.484875858881935E+000  0.502194639024545E+000  0.125174782008594E+000  0.490537544247806E+000 -0.131028262406404E+000 -0.140120854579409E+003 -0.140120854579409E+003 -0.140124703609115E+003
  0.445364787554297E+000  0.512012399941159E+000  0.788645016703371E+000  0.495691036186120E+000 -0.131028262406404E+000 -0.140121142644387E+003 -0.140121142644387E+003 -0.140124807095162E+003
  0.476073376985789E+000  0.507348408462998E+000  0.669091696807110E+000  0.492940523291278E+000 -0.131028262406404E+000 -0.140120678823799E+003 -0.140120678823799E+003 -0.140123647491447E+003
  0.452420072767718E+000  0.503367856525324E+000  0.359686460314696E+000  0.490791895924878E+000 -0.131028262406404E+000 -0.140121534611003E+003 -0.140121534611003E+003 -0.140122341343963E+003
  0.438165493078526E+000  0.505699696977051E+000  0.613434798893979E+000  0.493922734969951E+000 -0.131028262406404E+000 -0.140121411557866E+003 -0.140121411557866E+003 -0.140130919483271E+003
  0.445520794290302E+000  0.510127006541261E+000  0.761686341889820E+000  0.495666321445386E+000 -0.131028262406404E+000 -0.140120782449052E+003 -0.140120782449052E+003 -0.140123723570677E+003
  0.481912201520228E+000  0.511852062013180E+000  0.182192030970928E+000  0.499373057167190E+000 -0.131028262406404E+000 -0.140118605295221E+003 -0.140118605295221E+003 -0.140126412402985E+003
  0.477673382354476E+000  0.502796650381051E+000  0.505410403953738E+000  0.488606058350208E+000 -0.131028262406404E+000 -0.140121880816092E+003 -0.140121880816092E+003 -0.140135216226437E+003
  0.514796399190420E+000  0.501497631067785E+000  0.389912469669414E+000  0.495468976907259E+000 -0.131028262406404E+000 -0.140119965755735E+003 -0.140119965755735E+003 -0.140124430673989E+003
  0.467144773044798E+000  0.500306294020960E+000  0.678589028663545E+000  0.490534102751349E+000 -0.131028262406404E+000 -0.140120461735105E+003 -0.140120461735105E+003 -0.140123618449118E+003
  0.461254402584322E+000  0.500301831470392E+000  0.442641904107379E+000  0.496865060188143E+000 -0.131028262406404E+000 -0.140117417862772E+003 -0.140117417862772E+003 -0.140124426774578E+003
  0.503707430158482E+000  0.515029952889050E+000  0.286002493056305E+000  0.498778043603766E+000 -0.131028262406404E+000 -0.140120952270567E+003 -0.140120952270567E+003 -0.140122952195348E+003
  0.447746039622386E+000  0.500755201958093E+000  0.710842125342959E+000  0.495925731506497E+000 -0.131028262406404E+000 -0.140118715821124E+003 -0.140118715821124E+003 -0.140124484237332E+003
  0.427919523240116E+000  0.506565899980852E+000  0.475299217956210E+000  0.498399281698436E+000 -0.131028262406404E+000 -0.140120343089836E+003 -0.140120343089836E+003 -0.140135759248750E+003
  0.510994438753318E+000  0.510747981754856E+000  0.807770459088437E+000  0.498554500936950E+000 -0.131028262406404E+000 -0.140120587981728E+003 -0.140120587981728E+003 -0.140122964957805E+003
  0.451811371428249E+000  0.508686628982888E+000  0.183413983760294E+000  0.494579845015196E+000 -0.131028262406404E+000 -0.140120679710825E+003 -0.140120679710825E+003 -0.140122652235181E+003
  0.475891874259813E+000  0.510468882705459E+000  0.195225490806423E+000  0.495608816038630E+000 -0.131028262406404E+000 -0.140120039205051E+003 -0.140120039205051E+003 -0.140123492827934E+003
  0.475290065536076E+000  0.504730324890476E+000  0.187762692627462E+000  0.491003592625722E+000 -0.131028262406404E+000 -0.140121076382020E+003 -0.140121076382020E+003 -0.140124026002418E+003
  0.462854250212025E+000  0.502663178278117E+000  0.657480467819676E+000  0.495833013467500E+000 -0.131028262406404E+000 -0.140118370037219E+003 -0.140118370037219E+003 -0.140124788831085E+003
  0.530534663751761E+000  0.502535528893738E+000  0.599201552929003E+000  0.498185529225970E+000 -0.131028262406404E+000 -0.140120767395460E+003 -0.140120767395460E+003 -0.140124703609115E+003
  0.480497142672387E+000  0.503280949390799E+000  0.217168291806985E+000  0.497247686491873E+000 -0.131028262406404E+000 -0.140117637057778E+003 -0.140117637057778E+003 -0.140122327604011E+003
  0.483466679607705E+000  0.509096659696932E+000  0.384315405179446E+000  0.498497770795780E+000 -0.131028262406404E+000 -0.140118429514639E+003 -0.140118429514639E+003 -0.140124400515487E+003
  0.461908994156449E+000  0.502356545807656E+000  0.437792014556337E+000  0.494910426734372E+000 -0.131028262406404E+000 -0.140118804987082E+003 -0.140118804987082E+003 -0.140123831865846E+003
  0.440544543508140E+000  0.515030825402406E+000  0.500879050021719E+000  0.497589206164373E+000 -0.131028262406404E+000 -0.140121099035824E+003 -0.140121099035824E+003 -0.140123311130446E+003
  0.461223691895757E+000  0.512510483064515E+000  0.483938785759379E+000  0.493796741398063E+000 -0.131028262406404E+000 -0.140121495395730E+003 -0.140121495395730E+003 -0.140123256192776E+003
  0.474730450021413E+000  0.514378791044902E+000  0.464725973400053E+000  0.496651369247911E+000 -0.131028262406404E+000 -0.140120396167133E+003 -0.140120396167133E+003 -0.140122133954779E+003
  0.445808203728244E+000  0.501480957133731E+000  0.676525032736473E+000  0.493738862485479E+000 -0.131028262406404E+000 -0.140120105258662E+003 -0.140120105258662E+003 -0.140122070799659E+003
  0.480059461574347E+000  0.503341371777271E+000  0.627773834797496E-001  0.496673692790780E+000 -0.131028262406404E+000 -0.140117933058465E+003 -0.140117933058465E+003 -0.140123301966816E+003
  0.411257302315405E+000  0.504979801023560E+000  0.803899084665122E-002  0.499172001315428E+000 -0.131028262406404E+000 -0.140121958461962E+003 -0.140121958461962E+003 -0.140122560677224E+003
  0.441962005137832E+000  0.517030496817526E+000  0.928553309013831E-001  0.497951414018769E+000 -0.131028262406404E+000 -0.140121201575912E+003 -0.140121201575912E+003 -0.140125922531547E+003
  0.456011383536906E+000  0.508957899381190E+000  0.995154772522983E-001  0.491977821093435E+000 -0.131028262406404E+000 -0.140121856210586E+003 -0.140121856210586E+003 -0.140130194530650E+003
  0.512951605986331E+000  0.512002803556044E+000  0.126054717672549E-001  0.498107914056299E+000 -0.131028262406404E+000 -0.140121350870676E+003 -0.140121350870676E+003 -0.140122128683487E+003
  0.514236840496226E+000  0.506003162850083E+000  0.730193061205276E-001  0.499415200905081E+000 -0.131028262406404E+000 -0.140119198411442E+003 -0.140119198411442E+003 -0.140124324909941E+003
  0.429881412868084E+000  0.512206566743069E+000  0.898548394679392E-001  0.499194536505118E+000 -0.131028262406404E+000 -0.140120716585259E+003 -0.140120716585259E+003 -0.140126259816239E+003
  0.488125895909967E+000  0.511368105780777E+000  0.104015925517362E+000  0.498444834685670E+000 -0.131028262406404E+000 -0.140119168009722E+003 -0.140119168009722E+003 -0.140125362692533E+003
  0.444056470953921E+000  0.501979634267082E+000  0.116101583698396E+000  0.493694522696963E+000 -0.131028262406404E+000 -0.140120354620166E+003 -0.140120354620166E+003 -0.140124396336769E+003
  0.432566161507094E+000  0.515609263185446E+000  0.570523933395729E-001  0.499398033062667E+000 -0.131028262406404E+000 -0.140120964534982E+003 -0.140120964534982E+003 -0.140122192697235E+003
  0.497896666781651E+000  0.500427417983756E+000  0.722508357366481E-001  0.497586694715548E+000 -0.131028262406404E+000 -0.140117371985790E+003 -0.140117371985790E+003 -0.140134314215890E+003
  0.505119531822735E+000  0.504482880484479E+000  0.276309122291464E-001  0.493262277662673E+000 -0.131028262406404E+000 -0.140121019098645E+003 -0.140121019098645E+003 -0.140129381910551E+003
  0.469424397505121E+000  0.526957274446142E+000  0.386335519742902E-001  0.499156112584585E+000 -0.131028262406404E+000 -0.140121982479970E+003 -0.140121982479970E+003 -0.140123301966816E+003
  0.475354452231626E+000  0.516745513216323E+000  0.183460613996663E-001  0.498104584669797E+000 -0.131028262406404E+000 -0.140120229675095E+003 -0.140120229675095E+003 -0.140122713714900E+003
  0.483038732667583E+000  0.507572470148864E+000  0.279020762531118E-001  0.498041537360874E+000 -0.131028262406404E+000 -0.140118285096342E+003 -0.140118285096342E+003 -0.140128737578301E+003
  0.473383670586861E+000  0.518008412373519E+000  0.428790668003613E-004  0.496617390965746E+000 -0.131028262406404E+000 -0.140121226098464E+003 -0.140121226098464E+003 -0.140122677116115E+003
  0.473060871922663E+000  0.512071392834599E+000  0.568346061696762E-001  0.495336561685022E+000 -0.131028262406404E+000 -0.140120514688909E+003 -0.140120514688909E+003 -0.140122451987246E+003
  0.514232210293729E+000  0.510554177200507E+000  0.983411855701577E-001  0.496722285529442E+000 -0.131028262406404E+000 -0.140121761234317E+003 -0.140121761234317E+003 -0.140128757729609E+003
  0.425657357851726E+000  0.504634939503592E+000  0.633983314596291E-001  0.495189181281663E+000 -0.131028262406404E+000 -0.140121901038969E+003 -0.140121901038969E+003 -0.140122374288033E+003
  0.434903331120339E+000  0.503268272162685E+000  0.101783364351842E-001  0.494317471881838E+000 -0.131028262406404E+000 -0.140121086178368E+003 -0.140121086178368E+003 -0.140132604382943E+003
  0.466775006400566E+000  0.503073428982399E+000  0.270715825502801E-001  0.495894324446519E+000 -0.131028262406404E+000 -0.140118322741324E+003 -0.140118322741324E+003 -0.140128459830996E+003
  0.499630562910269E+000  0.515063625549031E+000  0.103918759231745E+000  0.499147144241759E+000 -0.131028262406404E+000 -0.140120447152917E+003 -0.140120447152917E+003 -0.140127297070091E+003
  0.487824362774803E+000  0.500525936440903E+000  0.119915931531567E-001  0.490694898403259E+000 -0.131028262406404E+000 -0.140120461518037E+003 -0.140120461518037E+003 -0.140132685358500E+003
  0.511535796415633E+000  0.510214513114817E+000  0.240935847976770E-001  0.496532922372719E+000 -0.131028262406404E+000 -0.140121481812886E+003 -0.140121481812886E+003 -0.140130146927519E+003
  0.484353095359172E+000  0.500730657929992E+000  0.745058810868034E-001  0.489763411107088E+000 -0.131028262406404E+000 -0.140120903932418E+003 -0.140120903932418E+003 -0.140124115623520E+003
  0.504792567533890E+000  0.506076435924539E+000  0.354057536526686E-001  0.492882018612846E+000 -0.131028262406404E+000 -0.140121594490209E+003 -0.140121594490209E+003 -0.140125136664826E+003
  0.425485434161511E+000  0.512182436472223E+000  0.415135311151097E-001  0.499508913102685E+000 -0.131028262406404E+000 -0.140121032942100E+003 -0.140121032942100E+003 -0.140122128683487E+003
  0.508115771324304E+000  0.501130891202210E+000  0.781534097395040E-001  0.496750770954395E+000 -0.131028262406404E+000 -0.140118646768762E+003 -0.140118646768762E+003 -0.140122451987246E+003
  0.527848440811895E+000  0.510262641950783E+000  0.480982192581497E-001  0.499479847745101E+000 -0.131028262406404E+000 -0.140122043847266E+003 -0.140122043847266E+003 -0.140130085277619E+003
  0.438994288643511E+000  0.516200650378346E+000  0.174865519159027E-001  0.497669702677053E+000 -0.131028262406404E+000 -0.140121395776707E+003 -0.140121395776707E+003 -0.140133960264570E+003
  0.486800301386568E+000  0.515960003010982E+000  0.249735760375226E-001  0.495889422610662E+000 -0.131028262406404E+000 -0.140121491274350E+003 -0.140121491274350E+003 -0.140122560677224E+003
  0.448196864616310E+000  0.509979314942419E+000  0.597973742670840E-001  0.496936854972418E+000 -0.131028262406404E+000 -0.140119946613340E+003 -0.140119946613340E+003 -0.140122043847266E+003
