  0.989915533911318E+000  0.180570935472420E+001  0.398682249172208E+000  0.100145911886010E+000 -0.131028262406404E+000 -0.140434733214578E+003 -0.140434733214578E+003
  0.102340408670250E+001  0.179703576832306E+001  0.241150188662937E+000  0.100104389439951E+000 -0.131028262406404E+000 -0.140434757872986E+003 -0.140434757872986E+003
  0.102513781995878E+001  0.198209810282800E+001  0.795064948362889E+000  0.100852921685013E+000 -0.131028262406404E+000 -0.140434663863134E+003 -0.140434663863134E+003
  0.100264618141499E+001  0.196021595389477E+001  0.552362843771081E-001  0.101043521228076E+000 -0.131028262406404E+000 -0.140434646729148E+003 -0.140434646729148E+003
  0.981706224517528E+000  0.187486839683741E+001  0.954078264262536E-001  0.100717995211340E+000 -0.131028262406404E+000 -0.140434744956270E+003 -0.140434744956270E+003
  0.102110292566211E+001  0.198633186776938E+001  0.170161379157377E+000  0.101415441391390E+000 -0.131028262406404E+000 -0.140434743624339E+003 -0.140434743624339E+003
  0.102959194869034E+001  0.193848928634803E+001  0.970705554019052E+000  0.100235994284366E+000 -0.131028262406404E+000 -0.140434631238061E+003 -0.140434631238061E+003
  0.991652714965558E+000  0.185270863866694E+001  0.454346871298677E+000  0.100933439093390E+000 -0.131028262406404E+000 -0.140434764493113E+003 -0.140434764493113E+003
  0.973162222134227E+000  0.196153726839048E+001  0.619226850122513E+000  0.100322111053142E+000 -0.131028262406404E+000 -0.140434677668744E+003 -0.140434677668744E+003
  0.100282621311008E+001  0.194328258421491E+001  0.512947683248077E+000  0.100306846701836E+000 -0.131028262406404E+000 -0.140434568206887E+003 -0.140434568206887E+003
  0.999113906749928E+000  0.195815105627127E+001  0.725363941859739E+000  0.100053735751670E+000 -0.131028262406404E+000 -0.140434526330664E+003 -0.140434526330664E+003
  0.101176299625696E+001  0.194060744708034E+001  0.673246991264270E+000  0.100900989833354E+000 -0.131028262406404E+000 -0.140434668993879E+003 -0.140434668993879E+003
  0.967991116843740E+000  0.191569321292193E+001  0.148164868153172E+000  0.100209460827595E+000 -0.131028262406404E+000 -0.140434762880185E+003 -0.140434762880185E+003
  0.987593824666543E+000  0.199731427530026E+001  0.916890549174478E-001  0.101837249586909E+000 -0.131028262406404E+000 -0.140434705079362E+003 -0.140434705079362E+003
  0.978169011089780E+000  0.184085679146804E+001  0.125706748961714E+000  0.100296313217243E+000 -0.131028262406404E+000 -0.140434765405287E+003 -0.140434765405287E+003
  0.998549589727552E+000  0.186715497519359E+001  0.467621789715249E-001  0.100542877422668E+000 -0.131028262406404E+000 -0.140434691731597E+003 -0.140434691731597E+003
  0.105391182471192E+001  0.196466643244352E+001  0.446763996717711E+000  0.100062043362791E+000 -0.131028262406404E+000 -0.140434758714839E+003 -0.140434758714839E+003
  0.103632422040357E+001  0.190296814205958E+001  0.502764793699473E+000  0.100156636173030E+000 -0.131028262406404E+000 -0.140434708357048E+003 -0.140434708357048E+003
  0.979301663042374E+000  0.192615484606375E+001  0.605362435946874E+000  0.101134174199868E+000 -0.131028262406404E+000 -0.140434736319827E+003 -0.140434736319827E+003
  0.103259579159256E+001  0.195838633996577E+001  0.527759314359610E+000  0.100309047742437E+000 -0.131028262406404E+000 -0.140434636441925E+003 -0.140434636441925E+003
  0.981553797100077E+000  0.197564089160449E+001  0.191740612147970E+000  0.101468894658390E+000 -0.131028262406404E+000 -0.140434702970359E+003 -0.140434702970359E+003
  0.998734340016181E+000  0.191205362163130E+001  0.322410633387862E-001  0.100253254186199E+000 -0.131028262406404E+000 -0.140434603322855E+003 -0.140434603322855E+003
  0.100160698502337E+001  0.191122349786979E+001  0.279300606032344E+000  0.100699432810311E+000 -0.131028262406404E+000 -0.140434659038606E+003 -0.140434659038606E+003
  0.978631339429690E+000  0.190978182746134E+001  0.915792234644859E+000  0.100576656807948E+000 -0.131028262406404E+000 -0.140434710814845E+003 -0.140434710814845E+003
  0.988677119852331E+000  0.199081672647236E+001  0.178167887156190E+000  0.102089229693203E+000 -0.131028262406404E+000 -0.140434745266426E+003 -0.140434745266426E+003
  0.999375137498246E+000  0.191975571417612E+001  0.317093046341884E+000  0.100444306162779E+000 -0.131028262406404E+000 -0.140434616419513E+003 -0.140434616419513E+003
  0.100532175059534E+001  0.196808199691935E+001  0.326928874978982E+000  0.101660701646478E+000 -0.131028262406404E+000 -0.140434738042202E+003 -0.140434738042202E+003
  0.977301059515646E+000  0.199199065619571E+001  0.784378240846252E+000  0.100903169684961E+000 -0.131028262406404E+000 -0.140434653841345E+003 -0.140434653841345E+003
  0.101397300442902E+001  0.189367602835909E+001  0.983511104843591E+000  0.101062333136350E+000 -0.131028262406404E+000 -0.140434767146123E+003 -0.140434767146123E+003
  0.101402489597762E+001  0.195538753759377E+001  0.143825665004546E+000  0.100820225916854E+000 -0.131028262406404E+000 -0.140434643166363E+003 -0.140434643166363E+003
  0.969823227847000E+000  0.196715020953203E+001  0.783032521948520E+000  0.100737889394347E+000 -0.131028262406404E+000 -0.140434720763997E+003 -0.140434720763997E+003
  0.105110111566844E+001  0.195085991032942E+001  0.348489008073196E+000  0.100053835290909E+000 -0.131028262406404E+000 -0.140434747557580E+003 -0.140434747557580E+003
  0.102004134391191E+001  0.185170387563717E+001  0.723618737701387E+000  0.100564095869787E+000 -0.131028262406404E+000 -0.140434758505196E+003 -0.140434758505196E+003
  0.100540546496863E+001  0.181693968028654E+001  0.842772010131774E+000  0.100261023480495E+000 -0.131028262406404E+000 -0.140434712200198E+003 -0.140434712200198E+003
  0.982643187837485E+000  0.186518969219207E+001  0.371752998472319E+000  0.100253967103577E+000 -0.131028262406404E+000 -0.140434710909099E+003 -0.140434710909099E+003
  0.101263014578241E+001  0.192421573518342E+001  0.447028967771193E+000  0.100351767661023E+000 -0.131028262406404E+000 -0.140434604573369E+003 -0.140434604573369E+003
  0.999447603048110E+000  0.198832168824732E+001  0.527414186697242E-001  0.101636004745875E+000 -0.131028262406404E+000 -0.140434692762198E+003 -0.140434692762198E+003
  0.101882499236888E+001  0.196211342782612E+001  0.918396477918589E+000  0.100466635255013E+000 -0.131028262406404E+000 -0.140434591060359E+003 -0.140434591060359E+003
  0.986034025957618E+000  0.197506147206885E+001  0.111929490345799E+000  0.101298014893697E+000 -0.131028262406404E+000 -0.140434672801605E+003 -0.140434672801605E+003
  0.972104197493607E+000  0.193072223575763E+001  0.277550221709274E+000  0.100823322776101E+000 -0.131028262406404E+000 -0.140434747201790E+003 -0.140434747201790E+003
  0.967438422135273E+000  0.199895090843201E+001  0.335707862957777E+000  0.100834429456701E+000 -0.131028262406404E+000 -0.140434712457297E+003 -0.140434712457297E+003
  0.980693136165212E+000  0.188849944558610E+001  0.520712337047633E+000  0.100084336288398E+000 -0.131028262406404E+000 -0.140434684707525E+003 -0.140434684707525E+003
  0.972858375604402E+000  0.197876152814686E+001  0.771918752767828E+000  0.101062059258022E+000 -0.131028262406404E+000 -0.140434706889275E+003 -0.140434706889275E+003
  0.974419810901842E+000  0.194389316785665E+001  0.948236165598927E+000  0.100569506765261E+000 -0.131028262406404E+000 -0.140434700874803E+003 -0.140434700874803E+003
  0.985014740718804E+000  0.197148217389766E+001  0.440547231751632E+000  0.100241349828026E+000 -0.131028262406404E+000 -0.140434582731815E+003 -0.140434582731815E+003
  0.987811251337502E+000  0.192757120651657E+001  0.472358370361969E+000  0.101645728684928E+000 -0.131028262406404E+000 -0.140434767921242E+003 -0.140434767921242E+003
  0.999776152691767E+000  0.197179199517948E+001  0.233940723025483E+000  0.100846889089490E+000 -0.131028262406404E+000 -0.140434603945916E+003 -0.140434603945916E+003
  0.983369499274235E+000  0.189474112485813E+001  0.986108178880543E+000  0.100129342496141E+000 -0.131028262406404E+000 -0.140434665593504E+003 -0.140434665593504E+003
  0.996354127247209E+000  0.199423557588741E+001  0.498212401952788E+000  0.101665188853864E+000 -0.131028262406404E+000 -0.140434685524544E+003 -0.140434685524544E+003
  0.995121096491225E+000  0.186762012689281E+001  0.356480504454227E-001  0.100297182918359E+000 -0.131028262406404E+000 -0.140434666259441E+003 -0.140434666259441E+003
  0.971087724772370E+000  0.198276058800270E+001  0.575843712421052E+000  0.100293170194962E+000 -0.131028262406404E+000 -0.140434672115823E+003 -0.140434672115823E+003
  0.997320654040281E+000  0.196252928097411E+001  0.894590188698517E+000  0.101311827711530E+000 -0.131028262406404E+000 -0.140434677748664E+003 -0.140434677748664E+003
  0.973360275371921E+000  0.192432701021526E+001  0.360651934094367E+000  0.101035451182156E+000 -0.131028262406404E+000 -0.140434760821426E+003 -0.140434760821426E+003
  0.102288158570644E+001  0.195427554445451E+001  0.371072285205342E+000  0.100267242109502E+000 -0.131028262406404E+000 -0.140434582625879E+003 -0.140434582625879E+003
  0.984548085600453E+000  0.198291335370919E+001  0.741150238358892E+000  0.101864009708495E+000 -0.131028262406404E+000 -0.140434730263514E+003 -0.140434730263514E+003
  0.101045774689121E+001  0.197069984670759E+001  0.920467183551848E+000  0.100211464887959E+000 -0.131028262406404E+000 -0.140434522261256E+003 -0.140434522261256E+003
  0.101092122421540E+001  0.193336642462559E+001  0.237519656870110E+000  0.100204782697875E+000 -0.131028262406404E+000 -0.140434568451638E+003 -0.140434568451638E+003
  0.993350207849044E+000  0.180309479593252E+001  0.136242025329515E+000  0.100059569091505E+000 -0.131028262406404E+000 -0.140434716274441E+003 -0.140434716274441E+003
  0.101701099502487E+001  0.196928988045755E+001  0.911224764850825E+000  0.100746956408099E+000 -0.131028262406404E+000 -0.140434622640805E+003 -0.140434622640805E+003
  0.975752133210649E+000  0.198837600108192E+001  0.675730080421983E-001  0.101043756795762E+000 -0.131028262406404E+000 -0.140434677338373E+003 -0.140434677338373E+003
  0.993644476740350E+000  0.192312403801715E+001  0.155962947213902E+000  0.101488605889756E+000 -0.131028262406404E+000 -0.140434750628408E+003 -0.140434750628408E+003
  0.100010783846163E+001  0.199930065627492E+001  0.426998795555680E+000  0.100708405570521E+000 -0.131028262406404E+000 -0.140434551872442E+003 -0.140434551872442E+003
  0.999790243908106E+000  0.191759263747848E+001  0.676068500855797E+000  0.100746249774099E+000 -0.131028262406404E+000 -0.140434657482902E+003 -0.140434657482902E+003
  0.984301442887713E+000  0.193746686633161E+001  0.423380759755690E+000  0.100606468682899E+000 -0.131028262406404E+000 -0.140434654193569E+003 -0.140434654193569E+003
  0.102762655029660E+001  0.199964822474994E+001  0.742216728996790E+000  0.100870945819163E+000 -0.131028262406404E+000 -0.140434657541745E+003 -0.140434657541745E+003
  0.100243043154935E+001  0.186482471537033E+001  0.788862818231575E+000  0.100686475988247E+000 -0.131028262406404E+000 -0.140434714008395E+003 -0.140434714008395E+003
  0.992340694787525E+000  0.181909978906413E+001  0.361865191999744E+000  0.100467149983794E+000 -0.131028262406404E+000 -0.140434746299383E+003 -0.140434746299383E+003
  0.100351584527389E+001  0.182247276026365E+001  0.272534959452974E+000  0.100468505581632E+000 -0.131028262406404E+000 -0.140434734134198E+003 -0.140434734134198E+003
  0.989437570679374E+000  0.196373227059743E+001  0.708648315970007E+000  0.100861674316927E+000 -0.131028262406404E+000 -0.140434630666009E+003 -0.140434630666009E+003
  0.100327218654742E+001  0.196692351077596E+001  0.901657925762537E+000  0.101525675178899E+000 -0.131028262406404E+000 -0.140434711892320E+003 -0.140434711892320E+003
  0.102513589836894E+001  0.187724164425846E+001  0.207193921606860E+000  0.100332773972813E+000 -0.131028262406404E+000 -0.140434707444699E+003 -0.140434707444699E+003
  0.999895368382782E+000  0.193548611117328E+001  0.672604612302142E+000  0.101358890946309E+000 -0.131028262406404E+000 -0.140434721231893E+003 -0.140434721231893E+003
  0.976661499013906E+000  0.198216670838763E+001  0.562509114508009E+000  0.100652473914704E+000 -0.131028262406404E+000 -0.140434650599044E+003 -0.140434650599044E+003
  0.100101053849299E+001  0.194377498426306E+001  0.253633011303120E+000  0.100299808285440E+000 -0.131028262406404E+000 -0.140434568358392E+003 -0.140434568358392E+003
  0.101451718457871E+001  0.199748443109127E+001  0.643696189235604E+000  0.101346361608972E+000 -0.131028262406404E+000 -0.140434678475191E+003 -0.140434678475191E+003
  0.102035443794535E+001  0.197348496827552E+001  0.543911569579005E+000  0.100245091858727E+000 -0.131028262406404E+000 -0.140434543914785E+003 -0.140434543914785E+003
  0.984236148382881E+000  0.192799502203057E+001  0.683078381045947E+000  0.100810232009895E+000 -0.131028262406404E+000 -0.140434683823803E+003 -0.140434683823803E+003
  0.100273855221121E+001  0.178302933942203E+001  0.830063641446990E+000  0.100252825248888E+000 -0.131028262406404E+000 -0.140434749344046E+003 -0.140434749344046E+003
  0.103079880019371E+001  0.195706521581457E+001  0.435329684324638E+000  0.100267207906555E+000 -0.131028262406404E+000 -0.140434618712483E+003 -0.140434618712483E+003
  0.996765046978441E+000  0.190913813264729E+001  0.403816604856334E+000  0.101162439531325E+000 -0.131028262406404E+000 -0.140434723923214E+003 -0.140434723923214E+003
  0.102280826014149E+001  0.185290400661684E+001  0.697939245579869E+000  0.100468225197008E+000 -0.131028262406404E+000 -0.140434752765938E+003 -0.140434752765938E+003
  0.103297930270552E+001  0.184960847605244E+001  0.234571872084487E+000  0.100097037365680E+000 -0.131028262406404E+000 -0.140434744202811E+003 -0.140434744202811E+003
  0.102408213896824E+001  0.199557484707257E+001  0.833224875856670E+000  0.100839639353813E+000 -0.131028262406404E+000 -0.140434635914808E+003 -0.140434635914808E+003
  0.998024271459620E+000  0.199594224808108E+001  0.518736127229116E-001  0.100574193980659E+000 -0.131028262406404E+000 -0.140434542125498E+003 -0.140434542125498E+003
  0.991339256768607E+000  0.199364189614464E+001  0.629375020686903E+000  0.102260050878725E+000 -0.131028262406404E+000 -0.140434766669439E+003 -0.140434766669439E+003
  0.988238013635665E+000  0.193827349144923E+001  0.801007477905624E+000  0.100811506548281E+000 -0.131028262406404E+000 -0.140434658492511E+003 -0.140434658492511E+003
  0.998847384361557E+000  0.194136508216917E+001  0.907435534066608E+000  0.101372044875539E+000 -0.131028262406404E+000 -0.140434714371639E+003 -0.140434714371639E+003
  0.994780071714784E+000  0.195359035300989E+001  0.740134975292948E+000  0.100541621724400E+000 -0.131028262406404E+000 -0.140434594952780E+003 -0.140434594952780E+003
  0.102098095576216E+001  0.195244628993388E+001  0.785255460732380E+000  0.100775767219703E+000 -0.131028262406404E+000 -0.140434668128637E+003 -0.140434668128637E+003
  0.100683530506337E+001  0.181894428484533E+001  0.116558358598517E+000  0.100429146722675E+000 -0.131028262406404E+000 -0.140434735808441E+003 -0.140434735808441E+003
  0.101114624617774E+001  0.175420568460802E+001  0.404959748469159E+000  0.100093276998735E+000 -0.131028262406404E+000 -0.140434766931029E+003 -0.140434766931029E+003
  0.978687220625592E+000  0.194245818848702E+001  0.792792893392283E+000  0.100696001044984E+000 -0.131028262406404E+000 -0.140434684368441E+003 -0.140434684368441E+003
  0.101574192127737E+001  0.199452483684981E+001  0.865357884830749E+000  0.101120560042610E+000 -0.131028262406404E+000 -0.140434647878860E+003 -0.140434647878860E+003
  0.102143284736868E+001  0.189288735633211E+001  0.174525302241626E+000  0.100257342442402E+000 -0.131028262406404E+000 -0.140434655798831E+003 -0.140434655798831E+003
  0.103882860852605E+001  0.198246813526414E+001  0.273744279399341E+000  0.100298652112691E+000 -0.131028262406404E+000 -0.140434644456073E+003 -0.140434644456073E+003
  0.974924295951272E+000  0.197325060887244E+001  0.509533828924412E-001  0.101251954126430E+000 -0.131028262406404E+000 -0.140434714857261E+003 -0.140434714857261E+003
  0.993588825547404E+000  0.184144976047011E+001  0.818272263586213E+000  0.100178917077983E+000 -0.131028262406404E+000 -0.140434686235100E+003 -0.140434686235100E+003
  0.988838565068331E+000  0.197173358850267E+001  0.197476220532068E+000  0.101614068215735E+000 -0.131028262406404E+000 -0.140434708367500E+003 -0.140434708367500E+003
  0.100347192492255E+001  0.188141199297412E+001  0.543435722212006E+000  0.100556587525741E+000 -0.131028262406404E+000 -0.140434676216638E+003 -0.140434676216638E+003
  0.103578059186923E+001  0.188576603978053E+001  0.159843840596293E+000  0.100110382683741E+000 -0.131028262406404E+000 -0.140434718164250E+003 -0.140434718164250E+003
  0.100971668548274E+001  0.189528264908411E+001  0.244398628189051E+000  0.100985541160694E+000 -0.131028262406404E+000 -0.140434735918581E+003 -0.140434735918581E+003
  0.100048620299671E+001  0.199415867687919E+001  0.886122589970815E+000  0.102102283358146E+000 -0.131028262406404E+000 -0.140434760088166E+003 -0.140434760088166E+003
  0.981273150612369E+000  0.190282962217232E+001  0.942307002359548E+000  0.100342498592309E+000 -0.131028262406404E+000 -0.140434685224556E+003 -0.140434685224556E+003
  0.974693032523031E+000  0.197909175480596E+001  0.550981992596409E+000  0.100670647938838E+000 -0.131028262406404E+000 -0.140434668263472E+003 -0.140434668263472E+003
  0.980911336539950E+000  0.198611479246003E+001  0.603837349807119E+000  0.102130062921630E+000 -0.131028262406404E+000 -0.140434763640158E+003 -0.140434763640158E+003
  0.102017146140342E+001  0.191280672004824E+001  0.671312429118288E+000  0.100646010516837E+000 -0.131028262406404E+000 -0.140434694089432E+003 -0.140434694089432E+003
  0.100005882758824E+001  0.196930025098665E+001  0.188975438819698E+000  0.101028814544987E+000 -0.131028262406404E+000 -0.140434631347736E+003 -0.140434631347736E+003
  0.989753713361892E+000  0.186231828222238E+001  0.465619461435871E+000  0.100688163010195E+000 -0.131028262406404E+000 -0.140434728331732E+003 -0.140434728331732E+003
  0.103422344742808E+001  0.186352340882276E+001  0.639147313941422E+000  0.100105278143435E+000 -0.131028262406404E+000 -0.140434735999450E+003 -0.140434735999450E+003
  0.970838105922756E+000  0.199097915181023E+001  0.950451321841696E+000  0.101776362017370E+000 -0.131028262406404E+000 -0.140434759067747E+003 -0.140434759067747E+003
  0.101836720386750E+001  0.192864832189554E+001  0.737992306186003E+000  0.100908598202748E+000 -0.131028262406404E+000 -0.140434712401221E+003 -0.140434712401221E+003
  0.101190426764609E+001  0.189484633071498E+001  0.133858228324943E+000  0.100539896248910E+000 -0.131028262406404E+000 -0.140434669673082E+003 -0.140434669673082E+003
  0.101489683316697E+001  0.190882574304408E+001  0.201755279443691E+000  0.100310827760296E+000 -0.131028262406404E+000 -0.140434622751243E+003 -0.140434622751243E+003
  0.101329850021091E+001  0.198771934398783E+001  0.358824533377355E-001  0.100026272009203E+000 -0.131028262406404E+000 -0.140434477180418E+003 -0.140434477180418E+003
  0.103085468093973E+001  0.195861446454505E+001  0.669697440809403E+000  0.100963732752469E+000 -0.131028262406404E+000 -0.140434760198370E+003 -0.140434760198370E+003
  0.979838757667046E+000  0.192602347923490E+001  0.976708389576334E+000  0.100888553110019E+000 -0.131028262406404E+000 -0.140434712179951E+003 -0.140434712179951E+003
  0.997757366274831E+000  0.197819536715125E+001  0.542132040694966E+000  0.100293122769956E+000 -0.131028262406404E+000 -0.140434532050823E+003 -0.140434532050823E+003
  0.103965644869044E+001  0.199236165466850E+001  0.446454380340942E+000  0.100622051396103E+000 -0.131028262406404E+000 -0.140434707909316E+003 -0.140434707909316E+003
  0.100454341117270E+001  0.191040110506933E+001  0.404862850050765E+000  0.101343843234722E+000 -0.131028262406404E+000 -0.140434760486408E+003 -0.140434760486408E+003
  0.104078751271998E+001  0.194645888871113E+001  0.434741202125535E+000  0.100278882087140E+000 -0.131028262406404E+000 -0.140434708944598E+003 -0.140434708944598E+003
  0.103238445105723E+001  0.193476368048171E+001  0.868602001618736E+000  0.100069558147478E+000 -0.131028262406404E+000 -0.140434620287071E+003 -0.140434620287071E+003
  0.992416110943468E+000  0.187814825090348E+001  0.286578582347269E+000  0.100583935922355E+000 -0.131028262406404E+000 -0.140434692477131E+003 -0.140434692477131E+003
  0.100441427246632E+001  0.195216151648718E+001  0.460952012603382E+000  0.100147952252044E+000 -0.131028262406404E+000 -0.140434536441429E+003 -0.140434536441429E+003
  0.100324249077523E+001  0.193944472950987E+001  0.106531536505419E+000  0.101029630098385E+000 -0.131028262406404E+000 -0.140434671956127E+003 -0.140434671956127E+003
  0.102314031205367E+001  0.196829006675382E+001  0.150457420161210E+000  0.100520409023669E+000 -0.131028262406404E+000 -0.140434609958829E+003 -0.140434609958829E+003
  0.101690710469171E+001  0.188076466757949E+001  0.778608437705663E+000  0.100026190088324E+000 -0.131028262406404E+000 -0.140434617383648E+003 -0.140434617383648E+003
  0.993962158820069E+000  0.180090010920989E+001  0.270535843877904E+000  0.100370754615162E+000 -0.131028262406404E+000 -0.140434752210723E+003 -0.140434752210723E+003
  0.997267435944057E+000  0.190872807779850E+001  0.813249938179664E-001  0.100068132910900E+000 -0.131028262406404E+000 -0.140434589141386E+003 -0.140434589141386E+003
  0.964757349294621E+000  0.199639396287535E+001  0.370616215626720E+000  0.101031902813526E+000 -0.131028262406404E+000 -0.140434747510526E+003 -0.140434747510526E+003
  0.102473232041218E+001  0.194993503254399E+001  0.997316098080424E+000  0.100714631825069E+000 -0.131028262406404E+000 -0.140434680103619E+003 -0.140434680103619E+003
  0.102076687576372E+001  0.178618357932676E+001  0.195105078602876E-001  0.100026669712617E+000 -0.131028262406404E+000 -0.140434745671358E+003 -0.140434745671358E+003
  0.994173444640788E+000  0.185598503518315E+001  0.675867326917792E+000  0.100895812751794E+000 -0.131028262406404E+000 -0.140434753300341E+003 -0.140434753300341E+003
  0.104756595320405E+001  0.194873054098193E+001  0.110222691665278E-001  0.100259423985088E+000 -0.131028262406404E+000 -0.140434764393567E+003 -0.140434764393567E+003
  0.998741361773031E+000  0.192522896629403E+001  0.803339864215529E-001  0.100599404579526E+000 -0.131028262406404E+000 -0.140434629766194E+003 -0.140434629766194E+003
  0.999476591770808E+000  0.196059746575326E+001  0.476123286872220E+000  0.100325211500458E+000 -0.131028262406404E+000 -0.140434553369347E+003 -0.140434553369347E+003
  0.994065791919599E+000  0.191103600351610E+001  0.738829027149356E+000  0.100544252463331E+000 -0.131028262406404E+000 -0.140434646550317E+003 -0.140434646550317E+003
  0.100149390309681E+001  0.194377867116253E+001  0.935803443155053E+000  0.101020232868626E+000 -0.131028262406404E+000 -0.140434663242658E+003 -0.140434663242658E+003
  0.101438788473000E+001  0.181810647192922E+001  0.615793906365289E+000  0.100256591639621E+000 -0.131028262406404E+000 -0.140434725170460E+003 -0.140434725170460E+003
  0.986836056969764E+000  0.197703013948531E+001  0.968401889931133E+000  0.100203581169261E+000 -0.131028262406404E+000 -0.140434564186816E+003 -0.140434564186816E+003
  0.993355491482032E+000  0.194650909195684E+001  0.668634379305355E+000  0.101092693432687E+000 -0.131028262406404E+000 -0.140434670402442E+003 -0.140434670402442E+003
  0.982881815675603E+000  0.199213227924676E+001  0.704638065380994E+000  0.100845681968681E+000 -0.131028262406404E+000 -0.140434620143595E+003 -0.140434620143595E+003
  0.981752759577332E+000  0.193399806977177E+001  0.734018044052795E-001  0.100909636135257E+000 -0.131028262406404E+000 -0.140434696459849E+003 -0.140434696459849E+003
  0.102193411658360E+001  0.197543396061166E+001  0.347429798100068E+000  0.101334250849545E+000 -0.131028262406404E+000 -0.140434748676788E+003 -0.140434748676788E+003
  0.100933428659010E+001  0.199849148326413E+001  0.128796326496012E-001  0.101212142981383E+000 -0.131028262406404E+000 -0.140434635071122E+003 -0.140434635071122E+003
  0.986666522948272E+000  0.196929684496120E+001  0.952426140942896E+000  0.101080581375546E+000 -0.131028262406404E+000 -0.140434654865610E+003 -0.140434654865610E+003
  0.100332112897674E+001  0.198742326266990E+001  0.144940478921724E+000  0.100127715662158E+000 -0.131028262406404E+000 -0.140434492593721E+003 -0.140434492593721E+003
  0.103851019642569E+001  0.199840122239075E+001  0.898470232017383E+000  0.100068083742030E+000 -0.131028262406404E+000 -0.140434570159616E+003 -0.140434570159616E+003
  0.996803429802006E+000  0.199132812306387E+001  0.762861826340935E+000  0.100325676829773E+000 -0.131028262406404E+000 -0.140434522264496E+003 -0.140434522264496E+003
  0.988425891370007E+000  0.199793281861769E+001  0.647282776475851E-001  0.100182946599902E+000 -0.131028262406404E+000 -0.140434531568680E+003 -0.140434531568680E+003
  0.101786281914798E+001  0.198286726708180E+001  0.687442845768653E+000  0.100801499107585E+000 -0.131028262406404E+000 -0.140434616886351E+003 -0.140434616886351E+003
  0.995514558380384E+000  0.187059199480706E+001  0.454174309211065E+000  0.100565623067693E+000 -0.131028262406404E+000 -0.140434693632415E+003 -0.140434693632415E+003
  0.967471513969232E+000  0.198220192950886E+001  0.841862273033273E+000  0.100406904806220E+000 -0.131028262406404E+000 -0.140434710119938E+003 -0.140434710119938E+003
  0.100301025208979E+001  0.195667538225078E+001  0.305788459101600E+000  0.101045754905810E+000 -0.131028262406404E+000 -0.140434651994398E+003 -0.140434651994398E+003
  0.100862137601242E+001  0.190994375052771E+001  0.529841240005503E+000  0.100631806165415E+000 -0.131028262406404E+000 -0.140434657993105E+003 -0.140434657993105E+003
  0.976904059245720E+000  0.198088463127001E+001  0.268784957121589E+000  0.101349965597769E+000 -0.131028262406404E+000 -0.140434704329287E+003 -0.140434704329287E+003
  0.975844015109565E+000  0.199576271590381E+001  0.646232275699610E+000  0.101994956798307E+000 -0.131028262406404E+000 -0.140434751065969E+003 -0.140434751065969E+003
  0.100014438292711E+001  0.198208539848645E+001  0.686445633002710E+000  0.101269493967568E+000 -0.131028262406404E+000 -0.140434648489197E+003 -0.140434648489197E+003
  0.993906395646486E+000  0.194970853220587E+001  0.833877177562860E-001  0.100128926072253E+000 -0.131028262406404E+000 -0.140434558435293E+003 -0.140434558435293E+003
  0.971162414382160E+000  0.197703018015620E+001  0.512252905273828E+000  0.100723958477345E+000 -0.131028262406404E+000 -0.140434699334730E+003 -0.140434699334730E+003
  0.102364134145371E+001  0.193595843183170E+001  0.380441840604065E+000  0.100284810456226E+000 -0.131028262406404E+000 -0.140434613479597E+003 -0.140434613479597E+003
  0.101138236763869E+001  0.194913197603517E+001  0.457007062962542E+000  0.101068260278073E+000 -0.131028262406404E+000 -0.140434684361866E+003 -0.140434684361866E+003
  0.979635833684052E+000  0.191863101797962E+001  0.111053966267712E+000  0.100184136316566E+000 -0.131028262406404E+000 -0.140434666858050E+003 -0.140434666858050E+003
  0.102733023872608E+001  0.191520572373869E+001  0.999796603215637E+000  0.100329885728479E+000 -0.131028262406404E+000 -0.140434668251562E+003 -0.140434668251562E+003
  0.100686902949104E+001  0.175231480488978E+001  0.563919838480723E+000  0.100033433860839E+000 -0.131028262406404E+000 -0.140434754761128E+003 -0.140434754761128E+003
  0.100823009397721E+001  0.195957550222498E+001  0.819652705514167E+000  0.100832547587454E+000 -0.131028262406404E+000 -0.140434624476746E+003 -0.140434624476746E+003
  0.979496940443785E+000  0.183290256826449E+001  0.422519945815219E+000  0.100077375884458E+000 -0.131028262406404E+000 -0.140434749483726E+003 -0.140434749483726E+003
  0.100249494834825E+001  0.185176226399707E+001  0.271337039260026E-001  0.100581622751281E+000 -0.131028262406404E+000 -0.140434714874078E+003 -0.140434714874078E+003
  0.103890820195108E+001  0.198373546420580E+001  0.442149443520857E+000  0.100328821453923E+000 -0.131028262406404E+000 -0.140434649729150E+003 -0.140434649729150E+003
  0.100343205479681E+001  0.197976257222387E+001  0.695516477470483E+000  0.101678531988312E+000 -0.131028262406404E+000 -0.140434719411282E+003 -0.140434719411282E+003
  0.100807522893154E+001  0.197386394060445E+001  0.659039976303774E+000  0.100985736892212E+000 -0.131028262406404E+000 -0.140434629040540E+003 -0.140434629040540E+003
  0.100440281829408E+001  0.188066637079842E+001  0.102028374098946E+000  0.100993936100898E+000 -0.131028262406404E+000 -0.140434742716842E+003 -0.140434742716842E+003
  0.101893818298092E+001  0.191306286599705E+001  0.659968783126801E+000  0.100065854992493E+000 -0.131028262406404E+000 -0.140434588607830E+003 -0.140434588607830E+003
  0.100174201581214E+001  0.195361344624082E+001  0.893208656808260E+000  0.100960647614733E+000 -0.131028262406404E+000 -0.140434642575849E+003 -0.140434642575849E+003
  0.992839006632084E+000  0.188325466653635E+001  0.809759191445511E+000  0.100133256861625E+000 -0.131028262406404E+000 -0.140434637069780E+003 -0.140434637069780E+003
  0.983893883468132E+000  0.198476010373239E+001  0.195963358848340E+000  0.101227269056481E+000 -0.131028262406404E+000 -0.140434660243188E+003 -0.140434660243188E+003
  0.100381486942958E+001  0.197151461055538E+001  0.149160686327460E+000  0.101087877125694E+000 -0.131028262406404E+000 -0.140434640035641E+003 -0.140434640035641E+003
  0.101791783331289E+001  0.198500123804508E+001  0.758276683373221E+000  0.100321027825982E+000 -0.131028262406404E+000 -0.140434533658947E+003 -0.140434533658947E+003
  0.100166402010209E+001  0.198616136186392E+001  0.416095090272006E+000  0.101721821021824E+000 -0.131028262406404E+000 -0.140434713136885E+003 -0.140434713136885E+003
  0.989220492378153E+000  0.187645958504638E+001  0.569690195446102E+000  0.100213752999428E+000 -0.131028262406404E+000 -0.140434665207991E+003 -0.140434665207991E+003
  0.969431531821378E+000  0.199118441799590E+001  0.314941484351461E+000  0.100145683590100E+000 -0.131028262406404E+000 -0.140434672825032E+003 -0.140434672825032E+003
  0.974011666217381E+000  0.195341442606461E+001  0.384448498368091E+000  0.100682602239195E+000 -0.131028262406404E+000 -0.140434700923421E+003 -0.140434700923421E+003
  0.974123909258798E+000  0.197677731513577E+001  0.748459526297834E+000  0.100765286846963E+000 -0.131028262406404E+000 -0.140434680716040E+003 -0.140434680716040E+003
  0.100531293264105E+001  0.191641347607168E+001  0.356473018085844E+000  0.100448736588779E+000 -0.131028262406404E+000 -0.140434619467925E+003 -0.140434619467925E+003
  0.100006929531094E+001  0.198857504647826E+001  0.915409958390103E+000  0.101997501359814E+000 -0.131028262406404E+000 -0.140434749654314E+003 -0.140434749654314E+003
  0.102212168885947E+001  0.194119391953970E+001  0.239300754352978E+000  0.100647603206395E+000 -0.131028262406404E+000 -0.140434665486605E+003 -0.140434665486605E+003
  0.102742008603481E+001  0.195661276298216E+001  0.241179244865986E+000  0.100249448648310E+000 -0.131028262406404E+000 -0.140434597142180E+003 -0.140434597142180E+003
  0.100717312962752E+001  0.178861943346749E+001  0.541231391811910E+000  0.100103752371804E+000 -0.131028262406404E+000 -0.140434723699987E+003 -0.140434723699987E+003
  0.983830724744245E+000  0.196175262381169E+001  0.270165728075610E+000  0.100054049360672E+000 -0.131028262406404E+000 -0.140434585989060E+003 -0.140434585989060E+003
  0.102454222769240E+001  0.199993061674010E+001  0.354363559211202E+000  0.101054821687989E+000 -0.131028262406404E+000 -0.140434673991879E+003 -0.140434673991879E+003
  0.100514591991919E+001  0.188007727159410E+001  0.529012102233015E+000  0.100606747431808E+000 -0.131028262406404E+000 -0.140434686333315E+003 -0.140434686333315E+003
  0.100142775928302E+001  0.194998482514084E+001  0.135571049966510E+000  0.100739500058388E+000 -0.131028262406404E+000 -0.140434616703257E+003 -0.140434616703257E+003
  0.999313933938330E+000  0.193412416401869E+001  0.474390002074826E+000  0.101660619514149E+000 -0.131028262406404E+000 -0.140434767729586E+003 -0.140434767729586E+003
  0.991495778672867E+000  0.179023687111651E+001  0.332323780154285E+000  0.100120306315966E+000 -0.131028262406404E+000 -0.140434742170842E+003 -0.140434742170842E+003
  0.981831838989639E+000  0.190690512017868E+001  0.685861730997168E+000  0.100038378954221E+000 -0.131028262406404E+000 -0.140434655077968E+003 -0.140434655077968E+003
  0.978495140901449E+000  0.191309399497228E+001  0.889640017758299E+000  0.100942265711980E+000 -0.131028262406404E+000 -0.140434737609068E+003 -0.140434737609068E+003
  0.102381216477035E+001  0.187800272339273E+001  0.827459523834535E+000  0.100601289691980E+000 -0.131028262406404E+000 -0.140434750875787E+003 -0.140434750875787E+003
  0.101412760379679E+001  0.189713852497483E+001  0.616074160759043E+000  0.100522041432594E+000 -0.131028262406404E+000 -0.140434669890887E+003 -0.140434669890887E+003
  0.101398192380540E+001  0.192476430705392E+001  0.116713484477313E+000  0.100482133635765E+000 -0.131028262406404E+000 -0.140434627559616E+003 -0.140434627559616E+003
  0.104177034869584E+001  0.194091747373725E+001  0.884986372547542E-001  0.100429331373696E+000 -0.131028262406404E+000 -0.140434760067649E+003 -0.140434760067649E+003
  0.100517676184791E+001  0.189298509929780E+001  0.383211399773808E-002  0.101062870209948E+000 -0.131028262406404E+000 -0.140434739500742E+003 -0.140434739500742E+003
  0.102607768982063E+001  0.199809924837333E+001  0.973146067025932E+000  0.100430130270681E+000 -0.131028262406404E+000 -0.140434566298608E+003 -0.140434566298608E+003
  0.991736026004352E+000  0.175470698298206E+001  0.945009492151018E+000  0.100007071817422E+000 -0.131028262406404E+000 -0.140434767724976E+003 -0.140434767724976E+003
  0.968864932306568E+000  0.194089886872392E+001  0.589702413153278E+000  0.100713803610918E+000 -0.131028262406404E+000 -0.140434754131455E+003 -0.140434754131455E+003
  0.983382298549546E+000  0.197208891318238E+001  0.374585106766764E+000  0.100131428182615E+000 -0.131028262406404E+000 -0.140434583171604E+003 -0.140434583171604E+003
  0.103448735846303E+001  0.197543615258103E+001  0.327557399537306E+000  0.100896071462906E+000 -0.131028262406404E+000 -0.140434750038081E+003 -0.140434750038081E+003
  0.993122143010971E+000  0.198304314077417E+001  0.802632791810053E+000  0.100349971001855E+000 -0.131028262406404E+000 -0.140434544744125E+003 -0.140434544744125E+003
  0.101774094580891E+001  0.194044892454190E+001  0.708669847086410E+000  0.101220627186719E+000 -0.131028262406404E+000 -0.140434751346506E+003 -0.140434751346506E+003
  0.103246265101179E+001  0.187218547814339E+001  0.374973479491668E+000  0.100355867042969E+000 -0.131028262406404E+000 -0.140434764529865E+003 -0.140434764529865E+003
  0.102222338241322E+001  0.183542449126727E+001  0.115863913032764E+000  0.100415040851421E+000 -0.131028262406404E+000 -0.140434762180559E+003 -0.140434762180559E+003
  0.100495372885712E+001  0.186574673429191E+001  0.561147082798035E+000  0.100695501271736E+000 -0.131028262406404E+000 -0.140434716728304E+003 -0.140434716728304E+003
  0.101433892818363E+001  0.196232011842799E+001  0.199588480059791E+000  0.100756532233088E+000 -0.131028262406404E+000 -0.140434624310821E+003 -0.140434624310821E+003
  0.992156187721391E+000  0.195090407517247E+001  0.314980968502435E-001  0.100799859270193E+000 -0.131028262406404E+000 -0.140434632532904E+003 -0.140434632532904E+003
  0.979328734546000E+000  0.187620313662628E+001  0.773295379555500E+000  0.100014367182884E+000 -0.131028262406404E+000 -0.140434701559790E+003 -0.140434701559790E+003
  0.989771225882555E+000  0.194163833059202E+001  0.741404780351751E+000  0.100337819235454E+000 -0.131028262406404E+000 -0.140434602423904E+003 -0.140434602423904E+003
  0.102915837543055E+001  0.184452696382229E+001  0.811326198712862E+000  0.100092726061680E+000 -0.131028262406404E+000 -0.140434725943821E+003 -0.140434725943821E+003
  0.101420350011588E+001  0.186683129052101E+001  0.362347063294127E+000  0.100515655288627E+000 -0.131028262406404E+000 -0.140434707511827E+003 -0.140434707511827E+003
  0.100695048903113E+001  0.186537915899571E+001  0.876232418538155E+000  0.100664432861617E+000 -0.131028262406404E+000 -0.140434715534578E+003 -0.140434715534578E+003
  0.969796404139848E+000  0.195715842182930E+001  0.725375160732964E+000  0.101302523561980E+000 -0.131028262406404E+000 -0.140434766826361E+003 -0.140434766826361E+003
  0.102919229442858E+001  0.189312665355290E+001  0.109720294410393E+000  0.100506808464892E+000 -0.131028262406404E+000 -0.140434744797145E+003 -0.140434744797145E+003
  0.993826146616341E+000  0.196083291405666E+001  0.383354493323310E-001  0.100134628030412E+000 -0.131028262406404E+000 -0.140434546636319E+003 -0.140434546636319E+003
  0.982060364822160E+000  0.190091972624478E+001  0.387896675315139E+000  0.100370291859696E+000 -0.131028262406404E+000 -0.140434685158709E+003 -0.140434685158709E+003
  0.983521721114612E+000  0.186105897175081E+001  0.348141165230379E+000  0.100571887886187E+000 -0.131028262406404E+000 -0.140434738823259E+003 -0.140434738823259E+003
  0.103444258160040E+001  0.193712183187549E+001  0.400884711486249E+000  0.100155395407642E+000 -0.131028262406404E+000 -0.140434647350893E+003 -0.140434647350893E+003
  0.997791365126441E+000  0.196340990397081E+001  0.264933272885605E+000  0.100529723821358E+000 -0.131028262406404E+000 -0.140434576525970E+003 -0.140434576525970E+003
  0.103659223873461E+001  0.183822386870896E+001  0.491785220930684E+000  0.100004711731637E+000 -0.131028262406404E+000 -0.140434765393327E+003 -0.140434765393327E+003
  0.994991441508447E+000  0.185236851814997E+001  0.652954054270822E+000  0.100064354772696E+000 -0.131028262406404E+000 -0.140434657987005E+003 -0.140434657987005E+003
  0.100100189722834E+001  0.189936182074075E+001  0.196909709754840E+000  0.100833576834573E+000 -0.131028262406404E+000 -0.140434691902952E+003 -0.140434691902952E+003
  0.102423297890528E+001  0.198159645795875E+001  0.756569216463027E+000  0.101351156613149E+000 -0.131028262406404E+000 -0.140434758666607E+003 -0.140434758666607E+003
  0.978845138363511E+000  0.197282491352519E+001  0.334701976139676E+000  0.101203123716471E+000 -0.131028262406404E+000 -0.140434691680803E+003 -0.140434691680803E+003
  0.994634356018991E+000  0.196669907408590E+001  0.815078630610111E+000  0.100689125959348E+000 -0.131028262406404E+000 -0.140434596313778E+003 -0.140434596313778E+003
  0.100513057768427E+001  0.193886744116703E+001  0.730274492005125E+000  0.100507596288109E+000 -0.131028262406404E+000 -0.140434599874878E+003 -0.140434599874878E+003
  0.103521628955716E+001  0.194622314097815E+001  0.714257614655678E+000  0.100010182674686E+000 -0.131028262406404E+000 -0.140434610324192E+003 -0.140434610324192E+003
  0.102282212550732E+001  0.198966797596055E+001  0.516952671243093E+000  0.100197240895188E+000 -0.131028262406404E+000 -0.140434522729045E+003 -0.140434522729045E+003
  0.976856984752511E+000  0.195226366209572E+001  0.677848361316382E+000  0.100111107547969E+000 -0.131028262406404E+000 -0.140434646898025E+003 -0.140434646898025E+003
  0.105299518146363E+001  0.197171106322365E+001  0.274097093679605E+000  0.100167852093843E+000 -0.131028262406404E+000 -0.140434764267565E+003 -0.140434764267565E+003
  0.100048664928929E+001  0.196990358607274E+001  0.935451174326581E+000  0.100597220045847E+000 -0.131028262406404E+000 -0.140434573977035E+003 -0.140434573977035E+003
  0.102082914700239E+001  0.187122893334930E+001  0.485580064686210E+000  0.100277188096341E+000 -0.131028262406404E+000 -0.140434684726818E+003 -0.140434684726818E+003
  0.100663749132076E+001  0.191504725474417E+001  0.352359196595195E+000  0.100562845569909E+000 -0.131028262406404E+000 -0.140434638429604E+003 -0.140434638429604E+003
  0.100576267970864E+001  0.179753995502153E+001  0.800535218935454E+000  0.100223735437962E+000 -0.131028262406404E+000 -0.140434729670953E+003 -0.140434729670953E+003
  0.101203256171816E+001  0.195580599583948E+001  0.370138645122774E+000  0.101277256713962E+000 -0.131028262406404E+000 -0.140434713617293E+003 -0.140434713617293E+003
  0.101518993803962E+001  0.195104194829520E+001  0.353937729149721E-002  0.100440767152318E+000 -0.131028262406404E+000 -0.140434590092726E+003 -0.140434590092726E+003
  0.968129598390892E+000  0.194801355566918E+001  0.939124224790330E+000  0.100507477178445E+000 -0.131028262406404E+000 -0.140434742634395E+003 -0.140434742634395E+003
  0.989092890959233E+000  0.191686669604738E+001  0.312245832278227E+000  0.100333576814009E+000 -0.131028262406404E+000 -0.140434632354205E+003 -0.140434632354205E+003
  0.102296518277676E+001  0.197878566761157E+001  0.100964768034854E+000  0.101397042486299E+000 -0.131028262406404E+000 -0.140434763395893E+003 -0.140434763395893E+003
  0.992467988903150E+000  0.197299122814095E+001  0.766836905443447E+000  0.100838204204096E+000 -0.131028262406404E+000 -0.140434609892139E+003 -0.140434609892139E+003
  0.101547119216774E+001  0.196358580461767E+001  0.569070430576879E+000  0.101452127076232E+000 -0.131028262406404E+000 -0.140434750531117E+003 -0.140434750531117E+003
  0.986048996297467E+000  0.196533165459636E+001  0.144581043342438E+000  0.101399236055311E+000 -0.131028262406404E+000 -0.140434695536596E+003 -0.140434695536596E+003
  0.101228339294885E+001  0.189655398028622E+001  0.176484540026342E+000  0.100133776848047E+000 -0.131028262406404E+000 -0.140434605363411E+003 -0.140434605363411E+003
  0.101396615361732E+001  0.193677868112248E+001  0.830936607993676E+000  0.101337287401801E+000 -0.131028262406404E+000 -0.140434758995354E+003 -0.140434758995354E+003
  0.100353005440813E+001  0.181550795941500E+001  0.386987822188931E+000  0.100369134853442E+000 -0.131028262406404E+000 -0.140434728235415E+003 -0.140434728235415E+003
  0.983681953457915E+000  0.185615006153577E+001  0.720605394354380E+000  0.100813800766941E+000 -0.131028262406404E+000 -0.140434766832711E+003 -0.140434766832711E+003
  0.101650773267800E+001  0.192117044152554E+001  0.935489585672980E+000  0.100458455135463E+000 -0.131028262406404E+000 -0.140434635738380E+003 -0.140434635738380E+003
  0.969420872776950E+000  0.199621134701687E+001  0.146293235728901E+000  0.101735306735561E+000 -0.131028262406404E+000 -0.140434757766752E+003 -0.140434757766752E+003
  0.100686607988426E+001  0.196539710028329E+001  0.313375315846178E+000  0.100815432723401E+000 -0.131028262406404E+000 -0.140434612065362E+003 -0.140434612065362E+003
  0.101905667099886E+001  0.182122971740387E+001  0.855206974652311E+000  0.100012902548326E+000 -0.131028262406404E+000 -0.140434694615435E+003 -0.140434694615435E+003
  0.100832536034512E+001  0.192416410059003E+001  0.446023827811204E+000  0.100164530392343E+000 -0.131028262406404E+000 -0.140434572048793E+003 -0.140434572048793E+003
  0.976485643350212E+000  0.198080767187459E+001  0.723320220825162E+000  0.100411600625772E+000 -0.131028262406404E+000 -0.140434637726377E+003 -0.140434637726377E+003
  0.992680796192046E+000  0.193152608384366E+001  0.119262775773561E+000  0.100964036847729E+000 -0.131028262406404E+000 -0.140434673712236E+003 -0.140434673712236E+003
  0.978781585842817E+000  0.187521140922457E+001  0.838915610242007E+000  0.100023271999095E+000 -0.131028262406404E+000 -0.140434706878406E+003 -0.140434706878406E+003
  0.100933127200372E+001  0.190320325217634E+001  0.961026209011352E+000  0.100850826461707E+000 -0.131028262406404E+000 -0.140434702533076E+003 -0.140434702533076E+003
  0.101313449477845E+001  0.197556562991636E+001  0.580939102884369E+000  0.100868458708268E+000 -0.131028262406404E+000 -0.140434621300564E+003 -0.140434621300564E+003
  0.997304849041741E+000  0.196408429794053E+001  0.744234067231691E+000  0.101354505924969E+000 -0.131028262406404E+000 -0.140434681654883E+003 -0.140434681654883E+003
  0.987512368396202E+000  0.195971637220451E+001  0.122169304629898E+000  0.101884482664275E+000 -0.131028262406404E+000 -0.140434758554922E+003 -0.140434758554922E+003
  0.993993388483903E+000  0.195172281716529E+001  0.952832581417611E+000  0.100094604901964E+000 -0.131028262406404E+000 -0.140434552488109E+003 -0.140434552488109E+003
  0.101131226304121E+001  0.189678538809950E+001  0.283402531108323E-002  0.100104084505565E+000 -0.131028262406404E+000 -0.140434599370660E+003 -0.140434599370660E+003
  0.103057246892503E+001  0.193351675826517E+001  0.170736907243576E+000  0.100742646675208E+000 -0.131028262406404E+000 -0.140434747186777E+003 -0.140434747186777E+003
  0.100585707656771E+001  0.186402223527708E+001  0.670208178829205E+000  0.100084539577539E+000 -0.131028262406404E+000 -0.140434632665462E+003 -0.140434632665462E+003
  0.101145932024265E+001  0.179029202551346E+001  0.689768221399492E+000  0.100345050842322E+000 -0.131028262406404E+000 -0.140434765482125E+003 -0.140434765482125E+003
  0.101511278564271E+001  0.187300728759035E+001  0.237908761134582E+000  0.100598637341797E+000 -0.131028262406404E+000 -0.140434716822782E+003 -0.140434716822782E+003
  0.993353756889460E+000  0.198134873499645E+001  0.563800922527764E+000  0.100451915360704E+000 -0.131028262406404E+000 -0.140434556334355E+003 -0.140434556334355E+003
  0.976971558133869E+000  0.189884899450768E+001  0.113204690972396E+000  0.100569902297725E+000 -0.131028262406404E+000 -0.140434731804501E+003 -0.140434731804501E+003
  0.103995218329009E+001  0.190998944366678E+001  0.870714445301269E+000  0.100082534438877E+000 -0.131028262406404E+000 -0.140434710615012E+003 -0.140434710615012E+003
  0.995624404771223E+000  0.197537273357897E+001  0.798744628046192E+000  0.100254764425403E+000 -0.131028262406404E+000 -0.140434536503303E+003 -0.140434536503303E+003
  0.987169351412432E+000  0.199879240406205E+001  0.580238091524704E+000  0.102111163550041E+000 -0.131028262406404E+000 -0.140434738161131E+003 -0.140434738161131E+003
  0.102661953698135E+001  0.198237338504703E+001  0.246648373866280E+000  0.100678773046250E+000 -0.131028262406404E+000 -0.140434638407984E+003 -0.140434638407984E+003
  0.982836857790125E+000  0.197422914268663E+001  0.413503574233918E+000  0.100870656006841E+000 -0.131028262406404E+000 -0.140434642829187E+003 -0.140434642829187E+003
  0.100103755136588E+001  0.193907841354801E+001  0.242563562918646E+000  0.101119825058560E+000 -0.131028262406404E+000 -0.140434683044455E+003 -0.140434683044455E+003
  0.983979059945209E+000  0.198902065950217E+001  0.883384359127514E+000  0.101233781713987E+000 -0.131028262406404E+000 -0.140434655595723E+003 -0.140434655595723E+003
  0.971026983413818E+000  0.192032204712811E+001  0.198299495082391E+000  0.100788505547272E+000 -0.131028262406404E+000 -0.140434763465841E+003 -0.140434763465841E+003
  0.103047888399451E+001  0.186974601924456E+001  0.641999416191402E+000  0.100224070029936E+000 -0.131028262406404E+000 -0.140434727139305E+003 -0.140434727139305E+003
  0.101264655035037E+001  0.195315817750419E+001  0.199281509269202E+000  0.101224234657241E+000 -0.131028262406404E+000 -0.140434710416686E+003 -0.140434710416686E+003
  0.102400859939690E+001  0.197562870863774E+001  0.604167571504463E+000  0.100023931649722E+000 -0.131028262406404E+000 -0.140434516469071E+003 -0.140434516469071E+003
  0.998144470098888E+000  0.194852332361216E+001  0.128059351967591E+000  0.100025270203523E+000 -0.131028262406404E+000 -0.140434536745539E+003 -0.140434536745539E+003
  0.999807367017517E+000  0.195869451807715E+001  0.172907185223476E-001  0.100934085603597E+000 -0.131028262406404E+000 -0.140434631830271E+003 -0.140434631830271E+003
  0.981787681550463E+000  0.194869553417113E+001  0.872933847472208E+000  0.101088635939928E+000 -0.131028262406404E+000 -0.140434696242092E+003 -0.140434696242092E+003
  0.992680515108648E+000  0.193138601397240E+001  0.458757419155880E+000  0.101486911974426E+000 -0.131028262406404E+000 -0.140434740066548E+003 -0.140434740066548E+003
  0.103995701948411E+001  0.191981296684083E+001  0.612671775041686E+000  0.100130055764463E+000 -0.131028262406404E+000 -0.140434707254117E+003 -0.140434707254117E+003
  0.101531096861080E+001  0.197253714277513E+001  0.486803905831126E+000  0.101355910402523E+000 -0.131028262406404E+000 -0.140434719178236E+003 -0.140434719178236E+003
  0.981116802252695E+000  0.187515781071850E+001  0.482164699134686E+000  0.100412387112430E+000 -0.131028262406404E+000 -0.140434721243518E+003 -0.140434721243518E+003
  0.988748265591620E+000  0.189573098108616E+001  0.896489728131337E+000  0.100785460103754E+000 -0.131028262406404E+000 -0.140434703355125E+003 -0.140434703355125E+003
  0.101128302272218E+001  0.194965199476817E+001  0.356065047641515E+000  0.100644852984736E+000 -0.131028262406404E+000 -0.140434614662151E+003 -0.140434614662151E+003
  0.999202786993079E+000  0.192655921744855E+001  0.470988614647702E-001  0.101594929637075E+000 -0.131028262406404E+000 -0.140434767240372E+003 -0.140434767240372E+003
  0.103830551042564E+001  0.190153812934252E+001  0.959909484316983E+000  0.100042937464988E+000 -0.131028262406404E+000 -0.140434700894942E+003 -0.140434700894942E+003
  0.101425336029568E+001  0.194593027543597E+001  0.563425196653416E+000  0.100486812788495E+000 -0.131028262406404E+000 -0.140434601663211E+003 -0.140434601663211E+003
  0.101576329681075E+001  0.193017310612280E+001  0.522735757513282E+000  0.100822067323804E+000 -0.131028262406404E+000 -0.140434683434691E+003 -0.140434683434691E+003
  0.993313345070579E+000  0.181624524805734E+001  0.414068655992653E+000  0.100125123766847E+000 -0.131028262406404E+000 -0.140434709027630E+003 -0.140434709027630E+003
  0.992801511173955E+000  0.183773359629862E+001  0.475609754445633E+000  0.100380951607663E+000 -0.131028262406404E+000 -0.140434714604770E+003 -0.140434714604770E+003
  0.102501649666844E+001  0.190353009419394E+001  0.569311837221482E+000  0.100082209467228E+000 -0.131028262406404E+000 -0.140434625924402E+003 -0.140434625924402E+003
  0.103007649238746E+001  0.192894383740867E+001  0.686921842444345E+000  0.100371628245591E+000 -0.131028262406404E+000 -0.140434673979380E+003 -0.140434673979380E+003
  0.994085907577404E+000  0.195853240095435E+001  0.675563872548704E+000  0.100421305026398E+000 -0.131028262406404E+000 -0.140434577711066E+003 -0.140434577711066E+003
