  0.445854356364584E+000  0.198915765105860E+001  0.717094303021507E-001  0.495985148714777E+000 -0.131028262406404E+000 -0.138415218533109E+003 -0.138415218533109E+003
  0.525131490787098E+000  0.199202841038211E+001  0.943998021161640E+000  0.499199793076606E+000 -0.131028262406404E+000 -0.138413511524546E+003 -0.138413511524546E+003
  0.472676216358229E+000  0.199960569814744E+001  0.256982893384451E+000  0.498636052301498E+000 -0.131028262406404E+000 -0.138403598173899E+003 -0.138403598173899E+003
  0.453979515791932E+000  0.199802908830055E+001  0.118338939320388E+000  0.494003188369800E+000 -0.131028262406404E+000 -0.138410968823236E+003 -0.138410968823236E+003
  0.520803894407534E+000  0.198938631545312E+001  0.719050906596152E+000  0.499043945249150E+000 -0.131028262406404E+000 -0.138414980161255E+003 -0.138414980161255E+003
  0.477500098197523E+000  0.199390852754048E+001  0.551777083718841E+000  0.492325697927857E+000 -0.131028262406404E+000 -0.138414837162974E+003 -0.138414837162974E+003
  0.467234946195058E+000  0.199879796907919E+001  0.118843283022976E-001  0.489715472937502E+000 -0.131028262406404E+000 -0.138414619515509E+003 -0.138414619515509E+003
  0.463013587872015E+000  0.199691797940656E+001  0.127118731815304E+000  0.491913296928833E+000 -0.131028262406404E+000 -0.138413513919658E+003 -0.138413513919658E+003
  0.476681330642502E+000  0.199897069288140E+001  0.658905699485901E+000  0.493214075246198E+000 -0.131028262406404E+000 -0.138410294014612E+003 -0.138410294014612E+003
  0.495737373574454E+000  0.199318812371762E+001  0.774945093585170E+000  0.492705076277795E+000 -0.131028262406404E+000 -0.138415795783082E+003 -0.138415795783082E+003
  0.466293633397609E+000  0.199923104271363E+001  0.411326700467630E+000  0.497610458244618E+000 -0.131028262406404E+000 -0.138405226877210E+003 -0.138405226877210E+003
  0.495372720957888E+000  0.199489167699822E+001  0.130417614352018E+000  0.492521936884855E+000 -0.131028262406404E+000 -0.138414726706057E+003 -0.138414726706057E+003
  0.493968633193361E+000  0.199880927612063E+001  0.943556118529900E+000  0.493459290452766E+000 -0.131028262406404E+000 -0.138410693608520E+003 -0.138410693608520E+003
  0.404666926792193E+000  0.199781879972425E+001  0.469820631919095E+000  0.498154564414752E+000 -0.131028262406404E+000 -0.138415131698536E+003 -0.138415131698536E+003
  0.450321139560433E+000  0.199407569150491E+001  0.475312108170034E+000  0.494723319090159E+000 -0.131028262406404E+000 -0.138413035479192E+003 -0.138413035479192E+003
  0.400132802454876E+000  0.199522648340308E+001  0.524649060301379E+000  0.498875036614074E+000 -0.131028262406404E+000 -0.138417056480384E+003 -0.138417056480384E+003
  0.488845736559212E+000  0.198594382822822E+001  0.642481496849080E+000  0.497257796604049E+000 -0.131028262406404E+000 -0.138415452117642E+003 -0.138415452117642E+003
  0.496058451588306E+000  0.198708123920419E+001  0.641114996791894E+000  0.496184066897483E+000 -0.131028262406404E+000 -0.138416426291435E+003 -0.138416426291435E+003
  0.482396444177624E+000  0.199474417380954E+001  0.504269302119903E+000  0.493611763286348E+000 -0.131028262406404E+000 -0.138412883028397E+003 -0.138412883028397E+003
  0.441586748411614E+000  0.199494798719877E+001  0.242949000807918E+000  0.499175620268669E+000 -0.131028262406404E+000 -0.138408314634758E+003 -0.138408314634758E+003
  0.446083776702691E+000  0.198727785141116E+001  0.737232756504447E+000  0.496314991029655E+000 -0.131028262406404E+000 -0.138416047719350E+003 -0.138416047719350E+003
  0.478181753626640E+000  0.198258988335038E+001  0.375317406526523E+000  0.499553200444436E+000 -0.131028262406404E+000 -0.138414744580306E+003 -0.138414744580306E+003
  0.541711676295648E+000  0.199755853895399E+001  0.205758389808882E+000  0.497934411251526E+000 -0.131028262406404E+000 -0.138414132998379E+003 -0.138414132998379E+003
  0.441768371278496E+000  0.199532512176702E+001  0.589583267626650E+000  0.492229797646184E+000 -0.131028262406404E+000 -0.138416012873964E+003 -0.138416012873964E+003
  0.472094321678937E+000  0.198596526468632E+001  0.682104737048759E+000  0.499598985212296E+000 -0.131028262406404E+000 -0.138412116301892E+003 -0.138412116301892E+003
  0.485873361157656E+000  0.199502501750020E+001  0.776782663518644E+000  0.494440679157047E+000 -0.131028262406404E+000 -0.138411859359705E+003 -0.138411859359705E+003
  0.533886368790719E+000  0.199965395050539E+001  0.552678415126311E+000  0.497689817435587E+000 -0.131028262406404E+000 -0.138410835024111E+003 -0.138410835024111E+003
  0.435543908104986E+000  0.198722003076298E+001  0.303463351326300E+000  0.498159681265016E+000 -0.131028262406404E+000 -0.138415209994127E+003 -0.138415209994127E+003
  0.508262394905304E+000  0.199802308444823E+001  0.871389305121166E+000  0.495656331865526E+000 -0.131028262406404E+000 -0.138410093941474E+003 -0.138410093941474E+003
  0.423390053379931E+000  0.199129380714168E+001  0.807545885780809E+000  0.499500778378351E+000 -0.131028262406404E+000 -0.138413120850474E+003 -0.138413120850474E+003
  0.499269218257997E+000  0.199746769909036E+001  0.577242282482341E+000  0.499490184761220E+000 -0.131028262406404E+000 -0.138405147567201E+003 -0.138405147567201E+003
  0.481483543257619E+000  0.199490881977059E+001  0.464367085865663E+000  0.490349377536025E+000 -0.131028262406404E+000 -0.138416474548901E+003 -0.138416474548901E+003
  0.515502379583642E+000  0.198663566001854E+001  0.649320261970835E+000  0.498739465757271E+000 -0.131028262406404E+000 -0.138416560110842E+003 -0.138416560110842E+003
  0.469319553157176E+000  0.199964581387241E+001  0.711873463216335E+000  0.491657312346325E+000 -0.131028262406404E+000 -0.138411740991482E+003 -0.138411740991482E+003
  0.462778661269623E+000  0.198770890333118E+001  0.630328400089154E+000  0.499328385475351E+000 -0.131028262406404E+000 -0.138411301837549E+003 -0.138411301837549E+003
  0.450506735386205E+000  0.199619667701529E+001  0.937534371571198E+000  0.497816637800419E+000 -0.131028262406404E+000 -0.138408080110750E+003 -0.138408080110750E+003
  0.459384171642715E+000  0.199299146345613E+001  0.479920462053678E+000  0.494050209557570E+000 -0.131028262406404E+000 -0.138413864170301E+003 -0.138413864170301E+003
  0.438364723727849E+000  0.199895603885600E+001  0.242319273890602E+000  0.490423787818184E+000 -0.131028262406404E+000 -0.138416288291942E+003 -0.138416288291942E+003
  0.456096385276218E+000  0.199767911161875E+001  0.173805922745541E+000  0.490180742207247E+000 -0.131028262406404E+000 -0.138415432305396E+003 -0.138415432305396E+003
  0.486965260018885E+000  0.199330829065077E+001  0.407910982606353E+000  0.493218570491052E+000 -0.131028262406404E+000 -0.138414539340175E+003 -0.138414539340175E+003
  0.476782704248450E+000  0.199292457865980E+001  0.990637896656227E+000  0.494299818465470E+000 -0.131028262406404E+000 -0.138413260908067E+003 -0.138413260908067E+003
  0.478344127766240E+000  0.199031828830840E+001  0.646015260127569E+000  0.499706536769362E+000 -0.131028262406404E+000 -0.138408975597621E+003 -0.138408975597621E+003
  0.457616724010738E+000  0.199474272350990E+001  0.739310777889677E-001  0.494667334719352E+000 -0.131028262406404E+000 -0.138412096656289E+003 -0.138412096656289E+003
  0.533039676048368E+000  0.199136121713647E+001  0.460194298511199E+000  0.499224307449027E+000 -0.131028262406404E+000 -0.138415748947452E+003 -0.138415748947452E+003
  0.513625433917591E+000  0.199960203664703E+001  0.101303540942032E-001  0.497635717554884E+000 -0.131028262406404E+000 -0.138407308093356E+003 -0.138407308093356E+003
  0.521749882218082E+000  0.199766897792890E+001  0.120811095144974E+000  0.496216996395292E+000 -0.131028262406404E+000 -0.138411730185031E+003 -0.138411730185031E+003
  0.436590708642232E+000  0.198615988271782E+001  0.554940457408027E+000  0.497502204101989E+000 -0.131028262406404E+000 -0.138416489153444E+003 -0.138416489153444E+003
  0.496277333140217E+000  0.199839765989105E+001  0.748008308983315E+000  0.489108677655028E+000 -0.131028262406404E+000 -0.138416157734500E+003 -0.138416157734500E+003
  0.475949107209680E+000  0.199745474435200E+001  0.851078416222444E+000  0.494290811046602E+000 -0.131028262406404E+000 -0.138410102183813E+003 -0.138410102183813E+003
  0.494253799388550E+000  0.199792385550863E+001  0.702222247454196E+000  0.491766980608258E+000 -0.131028262406404E+000 -0.138413303230749E+003 -0.138413303230749E+003
  0.496028323919964E+000  0.199079838096485E+001  0.954723446368361E+000  0.495171985865152E+000 -0.131028262406404E+000 -0.138414787621563E+003 -0.138414787621563E+003
  0.444206191328933E+000  0.199770456648734E+001  0.634286407746088E+000  0.493359295615442E+000 -0.131028262406404E+000 -0.138412918905856E+003 -0.138412918905856E+003
  0.513355554234785E+000  0.199766553781047E+001  0.257150976238689E+000  0.492206767237192E+000 -0.131028262406404E+000 -0.138414985843211E+003 -0.138414985843211E+003
  0.492396774979014E+000  0.198914942603143E+001  0.921998552162923E+000  0.494464395413108E+000 -0.131028262406404E+000 -0.138416501070526E+003 -0.138416501070526E+003
  0.540920367075784E+000  0.199812720785979E+001  0.536099287251844E+000  0.497021684152591E+000 -0.131028262406404E+000 -0.138414490693561E+003 -0.138414490693561E+003
  0.494322522640044E+000  0.199151026965260E+001  0.657627149460571E+000  0.495541287042224E+000 -0.131028262406404E+000 -0.138413693618414E+003 -0.138413693618414E+003
  0.512406285660691E+000  0.199635171127259E+001  0.391881477713039E+000  0.492179796340904E+000 -0.131028262406404E+000 -0.138415885728114E+003 -0.138415885728114E+003
  0.480476361250988E+000  0.198540897754817E+001  0.625003033430798E+000  0.498153628076957E+000 -0.131028262406404E+000 -0.138414357169171E+003 -0.138414357169171E+003
  0.439615842113531E+000  0.199954905622219E+001  0.394925029419954E+000  0.497893344294085E+000 -0.131028262406404E+000 -0.138407123418919E+003 -0.138407123418919E+003
  0.471140217432011E+000  0.198380717428519E+001  0.699824569456535E+000  0.496917477720851E+000 -0.131028262406404E+000 -0.138416656747509E+003 -0.138416656747509E+003
  0.469788503289132E+000  0.199582377172398E+001  0.373688941139330E+000  0.493262640623780E+000 -0.131028262406404E+000 -0.138412470249075E+003 -0.138412470249075E+003
  0.431704515740515E+000  0.199534429076248E+001  0.657651959503314E+000  0.495017221482090E+000 -0.131028262406404E+000 -0.138414266338374E+003 -0.138414266338374E+003
  0.547593089869045E+000  0.199528101019321E+001  0.771756132197971E+000  0.499550556790101E+000 -0.131028262406404E+000 -0.138415817510544E+003 -0.138415817510544E+003
  0.432404602827207E+000  0.199841696997831E+001  0.741461124341684E+000  0.495755214830985E+000 -0.131028262406404E+000 -0.138411414070524E+003 -0.138411414070524E+003
  0.424255996439392E+000  0.199863662942816E+001  0.937992495982484E+000  0.496639059614976E+000 -0.131028262406404E+000 -0.138411757194831E+003 -0.138411757194831E+003
  0.467338838811937E+000  0.199882029779249E+001  0.727048215899371E+000  0.489784158179431E+000 -0.131028262406404E+000 -0.138414521762894E+003 -0.138414521762894E+003
  0.477100155880414E+000  0.199662010423510E+001  0.258733279300540E+000  0.490887795169280E+000 -0.131028262406404E+000 -0.138414600793218E+003 -0.138414600793218E+003
  0.491684152525263E+000  0.198761410772489E+001  0.565585754698453E+000  0.494829712035986E+000 -0.131028262406404E+000 -0.138417164346454E+003 -0.138417164346454E+003
  0.465768087551748E+000  0.198406294714018E+001  0.734947153248780E+000  0.499712569704758E+000 -0.131028262406404E+000 -0.138413345917504E+003 -0.138413345917504E+003
  0.506901139917541E+000  0.199588655752893E+001  0.118953431729839E+000  0.499556118847759E+000 -0.131028262406404E+000 -0.138407093909528E+003 -0.138407093909528E+003
  0.459763256670784E+000  0.199725581738719E+001  0.506055681602489E+000  0.497585782368384E+000 -0.131028262406404E+000 -0.138406923279596E+003 -0.138406923279596E+003
  0.441633779162213E+000  0.199191747412260E+001  0.806866683469737E+000  0.494625780961392E+000 -0.131028262406404E+000 -0.138415448534021E+003 -0.138415448534021E+003
  0.455443676973037E+000  0.199719386772374E+001  0.574246489633122E+000  0.493147345832964E+000 -0.131028262406404E+000 -0.138412382781146E+003 -0.138412382781146E+003
  0.442569007238842E+000  0.199235632621991E+001  0.347677079867882E+000  0.497524621301055E+000 -0.131028262406404E+000 -0.138411753094451E+003 -0.138411753094451E+003
  0.469949502348892E+000  0.199990734488446E+001  0.819086100665420E+000  0.496104951248645E+000 -0.131028262406404E+000 -0.138406389490536E+003 -0.138406389490536E+003
  0.509074620568392E+000  0.199642241778770E+001  0.143527167369435E+000  0.492295324538867E+000 -0.131028262406404E+000 -0.138415255741295E+003 -0.138415255741295E+003
  0.431866614706635E+000  0.199496213378703E+001  0.297731485115797E+000  0.497799699738145E+000 -0.131028262406404E+000 -0.138411294083708E+003 -0.138411294083708E+003
  0.478876885384125E+000  0.199683437696887E+001  0.131862468051996E+000  0.492132370547843E+000 -0.131028262406404E+000 -0.138413038214725E+003 -0.138413038214725E+003
  0.512695921365546E+000  0.199203003666384E+001  0.713326042053806E+000  0.496286153239878E+000 -0.131028262406404E+000 -0.138414602419532E+003 -0.138414602419532E+003
  0.451178815021046E+000  0.198561080622068E+001  0.306549697881011E+000  0.496433109813874E+000 -0.131028262406404E+000 -0.138416590714378E+003 -0.138416590714378E+003
  0.457340839295700E+000  0.199344066534531E+001  0.919634706216668E-001  0.495265565332903E+000 -0.131028262406404E+000 -0.138412294233152E+003 -0.138412294233152E+003
  0.449914705446470E+000  0.199688979114321E+001  0.211392346027414E+000  0.489939981749288E+000 -0.131028262406404E+000 -0.138416745831976E+003 -0.138416745831976E+003
  0.535638809215020E+000  0.199796453134755E+001  0.424254076986677E+000  0.498395773629945E+000 -0.131028262406404E+000 -0.138411812622379E+003 -0.138411812622379E+003
  0.443019834708727E+000  0.199598173844985E+001  0.672221994842864E+000  0.498096916407255E+000 -0.131028262406404E+000 -0.138408710686205E+003 -0.138408710686205E+003
  0.509840903116379E+000  0.199210153117923E+001  0.225749893386785E-001  0.498622499989480E+000 -0.131028262406404E+000 -0.138411484399748E+003 -0.138411484399748E+003
  0.514866396244564E+000  0.198728294659764E+001  0.866962872852699E+000  0.499803668303006E+000 -0.131028262406404E+000 -0.138414745225150E+003 -0.138414745225150E+003
  0.407666361035899E+000  0.199723058622845E+001  0.175617708951704E+000  0.499005408530565E+000 -0.131028262406404E+000 -0.138413699525202E+003 -0.138413699525202E+003
  0.492324187774464E+000  0.199989462555988E+001  0.663010015665877E+000  0.489666471975892E+000 -0.131028262406404E+000 -0.138414185603107E+003 -0.138414185603107E+003
  0.469408638490435E+000  0.199767079252248E+001  0.352824728026972E+000  0.494778077249927E+000 -0.131028262406404E+000 -0.138409471482462E+003 -0.138409471482462E+003
  0.501341604217119E+000  0.199802396813210E+001  0.474569193166480E-001  0.497110889122071E+000 -0.131028262406404E+000 -0.138407663570736E+003 -0.138407663570736E+003
  0.508111517530389E+000  0.199725736659673E+001  0.385325986075712E+000  0.498144951129963E+000 -0.131028262406404E+000 -0.138407805155669E+003 -0.138407805155669E+003
  0.516252318997915E+000  0.199528180621317E+001  0.872494357234255E+000  0.494827496292906E+000 -0.131028262406404E+000 -0.138414271861950E+003 -0.138414271861950E+003
  0.475665072099956E+000  0.199216519421353E+001  0.177212210479837E-001  0.492544303342141E+000 -0.131028262406404E+000 -0.138415781344843E+003 -0.138415781344843E+003
  0.444225245430799E+000  0.199992303944816E+001  0.771898571251396E+000  0.497689365787280E+000 -0.131028262406404E+000 -0.138406503568343E+003 -0.138406503568343E+003
  0.446503041569386E+000  0.199806724011693E+001  0.821191823668917E-001  0.494085437554463E+000 -0.131028262406404E+000 -0.138411584582471E+003 -0.138411584582471E+003
  0.433210519204607E+000  0.199473968520179E+001  0.977620044855694E+000  0.497806250426417E+000 -0.131028262406404E+000 -0.138411209072914E+003 -0.138411209072914E+003
  0.430363163817117E+000  0.199775760340864E+001  0.216531492294950E+000  0.495101448499418E+000 -0.131028262406404E+000 -0.138412917359919E+003 -0.138412917359919E+003
  0.435017218129254E+000  0.199184821800727E+001  0.516767204876248E+000  0.499223223526480E+000 -0.131028262406404E+000 -0.138411136272740E+003 -0.138411136272740E+003
  0.493905898301910E+000  0.199067991941951E+001  0.969932859039870E-001  0.498600960296763E+000 -0.131028262406404E+000 -0.138410803307939E+003 -0.138410803307939E+003
  0.459279033106144E+000  0.199878963538835E+001  0.799735483359040E+000  0.489999961261655E+000 -0.131028262406404E+000 -0.138414696376953E+003 -0.138414696376953E+003
  0.460814247495640E+000  0.199576441955023E+001  0.298606481231967E+000  0.493484289369901E+000 -0.131028262406404E+000 -0.138412587009623E+003 -0.138412587009623E+003
  0.451065553757486E+000  0.198992194387843E+001  0.531692629852727E+000  0.499341466176915E+000 -0.131028262406404E+000 -0.138410435909036E+003 -0.138410435909036E+003
  0.479723403736619E+000  0.199706473041448E+001  0.457671614472265E-001  0.499205492449807E+000 -0.131028262406404E+000 -0.138404732501085E+003 -0.138404732501085E+003
  0.454886682208047E+000  0.199585366914165E+001  0.372498011112950E+000  0.493348720455389E+000 -0.131028262406404E+000 -0.138413070219371E+003 -0.138413070219371E+003
  0.483326243619479E+000  0.198452101089042E+001  0.445270488148691E+000  0.497359507371405E+000 -0.131028262406404E+000 -0.138416033305151E+003 -0.138416033305151E+003
  0.404960511615583E+000  0.199222871237167E+001  0.610503860591531E+000  0.499564133468230E+000 -0.131028262406404E+000 -0.138416666988397E+003 -0.138416666988397E+003
  0.500166025210098E+000  0.199864071531278E+001  0.841672964125773E+000  0.497438399782636E+000 -0.131028262406404E+000 -0.138406712679480E+003 -0.138406712679480E+003
  0.530636614085112E+000  0.199282147266492E+001  0.715323657649300E+000  0.499686679624570E+000 -0.131028262406404E+000 -0.138413476463596E+003 -0.138413476463596E+003
  0.442342054125076E+000  0.199110177259302E+001  0.323190337630091E+000  0.497073910997101E+000 -0.131028262406404E+000 -0.138413101134529E+003 -0.138413101134529E+003
  0.497113255268515E+000  0.199671884146181E+001  0.583525096372051E+000  0.497866518870990E+000 -0.131028262406404E+000 -0.138407392390944E+003 -0.138407392390944E+003
  0.497252583740210E+000  0.198274351038112E+001  0.172623828490571E+000  0.499123706825608E+000 -0.131028262406404E+000 -0.138416552346420E+003 -0.138416552346420E+003
  0.432825583197545E+000  0.199102472926708E+001  0.843588932727248E-001  0.498627134031699E+000 -0.131028262406404E+000 -0.138412662349236E+003 -0.138412662349236E+003
  0.451012371638494E+000  0.199088722914219E+001  0.735708401019768E+000  0.496944569559477E+000 -0.131028262406404E+000 -0.138412529057802E+003 -0.138412529057802E+003
  0.486938794877609E+000  0.198597597547220E+001  0.958352538026381E+000  0.496270711645862E+000 -0.131028262406404E+000 -0.138416405879857E+003 -0.138416405879857E+003
  0.453186316723129E+000  0.199443627417095E+001  0.948605978063702E+000  0.497884360254026E+000 -0.131028262406404E+000 -0.138408928463997E+003 -0.138408928463997E+003
  0.407728970376233E+000  0.199410459820179E+001  0.335964926015528E+000  0.497683154834439E+000 -0.131028262406404E+000 -0.138416988552949E+003 -0.138416988552949E+003
  0.517640327000023E+000  0.199387291068304E+001  0.248697442197139E+000  0.499320229807259E+000 -0.131028262406404E+000 -0.138410507264533E+003 -0.138410507264533E+003
  0.507106825451031E+000  0.199445646391491E+001  0.286554685616778E+000  0.496010717969484E+000 -0.131028262406404E+000 -0.138412268216727E+003 -0.138412268216727E+003
  0.489889489901623E+000  0.198448334733615E+001  0.421056844409881E+000  0.499954620723888E+000 -0.131028262406404E+000 -0.138413593971721E+003 -0.138413593971721E+003
  0.514963396093135E+000  0.198947156258216E+001  0.787188604715343E+000  0.498287680828975E+000 -0.131028262406404E+000 -0.138414719148649E+003 -0.138414719148649E+003
  0.453777484674524E+000  0.199202558669759E+001  0.666847344748885E+000  0.498178618686754E+000 -0.131028262406404E+000 -0.138410149331758E+003 -0.138410149331758E+003
  0.477553307839903E+000  0.199509351284240E+001  0.298010643160061E+000  0.499363216499891E+000 -0.131028262406404E+000 -0.138405929202682E+003 -0.138405929202682E+003
  0.415120829917101E+000  0.199803331859531E+001  0.231500630479007E-002  0.494044332125651E+000 -0.131028262406404E+000 -0.138417049982081E+003 -0.138417049982081E+003
  0.457107383238280E+000  0.199557012153656E+001  0.494028823018589E+000  0.497243416727484E+000 -0.131028262406404E+000 -0.138408619051451E+003 -0.138408619051451E+003
  0.439308451545767E+000  0.199603336305961E+001  0.841410559009725E+000  0.495518678418393E+000 -0.131028262406404E+000 -0.138412120989607E+003 -0.138412120989607E+003
  0.472415625231728E+000  0.199338052721245E+001  0.806397161996902E+000  0.496337861948025E+000 -0.131028262406404E+000 -0.138410595454397E+003 -0.138410595454397E+003
  0.494865315531418E+000  0.199771886764395E+001  0.216344561650881E+000  0.489093344743671E+000 -0.131028262406404E+000 -0.138416561922543E+003 -0.138416561922543E+003
  0.471296337028295E+000  0.199505210367477E+001  0.619598607209684E+000  0.491402645627560E+000 -0.131028262406404E+000 -0.138415105633737E+003 -0.138415105633737E+003
  0.496865106110295E+000  0.199757395788642E+001  0.463053728151916E+000  0.493641408231711E+000 -0.131028262406404E+000 -0.138411596490170E+003 -0.138411596490170E+003
  0.512844084172796E+000  0.199867304188268E+001  0.308368737252052E-001  0.492098571832466E+000 -0.131028262406404E+000 -0.138414270825581E+003 -0.138414270825581E+003
  0.484208935300707E+000  0.199413109236260E+001  0.574252842599306E+000  0.499099794954055E+000 -0.131028262406404E+000 -0.138407093778086E+003 -0.138407093778086E+003
  0.512983889510712E+000  0.199726135643614E+001  0.851075417857184E-001  0.492855141947375E+000 -0.131028262406404E+000 -0.138414502247489E+003 -0.138414502247489E+003
  0.460551512634647E+000  0.199981060765767E+001  0.909618491864290E+000  0.496750041609128E+000 -0.131028262406404E+000 -0.138406128979465E+003 -0.138406128979465E+003
  0.431801544711003E+000  0.199942105956748E+001  0.733168877194775E+000  0.499518222793633E+000 -0.131028262406404E+000 -0.138406557628126E+003 -0.138406557628126E+003
  0.505403686311527E+000  0.199574730458341E+001  0.279170248195271E+000  0.497479641164172E+000 -0.131028262406404E+000 -0.138409398819439E+003 -0.138409398819439E+003
  0.482595763481877E+000  0.198337110632026E+001  0.689007113054061E+000  0.498030166787817E+000 -0.131028262406404E+000 -0.138416083691329E+003 -0.138416083691329E+003
  0.432656746239498E+000  0.199242857306884E+001  0.837497459069779E+000  0.498024142715001E+000 -0.131028262406404E+000 -0.138412492949611E+003 -0.138412492949611E+003
  0.454340773906222E+000  0.199996987285823E+001  0.873063639817987E+000  0.492694763318393E+000 -0.131028262406404E+000 -0.138411189300231E+003 -0.138411189300231E+003
  0.526983893775121E+000  0.199891744644998E+001  0.615992688570815E+000  0.492826918318208E+000 -0.131028262406404E+000 -0.138415559882215E+003 -0.138415559882215E+003
  0.431852800427637E+000  0.199691497267577E+001  0.790569609061292E+000  0.495840271230160E+000 -0.131028262406404E+000 -0.138412332790615E+003 -0.138412332790615E+003
  0.453774682066922E+000  0.198851170188875E+001  0.232206760057232E+000  0.496359115071755E+000 -0.131028262406404E+000 -0.138414563914759E+003 -0.138414563914759E+003
  0.480539653468884E+000  0.199594561548812E+001  0.797127997534636E+000  0.492361799324633E+000 -0.131028262406404E+000 -0.138413422580864E+003 -0.138413422580864E+003
  0.430897450856890E+000  0.199451711200018E+001  0.384571837362900E+000  0.498633050587789E+000 -0.131028262406404E+000 -0.138410777890156E+003 -0.138410777890156E+003
  0.471526705367246E+000  0.198719581803054E+001  0.290156819594802E+000  0.495724014808638E+000 -0.131028262406404E+000 -0.138415618376869E+003 -0.138415618376869E+003
  0.467491927234081E+000  0.199417920271552E+001  0.115165293967119E+000  0.499953080793444E+000 -0.131028262406404E+000 -0.138405964480488E+003 -0.138405964480488E+003
  0.499388057513455E+000  0.199991887189346E+001  0.659715495638304E+000  0.492392782498578E+000 -0.131028262406404E+000 -0.138411518364801E+003 -0.138411518364801E+003
  0.430940287039850E+000  0.199571656636350E+001  0.127504771490948E+000  0.494165969575031E+000 -0.131028262406404E+000 -0.138415137526161E+003 -0.138415137526161E+003
  0.454250918713336E+000  0.199911888026201E+001  0.584592311809866E+000  0.494868752515377E+000 -0.131028262406404E+000 -0.138409234205937E+003 -0.138409234205937E+003
  0.436386928119189E+000  0.199566998614719E+001  0.294226473552834E+000  0.492786058356601E+000 -0.131028262406404E+000 -0.138415890749765E+003 -0.138415890749765E+003
  0.495127121699432E+000  0.199360878352488E+001  0.596618248997777E+000  0.491188478252728E+000 -0.131028262406404E+000 -0.138417162816042E+003 -0.138417162816042E+003
  0.434935155793704E+000  0.199696764849665E+001  0.475914014592481E+000  0.491224030576008E+000 -0.131028262406404E+000 -0.138417097657665E+003 -0.138417097657665E+003
  0.551450582072656E+000  0.199948977395209E+001  0.589718171088996E+000  0.496464060156238E+000 -0.131028262406404E+000 -0.138416772140675E+003 -0.138416772140675E+003
  0.456249467269927E+000  0.199454611449330E+001  0.998994478894101E+000  0.490513212518333E+000 -0.131028262406404E+000 -0.138417074139630E+003 -0.138417074139630E+003
  0.492353061636738E+000  0.199572603960121E+001  0.216661012312091E+000  0.491082298249063E+000 -0.131028262406404E+000 -0.138415549093375E+003 -0.138415549093375E+003
  0.472195114910397E+000  0.199741084167795E+001  0.152402926327953E+000  0.492565878981209E+000 -0.131028262406404E+000 -0.138412146954140E+003 -0.138412146954140E+003
  0.418932302616004E+000  0.199132642427899E+001  0.932518321585463E+000  0.497627009015997E+000 -0.131028262406404E+000 -0.138416106588938E+003 -0.138416106588938E+003
  0.484906401114625E+000  0.198888092637139E+001  0.145644920313199E+000  0.496816127265609E+000 -0.131028262406404E+000 -0.138413548896246E+003 -0.138413548896246E+003
  0.460038603407451E+000  0.199776579329529E+001  0.916761247112773E+000  0.495949633728366E+000 -0.131028262406404E+000 -0.138408455430375E+003 -0.138408455430375E+003
  0.515272880665355E+000  0.199241314158889E+001  0.153758126588190E-001  0.496941281338400E+000 -0.131028262406404E+000 -0.138413965396970E+003 -0.138413965396970E+003
  0.473211426506140E+000  0.198884546885637E+001  0.919939440693521E+000  0.495959251406940E+000 -0.131028262406404E+000 -0.138414203288978E+003 -0.138414203288978E+003
  0.493246193954071E+000  0.198964336727262E+001  0.452910618638967E+000  0.497861683535400E+000 -0.131028262406404E+000 -0.138412362250581E+003 -0.138412362250581E+003
  0.456982744029535E+000  0.199478036289478E+001  0.134525569509452E+000  0.491371372922460E+000 -0.131028262406404E+000 -0.138415890078881E+003 -0.138415890078881E+003
  0.471598204762127E+000  0.198575996109150E+001  0.181139511457678E+000  0.499505282593186E+000 -0.131028262406404E+000 -0.138412364435373E+003 -0.138412364435373E+003
  0.454987827237431E+000  0.199617181806066E+001  0.967181139802448E+000  0.496029106315215E+000 -0.131028262406404E+000 -0.138409770974131E+003 -0.138409770974131E+003
  0.457807652833043E+000  0.199896880006189E+001  0.341821356625470E+000  0.497262545000156E+000 -0.131028262406404E+000 -0.138406281076265E+003 -0.138406281076265E+003
  0.484548860529213E+000  0.198964570915055E+001  0.209586483408298E+000  0.494127242270455E+000 -0.131028262406404E+000 -0.138416021346551E+003 -0.138416021346551E+003
  0.503574811290739E+000  0.199032312663628E+001  0.211299796790913E+000  0.496705375167131E+000 -0.131028262406404E+000 -0.138414204878303E+003 -0.138414204878303E+003
  0.446927301357488E+000  0.199863448089338E+001  0.183928509705998E+000  0.497428879315622E+000 -0.131028262406404E+000 -0.138407311698881E+003 -0.138407311698881E+003
  0.491356670615794E+000  0.199220013881796E+001  0.494598732915747E+000  0.497831110492839E+000 -0.131028262406404E+000 -0.138410351939510E+003 -0.138410351939510E+003
  0.457468964094841E+000  0.199075790470985E+001  0.419558787233627E+000  0.494781047097102E+000 -0.131028262406404E+000 -0.138414628080184E+003 -0.138414628080184E+003
  0.523905900416034E+000  0.199897777515521E+001  0.666789029944190E+000  0.497229505947261E+000 -0.131028262406404E+000 -0.138409917242575E+003 -0.138409917242575E+003
  0.530097685551614E+000  0.199818039224945E+001  0.647399294134107E+000  0.494458065823792E+000 -0.131028262406404E+000 -0.138414906785981E+003 -0.138414906785981E+003
  0.477692257888435E+000  0.199453912955559E+001  0.961479825631499E+000  0.494415310934866E+000 -0.131028262406404E+000 -0.138412007099873E+003 -0.138412007099873E+003
  0.466266386588915E+000  0.199077529468381E+001  0.947281621117606E+000  0.493916081903035E+000 -0.131028262406404E+000 -0.138415245187670E+003 -0.138415245187670E+003
  0.504709788373594E+000  0.199639882079254E+001  0.147672119899560E+000  0.492478964483794E+000 -0.131028262406404E+000 -0.138414544678841E+003 -0.138414544678841E+003
  0.440788875593483E+000  0.199071721878444E+001  0.557655289791452E+000  0.494728204292383E+000 -0.131028262406404E+000 -0.138416196916870E+003 -0.138416196916870E+003
  0.490292902734191E+000  0.199927894647982E+001  0.159617827871556E+000  0.492314175999697E+000 -0.131028262406404E+000 -0.138411461948228E+003 -0.138411461948228E+003
  0.533859747347324E+000  0.199870848268713E+001  0.217321813338268E+000  0.494012856745519E+000 -0.131028262406404E+000 -0.138415779485935E+003 -0.138415779485935E+003
  0.474544148754952E+000  0.199933978638603E+001  0.536774699613719E+000  0.488646996317320E+000 -0.131028262406404E+000 -0.138415326260265E+003 -0.138415326260265E+003
  0.515468004005087E+000  0.199582380670777E+001  0.315302862257296E+000  0.495636092609341E+000 -0.131028262406404E+000 -0.138412807874606E+003 -0.138412807874606E+003
  0.510486792539420E+000  0.199045752760398E+001  0.710970371239897E+000  0.496965835119749E+000 -0.131028262406404E+000 -0.138414730502803E+003 -0.138414730502803E+003
  0.458652849249173E+000  0.199183584202951E+001  0.751940469463875E-001  0.497215988851446E+000 -0.131028262406404E+000 -0.138411062693786E+003 -0.138411062693786E+003
  0.518038915617930E+000  0.198931200891064E+001  0.337250184023474E+000  0.498531198255250E+000 -0.131028262406404E+000 -0.138415104441515E+003 -0.138415104441515E+003
  0.515897280248242E+000  0.198737081352659E+001  0.195390116380595E-001  0.498202884195900E+000 -0.131028262406404E+000 -0.138416641820405E+003 -0.138416641820405E+003
  0.518258337661534E+000  0.198553275893937E+001  0.751240647464290E+000  0.499551690709118E+000 -0.131028262406404E+000 -0.138417041489304E+003 -0.138417041489304E+003
  0.468481056397323E+000  0.199246664504283E+001  0.423288326860096E+000  0.496544834922498E+000 -0.131028262406404E+000 -0.138411039490843E+003 -0.138411039490843E+003
  0.474096790816824E+000  0.199017927978209E+001  0.469810074063592E+000  0.496265383662024E+000 -0.131028262406404E+000 -0.138412923872436E+003 -0.138412923872436E+003
  0.466730426413316E+000  0.199093143440943E+001  0.912577344785544E+000  0.494262929998009E+000 -0.131028262406404E+000 -0.138414733376718E+003 -0.138414733376718E+003
  0.525645758039266E+000  0.199678350093291E+001  0.380563884233930E+000  0.498906048065234E+000 -0.131028262406404E+000 -0.138410090861238E+003 -0.138410090861238E+003
  0.534020710397025E+000  0.199917869106788E+001  0.687701720759421E+000  0.498625412232775E+000 -0.131028262406404E+000 -0.138410188079611E+003 -0.138410188079611E+003
  0.461383180704941E+000  0.199742788235331E+001  0.613637312216806E+000  0.497283073354002E+000 -0.131028262406404E+000 -0.138407063179048E+003 -0.138407063179048E+003
  0.505636326406286E+000  0.198650389509952E+001  0.927821102598347E+000  0.497672335458970E+000 -0.131028262406404E+000 -0.138416320005472E+003 -0.138416320005472E+003
  0.532951583631785E+000  0.199414702427544E+001  0.761067330982822E-001  0.496650272786113E+000 -0.131028262406404E+000 -0.138416314934923E+003 -0.138416314934923E+003
  0.452110098216601E+000  0.199286139054565E+001  0.146200348815514E+000  0.493651929448397E+000 -0.131028262406404E+000 -0.138414897481634E+003 -0.138414897481634E+003
  0.440002462827187E+000  0.199550727746029E+001  0.534394358512823E+000  0.493716548555347E+000 -0.131028262406404E+000 -0.138414424089538E+003 -0.138414424089538E+003
  0.432376218684209E+000  0.199461453655534E+001  0.184957049548353E+000  0.495803466839710E+000 -0.131028262406404E+000 -0.138413709285112E+003 -0.138413709285112E+003
  0.509421457934342E+000  0.199787521570385E+001  0.469196523957165E+000  0.496682414328325E+000 -0.131028262406404E+000 -0.138409174016293E+003 -0.138409174016293E+003
  0.461671547897307E+000  0.199364916724732E+001  0.304900681844613E+000  0.497175530462130E+000 -0.131028262406404E+000 -0.138409728784568E+003 -0.138409728784568E+003
  0.448927880103174E+000  0.199601415850681E+001  0.632058937968042E+000  0.493635025565852E+000 -0.131028262406404E+000 -0.138413161346174E+003 -0.138413161346174E+003
  0.479143284598946E+000  0.199911698712995E+001  0.134392259860235E-001  0.499049657033742E+000 -0.131028262406404E+000 -0.138403441073034E+003 -0.138403441073034E+003
  0.477846954632054E+000  0.198133844327800E+001  0.205779920539786E+000  0.498372672309236E+000 -0.131028262406404E+000 -0.138416960133630E+003 -0.138416960133630E+003
  0.464359672193437E+000  0.199679497702451E+001  0.880206515241638E+000  0.498962485606412E+000 -0.131028262406404E+000 -0.138405406746665E+003 -0.138405406746665E+003
  0.454813041650385E+000  0.198704952350271E+001  0.872350152255239E+000  0.497763367214325E+000 -0.131028262406404E+000 -0.138413887745284E+003 -0.138413887745284E+003
  0.494271759528486E+000  0.199748574156734E+001  0.875247191877690E+000  0.499600120075438E+000 -0.131028262406404E+000 -0.138404603272322E+003 -0.138404603272322E+003
  0.526004040532727E+000  0.199250438735449E+001  0.372100015239938E+000  0.497983236302548E+000 -0.131028262406404E+000 -0.138414669557030E+003 -0.138414669557030E+003
  0.525587373928937E+000  0.199535624566225E+001  0.336622867268841E+000  0.497805462215034E+000 -0.131028262406404E+000 -0.138412481344790E+003 -0.138412481344790E+003
  0.429037292424496E+000  0.199668493071119E+001  0.383328191606636E+000  0.496244032278674E+000 -0.131028262406404E+000 -0.138412494887954E+003 -0.138412494887954E+003
  0.491322802682383E+000  0.199854477269583E+001  0.188544922612957E-001  0.490825125147960E+000 -0.131028262406404E+000 -0.138413758402319E+003 -0.138413758402319E+003
  0.518454333460278E+000  0.199599380682813E+001  0.466533278890004E+000  0.499881186246872E+000 -0.131028262406404E+000 -0.138408316887420E+003 -0.138408316887420E+003
  0.421335417875862E+000  0.199711653360765E+001  0.202859531990213E+000  0.497461455107882E+000 -0.131028262406404E+000 -0.138412321836671E+003 -0.138412321836671E+003
  0.501061203535589E+000  0.198940027379766E+001  0.929436581192241E+000  0.495041691598572E+000 -0.131028262406404E+000 -0.138416490619383E+003 -0.138416490619383E+003
  0.457680658771136E+000  0.198142892632441E+001  0.406886291192052E+000  0.498618714683113E+000 -0.131028262406404E+000 -0.138416606401925E+003 -0.138416606401925E+003
  0.470887461209826E+000  0.198966605631465E+001  0.777214844573766E+000  0.493246198310103E+000 -0.131028262406404E+000 -0.138416703465749E+003 -0.138416703465749E+003
  0.519469127939858E+000  0.199586123353182E+001  0.282141227588963E+000  0.493090563805054E+000 -0.131028262406404E+000 -0.138416315732638E+003 -0.138416315732638E+003
  0.502697183101448E+000  0.199733650859720E+001  0.737954620797795E+000  0.495179052038470E+000 -0.131028262406404E+000 -0.138410535951994E+003 -0.138410535951994E+003
  0.491248050955477E+000  0.198795221859576E+001  0.969740005518711E+000  0.496400451323319E+000 -0.131028262406404E+000 -0.138415110989488E+003 -0.138415110989488E+003
  0.429547441309204E+000  0.199821084059869E+001  0.137562174898850E+000  0.498139963778952E+000 -0.131028262406404E+000 -0.138409291163347E+003 -0.138409291163347E+003
  0.443238931281171E+000  0.199764459497745E+001  0.638275037796750E+000  0.494103029932517E+000 -0.131028262406404E+000 -0.138412219068952E+003 -0.138412219068952E+003
  0.467098569072742E+000  0.199545754543439E+001  0.805589421216528E-001  0.496459398803683E+000 -0.131028262406404E+000 -0.138409111310441E+003 -0.138409111310441E+003
  0.439516471657766E+000  0.199597662025976E+001  0.851445732883051E+000  0.491658737844916E+000 -0.131028262406404E+000 -0.138416551427823E+003 -0.138416551427823E+003
  0.524155710648080E+000  0.199472066365521E+001  0.373415847611968E+000  0.498484697215857E+000 -0.131028262406404E+000 -0.138411947679008E+003 -0.138411947679008E+003
  0.442540139006925E+000  0.199259408810265E+001  0.715922827162960E+000  0.494798792671715E+000 -0.131028262406404E+000 -0.138414713187788E+003 -0.138414713187788E+003
  0.445288781690868E+000  0.199066594875774E+001  0.392712562230680E+000  0.499988190206246E+000 -0.131028262406404E+000 -0.138409740776242E+003 -0.138409740776242E+003
  0.536698979279731E+000  0.199846061711525E+001  0.315253282500501E+000  0.496024213938592E+000 -0.131028262406404E+000 -0.138414336002209E+003 -0.138414336002209E+003
  0.427197637241500E+000  0.199649477820574E+001  0.564576311419382E+000  0.499194016204811E+000 -0.131028262406404E+000 -0.138409563075888E+003 -0.138409563075888E+003
  0.459606670298019E+000  0.199255740641607E+001  0.847025786136314E+000  0.495802100716783E+000 -0.131028262406404E+000 -0.138412141028443E+003 -0.138412141028443E+003
  0.528304999650356E+000  0.199325530836679E+001  0.418743742284866E+000  0.498656910909866E+000 -0.131028262406404E+000 -0.138413775675236E+003 -0.138413775675236E+003
  0.449071306673902E+000  0.198867477720937E+001  0.831770250131344E+000  0.496266304062281E+000 -0.131028262406404E+000 -0.138414919596391E+003 -0.138414919596391E+003
  0.469855374543922E+000  0.199006819486504E+001  0.425618973858893E+000  0.499765500266369E+000 -0.131028262406404E+000 -0.138409018979937E+003 -0.138409018979937E+003
  0.449549229861337E+000  0.198546897782021E+001  0.459644212339433E+000  0.499860629887592E+000 -0.131028262406404E+000 -0.138412944033247E+003 -0.138412944033247E+003
  0.504801272080593E+000  0.199547375780557E+001  0.454221831963843E+000  0.493623429192786E+000 -0.131028262406404E+000 -0.138413942550814E+003 -0.138413942550814E+003
  0.428658898009360E+000  0.199634501970583E+001  0.397636225966888E+000  0.495601129487374E+000 -0.131028262406404E+000 -0.138413505784932E+003 -0.138413505784932E+003
  0.457857274488679E+000  0.199052896570821E+001  0.117518260786536E+000  0.494984790100675E+000 -0.131028262406404E+000 -0.138414527522395E+003 -0.138414527522395E+003
  0.473206217948061E+000  0.199595256067701E+001  0.900058385206563E-001  0.491514183725289E+000 -0.131028262406404E+000 -0.138414343301365E+003 -0.138414343301365E+003
  0.522613627850321E+000  0.199532987073622E+001  0.251913842058652E+000  0.498551042132449E+000 -0.131028262406404E+000 -0.138411092988853E+003 -0.138411092988853E+003
  0.487646975178009E+000  0.199490964829051E+001  0.937493025914425E+000  0.490796619334909E+000 -0.131028262406404E+000 -0.138416192238701E+003 -0.138416192238701E+003
  0.496907901843989E+000  0.199513347015184E+001  0.595469477827819E+000  0.492528118528328E+000 -0.131028262406404E+000 -0.138414667083518E+003 -0.138414667083518E+003
  0.473922534177300E+000  0.199680376222808E+001  0.817134344482157E+000  0.498988256145848E+000 -0.131028262406404E+000 -0.138405139342154E+003 -0.138405139342154E+003
  0.423039036482360E+000  0.198417037578832E+001  0.160137085132961E+000  0.499889272519950E+000 -0.131028262406404E+000 -0.138417141938838E+003 -0.138417141938838E+003
  0.473967432813037E+000  0.199814486366482E+001  0.403833911878845E+000  0.498233784530289E+000 -0.131028262406404E+000 -0.138405070329578E+003 -0.138405070329578E+003
  0.424221833544504E+000  0.199495950069575E+001  0.628760500786980E+000  0.494127876117521E+000 -0.131028262406404E+000 -0.138416843933421E+003 -0.138416843933421E+003
  0.521437618503640E+000  0.199018205458525E+001  0.513426431462093E+000  0.497832980960424E+000 -0.131028262406404E+000 -0.138415816488982E+003 -0.138415816488982E+003
  0.474641686660737E+000  0.199151254848775E+001  0.524360824666326E+000  0.499288546500866E+000 -0.131028262406404E+000 -0.138408538758424E+003 -0.138408538758424E+003
  0.487129622314401E+000  0.199855293958487E+001  0.363074775365594E+000  0.487904534997274E+000 -0.131028262406404E+000 -0.138416912705259E+003 -0.138416912705259E+003
  0.415477648511810E+000  0.199546803442656E+001  0.537926589291663E-001  0.499371081025143E+000 -0.131028262406404E+000 -0.138412403196507E+003 -0.138412403196507E+003
  0.439649384771676E+000  0.199976290802438E+001  0.229988783060457E-001  0.495290897079314E+000 -0.131028262406404E+000 -0.138409993629634E+003 -0.138409993629634E+003
  0.473691008685243E+000  0.198676705876322E+001  0.456905714662319E+000  0.496801770063592E+000 -0.131028262406404E+000 -0.138414721299708E+003 -0.138414721299708E+003
  0.475804637396672E+000  0.199384704175479E+001  0.263682617341015E+000  0.491278140600736E+000 -0.131028262406404E+000 -0.138416060278395E+003 -0.138416060278395E+003
  0.474036739709767E+000  0.199505783476922E+001  0.484419590028789E+000  0.492904885079177E+000 -0.131028262406404E+000 -0.138413359003483E+003 -0.138413359003483E+003
  0.512100118778418E+000  0.198523159560662E+001  0.748373099814896E+000  0.498784299550608E+000 -0.131028262406404E+000 -0.138417048950541E+003 -0.138417048950541E+003
  0.494952481951817E+000  0.199591153711614E+001  0.979128372125133E+000  0.491208160097891E+000 -0.131028262406404E+000 -0.138415452377170E+003 -0.138415452377170E+003
  0.424938128517698E+000  0.199567247771431E+001  0.361275806279485E+000  0.496876152728823E+000 -0.131028262406404E+000 -0.138413142873703E+003 -0.138413142873703E+003
  0.458877356778515E+000  0.199284984416516E+001  0.647235411530829E+000  0.498457443210493E+000 -0.131028262406404E+000 -0.138408944795840E+003 -0.138408944795840E+003
  0.501111234916998E+000  0.198904113319601E+001  0.623418775002081E+000  0.496569124057012E+000 -0.131028262406404E+000 -0.138415047045394E+003 -0.138415047045394E+003
  0.464610396583695E+000  0.199239538792023E+001  0.284510430598227E+000  0.498439246135179E+000 -0.131028262406404E+000 -0.138409020822117E+003 -0.138409020822117E+003
  0.446613470655978E+000  0.199431643209133E+001  0.591725636637261E+000  0.498398003478775E+000 -0.131028262406404E+000 -0.138409031532075E+003 -0.138409031532075E+003
  0.521224113882186E+000  0.199979499479654E+001  0.110939540239191E+000  0.491281086992896E+000 -0.131028262406404E+000 -0.138415612014642E+003 -0.138415612014642E+003
  0.487411583066445E+000  0.199301883888357E+001  0.275056942815577E+000  0.496007314276859E+000 -0.131028262406404E+000 -0.138411589530656E+003 -0.138411589530656E+003
  0.510135096860463E+000  0.199714752408497E+001  0.565547268742273E-001  0.498471763915290E+000 -0.131028262406404E+000 -0.138407774829139E+003 -0.138407774829139E+003
  0.532402838505858E+000  0.199685718830558E+001  0.113280632870224E+000  0.498460697601184E+000 -0.131028262406404E+000 -0.138411927267320E+003 -0.138411927267320E+003
  0.445526212451975E+000  0.198398387744612E+001  0.562127718042581E+000  0.498509154354531E+000 -0.131028262406404E+000 -0.138415791000312E+003 -0.138415791000312E+003
  0.464484112056446E+000  0.198753455756768E+001  0.919851284711099E+000  0.497296610775373E+000 -0.131028262406404E+000 -0.138413677046264E+003 -0.138413677046264E+003
  0.478563237869033E+000  0.198800983590386E+001  0.395232598587629E+000  0.499947809891118E+000 -0.131028262406404E+000 -0.138410375850869E+003 -0.138410375850869E+003
  0.496439432166405E+000  0.199435900731206E+001  0.387921098564457E+000  0.498602203265918E+000 -0.131028262406404E+000 -0.138408257971221E+003 -0.138408257971221E+003
  0.500456753547580E+000  0.199038522272311E+001  0.811570968628891E+000  0.499344452587708E+000 -0.131028262406404E+000 -0.138410813477032E+003 -0.138410813477032E+003
  0.417087842272576E+000  0.198826193127643E+001  0.864734387352197E+000  0.499103716338054E+000 -0.131028262406404E+000 -0.138416669871763E+003 -0.138416669871763E+003
  0.515504859617593E+000  0.199334410134426E+001  0.418736785154886E+000  0.496768439606945E+000 -0.131028262406404E+000 -0.138413466983597E+003 -0.138413466983597E+003
  0.461915862057009E+000  0.199899690720330E+001  0.618660993193987E+000  0.494863546685567E+000 -0.131028262406404E+000 -0.138408779489212E+003 -0.138408779489212E+003
  0.415246575119142E+000  0.199640652389086E+001  0.503358552157364E+000  0.498454297156054E+000 -0.131028262406404E+000 -0.138412944722798E+003 -0.138412944722798E+003
  0.473813009202877E+000  0.199326428477727E+001  0.615039125155591E+000  0.493465207926466E+000 -0.131028262406404E+000 -0.138413958892572E+003 -0.138413958892572E+003
  0.517140222234733E+000  0.199193763545525E+001  0.371613709138180E+000  0.497046364557567E+000 -0.131028262406404E+000 -0.138414530020966E+003 -0.138414530020966E+003
  0.522393978329624E+000  0.199944033057557E+001  0.766649935323037E+000  0.496492194569610E+000 -0.131028262406404E+000 -0.138410125784338E+003 -0.138410125784338E+003
  0.469222241033411E+000  0.199690877143536E+001  0.287738966102614E+000  0.497364764166698E+000 -0.131028262406404E+000 -0.138407012280059E+003 -0.138407012280059E+003
  0.471619255578338E+000  0.199111119229213E+001  0.321175524561214E+000  0.496234049997503E+000 -0.131028262406404E+000 -0.138412301382801E+003 -0.138412301382801E+003
  0.512497853426622E+000  0.199544142265271E+001  0.212405063998901E+000  0.498785343324044E+000 -0.131028262406404E+000 -0.138409071981496E+003 -0.138409071981496E+003
  0.509954963759372E+000  0.199946900839452E+001  0.521808616794252E+000  0.493526657860398E+000 -0.131028262406404E+000 -0.138411650242795E+003 -0.138411650242795E+003
  0.498372563723300E+000  0.199392243452577E+001  0.735618713844702E+000  0.496058720828717E+000 -0.131028262406404E+000 -0.138411664222083E+003 -0.138411664222083E+003
  0.463595811776823E+000  0.199751225384971E+001  0.917699012995298E+000  0.494835439231253E+000 -0.131028262406404E+000 -0.138409721101356E+003 -0.138409721101356E+003
  0.442323520874443E+000  0.198647369897498E+001  0.364995179149001E+000  0.496508389782177E+000 -0.131028262406404E+000 -0.138416730614845E+003 -0.138416730614845E+003
  0.404091055507318E+000  0.199939874324757E+001  0.239379980534942E+000  0.496343602628109E+000 -0.131028262406404E+000 -0.138416454479576E+003 -0.138416454479576E+003
  0.446370768873840E+000  0.199631592832643E+001  0.624863225308648E+000  0.499629304706671E+000 -0.131028262406404E+000 -0.138406337973246E+003 -0.138406337973246E+003
  0.456443265049673E+000  0.199239884163075E+001  0.358931434594932E+000  0.495347597958949E+000 -0.131028262406404E+000 -0.138412950881853E+003 -0.138412950881853E+003
  0.456116023108153E+000  0.199461020142366E+001  0.242043434219653E+000  0.499240116604181E+000 -0.131028262406404E+000 -0.138407033117532E+003 -0.138407033117532E+003
  0.459552138900422E+000  0.199922767692866E+001  0.192914367696095E+000  0.494944564492719E+000 -0.131028262406404E+000 -0.138408675406294E+003 -0.138408675406294E+003
  0.448118085312108E+000  0.199374254064137E+001  0.629142205264970E+000  0.498137937341116E+000 -0.131028262406404E+000 -0.138409550473322E+003 -0.138409550473322E+003
  0.470553429733741E+000  0.199163700316089E+001  0.314009957932256E+000  0.498808459135428E+000 -0.131028262406404E+000 -0.138409001957976E+003 -0.138409001957976E+003
  0.464914761327837E+000  0.199191125789016E+001  0.685007548816505E+000  0.497442712599842E+000 -0.131028262406404E+000 -0.138410483897179E+003 -0.138410483897179E+003
  0.543961396722524E+000  0.199895092603909E+001  0.983610645099865E+000  0.498364196733851E+000 -0.131028262406404E+000 -0.138413052408094E+003 -0.138413052408094E+003
  0.475342167645028E+000  0.199731769636288E+001  0.673977082147910E+000  0.494076940781040E+000 -0.131028262406404E+000 -0.138410444482878E+003 -0.138410444482878E+003
  0.457458177631846E+000  0.199085833404007E+001  0.529197492146800E+000  0.494837380318959E+000 -0.131028262406404E+000 -0.138414497556351E+003 -0.138414497556351E+003
  0.489678434983981E+000  0.199738236120753E+001  0.612995249566685E+000  0.497289092906602E+000 -0.131028262406404E+000 -0.138407060705390E+003 -0.138407060705390E+003
  0.461569999276440E+000  0.199199572395370E+001  0.282956555060222E-001  0.495158552585196E+000 -0.131028262406404E+000 -0.138413159883143E+003 -0.138413159883143E+003
  0.398372271391237E+000  0.199822613297249E+001  0.991302446194178E+000  0.499108721594955E+000 -0.131028262406404E+000 -0.138415620293464E+003 -0.138415620293464E+003
  0.455418410276616E+000  0.198822180550759E+001  0.362973088243043E+000  0.495882670441780E+000 -0.131028262406404E+000 -0.138415192606138E+003 -0.138415192606138E+003
  0.474485404046567E+000  0.199786288657161E+001  0.296028707463599E+000  0.490600666698494E+000 -0.131028262406404E+000 -0.138414078703800E+003 -0.138414078703800E+003
  0.512869624392213E+000  0.198557941192742E+001  0.127724549518832E+000  0.499056459529829E+000 -0.131028262406404E+000 -0.138416597658223E+003 -0.138416597658223E+003
  0.515118958109026E+000  0.199915425463307E+001  0.492454579056225E+000  0.498994110611898E+000 -0.131028262406404E+000 -0.138406309327516E+003 -0.138406309327516E+003
  0.543509646733137E+000  0.199510834034376E+001  0.811409670322932E+000  0.497574941222177E+000 -0.131028262406404E+000 -0.138417060952232E+003 -0.138417060952232E+003
  0.420815742461315E+000  0.198616107333137E+001  0.829494630111066E+000  0.499751930151593E+000 -0.131028262406404E+000 -0.138416477012175E+003 -0.138416477012175E+003
  0.525520196848040E+000  0.199889154881368E+001  0.399921337906267E+000  0.492894358832636E+000 -0.131028262406404E+000 -0.138415229388288E+003 -0.138415229388288E+003
