  0.522060451888959E+000  0.514638589602461E+000  0.902505302231498E+000  0.493982516460743E+000 -0.131028262406404E+000 -0.147215942442722E+003 -0.147215942442722E+003
  0.518156641555249E+000  0.511489481931129E+000  0.907770208907475E+000  0.499431237717784E+000 -0.131028262406404E+000 -0.147215815340445E+003 -0.147215815340445E+003
  0.538056968827348E+000  0.520824329864917E+000  0.249943612687469E+000  0.494181042833476E+000 -0.131028262406404E+000 -0.147216134442916E+003 -0.147216134442916E+003
  0.516912855537760E+000  0.504330124660939E+000  0.932990399105391E+000  0.492203412739281E+000 -0.131028262406404E+000 -0.147216035830034E+003 -0.147216035830034E+003
  0.531320923287212E+000  0.525464815060647E+000  0.543601126842125E+000  0.496101578437643E+000 -0.131028262406404E+000 -0.147216120248615E+003 -0.147216120248615E+003
  0.519870437120983E+000  0.500478886042110E+000  0.860004410456422E+000  0.487840370540622E+000 -0.131028262406404E+000 -0.147216115596839E+003 -0.147216115596839E+003
  0.507968035518118E+000  0.511061790688391E+000  0.440258135161846E+000  0.497661183797269E+000 -0.131028262406404E+000 -0.147216279000648E+003 -0.147216279000648E+003
  0.517539393813245E+000  0.511282486289541E+000  0.846428546620544E+000  0.497455202140616E+000 -0.131028262406404E+000 -0.147215881163585E+003 -0.147215881163585E+003
  0.539658226619648E+000  0.514920203722346E+000  0.832692863762912E+000  0.499344743281032E+000 -0.131028262406404E+000 -0.147215947833328E+003 -0.147215947833328E+003
  0.528266901572363E+000  0.529842110510155E+000  0.819675978788745E+000  0.499856507203721E+000 -0.131028262406404E+000 -0.147216154942579E+003 -0.147216154942579E+003
  0.558319106949857E+000  0.501896806436747E+000  0.702577507605316E+000  0.485209292962125E+000 -0.131028262406404E+000 -0.147216287945284E+003 -0.147216287945284E+003
  0.534072347856865E+000  0.527058507576317E+000  0.317358309589983E-001  0.493139055243383E+000 -0.131028262406404E+000 -0.147216291931397E+003 -0.147216291931397E+003
  0.525442881011754E+000  0.521315524289225E+000  0.957978539534304E+000  0.499544772658722E+000 -0.131028262406404E+000 -0.147215905434727E+003 -0.147215905434727E+003
  0.543913299565077E+000  0.512459040338822E+000  0.207610628789301E+000  0.489156682900582E+000 -0.131028262406404E+000 -0.147216100964502E+003 -0.147216100964502E+003
  0.527454922788518E+000  0.504475438902490E+000  0.458410595637744E-001  0.482734880581745E+000 -0.131028262406404E+000 -0.147216273709467E+003 -0.147216273709467E+003
  0.532414168813813E+000  0.506143703775876E+000  0.374465545773735E-001  0.489232970005230E+000 -0.131028262406404E+000 -0.147215805047897E+003 -0.147215805047897E+003
  0.540339602658667E+000  0.524281636430620E+000  0.386356545620569E+000  0.496967961011089E+000 -0.131028262406404E+000 -0.147216303450818E+003 -0.147216303450818E+003
  0.542490381354130E+000  0.500290267684799E+000  0.891492895240439E+000  0.495821240940734E+000 -0.131028262406404E+000 -0.147215542888727E+003 -0.147215542888727E+003
  0.532733703121662E+000  0.529488304621799E+000  0.305287393573290E+000  0.497106173245919E+000 -0.131028262406404E+000 -0.147216260811181E+003 -0.147216260811181E+003
  0.516222023588940E+000  0.512190644230262E+000  0.145759173443984E+000  0.499918090973608E+000 -0.131028262406404E+000 -0.147215868358727E+003 -0.147215868358727E+003
  0.520710610980621E+000  0.511789100198467E+000  0.879496683298115E-001  0.499292773791298E+000 -0.131028262406404E+000 -0.147215763895374E+003 -0.147215763895374E+003
  0.541548291770475E+000  0.515509641088283E+000  0.517132971567995E+000  0.486292608335309E+000 -0.131028262406404E+000 -0.147216279547565E+003 -0.147216279547565E+003
  0.524096883582227E+000  0.520578629045981E+000  0.202641377616830E-001  0.491832275111725E+000 -0.131028262406404E+000 -0.147216130102888E+003 -0.147216130102888E+003
  0.525169388171283E+000  0.519947150263155E+000  0.895657549624786E-001  0.498648508920435E+000 -0.131028262406404E+000 -0.147215886343137E+003 -0.147215886343137E+003
  0.549813527278183E+000  0.504199780813040E+000  0.951101579685452E+000  0.494951109384463E+000 -0.131028262406404E+000 -0.147215899452270E+003 -0.147215899452270E+003
  0.541649788332069E+000  0.503516767065517E+000  0.682589682844235E+000  0.497293414245077E+000 -0.131028262406404E+000 -0.147215623610664E+003 -0.147215623610664E+003
  0.509948673909404E+000  0.511558499854113E+000  0.263846355191123E+000  0.495622010812560E+000 -0.131028262406404E+000 -0.147216268808154E+003 -0.147216268808154E+003
  0.546492893390018E+000  0.514664038831630E+000  0.179169189167810E+000  0.494025206491593E+000 -0.131028262406404E+000 -0.147216178287624E+003 -0.147216178287624E+003
  0.526952639397955E+000  0.530633418993130E+000  0.837156452390471E-001  0.494404488318461E+000 -0.131028262406404E+000 -0.147216282070211E+003 -0.147216282070211E+003
  0.510469323769846E+000  0.512367982968834E+000  0.608006913817197E+000  0.496142048535249E+000 -0.131028262406404E+000 -0.147216224984065E+003 -0.147216224984065E+003
  0.514677328697484E+000  0.512614892787019E+000  0.290140671706017E+000  0.495650038862776E+000 -0.131028262406404E+000 -0.147216063538751E+003 -0.147216063538751E+003
  0.537725900328147E+000  0.504882225253987E+000  0.351794639972231E+000  0.497673052403611E+000 -0.131028262406404E+000 -0.147215589346398E+003 -0.147215589346398E+003
  0.517281376425373E+000  0.519597120625333E+000  0.781447856232081E+000  0.494715280683622E+000 -0.131028262406404E+000 -0.147216119709196E+003 -0.147216119709196E+003
  0.526021738076798E+000  0.501772477733715E+000  0.772943058770663E+000  0.489753829744277E+000 -0.131028262406404E+000 -0.147215799417140E+003 -0.147215799417140E+003
  0.534696893776503E+000  0.514127446787312E+000  0.783004036040168E+000  0.486341848597345E+000 -0.131028262406404E+000 -0.147216168550054E+003 -0.147216168550054E+003
  0.531634061106631E+000  0.513849826557864E+000  0.815206199374700E+000  0.486481164744009E+000 -0.131028262406404E+000 -0.147216163966966E+003 -0.147216163966966E+003
  0.555391821003767E+000  0.501739400638119E+000  0.686782571237423E+000  0.492382561586084E+000 -0.131028262406404E+000 -0.147216042593610E+003 -0.147216042593610E+003
  0.546304212164215E+000  0.506327251345195E+000  0.219633804429889E+000  0.489788674801077E+000 -0.131028262406404E+000 -0.147215916050258E+003 -0.147215916050258E+003
  0.548288442519961E+000  0.501225799158210E+000  0.788027656385239E+000  0.480045773754204E+000 -0.131028262406404E+000 -0.147216205956977E+003 -0.147216205956977E+003
  0.517929045927557E+000  0.512514027104373E+000  0.850938389405736E+000  0.493429759107221E+000 -0.131028262406404E+000 -0.147216043297863E+003 -0.147216043297863E+003
  0.535608891070456E+000  0.514000721480754E+000  0.501332176767904E+000  0.498905878232137E+000 -0.131028262406404E+000 -0.147215815008511E+003 -0.147215815008511E+003
  0.537381536784121E+000  0.508238085229326E+000  0.145470677526740E+000  0.485036111800202E+000 -0.131028262406404E+000 -0.147216061566611E+003 -0.147216061566611E+003
  0.533325219489241E+000  0.504642190853019E+000  0.111774097952852E+000  0.491660622344581E+000 -0.131028262406404E+000 -0.147215664958498E+003 -0.147215664958498E+003
  0.539384999011258E+000  0.525918072194961E+000  0.273434932523118E+000  0.496609698078310E+000 -0.131028262406404E+000 -0.147216332901494E+003 -0.147216332901494E+003
  0.557476262139908E+000  0.501325469006097E+000  0.186908830001996E+000  0.487046912990183E+000 -0.131028262406404E+000 -0.147216177754073E+003 -0.147216177754073E+003
  0.518184881310221E+000  0.525934276410087E+000  0.844402908236668E+000  0.495491409711559E+000 -0.131028262406404E+000 -0.147216185225240E+003 -0.147216185225240E+003
  0.536537241931555E+000  0.508417609254224E+000  0.468894545786813E+000  0.494583659053876E+000 -0.131028262406404E+000 -0.147215702239626E+003 -0.147215702239626E+003
  0.507799115449056E+000  0.510594064164525E+000  0.748061045151296E+000  0.499263993897099E+000 -0.131028262406404E+000 -0.147216223748851E+003 -0.147216223748851E+003
  0.542242696320614E+000  0.503168292665658E+000  0.879311530544097E+000  0.493898549157821E+000 -0.131028262406404E+000 -0.147215640053352E+003 -0.147215640053352E+003
  0.531250685169718E+000  0.526152679661329E+000  0.457381758070968E+000  0.490994187202735E+000 -0.131028262406404E+000 -0.147216302690174E+003 -0.147216302690174E+003
  0.551245926035451E+000  0.500245729487581E+000  0.487081868372413E+000  0.498827540823131E+000 -0.131028262406404E+000 -0.147215864181264E+003 -0.147215864181264E+003
  0.536088765292810E+000  0.517197610760809E+000  0.525563633971994E+000  0.496925902891991E+000 -0.131028262406404E+000 -0.147215931164556E+003 -0.147215931164556E+003
  0.544886665192646E+000  0.508093102698520E+000  0.151743069939544E+000  0.492856554459668E+000 -0.131028262406404E+000 -0.147215883287014E+003 -0.147215883287014E+003
  0.543566813567276E+000  0.511985342459874E+000  0.816026206011143E+000  0.483695926618084E+000 -0.131028262406404E+000 -0.147216318671047E+003 -0.147216318671047E+003
  0.532050723869457E+000  0.500444892720404E+000  0.234221018155186E+000  0.497221584396152E+000 -0.131028262406404E+000 -0.147215451064244E+003 -0.147215451064244E+003
  0.538712199096603E+000  0.510178537766155E+000  0.178757076816697E+000  0.485960808454933E+000 -0.131028262406404E+000 -0.147216075698546E+003 -0.147216075698546E+003
  0.521180113940742E+000  0.517679348080023E+000  0.515482286086929E-001  0.493850021608661E+000 -0.131028262406404E+000 -0.147216026039841E+003 -0.147216026039841E+003
  0.543146332523273E+000  0.501421649285476E+000  0.470523904392119E+000  0.488174596372380E+000 -0.131028262406404E+000 -0.147215733347263E+003 -0.147215733347263E+003
  0.541421294438225E+000  0.523106090165996E+000  0.866533399875856E+000  0.494414857318526E+000 -0.131028262406404E+000 -0.147216317571711E+003 -0.147216317571711E+003
  0.522318817605354E+000  0.531424690321312E+000  0.897380818206046E+000  0.496884283680918E+000 -0.131028262406404E+000 -0.147216217589340E+003 -0.147216217589340E+003
  0.520304962331934E+000  0.516106336049545E+000  0.954413966743874E+000  0.494010982981192E+000 -0.131028262406404E+000 -0.147216008724400E+003 -0.147216008724400E+003
  0.542700504345476E+000  0.515545673632385E+000  0.597779014558521E+000  0.489789501835330E+000 -0.131028262406404E+000 -0.147216166766013E+003 -0.147216166766013E+003
  0.521639965714736E+000  0.518075013728762E+000  0.691576611060726E-001  0.492617414213258E+000 -0.131028262406404E+000 -0.147216079786512E+003 -0.147216079786512E+003
  0.532306186197722E+000  0.513937163187602E+000  0.514189938127427E+000  0.484413702253028E+000 -0.131028262406404E+000 -0.147216295012175E+003 -0.147216295012175E+003
  0.538968279447769E+000  0.500628556888309E+000  0.588520225539210E+000  0.497072059972683E+000 -0.131028262406404E+000 -0.147215490772630E+003 -0.147215490772630E+003
  0.532608028505066E+000  0.525557278670113E+000  0.302322626412109E+000  0.492498255914358E+000 -0.131028262406404E+000 -0.147216238729537E+003 -0.147216238729537E+003
  0.519922493442087E+000  0.508832514211977E+000  0.279172106901865E+000  0.491995025034550E+000 -0.131028262406404E+000 -0.147215989622158E+003 -0.147215989622158E+003
  0.536936517971136E+000  0.507775457314242E+000  0.645139299939043E+000  0.496930889875928E+000 -0.131028262406404E+000 -0.147215661935386E+003 -0.147215661935386E+003
  0.521061131569024E+000  0.515102838842384E+000  0.381887137863786E+000  0.491163116973669E+000 -0.131028262406404E+000 -0.147216107880808E+003 -0.147216107880808E+003
  0.537200268915526E+000  0.520112376823666E+000  0.132268732910311E+000  0.497617650313550E+000 -0.131028262406404E+000 -0.147216048870785E+003 -0.147216048870785E+003
  0.521768942488112E+000  0.523351684491652E+000  0.441511707211572E+000  0.494379799435260E+000 -0.131028262406404E+000 -0.147216114402551E+003 -0.147216114402551E+003
  0.525023905927329E+000  0.528466279358078E+000  0.755650836957072E+000  0.496329242691247E+000 -0.131028262406404E+000 -0.147216153387044E+003 -0.147216153387044E+003
  0.523855376455075E+000  0.508226814741448E+000  0.585740368944842E+000  0.488981541186835E+000 -0.131028262406404E+000 -0.147216021468615E+003 -0.147216021468615E+003
  0.523113958583285E+000  0.515441440009709E+000  0.408412683205721E+000  0.490582173846870E+000 -0.131028262406404E+000 -0.147216095731752E+003 -0.147216095731752E+003
  0.535703245279277E+000  0.513199072657496E+000  0.924822017509460E+000  0.495533339029994E+000 -0.131028262406404E+000 -0.147215817172429E+003 -0.147215817172429E+003
  0.512738072469528E+000  0.500426017662419E+000  0.269262854607275E+000  0.499243031843388E+000 -0.131028262406404E+000 -0.147215920246859E+003 -0.147215920246859E+003
  0.552513855611640E+000  0.501560079727423E+000  0.408725523059257E+000  0.482724689865294E+000 -0.131028262406404E+000 -0.147216154999280E+003 -0.147216154999280E+003
  0.526170925830081E+000  0.504457675656312E+000  0.543304029996855E+000  0.495900576427387E+000 -0.131028262406404E+000 -0.147215612370809E+003 -0.147215612370809E+003
  0.521260631133965E+000  0.532772276723496E+000  0.197868243664664E-001  0.495881338075179E+000 -0.131028262406404E+000 -0.147216290144351E+003 -0.147216290144351E+003
  0.555965184569270E+000  0.501887542405523E+000  0.204333247661656E+000  0.490450844940730E+000 -0.131028262406404E+000 -0.147216083440348E+003 -0.147216083440348E+003
  0.534064628043392E+000  0.514207161278227E+000  0.228599080564740E+000  0.497781449587446E+000 -0.131028262406404E+000 -0.147215799237132E+003 -0.147215799237132E+003
  0.546386956983265E+000  0.508368455385636E+000  0.650474180705825E+000  0.498561718116494E+000 -0.131028262406404E+000 -0.147215950458824E+003 -0.147215950458824E+003
  0.538356472375130E+000  0.509224773209169E+000  0.199664420574974E+000  0.499470091181451E+000 -0.131028262406404E+000 -0.147215732271046E+003 -0.147215732271046E+003
  0.539268895171365E+000  0.510102929155323E+000  0.215739765656792E+000  0.491688513941054E+000 -0.131028262406404E+000 -0.147215851735491E+003 -0.147215851735491E+003
  0.543528635026088E+000  0.508863226923486E+000  0.841949193035063E+000  0.483399358313325E+000 -0.131028262406404E+000 -0.147216218641354E+003 -0.147216218641354E+003
  0.544137015216462E+000  0.507187434968021E+000  0.901687306664994E+000  0.483347378600931E+000 -0.131028262406404E+000 -0.147216168423246E+003 -0.147216168423246E+003
  0.511914889303042E+000  0.523044639884372E+000  0.731374416117081E+000  0.495192723866898E+000 -0.131028262406404E+000 -0.147216329818362E+003 -0.147216329818362E+003
  0.547882708434733E+000  0.500102097482901E+000  0.432647289864028E+000  0.489125299955115E+000 -0.131028262406404E+000 -0.147215746005184E+003 -0.147215746005184E+003
  0.542605175830880E+000  0.504300474199191E+000  0.977499584385143E+000  0.485400087808726E+000 -0.131028262406404E+000 -0.147215940261724E+003 -0.147215940261724E+003
  0.529156503114973E+000  0.531615974674970E+000  0.876444893335875E+000  0.497972596525041E+000 -0.131028262406404E+000 -0.147216246781096E+003 -0.147216246781096E+003
  0.537406627297392E+000  0.526229135195206E+000  0.749628760778071E-001  0.493495381952335E+000 -0.131028262406404E+000 -0.147216328350356E+003 -0.147216328350356E+003
  0.527352915952363E+000  0.501719545857187E+000  0.681331363098931E+000  0.493239688759786E+000 -0.131028262406404E+000 -0.147215619103998E+003 -0.147215619103998E+003
  0.552189637949619E+000  0.508119624332513E+000  0.130629414802320E+000  0.496992686082415E+000 -0.131028262406404E+000 -0.147216189415036E+003 -0.147216189415036E+003
  0.561414665001113E+000  0.500683761527907E+000  0.133751930660616E+000  0.490648704700989E+000 -0.131028262406404E+000 -0.147216319640166E+003 -0.147216319640166E+003
  0.515184351035594E+000  0.508514531646893E+000  0.711474854803884E+000  0.493072794408120E+000 -0.131028262406404E+000 -0.147216114870191E+003 -0.147216114870191E+003
  0.532655859541839E+000  0.507307185705849E+000  0.165010012082540E+000  0.497777067924465E+000 -0.131028262406404E+000 -0.147215602907722E+003 -0.147215602907722E+003
  0.540239635563214E+000  0.511829068238980E+000  0.817720566303538E+000  0.487201686565605E+000 -0.131028262406404E+000 -0.147216084366690E+003 -0.147216084366690E+003
  0.526677030808849E+000  0.500121237633680E+000  0.477418641765246E+000  0.486023581587875E+000 -0.131028262406404E+000 -0.147215968444829E+003 -0.147215968444829E+003
  0.513504000032749E+000  0.523240921582573E+000  0.387565410081712E+000  0.494427366455602E+000 -0.131028262406404E+000 -0.147216313175917E+003 -0.147216313175917E+003
  0.536889712563387E+000  0.502742713240128E+000  0.560685061968171E+000  0.491813982241613E+000 -0.131028262406404E+000 -0.147215608582097E+003 -0.147215608582097E+003
  0.545581417557739E+000  0.500139225388538E+000  0.223152897757626E+000  0.478083831959276E+000 -0.131028262406404E+000 -0.147216282973785E+003 -0.147216282973785E+003
  0.522348115410493E+000  0.525354889983469E+000  0.399650893383221E-001  0.494207035089621E+000 -0.131028262406404E+000 -0.147216160810752E+003 -0.147216160810752E+003
  0.534695377493690E+000  0.500834172639610E+000  0.436672816769222E+000  0.490818869781415E+000 -0.131028262406404E+000 -0.147215593098903E+003 -0.147215593098903E+003
  0.533877931986348E+000  0.519409398890718E+000  0.702479533504954E+000  0.499087288769524E+000 -0.131028262406404E+000 -0.147215943772022E+003 -0.147215943772022E+003
  0.542409598510732E+000  0.511696741511026E+000  0.652444262718874E+000  0.491528598805496E+000 -0.131028262406404E+000 -0.147215971101195E+003 -0.147215971101195E+003
  0.548615731220463E+000  0.510322504341826E+000  0.830774249908024E+000  0.493764371666156E+000 -0.131028262406404E+000 -0.147216091675441E+003 -0.147216091675441E+003
  0.557579907823852E+000  0.500579272796211E+000  0.206723438887659E+000  0.497641625444751E+000 -0.131028262406404E+000 -0.147216185464421E+003 -0.147216185464421E+003
  0.544431255763080E+000  0.500852669883699E+000  0.104849057807342E+000  0.482036542756626E+000 -0.131028262406404E+000 -0.147216025351128E+003 -0.147216025351128E+003
  0.514220583093359E+000  0.500992626330094E+000  0.382639498493178E+000  0.492411143157868E+000 -0.131028262406404E+000 -0.147216124615564E+003 -0.147216124615564E+003
  0.542373940946026E+000  0.518811270864483E+000  0.851049079432953E+000  0.493549676311349E+000 -0.131028262406404E+000 -0.147216195316666E+003 -0.147216195316666E+003
  0.539681928219364E+000  0.506297953040071E+000  0.454870984760224E-001  0.495648543827849E+000 -0.131028262406404E+000 -0.147215672044070E+003 -0.147215672044070E+003
  0.543698252595198E+000  0.517838487244218E+000  0.624724103097052E+000  0.499569350599668E+000 -0.131028262406404E+000 -0.147216207646863E+003 -0.147216207646863E+003
  0.517253923277288E+000  0.511325693569950E+000  0.576647645871309E+000  0.494677727305794E+000 -0.131028262406404E+000 -0.147215992818800E+003 -0.147215992818800E+003
  0.543908930113905E+000  0.519286482569789E+000  0.896171590449621E+000  0.495859115047441E+000 -0.131028262406404E+000 -0.147216250603704E+003 -0.147216250603704E+003
  0.519808869527446E+000  0.514049691680928E+000  0.204466664361054E+000  0.498351679006106E+000 -0.131028262406404E+000 -0.147215839251676E+003 -0.147215839251676E+003
  0.539059131111080E+000  0.521538527587970E+000  0.597217843911211E+000  0.496348373201983E+000 -0.131028262406404E+000 -0.147216160050438E+003 -0.147216160050438E+003
  0.548065327659727E+000  0.509960138620147E+000  0.686939844505639E+000  0.499816243406583E+000 -0.131028262406404E+000 -0.147216109541880E+003 -0.147216109541880E+003
  0.557762333144837E+000  0.503694065951447E+000  0.219962944873312E+000  0.494866873895529E+000 -0.131028262406404E+000 -0.147216276352735E+003 -0.147216276352735E+003
  0.547238314608522E+000  0.508870805952580E+000  0.550898310201935E+000  0.491178950914185E+000 -0.131028262406404E+000 -0.147216010771745E+003 -0.147216010771745E+003
  0.547067119492707E+000  0.511240508153084E+000  0.281614618927788E+000  0.486543744426622E+000 -0.131028262406404E+000 -0.147216230362455E+003 -0.147216230362455E+003
  0.540829591026785E+000  0.513359383323134E+000  0.844807901000635E+000  0.487916088540522E+000 -0.131028262406404E+000 -0.147216115407849E+003 -0.147216115407849E+003
  0.552839986770015E+000  0.500853526078685E+000  0.273385917574433E+000  0.492536362895010E+000 -0.131028262406404E+000 -0.147215890733616E+003 -0.147215890733616E+003
  0.518222472546301E+000  0.519251585090942E+000  0.774754966313416E+000  0.496376568996623E+000 -0.131028262406404E+000 -0.147216022841304E+003 -0.147216022841304E+003
  0.541925039333366E+000  0.515281877786446E+000  0.556389539636509E+000  0.493588086268896E+000 -0.131028262406404E+000 -0.147216048647799E+003 -0.147216048647799E+003
  0.548787387533930E+000  0.512898383094810E+000  0.957170301546117E+000  0.492973312357215E+000 -0.131028262406404E+000 -0.147216208938730E+003 -0.147216208938730E+003
  0.530225720013843E+000  0.512041742847958E+000  0.944710828921292E+000  0.487014941305124E+000 -0.131028262406404E+000 -0.147216096318700E+003 -0.147216096318700E+003
  0.517706889928674E+000  0.509905682858587E+000  0.163711461237511E-001  0.496087016854747E+000 -0.131028262406404E+000 -0.147215902609107E+003 -0.147215902609107E+003
  0.548374892959638E+000  0.505287624029138E+000  0.668317161338728E+000  0.486240219373568E+000 -0.131028262406404E+000 -0.147216042117839E+003 -0.147216042117839E+003
  0.525435863944770E+000  0.532191855691308E+000  0.794924595413746E+000  0.497029039949488E+000 -0.131028262406404E+000 -0.147216240577447E+003 -0.147216240577447E+003
  0.558500057034232E+000  0.500580253119513E+000  0.222339294109740E+000  0.490903243287508E+000 -0.131028262406404E+000 -0.147216150364318E+003 -0.147216150364318E+003
  0.532024997098926E+000  0.501548234836029E+000  0.349849051050080E+000  0.486816036256465E+000 -0.131028262406404E+000 -0.147215821793488E+003 -0.147215821793488E+003
  0.529974330702459E+000  0.514642481010092E+000  0.168058807214217E-001  0.486929789317272E+000 -0.131028262406404E+000 -0.147216173800783E+003 -0.147216173800783E+003
  0.518122912464456E+000  0.508296049544071E+000  0.786766207907558E+000  0.490554097688489E+000 -0.131028262406404E+000 -0.147216126872051E+003 -0.147216126872051E+003
  0.539288357694653E+000  0.505181471593878E+000  0.556493629922352E+000  0.482684689122181E+000 -0.131028262406404E+000 -0.147216111375388E+003 -0.147216111375388E+003
  0.515894583276378E+000  0.507694715549638E+000  0.336127307300248E-001  0.495856332318157E+000 -0.131028262406404E+000 -0.147215949955363E+003 -0.147215949955363E+003
  0.517745614050535E+000  0.522580321722962E+000  0.578227385226696E+000  0.494049754102807E+000 -0.131028262406404E+000 -0.147216192075037E+003 -0.147216192075037E+003
  0.542000905841971E+000  0.508411363078437E+000  0.803272548661782E+000  0.484105490798573E+000 -0.131028262406404E+000 -0.147216144064931E+003 -0.147216144064931E+003
  0.526292015353046E+000  0.526817150103953E+000  0.513908772257830E+000  0.497278949960724E+000 -0.131028262406404E+000 -0.147216087951238E+003 -0.147216087951238E+003
  0.530319837324773E+000  0.525852401040314E+000  0.423042361834887E+000  0.492478401506509E+000 -0.131028262406404E+000 -0.147216226271324E+003 -0.147216226271324E+003
  0.528237399246894E+000  0.517689216607961E+000  0.900958143465578E+000  0.496383423462084E+000 -0.131028262406404E+000 -0.147215871694203E+003 -0.147215871694203E+003
  0.514134839866050E+000  0.511127917170890E+000  0.905978166316676E+000  0.493416147826746E+000 -0.131028262406404E+000 -0.147216173766841E+003 -0.147216173766841E+003
  0.506228829495685E+000  0.510337905906451E+000  0.194152267145497E+000  0.499611643777284E+000 -0.131028262406404E+000 -0.147216296944218E+003 -0.147216296944218E+003
  0.538204019327854E+000  0.504598796071192E+000  0.223662777424905E+000  0.490133543072599E+000 -0.131028262406404E+000 -0.147215718554229E+003 -0.147215718554229E+003
  0.527192430596464E+000  0.511645884846630E+000  0.476371985673672E+000  0.484200201478407E+000 -0.131028262406404E+000 -0.147216330854867E+003 -0.147216330854867E+003
  0.526103261572124E+000  0.514906081729989E+000  0.653184516769031E+000  0.497208186041824E+000 -0.131028262406404E+000 -0.147215794337067E+003 -0.147215794337067E+003
  0.549674486294881E+000  0.512737723548532E+000  0.543731112795226E+000  0.499822198084705E+000 -0.131028262406404E+000 -0.147216305274276E+003 -0.147216305274276E+003
  0.537315087741454E+000  0.523184759555030E+000  0.402566071037064E+000  0.496174605255307E+000 -0.131028262406404E+000 -0.147216169446190E+003 -0.147216169446190E+003
  0.543739152047740E+000  0.515788888833887E+000  0.646268295631676E+000  0.492596110428750E+000 -0.131028262406404E+000 -0.147216138916710E+003 -0.147216138916710E+003
  0.530156958218849E+000  0.524003752237858E+000  0.334484708682126E+000  0.497013561626234E+000 -0.131028262406404E+000 -0.147216043705478E+003 -0.147216043705478E+003
  0.534017145473224E+000  0.501987430830004E+000  0.220549847428007E+000  0.499282764300080E+000 -0.131028262406404E+000 -0.147215477452234E+003 -0.147215477452234E+003
  0.533160566557814E+000  0.526104762293877E+000  0.350696294046402E+000  0.493263438295794E+000 -0.131028262406404E+000 -0.147216240016050E+003 -0.147216240016050E+003
  0.531586015282142E+000  0.502492610948060E+000  0.135934489332973E+000  0.493012681515472E+000 -0.131028262406404E+000 -0.147215582672296E+003 -0.147215582672296E+003
  0.526920631054146E+000  0.500550343074934E+000  0.568448591906112E+000  0.492607174185706E+000 -0.131028262406404E+000 -0.147215629547892E+003 -0.147215629547892E+003
  0.514852189608083E+000  0.514935037687860E+000  0.119463531159786E+000  0.497761702860891E+000 -0.131028262406404E+000 -0.147216006446386E+003 -0.147216006446386E+003
  0.519343332876945E+000  0.500242344126840E+000  0.241124211189721E+000  0.498107743511000E+000 -0.131028262406404E+000 -0.147215672737006E+003 -0.147215672737006E+003
  0.552402168967558E+000  0.509050445973515E+000  0.478248827075018E+000  0.492905929984210E+000 -0.131028262406404E+000 -0.147216211388854E+003 -0.147216211388854E+003
  0.533618114111367E+000  0.509434968116324E+000  0.126544284559430E+000  0.487308310796457E+000 -0.131028262406404E+000 -0.147215979744291E+003 -0.147215979744291E+003
  0.554776708378946E+000  0.505360746207662E+000  0.184761667457851E+000  0.489574645017642E+000 -0.131028262406404E+000 -0.147216189363856E+003 -0.147216189363856E+003
  0.529358825715093E+000  0.508344688648156E+000  0.117430823063563E+000  0.494010979979329E+000 -0.131028262406404E+000 -0.147215703520976E+003 -0.147215703520976E+003
  0.528837884037238E+000  0.503737119475419E+000  0.563013456695075E+000  0.499705408311113E+000 -0.131028262406404E+000 -0.147215514073453E+003 -0.147215514073453E+003
  0.526407858557029E+000  0.512258939202931E+000  0.176413237750745E+000  0.496794774811976E+000 -0.131028262406404E+000 -0.147215743084089E+003 -0.147215743084089E+003
  0.540408940696072E+000  0.523031146659685E+000  0.712465446992762E+000  0.493734618324118E+000 -0.131028262406404E+000 -0.147216290733079E+003 -0.147216290733079E+003
  0.523454873527184E+000  0.520791466348485E+000  0.937085611468795E+000  0.496333948079395E+000 -0.131028262406404E+000 -0.147215968731949E+003 -0.147215968731949E+003
  0.514791886595239E+000  0.501401103190563E+000  0.528849997299149E+000  0.494514243827732E+000 -0.131028262406404E+000 -0.147215994856520E+003 -0.147215994856520E+003
  0.537750445775953E+000  0.506479180840333E+000  0.408657398715260E-001  0.487632752848848E+000 -0.131028262406404E+000 -0.147215872523280E+003 -0.147215872523280E+003
  0.526790587319712E+000  0.509745697481653E+000  0.770228851593615E-001  0.493907091509484E+000 -0.131028262406404E+000 -0.147215764866253E+003 -0.147215764866253E+003
  0.540079892333578E+000  0.509846618017422E+000  0.162206485636112E+000  0.495717190626667E+000 -0.131028262406404E+000 -0.147215790908231E+003 -0.147215790908231E+003
  0.519888464445695E+000  0.504908447927216E+000  0.205798096401847E+000  0.489205695525773E+000 -0.131028262406404E+000 -0.147216088167017E+003 -0.147216088167017E+003
  0.522247502133171E+000  0.515246574133869E+000  0.669162828383866E+000  0.488349142683541E+000 -0.131028262406404E+000 -0.147216245424777E+003 -0.147216245424777E+003
  0.521630288639231E+000  0.509907216729210E+000  0.942183871578756E+000  0.496435366794677E+000 -0.131028262406404E+000 -0.147215781835170E+003 -0.147215781835170E+003
  0.527201209521795E+000  0.531540084660679E+000  0.515516900976253E+000  0.499723491769278E+000 -0.131028262406404E+000 -0.147216190956646E+003 -0.147216190956646E+003
  0.511898875477753E+000  0.504852986843191E+000  0.252531605071816E+000  0.495826220469705E+000 -0.131028262406404E+000 -0.147216108703394E+003 -0.147216108703394E+003
  0.538606202528965E+000  0.502718506580521E+000  0.152064031545450E+000  0.480185044655620E+000 -0.131028262406404E+000 -0.147216217796745E+003 -0.147216217796745E+003
  0.534016108344954E+000  0.523877312144875E+000  0.147358016365966E+000  0.491339491145557E+000 -0.131028262406404E+000 -0.147216242558006E+003 -0.147216242558006E+003
  0.557203948016622E+000  0.504880637941228E+000  0.716164806946733E+000  0.495103362848174E+000 -0.131028262406404E+000 -0.147216300611170E+003 -0.147216300611170E+003
  0.543317188774802E+000  0.504774427179466E+000  0.714717816415424E+000  0.498086247328862E+000 -0.131028262406404E+000 -0.147215711718577E+003 -0.147215711718577E+003
  0.518368634735406E+000  0.516414451615679E+000  0.511735573524997E+000  0.489679260093885E+000 -0.131028262406404E+000 -0.147216302163353E+003 -0.147216302163353E+003
  0.538781112074162E+000  0.505967992105142E+000  0.247965678372864E+000  0.483069443934955E+000 -0.131028262406404E+000 -0.147216111505268E+003 -0.147216111505268E+003
  0.542312938862403E+000  0.500067291043028E+000  0.925400382290317E+000  0.499278123526457E+000 -0.131028262406404E+000 -0.147215550726604E+003 -0.147215550726604E+003
  0.539873108933010E+000  0.509000003282305E+000  0.816565810973558E+000  0.494132709776945E+000 -0.131028262406404E+000 -0.147215776627736E+003 -0.147215776627736E+003
  0.511135706353883E+000  0.509281219957213E+000  0.823513434145256E+000  0.495868755027132E+000 -0.131028262406404E+000 -0.147216178525454E+003 -0.147216178525454E+003
  0.547101473641281E+000  0.511862173945538E+000  0.732944870025767E+000  0.488745242569298E+000 -0.131028262406404E+000 -0.147216181125423E+003 -0.147216181125423E+003
  0.523336927164883E+000  0.504778211491601E+000  0.875968432613772E+000  0.491822821808312E+000 -0.131028262406404E+000 -0.147215826141852E+003 -0.147215826141852E+003
  0.529864303347190E+000  0.510341269436688E+000  0.119236698683937E+000  0.487662747614861E+000 -0.131028262406404E+000 -0.147216019376813E+003 -0.147216019376813E+003
  0.527779404002860E+000  0.519142567781418E+000  0.914336859747257E+000  0.490467138720578E+000 -0.131028262406404E+000 -0.147216120466412E+003 -0.147216120466412E+003
  0.528817554500546E+000  0.501251734867186E+000  0.303724806279638E+000  0.499915171000064E+000 -0.131028262406404E+000 -0.147215466358387E+003 -0.147215466358387E+003
  0.549739224572216E+000  0.511657687208648E+000  0.933583679660351E+000  0.496955489752574E+000 -0.131028262406404E+000 -0.147216210696047E+003 -0.147216210696047E+003
  0.537410892230523E+000  0.510163307345738E+000  0.545238723919629E+000  0.487726105850007E+000 -0.131028262406404E+000 -0.147215979936808E+003 -0.147215979936808E+003
  0.539476320329473E+000  0.521909533583640E+000  0.822569032040348E+000  0.497422347193542E+000 -0.131028262406404E+000 -0.147216182169426E+003 -0.147216182169426E+003
  0.530927103204095E+000  0.510758879357075E+000  0.166612296580954E-001  0.489358973797360E+000 -0.131028262406404E+000 -0.147215929404647E+003 -0.147215929404647E+003
  0.514239401149485E+000  0.518226442169939E+000  0.677702473607342E+000  0.499373387259676E+000 -0.131028262406404E+000 -0.147216020107391E+003 -0.147216020107391E+003
  0.551025952140183E+000  0.512792325081486E+000  0.536242863554139E+000  0.493752890698443E+000 -0.131028262406404E+000 -0.147216304869732E+003 -0.147216304869732E+003
  0.533554740033672E+000  0.508659021111866E+000  0.730931962747853E+000  0.491422298876964E+000 -0.131028262406404E+000 -0.147215776440015E+003 -0.147215776440015E+003
  0.546207039521769E+000  0.512235771973779E+000  0.720365245867989E+000  0.489169094549931E+000 -0.131028262406404E+000 -0.147216155848259E+003 -0.147216155848259E+003
  0.543208212062514E+000  0.506391337886514E+000  0.647304688683051E-001  0.499344852316203E+000 -0.131028262406404E+000 -0.147215775619673E+003 -0.147215775619673E+003
  0.524886855868086E+000  0.515309360786132E+000  0.845129369654696E+000  0.498916233737768E+000 -0.131028262406404E+000 -0.147215780425519E+003 -0.147215780425519E+003
  0.551436300382408E+000  0.506426366458808E+000  0.485048874718121E+000  0.490537711660269E+000 -0.131028262406404E+000 -0.147216076909394E+003 -0.147216076909394E+003
  0.532157530624662E+000  0.508858799299650E+000  0.907414212073416E+000  0.487420331382951E+000 -0.131028262406404E+000 -0.147215968699775E+003 -0.147215968699775E+003
  0.525136097735528E+000  0.515011551502695E+000  0.105735124288063E+000  0.489710581312093E+000 -0.131028262406404E+000 -0.147216092434599E+003 -0.147216092434599E+003
  0.514708957693199E+000  0.510946498127153E+000  0.551601211500027E+000  0.493128382368809E+000 -0.131028262406404E+000 -0.147216161450594E+003 -0.147216161450594E+003
  0.518643044782728E+000  0.519705688738923E+000  0.829346184547282E+000  0.497535592753202E+000 -0.131028262406404E+000 -0.147215983317489E+003 -0.147215983317489E+003
  0.516935158947211E+000  0.501964523977744E+000  0.931284066112008E+000  0.487961609157302E+000 -0.131028262406404E+000 -0.147216267596608E+003 -0.147216267596608E+003
  0.542546900820350E+000  0.503536247744459E+000  0.118589070103821E+000  0.484713540524935E+000 -0.131028262406404E+000 -0.147215949112084E+003 -0.147215949112084E+003
  0.533946216639036E+000  0.504232662541908E+000  0.142032648322383E+000  0.480905478955275E+000 -0.131028262406404E+000 -0.147216262330343E+003 -0.147216262330343E+003
  0.538436304998310E+000  0.513872229686334E+000  0.927212519598767E+000  0.488812278592638E+000 -0.131028262406404E+000 -0.147216061518129E+003 -0.147216061518129E+003
  0.527063229228751E+000  0.500878182781497E+000  0.755076041107146E-001  0.489619720959261E+000 -0.131028262406404E+000 -0.147215762468625E+003 -0.147215762468625E+003
  0.539788856726738E+000  0.504143096908129E+000  0.447639396197386E+000  0.481098695495610E+000 -0.131028262406404E+000 -0.147216187345826E+003 -0.147216187345826E+003
  0.542392298641500E+000  0.518322044212056E+000  0.851249693274332E+000  0.493788364214160E+000 -0.131028262406404E+000 -0.147216173768903E+003 -0.147216173768903E+003
  0.522653213560465E+000  0.508807373319208E+000  0.159214362533260E+000  0.496002346623782E+000 -0.131028262406404E+000 -0.147215753377065E+003 -0.147215753377065E+003
  0.534813380674977E+000  0.511240715924705E+000  0.590721397612190E+000  0.483295944537567E+000 -0.131028262406404E+000 -0.147216273851666E+003 -0.147216273851666E+003
  0.534164328530227E+000  0.504401051644038E+000  0.118789292757602E+000  0.490179058667527E+000 -0.131028262406404E+000 -0.147215709106552E+003 -0.147215709106552E+003
  0.540823767133571E+000  0.514827920159759E+000  0.850395678038994E+000  0.494157890888103E+000 -0.131028262406404E+000 -0.147215993744522E+003 -0.147215993744522E+003
  0.520875720153268E+000  0.515637033940023E+000  0.569440577514924E+000  0.492405051719009E+000 -0.131028262406404E+000 -0.147216059208273E+003 -0.147216059208273E+003
  0.532127545233372E+000  0.527363430513480E+000  0.679257338716374E+000  0.494684793244074E+000 -0.131028262406404E+000 -0.147216225854854E+003 -0.147216225854854E+003
  0.533170502922837E+000  0.506407963664045E+000  0.167508039552810E-001  0.488714688730855E+000 -0.131028262406404E+000 -0.147215830038310E+003 -0.147215830038310E+003
  0.530128658332876E+000  0.508777027232980E+000  0.414296533879163E+000  0.489641794105415E+000 -0.131028262406404E+000 -0.147215873967553E+003 -0.147215873967553E+003
  0.529146986210403E+000  0.514788333135995E+000  0.677351828527547E+000  0.485738594398318E+000 -0.131028262406404E+000 -0.147216264279246E+003 -0.147216264279246E+003
  0.543855246599171E+000  0.502824435053022E+000  0.399040653118711E-001  0.499591965901728E+000 -0.131028262406404E+000 -0.147215683405106E+003 -0.147215683405106E+003
  0.537540461507740E+000  0.515467001502266E+000  0.195876020990877E+000  0.497452965186896E+000 -0.131028262406404E+000 -0.147215904444114E+003 -0.147215904444114E+003
  0.539428792681530E+000  0.509391407476351E+000  0.259250963463547E+000  0.495603731632053E+000 -0.131028262406404E+000 -0.147215763378433E+003 -0.147215763378433E+003
  0.547536635539213E+000  0.506269933376072E+000  0.790107941839420E+000  0.487711448466527E+000 -0.131028262406404E+000 -0.147216006163983E+003 -0.147216006163983E+003
  0.512978607582564E+000  0.529734973618309E+000  0.929764460855816E+000  0.498026550548073E+000 -0.131028262406404E+000 -0.147216277423345E+003 -0.147216277423345E+003
  0.553405119463552E+000  0.502607092259634E+000  0.805265690087505E+000  0.481747240299777E+000 -0.131028262406404E+000 -0.147216273187921E+003 -0.147216273187921E+003
  0.517998030806445E+000  0.517605885455284E+000  0.156212026564191E+000  0.495998874265434E+000 -0.131028262406404E+000 -0.147216013850834E+003 -0.147216013850834E+003
  0.522474574950044E+000  0.513646081232166E+000  0.585356791140435E+000  0.489535968092899E+000 -0.131028262406404E+000 -0.147216133160079E+003 -0.147216133160079E+003
  0.558696628109885E+000  0.500411357182591E+000  0.635236029515406E-001  0.489480720201775E+000 -0.131028262406404E+000 -0.147216159989770E+003 -0.147216159989770E+003
  0.546575782020540E+000  0.511198270765671E+000  0.811296241770296E+000  0.499461526165836E+000 -0.131028262406404E+000 -0.147216080059754E+003 -0.147216080059754E+003
  0.517897767493657E+000  0.517830062467040E+000  0.279532572722930E+000  0.491412589672471E+000 -0.131028262406404E+000 -0.147216237899696E+003 -0.147216237899696E+003
  0.512557036199561E+000  0.514648053547926E+000  0.678646462546564E+000  0.493918967565921E+000 -0.131028262406404E+000 -0.147216258981622E+003 -0.147216258981622E+003
  0.543841730429600E+000  0.517666844649408E+000  0.755289214937261E+000  0.494319200844870E+000 -0.131028262406404E+000 -0.147216192908808E+003 -0.147216192908808E+003
  0.511410255524059E+000  0.507818038027538E+000  0.568578039176429E+000  0.496106062940421E+000 -0.131028262406404E+000 -0.147216142841098E+003 -0.147216142841098E+003
  0.530893356245440E+000  0.515194477843462E+000  0.161428213273612E+000  0.492672341620247E+000 -0.131028262406404E+000 -0.147215910575824E+003 -0.147215910575824E+003
  0.519392311905263E+000  0.503575269383176E+000  0.747242836959709E+000  0.490846734512145E+000 -0.131028262406404E+000 -0.147215994015876E+003 -0.147215994015876E+003
  0.531238782440912E+000  0.524896853535507E+000  0.388951861086304E+000  0.494095058864508E+000 -0.131028262406404E+000 -0.147216150721450E+003 -0.147216150721450E+003
  0.534049877797239E+000  0.520772681362142E+000  0.148544399638037E+000  0.492932311003226E+000 -0.131028262406404E+000 -0.147216087456886E+003 -0.147216087456886E+003
  0.518072580509378E+000  0.508658431151262E+000  0.156632886553377E+000  0.498973192526653E+000 -0.131028262406404E+000 -0.147215790252626E+003 -0.147215790252626E+003
  0.523403167453937E+000  0.525466793711512E+000  0.889962610306924E+000  0.492245997444979E+000 -0.131028262406404E+000 -0.147216239019287E+003 -0.147216239019287E+003
  0.532584908487649E+000  0.505892116772334E+000  0.823100571623242E+000  0.491861574179185E+000 -0.131028262406404E+000 -0.147215692595284E+003 -0.147215692595284E+003
  0.547150728891615E+000  0.513580793424191E+000  0.977082380802379E+000  0.492483179459253E+000 -0.131028262406404E+000 -0.147216174865710E+003 -0.147216174865710E+003
  0.540165323080897E+000  0.502159756132762E+000  0.519964804246065E+000  0.481090720660685E+000 -0.131028262406404E+000 -0.147216123925073E+003 -0.147216123925073E+003
  0.550676356880550E+000  0.509902579049119E+000  0.969200900946888E+000  0.494325521295413E+000 -0.131028262406404E+000 -0.147216164873663E+003 -0.147216164873663E+003
  0.540384170057374E+000  0.506180257106525E+000  0.469670449397198E+000  0.499124546175229E+000 -0.131028262406404E+000 -0.147215685609469E+003 -0.147215685609469E+003
  0.547953751095229E+000  0.501454138667346E+000  0.165200571429572E+000  0.485986986732940E+000 -0.131028262406404E+000 -0.147215896927299E+003 -0.147215896927299E+003
  0.508477073077925E+000  0.518872509374804E+000  0.130245207231774E+000  0.497212370690629E+000 -0.131028262406404E+000 -0.147216332280425E+003 -0.147216332280425E+003
  0.512951830993523E+000  0.514209817516218E+000  0.878946345641991E+000  0.497217853128450E+000 -0.131028262406404E+000 -0.147216087541578E+003 -0.147216087541578E+003
  0.550915517370597E+000  0.508679151326825E+000  0.460889269349479E+000  0.488002215303515E+000 -0.131028262406404E+000 -0.147216202927970E+003 -0.147216202927970E+003
  0.524805416184713E+000  0.526528413521584E+000  0.244620271999190E+000  0.494215023954099E+000 -0.131028262406404E+000 -0.147216171537008E+003 -0.147216171537008E+003
  0.538741115985140E+000  0.504621192026471E+000  0.424838371390690E+000  0.498648196524621E+000 -0.131028262406404E+000 -0.147215600670595E+003 -0.147215600670595E+003
  0.532838928754191E+000  0.516791883927972E+000  0.616440338348292E+000  0.485478041364269E+000 -0.131028262406404E+000 -0.147216306570163E+003 -0.147216306570163E+003
  0.522594923524126E+000  0.510107785637297E+000  0.327971534604942E+000  0.494641403881038E+000 -0.131028262406404E+000 -0.147215821734797E+003 -0.147215821734797E+003
  0.533370053070491E+000  0.509707809770965E+000  0.536056562656938E+000  0.491773567846375E+000 -0.131028262406404E+000 -0.147215792602218E+003 -0.147215792602218E+003
  0.552696916014188E+000  0.502736490324741E+000  0.407358383819622E+000  0.482944963155271E+000 -0.131028262406404E+000 -0.147216198784518E+003 -0.147216198784518E+003
  0.536002343858576E+000  0.509999399087056E+000  0.888482657714620E-002  0.491552269858090E+000 -0.131028262406404E+000 -0.147215817063735E+003 -0.147215817063735E+003
  0.538254884520784E+000  0.521664196990436E+000  0.548112656365353E+000  0.498132170489060E+000 -0.131028262406404E+000 -0.147216132350226E+003 -0.147216132350226E+003
  0.547404409739427E+000  0.503983151923731E+000  0.952897764653048E+000  0.481428325073580E+000 -0.131028262406404E+000 -0.147216210002648E+003 -0.147216210002648E+003
  0.542311477119758E+000  0.521280338721645E+000  0.320753202124074E+000  0.496718748117222E+000 -0.131028262406404E+000 -0.147216263671086E+003 -0.147216263671086E+003
  0.525664256180705E+000  0.508611165306653E+000  0.895654962563090E-001  0.489974391645440E+000 -0.131028262406404E+000 -0.147215928767934E+003 -0.147215928767934E+003
  0.516053616405754E+000  0.508835937207157E+000  0.426524697506792E+000  0.497472814267016E+000 -0.131028262406404E+000 -0.147215899685722E+003 -0.147215899685722E+003
  0.515837517973706E+000  0.503822900677521E+000  0.554158848303212E+000  0.499089015185563E+000 -0.131028262406404E+000 -0.147215811614824E+003 -0.147215811614824E+003
  0.524194084665117E+000  0.529044624308323E+000  0.194428666626889E+000  0.495517746981203E+000 -0.131028262406404E+000 -0.147216194164720E+003 -0.147216194164720E+003
  0.537840747490850E+000  0.507418796280415E+000  0.425541106295746E+000  0.483171867349150E+000 -0.131028262406404E+000 -0.147216151871305E+003 -0.147216151871305E+003
  0.510561752470788E+000  0.512323329479974E+000  0.136608825436623E+000  0.498380376715809E+000 -0.131028262406404E+000 -0.147216129350490E+003 -0.147216129350490E+003
  0.507003877238596E+000  0.514779460147927E+000  0.658141612194224E+000  0.499475365578483E+000 -0.131028262406404E+000 -0.147216281782955E+003 -0.147216281782955E+003
  0.536226444679894E+000  0.515037764565665E+000  0.586015113717035E+000  0.489051815618812E+000 -0.131028262406404E+000 -0.147216067245959E+003 -0.147216067245959E+003
  0.526563176426968E+000  0.520825325210855E+000  0.481500453337417E-001  0.494995783713955E+000 -0.131028262406404E+000 -0.147215990319227E+003 -0.147215990319227E+003
  0.547572112142010E+000  0.502813305133077E+000  0.959171319340251E+000  0.496971686151122E+000 -0.131028262406404E+000 -0.147215775117777E+003 -0.147215775117777E+003
  0.515639540874259E+000  0.503848479685533E+000  0.213725748191550E+000  0.491909458416174E+000 -0.131028262406404E+000 -0.147216105465063E+003 -0.147216105465063E+003
  0.546688292613310E+000  0.509596721192296E+000  0.644568557040103E+000  0.496042047724012E+000 -0.131028262406404E+000 -0.147215985328491E+003 -0.147215985328491E+003
  0.534468331274494E+000  0.504043395003663E+000  0.845340587637479E+000  0.487662926307668E+000 -0.131028262406404E+000 -0.147215809906458E+003 -0.147215809906458E+003
  0.530213071055649E+000  0.525198151766540E+000  0.125257312613975E+000  0.489661839551053E+000 -0.131028262406404E+000 -0.147216329376017E+003 -0.147216329376017E+003
  0.534513282569941E+000  0.504625202962522E+000  0.279308544602820E+000  0.484014437799919E+000 -0.131028262406404E+000 -0.147216036640080E+003 -0.147216036640080E+003
  0.550284166030811E+000  0.513228842911661E+000  0.495467234688671E+000  0.490454087615049E+000 -0.131028262406404E+000 -0.147216318572724E+003 -0.147216318572724E+003
  0.549506615785037E+000  0.510817163374141E+000  0.655547912728193E+000  0.495877609138129E+000 -0.131028262406404E+000 -0.147216154417964E+003 -0.147216154417964E+003
  0.554084488723411E+000  0.500334487494429E+000  0.295380497176199E+000  0.494717986196667E+000 -0.131028262406404E+000 -0.147215932602525E+003 -0.147215932602525E+003
  0.513565094973172E+000  0.511376820344142E+000  0.854854573304294E+000  0.495852153274385E+000 -0.131028262406404E+000 -0.147216086135138E+003 -0.147216086135138E+003
  0.534484592344418E+000  0.506154326687196E+000  0.126860294000644E+000  0.495173367582814E+000 -0.131028262406404E+000 -0.147215614623128E+003 -0.147215614623128E+003
  0.530779576421540E+000  0.524915469728283E+000  0.413068776883155E+000  0.494466838878380E+000 -0.131028262406404E+000 -0.147216135841230E+003 -0.147216135841230E+003
  0.532527883014686E+000  0.521353014548825E+000  0.685047699495820E+000  0.491744629370391E+000 -0.131028262406404E+000 -0.147216129819429E+003 -0.147216129819429E+003
  0.528419444697846E+000  0.505962531351273E+000  0.778837184800338E+000  0.489296450068693E+000 -0.131028262406404E+000 -0.147215851545946E+003 -0.147215851545946E+003
  0.543538721620075E+000  0.506437674297885E+000  0.857120893874887E+000  0.482641656043186E+000 -0.131028262406404E+000 -0.147216176023866E+003 -0.147216176023866E+003
  0.513086148248594E+000  0.524817971716607E+000  0.894845263169848E+000  0.498188330461655E+000 -0.131028262406404E+000 -0.147216187864027E+003 -0.147216187864027E+003
  0.535218961429921E+000  0.512069348771872E+000  0.241095849541277E+000  0.487904231254505E+000 -0.131028262406404E+000 -0.147216022741597E+003 -0.147216022741597E+003
  0.528589596349210E+000  0.504256791131238E+000  0.706215143453114E+000  0.493329870213083E+000 -0.131028262406404E+000 -0.147215644712765E+003 -0.147215644712765E+003
  0.529217460888757E+000  0.517074546768338E+000  0.970174916606724E-001  0.486964367568936E+000 -0.131028262406404E+000 -0.147216246167040E+003 -0.147216246167040E+003
  0.524256738712699E+000  0.500947013928213E+000  0.249204573913625E+000  0.489667900517937E+000 -0.131028262406404E+000 -0.147215842110642E+003 -0.147215842110642E+003
  0.543801515977835E+000  0.520714418722756E+000  0.950850775875778E+000  0.499969238242667E+000 -0.131028262406404E+000 -0.147216331063693E+003 -0.147216331063693E+003
  0.511769982618704E+000  0.519108261348963E+000  0.556652771153902E+000  0.494629087809787E+000 -0.131028262406404E+000 -0.147216310910836E+003 -0.147216310910836E+003
  0.555793175816327E+000  0.505510957380843E+000  0.139533332338389E+000  0.491601152897976E+000 -0.131028262406404E+000 -0.147216228916548E+003 -0.147216228916548E+003
  0.535654751569373E+000  0.503452844948585E+000  0.941576414177754E+000  0.487911696940593E+000 -0.131028262406404E+000 -0.147215775109966E+003 -0.147215775109966E+003
  0.516835749029748E+000  0.521503968865564E+000  0.717304278680157E+000  0.493095746526929E+000 -0.131028262406404E+000 -0.147216244513684E+003 -0.147216244513684E+003
  0.537966806046004E+000  0.510425067281417E+000  0.491397093681308E+000  0.488481947021209E+000 -0.131028262406404E+000 -0.147215957983192E+003 -0.147215957983192E+003
  0.546541109684603E+000  0.509595833167486E+000  0.798660004222224E+000  0.493225633391690E+000 -0.131028262406404E+000 -0.147215987651690E+003 -0.147215987651690E+003
  0.530965320493710E+000  0.507995504766303E+000  0.704699438756455E+000  0.485560061585390E+000 -0.131028262406404E+000 -0.147216071862442E+003 -0.147216071862442E+003
  0.552018840909322E+000  0.506906534772406E+000  0.735928379396530E+000  0.489310014244973E+000 -0.131028262406404E+000 -0.147216140940445E+003 -0.147216140940445E+003
  0.531061556208788E+000  0.527090286865729E+000  0.863694674581670E+000  0.499962120599745E+000 -0.131028262406404E+000 -0.147216121015211E+003 -0.147216121015211E+003
  0.521197768810378E+000  0.522317289953349E+000  0.714156126032957E-001  0.498285534449508E+000 -0.131028262406404E+000 -0.147215973132628E+003 -0.147215973132628E+003
  0.511304096555616E+000  0.508227125294344E+000  0.354241453694672E+000  0.496262770312615E+000 -0.131028262406404E+000 -0.147216144518750E+003 -0.147216144518750E+003
  0.542701298911830E+000  0.516164658190045E+000  0.160816935733469E+000  0.498751482686558E+000 -0.131028262406404E+000 -0.147216093263738E+003 -0.147216093263738E+003
  0.527509261339242E+000  0.503235348859180E+000  0.742658855886999E+000  0.488451095484185E+000 -0.131028262406404E+000 -0.147215858438110E+003 -0.147215858438110E+003
  0.542929146043198E+000  0.507665194880510E+000  0.873647700986329E+000  0.484981116022215E+000 -0.131028262406404E+000 -0.147216081105421E+003 -0.147216081105421E+003
