  0.193348125822880E+001  0.520529436120719E+000  0.220514055901768E+000  0.396065901960337E+000 -0.131028262406404E+000 -0.136350001669120E+003 -0.136350001669120E+003
  0.192366988445565E+001  0.527902761996813E+000  0.936432281963038E+000  0.399361603502358E+000 -0.131028262406404E+000 -0.136350010073478E+003 -0.136350010073478E+003
  0.187906169411213E+001  0.559518320865746E+000  0.459004353891084E+000  0.405788685381985E+000 -0.131028262406404E+000 -0.136350008139522E+003 -0.136350008139522E+003
  0.192661123402033E+001  0.526933942328623E+000  0.623799066116527E+000  0.398960678050336E+000 -0.131028262406404E+000 -0.136350012499791E+003 -0.136350012499791E+003
  0.189926920967391E+001  0.541303574134502E+000  0.689578713718244E+000  0.402633687105292E+000 -0.131028262406404E+000 -0.136349997047949E+003 -0.136349997047949E+003
  0.191205259417517E+001  0.536629800042446E+000  0.779532947023789E+000  0.399549321490287E+000 -0.131028262406404E+000 -0.136349976832736E+003 -0.136349976832736E+003
  0.189048219412388E+001  0.551593305289991E+000  0.444839399604080E+000  0.404228379658657E+000 -0.131028262406404E+000 -0.136349996631390E+003 -0.136349996631390E+003
  0.192793641722764E+001  0.523462849235520E+000  0.938917571067002E+000  0.397808098729704E+000 -0.131028262406404E+000 -0.136350004235597E+003 -0.136350004235597E+003
  0.191669018181680E+001  0.534985170293462E+000  0.548455127439050E-001  0.399190370439972E+000 -0.131028262406404E+000 -0.136349976067703E+003 -0.136349976067703E+003
  0.192450701233954E+001  0.528164696539950E+000  0.965995173916939E+000  0.398020360115302E+000 -0.131028262406404E+000 -0.136349980922463E+003 -0.136349980922463E+003
  0.186576023367980E+001  0.563765857349258E+000  0.177853753423810E-001  0.408416685164723E+000 -0.131028262406404E+000 -0.136350017540777E+003 -0.136350017540777E+003
  0.191472552123543E+001  0.532515555153195E+000  0.143957583163753E+000  0.399368504134654E+000 -0.131028262406404E+000 -0.136349988140445E+003 -0.136349988140445E+003
  0.193815714648244E+001  0.524463715099934E+000  0.514347801634516E+000  0.393972576886954E+000 -0.131028262406404E+000 -0.136350008652531E+003 -0.136350008652531E+003
  0.189286331624184E+001  0.552831754644642E+000  0.727475502131397E-001  0.402217085268339E+000 -0.131028262406404E+000 -0.136350009844181E+003 -0.136350009844181E+003
  0.193659273808532E+001  0.525753769377077E+000  0.540494846555520E+000  0.396843110341891E+000 -0.131028262406404E+000 -0.136350017837106E+003 -0.136350017837106E+003
  0.188369848961950E+001  0.553094599780568E+000  0.978417952017894E+000  0.406576671888365E+000 -0.131028262406404E+000 -0.136350033144396E+003 -0.136350033144396E+003
  0.190842425051052E+001  0.538796365927597E+000  0.413367170510876E+000  0.398860988382005E+000 -0.131028262406404E+000 -0.136350008927200E+003 -0.136350008927200E+003
  0.193004267010456E+001  0.526253172776403E+000  0.239309973627355E+000  0.397878401182822E+000 -0.131028262406404E+000 -0.136349995166699E+003 -0.136349995166699E+003
  0.188948186252770E+001  0.549770809895885E+000  0.412354551529427E+000  0.404911916243948E+000 -0.131028262406404E+000 -0.136350003927697E+003 -0.136350003927697E+003
  0.196901752664925E+001  0.505062218584345E+000  0.378931642344272E+000  0.391507194292166E+000 -0.131028262406404E+000 -0.136350035833525E+003 -0.136350035833525E+003
  0.192413929759743E+001  0.537844218075550E+000  0.552646493717087E+000  0.397396451190280E+000 -0.131028262406404E+000 -0.136350046770776E+003 -0.136350046770776E+003
  0.195849358020117E+001  0.513576788825294E+000  0.880916330736633E+000  0.391092166677050E+000 -0.131028262406404E+000 -0.136350020701697E+003 -0.136350020701697E+003
  0.196375153840478E+001  0.507942331384154E+000  0.672779266665639E-001  0.389795940689008E+000 -0.131028262406404E+000 -0.136350029010358E+003 -0.136350029010358E+003
  0.189601242146684E+001  0.547898482360395E+000  0.150499470937585E+000  0.403284942469505E+000 -0.131028262406404E+000 -0.136349991331451E+003 -0.136349991331451E+003
  0.193781987338724E+001  0.523616833087709E+000  0.192706856629721E-001  0.393245458090065E+000 -0.131028262406404E+000 -0.136350040649930E+003 -0.136350040649930E+003
  0.193784716997496E+001  0.516032344749590E+000  0.457441861490241E+000  0.397029048845295E+000 -0.131028262406404E+000 -0.136350046386612E+003 -0.136350046386612E+003
  0.189689943928489E+001  0.553414740259749E+000  0.194122139294982E+000  0.401719695288136E+000 -0.131028262406404E+000 -0.136350043849100E+003 -0.136350043849100E+003
  0.186744890579561E+001  0.566925373363706E+000  0.761455120517620E+000  0.406668121473222E+000 -0.131028262406404E+000 -0.136350034054606E+003 -0.136350034054606E+003
  0.192911409898939E+001  0.523203434515747E+000  0.187870729400877E+000  0.398068112641762E+000 -0.131028262406404E+000 -0.136350009039619E+003 -0.136350009039619E+003
  0.191538984267904E+001  0.535493914591886E+000  0.678904355493062E+000  0.400554374758143E+000 -0.131028262406404E+000 -0.136349999819008E+003 -0.136349999819008E+003
  0.192279289382772E+001  0.533233289353694E+000  0.223789592531408E+000  0.397644206866727E+000 -0.131028262406404E+000 -0.136349981909578E+003 -0.136349981909578E+003
  0.187714636060532E+001  0.563176400146501E+000  0.594448847946464E+000  0.405731048412483E+000 -0.131028262406404E+000 -0.136350034006247E+003 -0.136350034006247E+003
  0.195571476718339E+001  0.508054414133888E+000  0.684477028933254E+000  0.393279565959885E+000 -0.131028262406404E+000 -0.136350015440629E+003 -0.136350015440629E+003
  0.197252773602017E+001  0.502717850088872E+000  0.583916494696457E+000  0.390862533534836E+000 -0.131028262406404E+000 -0.136350036516097E+003 -0.136350036516097E+003
  0.193810569522725E+001  0.523762850989004E+000  0.487231136100948E+000  0.394666952793754E+000 -0.131028262406404E+000 -0.136349989757439E+003 -0.136349989757439E+003
  0.192622547319740E+001  0.522489794913672E+000  0.113404797886194E+000  0.398580843706337E+000 -0.131028262406404E+000 -0.136350036137751E+003 -0.136350036137751E+003
  0.193526625266594E+001  0.523995241776420E+000  0.563964564514832E+000  0.393520884402137E+000 -0.131028262406404E+000 -0.136350049742977E+003 -0.136350049742977E+003
  0.188703318398775E+001  0.550379368038215E+000  0.289701240134163E-001  0.405443112395399E+000 -0.131028262406404E+000 -0.136350009801064E+003 -0.136350009801064E+003
  0.191096245832609E+001  0.532841409804784E+000  0.269033136661672E+000  0.401498723192732E+000 -0.131028262406404E+000 -0.136350026710369E+003 -0.136350026710369E+003
  0.188990779527520E+001  0.551765864853375E+000  0.595213245785161E+000  0.401580865112284E+000 -0.131028262406404E+000 -0.136350037538019E+003 -0.136350037538019E+003
  0.189238526891449E+001  0.547065840758860E+000  0.935053955493094E+000  0.401737618161833E+000 -0.131028262406404E+000 -0.136350019908044E+003 -0.136350019908044E+003
  0.192586555749849E+001  0.532825742771968E+000  0.549492426589366E-002  0.396780174566485E+000 -0.131028262406404E+000 -0.136349994209225E+003 -0.136349994209225E+003
  0.188883216591910E+001  0.556390289941915E+000  0.428469113194461E+000  0.404679336555090E+000 -0.131028262406404E+000 -0.136350041771063E+003 -0.136350041771063E+003
  0.197039764096016E+001  0.504033808603223E+000  0.913165080542962E+000  0.389896473363233E+000 -0.131028262406404E+000 -0.136350015262725E+003 -0.136350015262725E+003
  0.195183002872338E+001  0.510869516065694E+000  0.555355218176825E+000  0.391889785642865E+000 -0.131028262406404E+000 -0.136350029408329E+003 -0.136350029408329E+003
  0.194961084805754E+001  0.517382783278097E+000  0.299315743960641E+000  0.392030263125633E+000 -0.131028262406404E+000 -0.136350017845794E+003 -0.136350017845794E+003
  0.192018069877685E+001  0.533006289019695E+000  0.926115085938616E+000  0.399753889934082E+000 -0.131028262406404E+000 -0.136350001769314E+003 -0.136350001769314E+003
  0.193304056937194E+001  0.523580974341720E+000  0.644243803345237E+000  0.398001033562060E+000 -0.131028262406404E+000 -0.136350019778194E+003 -0.136350019778194E+003
  0.195292219772947E+001  0.513615599447458E+000  0.917853910236058E+000  0.393868359873402E+000 -0.131028262406404E+000 -0.136350006056100E+003 -0.136350006056100E+003
  0.189657405311139E+001  0.546603426266040E+000  0.434700904851422E+000  0.402438116203402E+000 -0.131028262406404E+000 -0.136349980953792E+003 -0.136349980953792E+003
  0.194871176996749E+001  0.511935616173435E+000  0.351434181856079E+000  0.394167870904644E+000 -0.131028262406404E+000 -0.136350007800310E+003 -0.136350007800310E+003
  0.187112317691803E+001  0.557122583212437E+000  0.333794865977587E+000  0.408465058066324E+000 -0.131028262406404E+000 -0.136350047014092E+003 -0.136350047014092E+003
  0.185968514774360E+001  0.564679823836667E+000  0.147013367828601E+000  0.409882746305574E+000 -0.131028262406404E+000 -0.136350043919907E+003 -0.136350043919907E+003
  0.191229077553853E+001  0.540026361907757E+000  0.790672984736366E+000  0.398550583484129E+000 -0.131028262406404E+000 -0.136349997756359E+003 -0.136349997756359E+003
  0.188434174700951E+001  0.554224331697406E+000  0.305687036828904E+000  0.406676145754867E+000 -0.131028262406404E+000 -0.136350047714417E+003 -0.136350047714417E+003
  0.195735286789657E+001  0.511149534118952E+000  0.705445865652471E-001  0.392349476107101E+000 -0.131028262406404E+000 -0.136349998433363E+003 -0.136349998433363E+003
  0.193099777015219E+001  0.532391047444580E+000  0.687684127955544E+000  0.394741401830454E+000 -0.131028262406404E+000 -0.136350049895491E+003 -0.136350049895491E+003
  0.193786706937468E+001  0.523464944032117E+000  0.841414566294011E+000  0.397191384190471E+000 -0.131028262406404E+000 -0.136350030807389E+003 -0.136350030807389E+003
  0.192598129357414E+001  0.524160315951033E+000  0.449617084004011E+000  0.399227622476683E+000 -0.131028262406404E+000 -0.136350036349537E+003 -0.136350036349537E+003
  0.186836948187481E+001  0.567164765915869E+000  0.659208378886246E+000  0.407100809241903E+000 -0.131028262406404E+000 -0.136350032455343E+003 -0.136350032455343E+003
  0.192101230087942E+001  0.531393329794360E+000  0.785822255040671E+000  0.397458643617245E+000 -0.131028262406404E+000 -0.136349984683124E+003 -0.136349984683124E+003
  0.197983544511160E+001  0.500014728507744E+000  0.399519563274466E-001  0.389333691737550E+000 -0.131028262406404E+000 -0.136350047230580E+003 -0.136350047230580E+003
  0.195306981098438E+001  0.509121120330349E+000  0.681482622534877E+000  0.393341108139647E+000 -0.131028262406404E+000 -0.136350013180493E+003 -0.136350013180493E+003
  0.192792323458354E+001  0.521345467888180E+000  0.503131020141110E+000  0.398340969975233E+000 -0.131028262406404E+000 -0.136350039729099E+003 -0.136350039729099E+003
  0.193699493147754E+001  0.517154783758704E+000  0.475713585963294E+000  0.395383481621565E+000 -0.131028262406404E+000 -0.136350020698078E+003 -0.136350020698078E+003
  0.189643598195271E+001  0.543541854016052E+000  0.182294523944427E+000  0.401296188637298E+000 -0.131028262406404E+000 -0.136350016427277E+003 -0.136350016427277E+003
  0.192585872370179E+001  0.524201171523814E+000  0.394568525811028E+000  0.396485948534334E+000 -0.131028262406404E+000 -0.136350027200891E+003 -0.136350027200891E+003
  0.193196350024658E+001  0.522420562475492E+000  0.326744340429160E+000  0.394784793681156E+000 -0.131028262406404E+000 -0.136350033953328E+003 -0.136350033953328E+003
  0.193304589808155E+001  0.523039850181714E+000  0.682167207137374E+000  0.398023670618308E+000 -0.131028262406404E+000 -0.136350021378654E+003 -0.136350021378654E+003
  0.195175379520876E+001  0.515821657781181E+000  0.821582550448975E+000  0.394216799567176E+000 -0.131028262406404E+000 -0.136350016773793E+003 -0.136350016773793E+003
  0.187020418264573E+001  0.560044412628458E+000  0.260468170097177E+000  0.409002919749236E+000 -0.131028262406404E+000 -0.136350049745907E+003 -0.136350049745907E+003
  0.187007259172461E+001  0.559259416941112E+000  0.566203222663640E+000  0.406276110372478E+000 -0.131028262406404E+000 -0.136350032704465E+003 -0.136350032704465E+003
  0.190440869046424E+001  0.541957722954969E+000  0.146543099723457E+000  0.403425264887451E+000 -0.131028262406404E+000 -0.136350049097820E+003 -0.136350049097820E+003
  0.188872221536945E+001  0.549233452446816E+000  0.819657702423552E+000  0.405063755322669E+000 -0.131028262406404E+000 -0.136350006340924E+003 -0.136350006340924E+003
  0.186065687355170E+001  0.564975340287656E+000  0.403956504063641E+000  0.408528990564218E+000 -0.131028262406404E+000 -0.136350035554148E+003 -0.136350035554148E+003
  0.194033841734532E+001  0.518989450997891E+000  0.357011722261537E+000  0.395288599827628E+000 -0.131028262406404E+000 -0.136349986801306E+003 -0.136349986801306E+003
  0.188335460361416E+001  0.560786644954862E+000  0.925245731134377E+000  0.403961115474877E+000 -0.131028262406404E+000 -0.136350046674363E+003 -0.136350046674363E+003
  0.191969431054696E+001  0.531941005764358E+000  0.698409407816211E-002  0.396564850438544E+000 -0.131028262406404E+000 -0.136350026285392E+003 -0.136350026285392E+003
  0.195225010473168E+001  0.512562981724242E+000  0.772187400128091E+000  0.392837478248500E+000 -0.131028262406404E+000 -0.136349994766176E+003 -0.136349994766176E+003
  0.187917645165618E+001  0.561045490942335E+000  0.649423354402658E+000  0.405779263519267E+000 -0.131028262406404E+000 -0.136350023553226E+003 -0.136350023553226E+003
  0.187078697949202E+001  0.558253142131862E+000  0.372837655290552E+000  0.407584068479554E+000 -0.131028262406404E+000 -0.136350021960756E+003 -0.136350021960756E+003
  0.187555918144987E+001  0.555628407879698E+000  0.402291282355530E+000  0.406477327476949E+000 -0.131028262406404E+000 -0.136350012876011E+003 -0.136350012876011E+003
  0.187782043527653E+001  0.560913035225332E+000  0.849153198925266E+000  0.405835658370182E+000 -0.131028262406404E+000 -0.136350013582422E+003 -0.136350013582422E+003
  0.189143609008466E+001  0.550660456548041E+000  0.128800187925740E+000  0.404099317593496E+000 -0.131028262406404E+000 -0.136349994929280E+003 -0.136349994929280E+003
  0.193969944829242E+001  0.522600740907093E+000  0.447180881367157E+000  0.394582125244406E+000 -0.131028262406404E+000 -0.136349987691390E+003 -0.136349987691390E+003
  0.189167975083455E+001  0.553126543710439E+000  0.514220563203628E-001  0.401385228617508E+000 -0.131028262406404E+000 -0.136350038381288E+003 -0.136350038381288E+003
  0.189375754642179E+001  0.540967664447303E+000  0.301821693108366E+000  0.403225752310868E+000 -0.131028262406404E+000 -0.136350045390803E+003 -0.136350045390803E+003
  0.186428381554544E+001  0.565626516310531E+000  0.809223222762465E+000  0.408825773605816E+000 -0.131028262406404E+000 -0.136350021926465E+003 -0.136350021926465E+003
  0.190360300685699E+001  0.543249697217998E+000  0.877382146045337E+000  0.403290422076493E+000 -0.131028262406404E+000 -0.136350037639811E+003 -0.136350037639811E+003
  0.190765872908001E+001  0.544062417107048E+000  0.989711920817634E+000  0.401226241255070E+000 -0.131028262406404E+000 -0.136350009845795E+003 -0.136350009845795E+003
  0.192398267620135E+001  0.530860483501459E+000  0.672689340016631E-001  0.397353238598206E+000 -0.131028262406404E+000 -0.136349977757134E+003 -0.136349977757134E+003
  0.188450553129084E+001  0.552071382361421E+000  0.727111749526567E+000  0.403965468107779E+000 -0.131028262406404E+000 -0.136349999715091E+003 -0.136349999715091E+003
  0.193411032179857E+001  0.526347015756439E+000  0.460164086526346E+000  0.397775050612959E+000 -0.131028262406404E+000 -0.136350031538175E+003 -0.136350031538175E+003
  0.193117073836275E+001  0.528816218064517E+000  0.728232459055705E+000  0.395881706978928E+000 -0.131028262406404E+000 -0.136349989906421E+003 -0.136349989906421E+003
  0.191412648272107E+001  0.531477090656164E+000  0.585111935201840E+000  0.399894234028416E+000 -0.131028262406404E+000 -0.136350001648578E+003 -0.136350001648578E+003
  0.190602487247790E+001  0.536260653522999E+000  0.822254242709891E+000  0.399265851783513E+000 -0.131028262406404E+000 -0.136350046856136E+003 -0.136350046856136E+003
  0.187065297028460E+001  0.559326819771832E+000  0.611499136986075E+000  0.408374911342697E+000 -0.131028262406404E+000 -0.136350030509442E+003 -0.136350030509442E+003
  0.197423622806382E+001  0.500238873977165E+000  0.519512490341423E+000  0.388162714738684E+000 -0.131028262406404E+000 -0.136350044027286E+003 -0.136350044027286E+003
  0.196390197091400E+001  0.511034601927367E+000  0.911035908647366E+000  0.390879630989261E+000 -0.131028262406404E+000 -0.136350026941579E+003 -0.136350026941579E+003
  0.190611146635213E+001  0.541988062882900E+000  0.330161637107058E+000  0.401871721937558E+000 -0.131028262406404E+000 -0.136349995864634E+003 -0.136349995864634E+003
  0.188303353640928E+001  0.556056446803427E+000  0.486726607392404E+000  0.405615273737084E+000 -0.131028262406404E+000 -0.136350005213281E+003 -0.136350005213281E+003
  0.188019769465382E+001  0.560775725304081E+000  0.973223400852352E+000  0.406291259540419E+000 -0.131028262406404E+000 -0.136350042550284E+003 -0.136350042550284E+003
  0.186300624155546E+001  0.565346291194326E+000  0.950180603038666E+000  0.408719662977166E+000 -0.131028262406404E+000 -0.136350020745524E+003 -0.136350020745524E+003
  0.193111974128393E+001  0.529976314521413E+000  0.285966127435616E-001  0.394853927059036E+000 -0.131028262406404E+000 -0.136350022569970E+003 -0.136350022569970E+003
  0.188788417504862E+001  0.557485159101847E+000  0.970538150988261E+000  0.402823500628501E+000 -0.131028262406404E+000 -0.136350038038286E+003 -0.136350038038286E+003
  0.194899682889156E+001  0.521758314042686E+000  0.471829721603503E+000  0.393993385898574E+000 -0.131028262406404E+000 -0.136350045396840E+003 -0.136350045396840E+003
  0.188517882677296E+001  0.557207687618977E+000  0.687595114945655E+000  0.403426619627360E+000 -0.131028262406404E+000 -0.136350017812115E+003 -0.136350017812115E+003
  0.192372976336704E+001  0.529931865282306E+000  0.920745384066387E+000  0.397831996245449E+000 -0.131028262406404E+000 -0.136349976156772E+003 -0.136349976156772E+003
  0.192327474552866E+001  0.526913934515411E+000  0.452710321862992E+000  0.396178656038331E+000 -0.131028262406404E+000 -0.136350041835031E+003 -0.136350041835031E+003
  0.194490332151531E+001  0.515034853195446E+000  0.721333833236407E+000  0.392716247970142E+000 -0.131028262406404E+000 -0.136350035564040E+003 -0.136350035564040E+003
  0.190814392227838E+001  0.539713298908143E+000  0.579016851170389E+000  0.398960540847783E+000 -0.131028262406404E+000 -0.136350004440529E+003 -0.136350004440529E+003
  0.196066960427282E+001  0.507900160131505E+000  0.113203375088862E-001  0.391352952568804E+000 -0.131028262406404E+000 -0.136350003728221E+003 -0.136350003728221E+003
  0.189620415838376E+001  0.550932122896756E+000  0.532644598944070E+000  0.400866754647033E+000 -0.131028262406404E+000 -0.136350027682662E+003 -0.136350027682662E+003
  0.188524354440435E+001  0.557226325403119E+000  0.196454423051564E+000  0.405615340903132E+000 -0.131028262406404E+000 -0.136350037375761E+003 -0.136350037375761E+003
  0.189896489533979E+001  0.550007962698998E+000  0.983590865801041E+000  0.401504694858555E+000 -0.131028262406404E+000 -0.136350010301924E+003 -0.136350010301924E+003
  0.189350495558811E+001  0.547079527359235E+000  0.262601575677408E+000  0.402842307288534E+000 -0.131028262406404E+000 -0.136349985200737E+003 -0.136349985200737E+003
  0.194502743480576E+001  0.519969150765585E+000  0.227214248326978E+000  0.392822477596727E+000 -0.131028262406404E+000 -0.136350012358083E+003 -0.136350012358083E+003
  0.190201121416148E+001  0.549610213693515E+000  0.798351529812282E+000  0.402229556426267E+000 -0.131028262406404E+000 -0.136350045203969E+003 -0.136350045203969E+003
  0.186808052819897E+001  0.560800355354917E+000  0.871942463614891E+000  0.407114659503126E+000 -0.131028262406404E+000 -0.136350022593601E+003 -0.136350022593601E+003
  0.193350199222259E+001  0.520073992858977E+000  0.501159269655065E+000  0.396735534189447E+000 -0.131028262406404E+000 -0.136350006136474E+003 -0.136350006136474E+003
  0.195143254413928E+001  0.514341049766416E+000  0.759423821290007E+000  0.394149096713590E+000 -0.131028262406404E+000 -0.136350005247552E+003 -0.136350005247552E+003
  0.186948480135193E+001  0.558797257487825E+000  0.802048678810189E+000  0.406995560492041E+000 -0.131028262406404E+000 -0.136350028198870E+003 -0.136350028198870E+003
  0.186038582243513E+001  0.567711530325293E+000  0.678952405366876E+000  0.409398546860848E+000 -0.131028262406404E+000 -0.136350026639644E+003 -0.136350026639644E+003
  0.195506220186198E+001  0.506383737794381E+000  0.872921641613286E+000  0.392240982451209E+000 -0.131028262406404E+000 -0.136350039176355E+003 -0.136350039176355E+003
  0.193270484610266E+001  0.526235737903278E+000  0.434399696981386E+000  0.398227968000201E+000 -0.131028262406404E+000 -0.136350035355398E+003 -0.136350035355398E+003
  0.192443360419759E+001  0.534050438651558E+000  0.479891553682960E+000  0.396946034354834E+000 -0.131028262406404E+000 -0.136349997922167E+003 -0.136349997922167E+003
  0.195408469913012E+001  0.510672437805495E+000  0.104837917208772E+000  0.393410743858975E+000 -0.131028262406404E+000 -0.136350002653781E+003 -0.136350002653781E+003
  0.194561915763805E+001  0.518569806595523E+000  0.297353797706784E+000  0.395726491713166E+000 -0.131028262406404E+000 -0.136350025689681E+003 -0.136350025689681E+003
  0.194016040744864E+001  0.527678948230911E+000  0.832225668984140E+000  0.394503999272851E+000 -0.131028262406404E+000 -0.136350040125226E+003 -0.136350040125226E+003
  0.191534206668592E+001  0.537610229180351E+000  0.829206496522757E+000  0.400578180529638E+000 -0.131028262406404E+000 -0.136350011751767E+003 -0.136350011751767E+003
  0.196833551615177E+001  0.509632285937123E+000  0.347258339893843E+000  0.389782936032921E+000 -0.131028262406404E+000 -0.136350047632605E+003 -0.136350047632605E+003
  0.188721338885666E+001  0.551468236364116E+000  0.776894550695122E+000  0.406125402280367E+000 -0.131028262406404E+000 -0.136350039068579E+003 -0.136350039068579E+003
  0.187902486022672E+001  0.556645087768473E+000  0.665204012843106E+000  0.406009978407924E+000 -0.131028262406404E+000 -0.136349998758695E+003 -0.136349998758695E+003
  0.192004327025657E+001  0.535166065029079E+000  0.387997641605897E+000  0.397182740365270E+000 -0.131028262406404E+000 -0.136349997433526E+003 -0.136349997433526E+003
  0.195706648563978E+001  0.517239914393924E+000  0.755857434085049E+000  0.391409211907121E+000 -0.131028262406404E+000 -0.136350048951899E+003 -0.136350048951899E+003
  0.187151650667669E+001  0.564855845047732E+000  0.962217314173024E+000  0.405241757111377E+000 -0.131028262406404E+000 -0.136350049509550E+003 -0.136350049509550E+003
  0.195592543807250E+001  0.509072169748433E+000  0.362427577284871E-001  0.393818701179390E+000 -0.131028262406404E+000 -0.136350023306387E+003 -0.136350023306387E+003
  0.189922165029071E+001  0.548908475856913E+000  0.396954986050429E+000  0.401497494836554E+000 -0.131028262406404E+000 -0.136349999909686E+003 -0.136349999909686E+003
  0.191761080458008E+001  0.537273542206222E+000  0.669713707129645E+000  0.397617913904250E+000 -0.131028262406404E+000 -0.136350000199943E+003 -0.136350000199943E+003
  0.193884790974357E+001  0.515497698646061E+000  0.941131820417704E+000  0.394640390596317E+000 -0.131028262406404E+000 -0.136350039037407E+003 -0.136350039037407E+003
  0.192830441997986E+001  0.532335769292198E+000  0.141936040787743E-001  0.394999752331507E+000 -0.131028262406404E+000 -0.136350040123714E+003 -0.136350040123714E+003
  0.196812154416123E+001  0.501533306224975E+000  0.466501253631053E+000  0.389651767836116E+000 -0.131028262406404E+000 -0.136350032659995E+003 -0.136350032659995E+003
  0.193477442727907E+001  0.531095920283404E+000  0.388694873322191E+000  0.396147565403180E+000 -0.131028262406404E+000 -0.136350048190559E+003 -0.136350048190559E+003
  0.196543277029715E+001  0.501582669619037E+000  0.788455402506815E+000  0.392358643210943E+000 -0.131028262406404E+000 -0.136350047719296E+003 -0.136350047719296E+003
  0.194177686151710E+001  0.519987978620744E+000  0.416679549294611E+000  0.393998197626346E+000 -0.131028262406404E+000 -0.136349991243209E+003 -0.136349991243209E+003
  0.191718480661852E+001  0.538781091630749E+000  0.181353390795353E+000  0.397578307453072E+000 -0.131028262406404E+000 -0.136350012566730E+003 -0.136350012566730E+003
  0.189524282441646E+001  0.550577550210029E+000  0.589393605770184E+000  0.401789650261776E+000 -0.131028262406404E+000 -0.136350001416921E+003 -0.136350001416921E+003
  0.194896181767858E+001  0.509551134577264E+000  0.697832799769743E+000  0.394199864231461E+000 -0.131028262406404E+000 -0.136350033906478E+003 -0.136350033906478E+003
  0.193792218730346E+001  0.518788544700538E+000  0.141873091737646E+000  0.396648309879842E+000 -0.131028262406404E+000 -0.136350008994187E+003 -0.136350008994187E+003
  0.192271503532646E+001  0.526652304301910E+000  0.162557085885514E+000  0.399157163905105E+000 -0.131028262406404E+000 -0.136350010341076E+003 -0.136350010341076E+003
  0.188655473553860E+001  0.553540991892783E+000  0.182014093348275E+000  0.402888168158624E+000 -0.131028262406404E+000 -0.136350010684804E+003 -0.136350010684804E+003
  0.192602549959315E+001  0.528147916532295E+000  0.446576202341293E+000  0.396812417395432E+000 -0.131028262406404E+000 -0.136349982747866E+003 -0.136349982747866E+003
  0.194032562392967E+001  0.522894209387764E+000  0.213493669724842E+000  0.393904061919073E+000 -0.131028262406404E+000 -0.136350000584990E+003 -0.136350000584990E+003
  0.190736159503424E+001  0.538748514126399E+000  0.780786882710354E+000  0.400435152151198E+000 -0.131028262406404E+000 -0.136349979125672E+003 -0.136349979125672E+003
  0.189906296242322E+001  0.538780999718817E+000  0.542791000635367E+000  0.401541327382145E+000 -0.131028262406404E+000 -0.136350036425019E+003 -0.136350036425019E+003
  0.190646411179574E+001  0.538428533943929E+000  0.586352659047495E+000  0.400153239081917E+000 -0.131028262406404E+000 -0.136349989115766E+003 -0.136349989115766E+003
  0.185549568258615E+001  0.572171358361042E+000  0.530411033536543E-001  0.409892790490980E+000 -0.131028262406404E+000 -0.136350037169547E+003 -0.136350037169547E+003
  0.193416694647567E+001  0.526001327986873E+000  0.213995666438959E+000  0.393889031091550E+000 -0.131028262406404E+000 -0.136350036750749E+003 -0.136350036750749E+003
  0.189076418650592E+001  0.551859393549410E+000  0.187652977506168E+000  0.401746724095768E+000 -0.131028262406404E+000 -0.136350022918715E+003 -0.136350022918715E+003
  0.194782051643599E+001  0.509932727115360E+000  0.460104355856517E+000  0.394132299113264E+000 -0.131028262406404E+000 -0.136350036523210E+003 -0.136350036523210E+003
  0.187839493447925E+001  0.558261593802143E+000  0.631752089092168E+000  0.404755306298617E+000 -0.131028262406404E+000 -0.136350008069430E+003 -0.136350008069430E+003
  0.196735909148713E+001  0.507570679124802E+000  0.413064653513844E+000  0.391668453496904E+000 -0.131028262406404E+000 -0.136350041237487E+003 -0.136350041237487E+003
  0.190659280304924E+001  0.545188807702140E+000  0.785665102414916E-001  0.399902417180434E+000 -0.131028262406404E+000 -0.136350005882745E+003 -0.136350005882745E+003
  0.190616452190388E+001  0.542515870655460E+000  0.377702020171129E+000  0.400523646986364E+000 -0.131028262406404E+000 -0.136349980503470E+003 -0.136349980503470E+003
  0.196861197425002E+001  0.502400560871120E+000  0.899423738684204E+000  0.389977749703752E+000 -0.131028262406404E+000 -0.136350017626184E+003 -0.136350017626184E+003
  0.191664120235871E+001  0.529137157252962E+000  0.446187549095757E+000  0.400182207105802E+000 -0.131028262406404E+000 -0.136350021092572E+003 -0.136350021092572E+003
  0.194026837184990E+001  0.521705688519461E+000  0.649356531016673E+000  0.393616767628422E+000 -0.131028262406404E+000 -0.136350007186468E+003 -0.136350007186468E+003
  0.195128870661825E+001  0.512202097453077E+000  0.476710254956803E+000  0.391562872855000E+000 -0.131028262406404E+000 -0.136350037605744E+003 -0.136350037605744E+003
  0.189451990106946E+001  0.547560468158035E+000  0.752956544975087E+000  0.403244325838291E+000 -0.131028262406404E+000 -0.136349984549323E+003 -0.136349984549323E+003
  0.186966191800726E+001  0.566711315645427E+000  0.633176620443368E-001  0.407386677504537E+000 -0.131028262406404E+000 -0.136350035859130E+003 -0.136350035859130E+003
  0.188649554126182E+001  0.547629846036144E+000  0.612074705565585E+000  0.405968825008262E+000 -0.131028262406404E+000 -0.136350042100205E+003 -0.136350042100205E+003
  0.192119625600950E+001  0.524694124418296E+000  0.918889425770250E+000  0.398601777430595E+000 -0.131028262406404E+000 -0.136350039303801E+003 -0.136350039303801E+003
  0.196898394767872E+001  0.506292381572935E+000  0.223197304572014E-001  0.390734708334448E+000 -0.131028262406404E+000 -0.136350023877978E+003 -0.136350023877978E+003
  0.189891780602929E+001  0.546671960455184E+000  0.570888431741966E+000  0.404001740742075E+000 -0.131028262406404E+000 -0.136350038362865E+003 -0.136350038362865E+003
  0.185939857954118E+001  0.567606289158518E+000  0.351831360491531E+000  0.407962456333665E+000 -0.131028262406404E+000 -0.136350045637705E+003 -0.136350045637705E+003
  0.194766189581931E+001  0.511829925754374E+000  0.998313556471313E+000  0.394852716871342E+000 -0.131028262406404E+000 -0.136350020929225E+003 -0.136350020929225E+003
  0.185548993554924E+001  0.568620652118332E+000  0.832257768639469E+000  0.409392004409224E+000 -0.131028262406404E+000 -0.136350042787033E+003 -0.136350042787033E+003
  0.189937740486956E+001  0.543939785556098E+000  0.385373148673242E+000  0.402296695306932E+000 -0.131028262406404E+000 -0.136349981238309E+003 -0.136349981238309E+003
  0.187418153867589E+001  0.555842217916048E+000  0.112336606068362E-001  0.407895330496266E+000 -0.131028262406404E+000 -0.136350038243528E+003 -0.136350038243528E+003
  0.195544226840193E+001  0.515339511180525E+000  0.383194460452136E+000  0.392332292605509E+000 -0.131028262406404E+000 -0.136350011078577E+003 -0.136350011078577E+003
  0.193719646499602E+001  0.527380209561653E+000  0.231319999173033E+000  0.393589457806162E+000 -0.131028262406404E+000 -0.136350043176289E+003 -0.136350043176289E+003
  0.197189363541965E+001  0.501302241629404E+000  0.936480602239113E+000  0.390501760679889E+000 -0.131028262406404E+000 -0.136350021029139E+003 -0.136350021029139E+003
  0.188839361424485E+001  0.557716623019618E+000  0.906149236545111E+000  0.403589182288754E+000 -0.131028262406404E+000 -0.136350038384445E+003 -0.136350038384445E+003
  0.194616895602301E+001  0.511661498576788E+000  0.421394139396377E+000  0.393447497020655E+000 -0.131028262406404E+000 -0.136350036159360E+003 -0.136350036159360E+003
  0.195374700980006E+001  0.515877275225490E+000  0.641948527514284E+000  0.393921187602145E+000 -0.131028262406404E+000 -0.136350030037703E+003 -0.136350030037703E+003
  0.188845195743711E+001  0.545758220774804E+000  0.626851530229448E+000  0.404318392934877E+000 -0.131028262406404E+000 -0.136350023336537E+003 -0.136350023336537E+003
  0.187854909539821E+001  0.554694556586109E+000  0.380211974657209E+000  0.406935809184200E+000 -0.131028262406404E+000 -0.136350019802715E+003 -0.136350019802715E+003
  0.190451807836281E+001  0.541981011534860E+000  0.102196793870929E+000  0.398789707638793E+000 -0.131028262406404E+000 -0.136350044098791E+003 -0.136350044098791E+003
  0.190992941603559E+001  0.543560234226882E+000  0.406213863892931E+000  0.400842681435066E+000 -0.131028262406404E+000 -0.136350020342163E+003 -0.136350020342163E+003
  0.188951715226718E+001  0.550921087663603E+000  0.325498541016130E+000  0.402992065274836E+000 -0.131028262406404E+000 -0.136349992111084E+003 -0.136349992111084E+003
  0.194690521551454E+001  0.512146736494807E+000  0.735499697404229E-001  0.394012263128680E+000 -0.131028262406404E+000 -0.136350014171359E+003 -0.136350014171359E+003
  0.193573603896008E+001  0.528460753001199E+000  0.952404939065245E+000  0.395233873728768E+000 -0.131028262406404E+000 -0.136350011728041E+003 -0.136350011728041E+003
  0.188806943733476E+001  0.551370184522335E+000  0.976286757624769E-001  0.405175103673658E+000 -0.131028262406404E+000 -0.136350006226124E+003 -0.136350006226124E+003
  0.190741895850196E+001  0.544749110078815E+000  0.972882648946716E+000  0.399129721297932E+000 -0.131028262406404E+000 -0.136350019341534E+003 -0.136350019341534E+003
  0.187539182886577E+001  0.555581506122995E+000  0.699342195196747E+000  0.406914184805090E+000 -0.131028262406404E+000 -0.136350017026397E+003 -0.136350017026397E+003
  0.193533191459093E+001  0.517949100369052E+000  0.330566343945457E+000  0.397355839012536E+000 -0.131028262406404E+000 -0.136350036790510E+003 -0.136350036790510E+003
  0.195105246202654E+001  0.512721954777037E+000  0.373522227657634E+000  0.392645582779865E+000 -0.131028262406404E+000 -0.136350000784581E+003 -0.136350000784581E+003
  0.187628318791879E+001  0.557706587727613E+000  0.897938096869222E+000  0.406719574234452E+000 -0.131028262406404E+000 -0.136350004986428E+003 -0.136350004986428E+003
  0.196198526759643E+001  0.511656480641175E+000  0.658982198920595E+000  0.390033407837360E+000 -0.131028262406404E+000 -0.136350037924660E+003 -0.136350037924660E+003
  0.193689589529452E+001  0.524661608980979E+000  0.305061202731483E-001  0.395812897192863E+000 -0.131028262406404E+000 -0.136349987543593E+003 -0.136349987543593E+003
  0.187873977949557E+001  0.561205089146616E+000  0.573509705372219E+000  0.405606892892891E+000 -0.131028262406404E+000 -0.136350020359697E+003 -0.136350020359697E+003
  0.191226853306500E+001  0.537966598032038E+000  0.912130252081951E+000  0.400064707692889E+000 -0.131028262406404E+000 -0.136349978033744E+003 -0.136349978033744E+003
  0.189891210307042E+001  0.539680049646052E+000  0.371776641430964E+000  0.402600093247714E+000 -0.131028262406404E+000 -0.136350015536453E+003 -0.136350015536453E+003
  0.192205156338322E+001  0.524512815760158E+000  0.554286063587737E+000  0.398109172411375E+000 -0.131028262406404E+000 -0.136350035839743E+003 -0.136350035839743E+003
  0.196498369142049E+001  0.502187435967001E+000  0.854806970458868E+000  0.390755516947356E+000 -0.131028262406404E+000 -0.136350027875340E+003 -0.136350027875340E+003
  0.192536580633752E+001  0.524537319756400E+000  0.792188270349802E-001  0.398903166695073E+000 -0.131028262406404E+000 -0.136350021392250E+003 -0.136350021392250E+003
  0.193265349834311E+001  0.527039204023022E+000  0.558812750053958E+000  0.395749195957737E+000 -0.131028262406404E+000 -0.136349984925122E+003 -0.136349984925122E+003
  0.197750132409952E+001  0.500087662266462E+000  0.714987860270214E+000  0.387650102913528E+000 -0.131028262406404E+000 -0.136350046622421E+003 -0.136350046622421E+003
  0.195768358333630E+001  0.507484063142967E+000  0.587531728690724E+000  0.394053264443553E+000 -0.131028262406404E+000 -0.136350047807916E+003 -0.136350047807916E+003
  0.194371737172090E+001  0.522380792662772E+000  0.596986116717041E+000  0.392849331132889E+000 -0.131028262406404E+000 -0.136350025413529E+003 -0.136350025413529E+003
  0.197290841056976E+001  0.505111855471415E+000  0.288754937924058E+000  0.389564201896551E+000 -0.131028262406404E+000 -0.136350033284840E+003 -0.136350033284840E+003
  0.194688799787628E+001  0.511433354503976E+000  0.267368726663534E+000  0.395622363189320E+000 -0.131028262406404E+000 -0.136350047221457E+003 -0.136350047221457E+003
  0.189991465516551E+001  0.547509683297387E+000  0.258036285084393E+000  0.400599393867221E+000 -0.131028262406404E+000 -0.136350005154289E+003 -0.136350005154289E+003
  0.192180889852384E+001  0.528946900413755E+000  0.344588100592391E-002  0.399550735029800E+000 -0.131028262406404E+000 -0.136350005453536E+003 -0.136350005453536E+003
  0.192482385045108E+001  0.530707441295787E+000  0.646702384851507E-001  0.398888807308110E+000 -0.131028262406404E+000 -0.136350001601059E+003 -0.136350001601059E+003
  0.193712830931974E+001  0.521393884223434E+000  0.391031319942037E+000  0.395892489710189E+000 -0.131028262406404E+000 -0.136349983784063E+003 -0.136349983784063E+003
  0.187011907011920E+001  0.558283375522025E+000  0.955546069893437E+000  0.408555234817834E+000 -0.131028262406404E+000 -0.136350041221632E+003 -0.136350041221632E+003
  0.191362251438485E+001  0.532711650149493E+000  0.450010243852157E+000  0.399155439127544E+000 -0.131028262406404E+000 -0.136349996173943E+003 -0.136349996173943E+003
  0.194327580205089E+001  0.518532513597609E+000  0.928537620410416E+000  0.394633897727015E+000 -0.131028262406404E+000 -0.136349985315379E+003 -0.136349985315379E+003
  0.193315292374463E+001  0.525006377846375E+000  0.424838299857305E+000  0.393892633898539E+000 -0.131028262406404E+000 -0.136350048314544E+003 -0.136350048314544E+003
  0.186687083373912E+001  0.564778622714774E+000  0.475450195739426E+000  0.408367839465980E+000 -0.131028262406404E+000 -0.136350019605678E+003 -0.136350019605678E+003
  0.196614211110495E+001  0.504795159377068E+000  0.486097554946225E+000  0.392041764843826E+000 -0.131028262406404E+000 -0.136350028482632E+003 -0.136350028482632E+003
  0.190999901259528E+001  0.545426926443172E+000  0.542254163407983E+000  0.399465296837187E+000 -0.131028262406404E+000 -0.136350033655719E+003 -0.136350033655719E+003
  0.195671113396161E+001  0.509233056252772E+000  0.623001405226860E+000  0.393779490542576E+000 -0.131028262406404E+000 -0.136350025525891E+003 -0.136350025525891E+003
  0.187925957861734E+001  0.556356323602253E+000  0.285458725337148E+000  0.405418690423590E+000 -0.131028262406404E+000 -0.136349996353146E+003 -0.136349996353146E+003
  0.191496524575495E+001  0.535022660519000E+000  0.756296705434774E+000  0.398160737715202E+000 -0.131028262406404E+000 -0.136349992665634E+003 -0.136349992665634E+003
  0.188717280955587E+001  0.547204520758344E+000  0.462441247130349E+000  0.403273962134367E+000 -0.131028262406404E+000 -0.136350032777018E+003 -0.136350032777018E+003
  0.190276898691359E+001  0.546662388376061E+000  0.218306592607152E+000  0.400277930921648E+000 -0.131028262406404E+000 -0.136350005102376E+003 -0.136350005102376E+003
  0.188798185551804E+001  0.558014379723078E+000  0.440129084892860E+000  0.402818239179232E+000 -0.131028262406404E+000 -0.136350045878294E+003 -0.136350045878294E+003
  0.196684414457657E+001  0.504930154841849E+000  0.469106049686524E+000  0.390034767252610E+000 -0.131028262406404E+000 -0.136350014347156E+003 -0.136350014347156E+003
  0.187439225795132E+001  0.558531649078402E+000  0.229191847139899E+000  0.407863649557952E+000 -0.131028262406404E+000 -0.136350028107271E+003 -0.136350028107271E+003
  0.195534908486062E+001  0.514840264460086E+000  0.587859279069234E+000  0.391386545954627E+000 -0.131028262406404E+000 -0.136350018207578E+003 -0.136350018207578E+003
  0.190957665012824E+001  0.541316345336260E+000  0.971506424520687E+000  0.400822945215553E+000 -0.131028262406404E+000 -0.136349992008651E+003 -0.136349992008651E+003
  0.197730123546267E+001  0.500383723616203E+000  0.802397217850178E+000  0.387897085940592E+000 -0.131028262406404E+000 -0.136350040028826E+003 -0.136350040028826E+003
  0.195665786632699E+001  0.514988608255589E+000  0.819776001557174E+000  0.392536345697314E+000 -0.131028262406404E+000 -0.136350018859035E+003 -0.136350018859035E+003
  0.194660259222475E+001  0.511370023746226E+000  0.519371999425063E+000  0.393345147015976E+000 -0.131028262406404E+000 -0.136350037833712E+003 -0.136350037833712E+003
  0.188779323880776E+001  0.556839149930034E+000  0.694390764201628E+000  0.404805174839156E+000 -0.131028262406404E+000 -0.136350038412044E+003 -0.136350038412044E+003
  0.196114641620719E+001  0.506992122707807E+000  0.911941825514829E+000  0.391074082088047E+000 -0.131028262406404E+000 -0.136350009035149E+003 -0.136350009035149E+003
  0.194127421122770E+001  0.519696868142636E+000  0.819551405238036E+000  0.393701102702704E+000 -0.131028262406404E+000 -0.136350001678891E+003 -0.136350001678891E+003
  0.189207068459226E+001  0.552384218742390E+000  0.654263145414102E+000  0.402179845464794E+000 -0.131028262406404E+000 -0.136350006539053E+003 -0.136350006539053E+003
  0.190169830883704E+001  0.546047831930364E+000  0.876446622738112E+000  0.400509965622913E+000 -0.131028262406404E+000 -0.136349996582011E+003 -0.136349996582011E+003
  0.191627656024093E+001  0.530118248620884E+000  0.999785501895359E+000  0.400375934964491E+000 -0.131028262406404E+000 -0.136350016000872E+003 -0.136350016000872E+003
  0.193170631287478E+001  0.523724621115618E+000  0.360923499160729E-001  0.397970880166641E+000 -0.131028262406404E+000 -0.136350009599144E+003 -0.136350009599144E+003
  0.189279915272313E+001  0.551783453700175E+000  0.267283943239828E+000  0.402957885036592E+000 -0.131028262406404E+000 -0.136349995436604E+003 -0.136349995436604E+003
  0.193611137088671E+001  0.525714289515361E+000  0.308592367206097E+000  0.394179182296028E+000 -0.131028262406404E+000 -0.136350012190351E+003 -0.136350012190351E+003
  0.189967788263481E+001  0.550522288245648E+000  0.633071529912834E+000  0.402550240434178E+000 -0.131028262406404E+000 -0.136350036017773E+003 -0.136350036017773E+003
  0.194752724883317E+001  0.519914550906380E+000  0.354571927121951E+000  0.394579770811031E+000 -0.131028262406404E+000 -0.136350016697519E+003 -0.136350016697519E+003
  0.190651566332344E+001  0.540286296436308E+000  0.833611151631982E+000  0.401929330970804E+000 -0.131028262406404E+000 -0.136349995096524E+003 -0.136349995096524E+003
  0.191844224217405E+001  0.533190340799913E+000  0.451527510640736E+000  0.396857101480562E+000 -0.131028262406404E+000 -0.136350019754954E+003 -0.136350019754954E+003
  0.196371447338864E+001  0.504927521875430E+000  0.817848829366786E+000  0.391524884662979E+000 -0.131028262406404E+000 -0.136350010088239E+003 -0.136350010088239E+003
  0.189621304163193E+001  0.549057505106863E+000  0.553478019636785E+000  0.401666059461460E+000 -0.131028262406404E+000 -0.136349994427191E+003 -0.136349994427191E+003
  0.195628660339777E+001  0.511731242242929E+000  0.304525559205908E-001  0.390594937062778E+000 -0.131028262406404E+000 -0.136350037660766E+003 -0.136350037660766E+003
  0.186227245070130E+001  0.566146074619352E+000  0.847878400467714E+000  0.407478925544547E+000 -0.131028262406404E+000 -0.136350038324504E+003 -0.136350038324504E+003
  0.186275793630879E+001  0.562741924751819E+000  0.429385278675124E+000  0.408674672128588E+000 -0.131028262406404E+000 -0.136350035587201E+003 -0.136350035587201E+003
  0.189930703160243E+001  0.541710368057977E+000  0.246635461453375E+000  0.403489775529720E+000 -0.131028262406404E+000 -0.136350013521205E+003 -0.136350013521205E+003
  0.194031728347355E+001  0.514544718714702E+000  0.345943709038122E+000  0.395208428266884E+000 -0.131028262406404E+000 -0.136350028689275E+003 -0.136350028689275E+003
  0.194008685371803E+001  0.517731212649350E+000  0.645129819067744E+000  0.394783496056598E+000 -0.131028262406404E+000 -0.136349996875750E+003 -0.136349996875750E+003
  0.191133003203040E+001  0.533742661396425E+000  0.659181302208314E+000  0.399400719048887E+000 -0.131028262406404E+000 -0.136350002386628E+003 -0.136350002386628E+003
  0.195371837678485E+001  0.514360749975844E+000  0.755322557015006E+000  0.393402213679711E+000 -0.131028262406404E+000 -0.136350003915502E+003 -0.136350003915502E+003
  0.188993878044154E+001  0.554443882841995E+000  0.979435770167257E-001  0.401756801523429E+000 -0.131028262406404E+000 -0.136350039025342E+003 -0.136350039025342E+003
  0.195224596161816E+001  0.515959481336134E+000  0.108224896834924E+000  0.393469356073974E+000 -0.131028262406404E+000 -0.136350003727479E+003 -0.136350003727479E+003
  0.191746016906431E+001  0.536515657692426E+000  0.762941721512713E+000  0.399266523449805E+000 -0.131028262406404E+000 -0.136349986485938E+003 -0.136349986485938E+003
  0.191727440000920E+001  0.534341494998108E+000  0.617433191216022E+000  0.396859234984007E+000 -0.131028262406404E+000 -0.136350027947303E+003 -0.136350027947303E+003
  0.196715533438303E+001  0.501158455291802E+000  0.726883080941051E+000  0.391615535827706E+000 -0.131028262406404E+000 -0.136350033087211E+003 -0.136350033087211E+003
  0.190813417574674E+001  0.536035461493133E+000  0.577219710580888E+000  0.398607114449310E+000 -0.131028262406404E+000 -0.136350047815440E+003 -0.136350047815440E+003
  0.189104642906920E+001  0.548554587113802E+000  0.415942105670997E+000  0.403431349960442E+000 -0.131028262406404E+000 -0.136349986310491E+003 -0.136349986310491E+003
  0.196083752685250E+001  0.507428975270673E+000  0.387853149870423E+000  0.391070705191699E+000 -0.131028262406404E+000 -0.136350008518351E+003 -0.136350008518351E+003
  0.192935145051243E+001  0.531669368052171E+000  0.374803097179740E+000  0.397552770388882E+000 -0.131028262406404E+000 -0.136350016454995E+003 -0.136350016454995E+003
  0.192655643911981E+001  0.527144755263859E+000  0.519818674486966E+000  0.398850259447249E+000 -0.131028262406404E+000 -0.136350007462209E+003 -0.136350007462209E+003
  0.187208740502959E+001  0.561350503941425E+000  0.588592785423847E+000  0.408130921980043E+000 -0.131028262406404E+000 -0.136350028702022E+003 -0.136350028702022E+003
  0.188759966951561E+001  0.550890782811247E+000  0.354375933941161E+000  0.403579733469318E+000 -0.131028262406404E+000 -0.136349991763614E+003 -0.136349991763614E+003
  0.190145960690143E+001  0.549129486745953E+000  0.991070176028719E+000  0.401590473514761E+000 -0.131028262406404E+000 -0.136350017929925E+003 -0.136350017929925E+003
  0.186111473795503E+001  0.566665136821969E+000  0.470623140362099E+000  0.410055152297618E+000 -0.131028262406404E+000 -0.136350041179395E+003 -0.136350041179395E+003
  0.188212012201548E+001  0.549537591189500E+000  0.854934770218272E+000  0.406640022547847E+000 -0.131028262406404E+000 -0.136350049409098E+003 -0.136350049409098E+003
  0.194129539904962E+001  0.524602647970260E+000  0.862055042529818E+000  0.394833566551704E+000 -0.131028262406404E+000 -0.136350009242870E+003 -0.136350009242870E+003
  0.189541516750437E+001  0.546071720434660E+000  0.635133206613704E+000  0.404636951701806E+000 -0.131028262406404E+000 -0.136350030239470E+003 -0.136350030239470E+003
  0.192163350762402E+001  0.528221479387890E+000  0.719803764836474E+000  0.399150684684527E+000 -0.131028262406404E+000 -0.136349998338934E+003 -0.136349998338934E+003
  0.189098726187591E+001  0.548331347628836E+000  0.900822996482932E+000  0.405512531196531E+000 -0.131028262406404E+000 -0.136350037860729E+003 -0.136350037860729E+003
  0.194214345308536E+001  0.516495814622783E+000  0.440862760229478E+000  0.395114416000878E+000 -0.131028262406404E+000 -0.136349996390911E+003 -0.136349996390911E+003
  0.186521771609623E+001  0.567433588357437E+000  0.915581820896045E+000  0.407983292250651E+000 -0.131028262406404E+000 -0.136350024222954E+003 -0.136350024222954E+003
  0.189642624176692E+001  0.543025520347411E+000  0.826008759076003E+000  0.402914645462681E+000 -0.131028262406404E+000 -0.136349996475633E+003 -0.136349996475633E+003
  0.196491366236753E+001  0.506183469673345E+000  0.478733876057990E+000  0.390938227437363E+000 -0.131028262406404E+000 -0.136350006405240E+003 -0.136350006405240E+003
  0.187862851559257E+001  0.557306076975520E+000  0.918029861755284E+000  0.405912851752188E+000 -0.131028262406404E+000 -0.136349998050732E+003 -0.136349998050732E+003
  0.196685320041796E+001  0.501556802400783E+000  0.434520985182670E+000  0.392255786438293E+000 -0.131028262406404E+000 -0.136350048124761E+003 -0.136350048124761E+003
  0.192211780488873E+001  0.533876122009718E+000  0.856795107265542E+000  0.397309422496573E+000 -0.131028262406404E+000 -0.136349987205875E+003 -0.136349987205875E+003
  0.191678032261832E+001  0.529367527374529E+000  0.309094713157083E-001  0.398201822385441E+000 -0.131028262406404E+000 -0.136350023216469E+003 -0.136350023216469E+003
  0.191408055076600E+001  0.540415226261387E+000  0.980540798148069E+000  0.398832716334204E+000 -0.131028262406404E+000 -0.136349998507983E+003 -0.136349998507983E+003
  0.189520231237331E+001  0.545653592651345E+000  0.710559925573940E+000  0.402166996738473E+000 -0.131028262406404E+000 -0.136349990023559E+003 -0.136349990023559E+003
  0.196264234371381E+001  0.505004178919622E+000  0.326115965772566E+000  0.390322879779640E+000 -0.131028262406404E+000 -0.136350029944210E+003 -0.136350029944210E+003
  0.194745863419213E+001  0.511671148552965E+000  0.244902387566462E+000  0.395171629525948E+000 -0.131028262406404E+000 -0.136350030385809E+003 -0.136350030385809E+003
  0.194792212258398E+001  0.520778481237081E+000  0.138107548331302E+000  0.394572989179071E+000 -0.131028262406404E+000 -0.136350031503985E+003 -0.136350031503985E+003
  0.193675622643093E+001  0.517363611387254E+000  0.363001183851417E+000  0.395716215565204E+000 -0.131028262406404E+000 -0.136350016765620E+003 -0.136350016765620E+003
  0.191215767128969E+001  0.533400132766905E+000  0.122365066733205E+000  0.399145335957702E+000 -0.131028262406404E+000 -0.136350003062485E+003 -0.136350003062485E+003
  0.194422756896495E+001  0.511678387122208E+000  0.191253307581018E+000  0.394737445815624E+000 -0.131028262406404E+000 -0.136350039611430E+003 -0.136350039611430E+003
  0.191841851871220E+001  0.535940802450385E+000  0.831410381229454E-001  0.400599100909385E+000 -0.131028262406404E+000 -0.136350039053379E+003 -0.136350039053379E+003
  0.192177285715163E+001  0.530989307790743E+000  0.765160970750930E+000  0.398637820537298E+000 -0.131028262406404E+000 -0.136349979151708E+003 -0.136349979151708E+003
  0.191425410672617E+001  0.533538078881342E+000  0.830164280611790E-001  0.401275910657102E+000 -0.131028262406404E+000 -0.136350021674375E+003 -0.136350021674375E+003
  0.190319698176383E+001  0.541366489465931E+000  0.152149429586645E-001  0.401472456179942E+000 -0.131028262406404E+000 -0.136349979439678E+003 -0.136349979439678E+003
  0.188315275730633E+001  0.548111848600714E+000  0.958761694562098E+000  0.404777003719513E+000 -0.131028262406404E+000 -0.136350041938390E+003 -0.136350041938390E+003
  0.185657825158065E+001  0.569591147600745E+000  0.924141679320154E+000  0.409253905430637E+000 -0.131028262406404E+000 -0.136350033952770E+003 -0.136350033952770E+003
