  0.524835730742064E+000  0.199536135104483E+001  0.465439242131391E+000  0.489059651290176E+000 -0.131028262406404E+000 -0.153909501173755E+003 -0.153909501173755E+003 -0.153910530159918E+003
  0.516341297951507E+000  0.199443667321414E+001  0.917027537775254E+000  0.498064071198478E+000 -0.131028262406404E+000 -0.153908377144287E+003 -0.153908377144287E+003 -0.153910582423138E+003
  0.494247020592265E+000  0.199903059155269E+001  0.399011724901368E-001  0.496592373540330E+000 -0.131028262406404E+000 -0.153909665970661E+003 -0.153909665970661E+003 -0.153912211785765E+003
  0.517555115649712E+000  0.197840777047643E+001  0.570507066975865E-001  0.499428885031486E+000 -0.131028262406404E+000 -0.153910342729603E+003 -0.153910342729603E+003 -0.153911506857784E+003
  0.522234411394557E+000  0.199853309755132E+001  0.551024519785980E+000  0.494972620000708E+000 -0.131028262406404E+000 -0.153908198246336E+003 -0.153908198246336E+003 -0.153912974272897E+003
  0.532687954853195E+000  0.199811047523078E+001  0.684596794007322E+000  0.495036862685364E+000 -0.131028262406404E+000 -0.153908313854779E+003 -0.153908313854779E+003 -0.153910956417461E+003
  0.536053685263202E+000  0.199683682406140E+001  0.153125686410129E+000  0.495453468602076E+000 -0.131028262406404E+000 -0.153908560413777E+003 -0.153908560413777E+003 -0.153911386940781E+003
  0.532075914288035E+000  0.199105325755440E+001  0.671666193963872E-001  0.490862876178190E+000 -0.131028262406404E+000 -0.153909842831843E+003 -0.153909842831843E+003 -0.153912787603526E+003
  0.516821970445716E+000  0.199621428587287E+001  0.811931769789480E+000  0.489990960634573E+000 -0.131028262406404E+000 -0.153909476466145E+003 -0.153909476466145E+003 -0.153913592343347E+003
  0.536803992959370E+000  0.199178315653871E+001  0.979424123262351E+000  0.495457062550166E+000 -0.131028262406404E+000 -0.153909334780018E+003 -0.153909334780018E+003 -0.153910399545185E+003
  0.496235242125818E+000  0.199642698103721E+001  0.233656419521098E+000  0.495042861515985E+000 -0.131028262406404E+000 -0.153910064683462E+003 -0.153910064683462E+003 -0.153910744098788E+003
  0.519197805572770E+000  0.199648371855666E+001  0.156144693556279E+000  0.485366294379140E+000 -0.131028262406404E+000 -0.153910159613560E+003 -0.153910159613560E+003 -0.153910511502808E+003
  0.552630532441415E+000  0.199724784405325E+001  0.528613172212144E+000  0.495859758173530E+000 -0.131028262406404E+000 -0.153909675881482E+003 -0.153909675881482E+003 -0.153911189495786E+003
  0.527688617193422E+000  0.199836232233225E+001  0.307323719303306E+000  0.487473330250792E+000 -0.131028262406404E+000 -0.153909310173981E+003 -0.153909310173981E+003 -0.153912134323880E+003
  0.524894847241875E+000  0.199351509557349E+001  0.598799877069819E+000  0.495704165413813E+000 -0.131028262406404E+000 -0.153908755153826E+003 -0.153908755153826E+003 -0.153911581973477E+003
  0.540673680500350E+000  0.199116018681619E+001  0.874077464340733E+000  0.493865633201845E+000 -0.131028262406404E+000 -0.153909807116641E+003 -0.153909807116641E+003 -0.153912935968522E+003
  0.527537218383038E+000  0.198548495721578E+001  0.738254570006062E+000  0.495574472231203E+000 -0.131028262406404E+000 -0.153909931111226E+003 -0.153909931111226E+003 -0.153913474303358E+003
  0.520524760825896E+000  0.199971904764980E+001  0.501673604038037E+000  0.488249704842225E+000 -0.131028262406404E+000 -0.153909180657210E+003 -0.153909180657210E+003 -0.153912569953498E+003
  0.543751232581064E+000  0.199573583821038E+001  0.908087693845807E+000  0.496929404437586E+000 -0.131028262406404E+000 -0.153909022362692E+003 -0.153909022362692E+003 -0.153910473072941E+003
  0.505928854975778E+000  0.199128823382914E+001  0.841225460394210E+000  0.494772577371612E+000 -0.131028262406404E+000 -0.153909851345347E+003 -0.153909851345347E+003 -0.153910701996915E+003
  0.519764109142151E+000  0.198413914508528E+001  0.859476579215393E+000  0.494709525692606E+000 -0.131028262406404E+000 -0.153910221241388E+003 -0.153910221241388E+003 -0.153914210797062E+003
  0.533230627306985E+000  0.199391099405386E+001  0.344677084527311E+000  0.492415117563268E+000 -0.131028262406404E+000 -0.153909257834330E+003 -0.153909257834330E+003 -0.153911219444499E+003
  0.505882569405115E+000  0.198515951522251E+001  0.276260273719029E+000  0.499647663407108E+000 -0.131028262406404E+000 -0.153909744425754E+003 -0.153909744425754E+003 -0.153911522368805E+003
  0.540395758349121E+000  0.199223487733746E+001  0.413570456549811E+000  0.499850380614098E+000 -0.131028262406404E+000 -0.153909042941941E+003 -0.153909042941941E+003 -0.153911606905594E+003
  0.523180063564447E+000  0.198200748873172E+001  0.377960925882916E+000  0.496826850841778E+000 -0.131028262406404E+000 -0.153910204913050E+003 -0.153910204913050E+003 -0.153910565598481E+003
  0.497744988143542E+000  0.199256904224589E+001  0.319068715596259E+000  0.495108899169510E+000 -0.131028262406404E+000 -0.153910337508297E+003 -0.153910337508297E+003 -0.153910450798396E+003
  0.525733064104421E+000  0.199778281484124E+001  0.584974333830857E+000  0.483327846611914E+000 -0.131028262406404E+000 -0.153910104681477E+003 -0.153910104681477E+003 -0.153910743665446E+003
  0.540948155065929E+000  0.199941489524909E+001  0.778787465520947E+000  0.488009168399522E+000 -0.131028262406404E+000 -0.153909265710732E+003 -0.153909265710732E+003 -0.153912953694717E+003
  0.531521620055395E+000  0.199154869171331E+001  0.297930515647974E+000  0.489566918305553E+000 -0.131028262406404E+000 -0.153909939907119E+003 -0.153909939907119E+003 -0.153914802116458E+003
  0.498359571471550E+000  0.199444490397264E+001  0.192145322017149E+000  0.493808730527088E+000 -0.131028262406404E+000 -0.153910325064625E+003 -0.153910325064625E+003 -0.153910556139331E+003
  0.503110797621267E+000  0.199468374925940E+001  0.847744061279578E-001  0.496828080945251E+000 -0.131028262406404E+000 -0.153909255822205E+003 -0.153909255822205E+003 -0.153910487461677E+003
  0.495154835115392E+000  0.199560645799472E+001  0.558262049852988E+000  0.497264172451458E+000 -0.131028262406404E+000 -0.153909810469642E+003 -0.153909810469642E+003 -0.153912816116948E+003
  0.540051344318615E+000  0.198963749204505E+001  0.821112971841824E+000  0.499187855176106E+000 -0.131028262406404E+000 -0.153909477138963E+003 -0.153909477138963E+003 -0.153914594350059E+003
  0.511728255084156E+000  0.199146797499749E+001  0.460572523356795E+000  0.490239292846451E+000 -0.131028262406404E+000 -0.153910298524382E+003 -0.153910298524382E+003 -0.153910631266598E+003
  0.535390805167536E+000  0.199769209335604E+001  0.521286583150350E+000  0.496205751570357E+000 -0.131028262406404E+000 -0.153908322642988E+003 -0.153908322642988E+003 -0.153913131293544E+003
  0.515831577198478E+000  0.198914589276246E+001  0.635998206063366E-001  0.498470004422232E+000 -0.131028262406404E+000 -0.153909029960277E+003 -0.153909029960277E+003 -0.153914835474909E+003
  0.530530493057466E+000  0.199706801020353E+001  0.873478616680638E+000  0.488545132265961E+000 -0.131028262406404E+000 -0.153909310310475E+003 -0.153909310310475E+003 -0.153911383073933E+003
  0.515590200879786E+000  0.199524199874291E+001  0.285253032825848E+000  0.489957096421633E+000 -0.131028262406404E+000 -0.153909663554340E+003 -0.153909663554340E+003 -0.153910382560077E+003
  0.511889991829042E+000  0.199443147898271E+001  0.409947766706509E+000  0.492609952339031E+000 -0.131028262406404E+000 -0.153909481684071E+003 -0.153909481684071E+003 -0.153911062494306E+003
  0.524025428910961E+000  0.198916259657867E+001  0.979259211141138E-001  0.489679205267377E+000 -0.131028262406404E+000 -0.153910252358362E+003 -0.153910252358362E+003 -0.153910602770879E+003
  0.522394176538241E+000  0.198788268710496E+001  0.407229366574080E+000  0.495752674245395E+000 -0.131028262406404E+000 -0.153909528163753E+003 -0.153909528163753E+003 -0.153910677078633E+003
  0.560666572365906E+000  0.199907650267623E+001  0.211761914696744E+000  0.497444706079102E+000 -0.131028262406404E+000 -0.153910269948928E+003 -0.153910269948928E+003 -0.153910840147200E+003
  0.534935792678310E+000  0.198916582051708E+001  0.337735529792829E+000  0.493504568188711E+000 -0.131028262406404E+000 -0.153909864104181E+003 -0.153909864104181E+003 -0.153911360910723E+003
  0.526892137887464E+000  0.199917775301271E+001  0.536194981127047E+000  0.497291694198280E+000 -0.131028262406404E+000 -0.153907766535283E+003 -0.153907766535283E+003 -0.153911502016289E+003
  0.503421006394565E+000  0.199979745673167E+001  0.123462774132130E-001  0.498203544079062E+000 -0.131028262406404E+000 -0.153908353475575E+003 -0.153908353475575E+003 -0.153910386732249E+003
  0.560320400671324E+000  0.199825305520619E+001  0.296209349876091E+000  0.499170591064680E+000 -0.131028262406404E+000 -0.153910285500043E+003 -0.153910285500043E+003 -0.153912940306110E+003
  0.527712512216875E+000  0.198137834489212E+001  0.634191341576352E+000  0.497055819285755E+000 -0.131028262406404E+000 -0.153910341792173E+003 -0.153910341792173E+003 -0.153910500187206E+003
  0.526766756352372E+000  0.199852354835114E+001  0.131163042600729E+000  0.487287837441483E+000 -0.131028262406404E+000 -0.153909330570674E+003 -0.153909330570674E+003 -0.153915170687123E+003
  0.540966950776905E+000  0.199216117074597E+001  0.701214689069072E+000  0.497408482843951E+000 -0.131028262406404E+000 -0.153909321793323E+003 -0.153909321793323E+003 -0.153911695683828E+003
  0.515562675405382E+000  0.198988434772850E+001  0.395878820447741E+000  0.491866450695762E+000 -0.131028262406404E+000 -0.153910020794566E+003 -0.153910020794566E+003 -0.153913384009977E+003
  0.523489532371221E+000  0.198796348262266E+001  0.404723479017971E+000  0.493495422079566E+000 -0.131028262406404E+000 -0.153909843106496E+003 -0.153909843106496E+003 -0.153911760440453E+003
  0.498811095037624E+000  0.199990215593858E+001  0.758592421526123E+000  0.495015253072073E+000 -0.131028262406404E+000 -0.153909396092557E+003 -0.153909396092557E+003 -0.153910851830269E+003
  0.537283939928382E+000  0.199779767487826E+001  0.705179452807098E+000  0.482495818069533E+000 -0.131028262406404E+000 -0.153910135969846E+003 -0.153910135969846E+003 -0.153913048124246E+003
  0.528275037194238E+000  0.199814752021912E+001  0.529947103171147E+000  0.481328839003369E+000 -0.131028262406404E+000 -0.153910329719297E+003 -0.153910329719297E+003 -0.153910761650623E+003
  0.552013216223531E+000  0.199934400136825E+001  0.812054340895621E-001  0.499278168119639E+000 -0.131028262406404E+000 -0.153909047159473E+003 -0.153909047159473E+003 -0.153911680428075E+003
  0.549468832034213E+000  0.199618640261006E+001  0.574053850136904E+000  0.497214377208737E+000 -0.131028262406404E+000 -0.153909424863483E+003 -0.153909424863483E+003 -0.153918980252675E+003
  0.525465245734062E+000  0.198847426894460E+001  0.733884028935487E+000  0.496906878668168E+000 -0.131028262406404E+000 -0.153909296822521E+003 -0.153909296822521E+003 -0.153910543632863E+003
  0.523346853525669E+000  0.199780317607298E+001  0.858796440867676E+000  0.486318468709092E+000 -0.131028262406404E+000 -0.153909663098952E+003 -0.153909663098952E+003 -0.153910932665836E+003
  0.501627710114428E+000  0.199291119942542E+001  0.718808321872693E+000  0.496085709216674E+000 -0.131028262406404E+000 -0.153909736093946E+003 -0.153909736093946E+003 -0.153912921262302E+003
  0.510266420877592E+000  0.199548183503846E+001  0.207155788972246E+000  0.497342831849127E+000 -0.131028262406404E+000 -0.153908595359924E+003 -0.153908595359924E+003 -0.153914471718723E+003
  0.526339774113752E+000  0.198601587635760E+001  0.489421915089136E+000  0.499922624018162E+000 -0.131028262406404E+000 -0.153909273493358E+003 -0.153909273493358E+003 -0.153911183369541E+003
  0.512936541926097E+000  0.199980303412153E+001  0.936451733892692E+000  0.496140148408638E+000 -0.131028262406404E+000 -0.153908127567371E+003 -0.153908127567371E+003 -0.153910638264938E+003
  0.526714769369611E+000  0.199631257904203E+001  0.284757515733248E+000  0.496685173388164E+000 -0.131028262406404E+000 -0.153908242732586E+003 -0.153908242732586E+003 -0.153910964108456E+003
  0.514937837046461E+000  0.199214009526097E+001  0.505482755469505E+000  0.499937701431791E+000 -0.131028262406404E+000 -0.153908422640641E+003 -0.153908422640641E+003 -0.153910416208637E+003
  0.531551180706072E+000  0.199873051726102E+001  0.304496237642396E-001  0.493947930509364E+000 -0.131028262406404E+000 -0.153908340893221E+003 -0.153908340893221E+003 -0.153910888093726E+003
  0.545642914625593E+000  0.199468804320425E+001  0.245644838894970E+000  0.490333086875160E+000 -0.131028262406404E+000 -0.153909947768703E+003 -0.153909947768703E+003 -0.153910551507541E+003
  0.505057738749646E+000  0.199736442771755E+001  0.404942424100496E+000  0.498089033349932E+000 -0.131028262406404E+000 -0.153908545924646E+003 -0.153908545924646E+003 -0.153912459122838E+003
  0.514590278352707E+000  0.199957534547905E+001  0.945623889847590E+000  0.493094309040306E+000 -0.131028262406404E+000 -0.153908607996718E+003 -0.153908607996718E+003 -0.153911838678773E+003
  0.547039170902726E+000  0.199916402134684E+001  0.817053510301352E-001  0.482461034338306E+000 -0.131028262406404E+000 -0.153910229184789E+003 -0.153910229184789E+003 -0.153910840704336E+003
  0.516287776163072E+000  0.198800655991645E+001  0.124877936538754E+000  0.498647674490246E+000 -0.131028262406404E+000 -0.153909146582253E+003 -0.153909146582253E+003 -0.153910733846173E+003
  0.512859843217193E+000  0.198682492758534E+001  0.957038529470058E+000  0.498136266388730E+000 -0.131028262406404E+000 -0.153909475130621E+003 -0.153909475130621E+003 -0.153911896434474E+003
  0.544245407522164E+000  0.199268168516304E+001  0.712740098581531E+000  0.493610715949970E+000 -0.131028262406404E+000 -0.153909834514343E+003 -0.153909834514343E+003 -0.153910688720641E+003
  0.526180898668890E+000  0.198620038589238E+001  0.385152062626199E-001  0.496917415090352E+000 -0.131028262406404E+000 -0.153909628667880E+003 -0.153909628667880E+003 -0.153910668220636E+003
  0.526693574023984E+000  0.198521899886414E+001  0.898540887023622E+000  0.498212649670320E+000 -0.131028262406404E+000 -0.153909611943269E+003 -0.153909611943269E+003 -0.153911163775518E+003
  0.531579040903801E+000  0.199564412558827E+001  0.669430026853227E+000  0.496443366379188E+000 -0.131028262406404E+000 -0.153908458614418E+003 -0.153908458614418E+003 -0.153915978907049E+003
  0.499879205329440E+000  0.199475546369114E+001  0.474934249602393E+000  0.499698503009652E+000 -0.131028262406404E+000 -0.153908961285353E+003 -0.153908961285353E+003 -0.153910536979458E+003
  0.521133501452218E+000  0.199811821583003E+001  0.528602370750393E+000  0.490738448617206E+000 -0.131028262406404E+000 -0.153908947352204E+003 -0.153908947352204E+003 -0.153916428724362E+003
  0.504938467615939E+000  0.199569663395838E+001  0.809796869372873E+000  0.490868514058051E+000 -0.131028262406404E+000 -0.153910153774935E+003 -0.153910153774935E+003 -0.153910837745692E+003
  0.538139688513114E+000  0.199337555002970E+001  0.112221454065918E+000  0.486296778822998E+000 -0.131028262406404E+000 -0.153910256115232E+003 -0.153910256115232E+003 -0.153911711429730E+003
  0.514781389752031E+000  0.197840541339108E+001  0.471393603664542E+000  0.499682583657108E+000 -0.131028262406404E+000 -0.153910333497678E+003 -0.153910333497678E+003 -0.153910743433890E+003
  0.505514084510671E+000  0.199959189977464E+001  0.805130878559651E+000  0.495478976999327E+000 -0.131028262406404E+000 -0.153908734819326E+003 -0.153908734819326E+003 -0.153910457445715E+003
  0.519526366162327E+000  0.198262038096966E+001  0.799588546212718E+000  0.495473926569275E+000 -0.131028262406404E+000 -0.153910318690846E+003 -0.153910318690846E+003 -0.153927065489543E+003
  0.540742686274119E+000  0.199920968137695E+001  0.285177378205277E+000  0.492283479716378E+000 -0.131028262406404E+000 -0.153908786779025E+003 -0.153908786779025E+003 -0.153918489545148E+003
  0.532542255972086E+000  0.199716516372874E+001  0.724190417151171E+000  0.486085218948622E+000 -0.131028262406404E+000 -0.153909664115793E+003 -0.153909664115793E+003 -0.153911011472720E+003
  0.529822379540323E+000  0.199717301629610E+001  0.118851928241428E+000  0.486594765900841E+000 -0.131028262406404E+000 -0.153909588268621E+003 -0.153909588268621E+003 -0.153911823444234E+003
  0.524981678486173E+000  0.199226216768756E+001  0.844520114930620E+000  0.486889288213447E+000 -0.131028262406404E+000 -0.153910260693517E+003 -0.153910260693517E+003 -0.153910753993565E+003
  0.531400932733783E+000  0.198285100008914E+001  0.686381246333749E+000  0.496975129176444E+000 -0.131028262406404E+000 -0.153910253491246E+003 -0.153910253491246E+003 -0.153910392815843E+003
  0.539964048439992E+000  0.199569472038052E+001  0.623522332525431E+000  0.485177723906557E+000 -0.131028262406404E+000 -0.153910121904481E+003 -0.153910121904481E+003 -0.153914924882021E+003
  0.534300324755523E+000  0.198356177185191E+001  0.490658495360694E+000  0.499810397285119E+000 -0.131028262406404E+000 -0.153909974714726E+003 -0.153909974714726E+003 -0.153910974939176E+003
  0.535125285269666E+000  0.198342512272480E+001  0.959394555346719E+000  0.499112924427993E+000 -0.131028262406404E+000 -0.153910114454071E+003 -0.153910114454071E+003 -0.153910819605620E+003
  0.534115070405461E+000  0.199694032774335E+001  0.220622173047165E+000  0.488830165234336E+000 -0.131028262406404E+000 -0.153909322632501E+003 -0.153909322632501E+003 -0.153912691345610E+003
  0.523606696285553E+000  0.198969775882760E+001  0.438532187759582E+000  0.496861278829016E+000 -0.131028262406404E+000 -0.153909117884287E+003 -0.153909117884287E+003 -0.153910754671708E+003
  0.525870487368061E+000  0.199828025335915E+001  0.580857634015725E+000  0.486434050978470E+000 -0.131028262406404E+000 -0.153909516918889E+003 -0.153909516918889E+003 -0.153912537471956E+003
  0.519208552360792E+000  0.199294878093446E+001  0.257218536495849E+000  0.493043463303230E+000 -0.131028262406404E+000 -0.153909302116159E+003 -0.153909302116159E+003 -0.153911488386805E+003
  0.504878721566898E+000  0.198760332685202E+001  0.226623323429325E+000  0.499259652133897E+000 -0.131028262406404E+000 -0.153909558644555E+003 -0.153909558644555E+003 -0.153915115959424E+003
  0.549324428271235E+000  0.199565156462320E+001  0.732003886081323E+000  0.489824962361562E+000 -0.131028262406404E+000 -0.153910114058372E+003 -0.153910114058372E+003 -0.153910637578075E+003
  0.534017950059197E+000  0.199453474764674E+001  0.434813021169551E+000  0.487569489412411E+000 -0.131028262406404E+000 -0.153909831552350E+003 -0.153909831552350E+003 -0.153911598206307E+003
  0.550039410210058E+000  0.199851993636472E+001  0.545969022853574E+000  0.498007926661967E+000 -0.131028262406404E+000 -0.153909055936719E+003 -0.153909055936719E+003 -0.153910514852174E+003
  0.505278095574751E+000  0.198721017881703E+001  0.258711099733061E-001  0.498819575036457E+000 -0.131028262406404E+000 -0.153909663012639E+003 -0.153909663012639E+003 -0.153911190088242E+003
  0.505242758871023E+000  0.199154620939989E+001  0.703465695929026E-001  0.493440373663291E+000 -0.131028262406404E+000 -0.153910124175764E+003 -0.153910124175764E+003 -0.153912165470542E+003
  0.507363014961570E+000  0.199983971261295E+001  0.374864193191038E+000  0.497066731388650E+000 -0.131028262406404E+000 -0.153908274625920E+003 -0.153908274625920E+003 -0.153912270042807E+003
  0.517110062086722E+000  0.198809918680410E+001  0.653851861369551E+000  0.493640603947116E+000 -0.131028262406404E+000 -0.153909906719932E+003 -0.153909906719932E+003 -0.153910455614783E+003
  0.536209921922740E+000  0.199217060312740E+001  0.116060076504614E+000  0.490810636498780E+000 -0.131028262406404E+000 -0.153909797866172E+003 -0.153909797866172E+003 -0.153913809436902E+003
  0.552904780447625E+000  0.199773162543692E+001  0.452277668462790E+000  0.498133375072610E+000 -0.131028262406404E+000 -0.153909477085448E+003 -0.153909477085448E+003 -0.153912040830522E+003
  0.554117420597940E+000  0.199759656504989E+001  0.206572993250609E-001  0.499157786796740E+000 -0.131028262406404E+000 -0.153909577650709E+003 -0.153909577650709E+003 -0.153911524962993E+003
  0.532279919525111E+000  0.199446532744808E+001  0.580757907191066E+000  0.490752396576806E+000 -0.131028262406404E+000 -0.153909378396380E+003 -0.153909378396380E+003 -0.153910569529927E+003
  0.529596393272053E+000  0.199852081230541E+001  0.792718387395312E+000  0.492511750672127E+000 -0.131028262406404E+000 -0.153908538589263E+003 -0.153908538589263E+003 -0.153910875684799E+003
  0.517992322989425E+000  0.199810478614260E+001  0.749660232543371E+000  0.485689732886281E+000 -0.131028262406404E+000 -0.153909955233334E+003 -0.153909955233334E+003 -0.153910677736768E+003
  0.529596458386954E+000  0.199411654288183E+001  0.805046815216881E+000  0.498342400581829E+000 -0.131028262406404E+000 -0.153908387572138E+003 -0.153908387572138E+003 -0.153911618261541E+003
  0.547894179096976E+000  0.199878956979850E+001  0.369253487104736E+000  0.495336576989052E+000 -0.131028262406404E+000 -0.153909025814205E+003 -0.153909025814205E+003 -0.153911767992527E+003
  0.535947743968650E+000  0.199206786085698E+001  0.492211878381514E+000  0.497979439222506E+000 -0.131028262406404E+000 -0.153908975233735E+003 -0.153908975233735E+003 -0.153911867464617E+003
  0.552121964398824E+000  0.199377913646589E+001  0.226477188418569E+000  0.496023395507109E+000 -0.131028262406404E+000 -0.153910164017961E+003 -0.153910164017961E+003 -0.153911062709791E+003
  0.506246104253077E+000  0.199604301533324E+001  0.952101774887699E+000  0.491657493230676E+000 -0.131028262406404E+000 -0.153909845982974E+003 -0.153909845982974E+003 -0.153911583738249E+003
  0.555275132728239E+000  0.199638929671659E+001  0.778893244365547E+000  0.494369354930385E+000 -0.131028262406404E+000 -0.153910201038494E+003 -0.153910201038494E+003 -0.153910784445947E+003
  0.541061683920700E+000  0.199994870922300E+001  0.123290839471592E+000  0.481499619040565E+000 -0.131028262406404E+000 -0.153910038777029E+003 -0.153910038777029E+003 -0.153910884327569E+003
  0.540131454193756E+000  0.199792980836960E+001  0.683748280113989E+000  0.497119008509059E+000 -0.131028262406404E+000 -0.153908427172808E+003 -0.153908427172808E+003 -0.153910914070462E+003
  0.491902289046240E+000  0.199475386181991E+001  0.244648429625949E+000  0.499316106687788E+000 -0.131028262406404E+000 -0.153909844941717E+003 -0.153909844941717E+003 -0.153910607747288E+003
  0.542264830582767E+000  0.199469158791031E+001  0.294174156935531E+000  0.492177390310225E+000 -0.131028262406404E+000 -0.153909547354189E+003 -0.153909547354189E+003 -0.153910914756649E+003
  0.530967969021071E+000  0.199509402553496E+001  0.722646441272861E+000  0.491365256321939E+000 -0.131028262406404E+000 -0.153909187174632E+003 -0.153909187174632E+003 -0.153918376295203E+003
  0.534396070321806E+000  0.198740253155326E+001  0.336647881860856E+000  0.492364545765807E+000 -0.131028262406404E+000 -0.153910240550878E+003 -0.153910240550878E+003 -0.153910548387008E+003
  0.497399731510325E+000  0.198923903925782E+001  0.471867703954781E+000  0.497479642980956E+000 -0.131028262406404E+000 -0.153910283520126E+003 -0.153910283520126E+003 -0.153912117168393E+003
  0.541562487335143E+000  0.199718212917489E+001  0.949659946523302E+000  0.492179889791868E+000 -0.131028262406404E+000 -0.153909137971666E+003 -0.153909137971666E+003 -0.153911310794679E+003
  0.540675176694043E+000  0.199830119565876E+001  0.996931930175163E+000  0.486559564223747E+000 -0.131028262406404E+000 -0.153909595143194E+003 -0.153909595143194E+003 -0.153911341008123E+003
  0.519777926401909E+000  0.199770927419740E+001  0.856236948283658E-001  0.490399399720722E+000 -0.131028262406404E+000 -0.153909098664493E+003 -0.153909098664493E+003 -0.153911478836347E+003
  0.528103047612188E+000  0.199592174619525E+001  0.258294187907720E+000  0.487076998223926E+000 -0.131028262406404E+000 -0.153909695400746E+003 -0.153909695400746E+003 -0.153910476223055E+003
  0.529555729816907E+000  0.199572268857208E+001  0.969008675791430E+000  0.492304579452515E+000 -0.131028262406404E+000 -0.153908953935643E+003 -0.153908953935643E+003 -0.153910723834697E+003
  0.527882745224876E+000  0.199393867588903E+001  0.584428114470905E+000  0.491025107323986E+000 -0.131028262406404E+000 -0.153909373413450E+003 -0.153909373413450E+003 -0.153910642312889E+003
  0.531842897111049E+000  0.199870380088335E+001  0.291492946861896E+000  0.496866517070673E+000 -0.131028262406404E+000 -0.153907978841306E+003 -0.153907978841306E+003 -0.153914339757977E+003
  0.546671527072512E+000  0.199216287805219E+001  0.304414403987888E+000  0.495272810679762E+000 -0.131028262406404E+000 -0.153909954084991E+003 -0.153909954084991E+003 -0.153910691309116E+003
  0.549331144957399E+000  0.199693481107596E+001  0.501870558021926E-001  0.485510665043648E+000 -0.131028262406404E+000 -0.153910345179244E+003 -0.153910345179244E+003 -0.153910926054457E+003
  0.506407882748371E+000  0.199498781162654E+001  0.440067265914980E+000  0.491292781469677E+000 -0.131028262406404E+000 -0.153910032294644E+003 -0.153910032294644E+003 -0.153912919073906E+003
  0.538632787881006E+000  0.199704834338234E+001  0.880598340987284E+000  0.492879256434405E+000 -0.131028262406404E+000 -0.153908936359391E+003 -0.153908936359391E+003 -0.153910495325063E+003
  0.536000491429407E+000  0.199939204234014E+001  0.271647234717895E+000  0.499404667442150E+000 -0.131028262406404E+000 -0.153907746622256E+003 -0.153907746622256E+003 -0.153911473443952E+003
  0.522731112244464E+000  0.198411985614372E+001  0.256577477193544E-001  0.497857345187840E+000 -0.131028262406404E+000 -0.153909759544187E+003 -0.153909759544187E+003 -0.153919908196414E+003
  0.506680580361486E+000  0.198880375196718E+001  0.271785061745831E+000  0.496700051291219E+000 -0.131028262406404E+000 -0.153909756732223E+003 -0.153909756732223E+003 -0.153910371928520E+003
  0.533332420183546E+000  0.199484711391443E+001  0.406941986305833E+000  0.488769502955131E+000 -0.131028262406404E+000 -0.153909611820581E+003 -0.153909611820581E+003 -0.153911067407097E+003
  0.517753089035895E+000  0.199287502731752E+001  0.454136552011807E+000  0.496873671059768E+000 -0.131028262406404E+000 -0.153908737658372E+003 -0.153908737658372E+003 -0.153917003855821E+003
  0.520200428992685E+000  0.199063696858351E+001  0.965107658951935E+000  0.496331952824031E+000 -0.131028262406404E+000 -0.153909080637320E+003 -0.153909080637320E+003 -0.153912468487960E+003
  0.492494681741561E+000  0.199702523878067E+001  0.391353217903348E+000  0.495773433105012E+000 -0.131028262406404E+000 -0.153910278794186E+003 -0.153910278794186E+003 -0.153910621633904E+003
  0.545122892888391E+000  0.199611939546058E+001  0.433592924327696E+000  0.491168498750935E+000 -0.131028262406404E+000 -0.153909613322739E+003 -0.153909613322739E+003 -0.153911756771846E+003
  0.530393610603195E+000  0.199254440411320E+001  0.783490868772407E+000  0.498521454457792E+000 -0.131028262406404E+000 -0.153908614162471E+003 -0.153908614162471E+003 -0.153917021206092E+003
  0.510127752355274E+000  0.199472563277233E+001  0.455181397466629E+000  0.499448706378974E+000 -0.131028262406404E+000 -0.153908336075134E+003 -0.153908336075134E+003 -0.153911162966767E+003
  0.535902871007244E+000  0.198832714870632E+001  0.246328667578475E+000  0.492390697729190E+000 -0.131028262406404E+000 -0.153910157373976E+003 -0.153910157373976E+003 -0.153911874319088E+003
  0.534642244094552E+000  0.198178620144747E+001  0.171017967197502E+000  0.499787233263204E+000 -0.131028262406404E+000 -0.153910268709188E+003 -0.153910268709188E+003 -0.153911371528009E+003
  0.519866144421445E+000  0.198540859644878E+001  0.183117309446654E-001  0.499075243818938E+000 -0.131028262406404E+000 -0.153909401633813E+003 -0.153909401633813E+003 -0.153912265762931E+003
  0.543172011761686E+000  0.199325390268654E+001  0.652912757283575E-003  0.498550966041129E+000 -0.131028262406404E+000 -0.153909214507266E+003 -0.153909214507266E+003 -0.153911812197119E+003
  0.538417545274451E+000  0.198773393009785E+001  0.664633335619726E+000  0.495057792461221E+000 -0.131028262406404E+000 -0.153910068820751E+003 -0.153910068820751E+003 -0.153911451768094E+003
  0.501875269706021E+000  0.199453430390795E+001  0.181442855928188E+000  0.496791563040736E+000 -0.131028262406404E+000 -0.153909381813577E+003 -0.153909381813577E+003 -0.153911815404093E+003
  0.525250371958251E+000  0.199323106933677E+001  0.667967092568381E-001  0.493860079120907E+000 -0.131028262406404E+000 -0.153909058672776E+003 -0.153909058672776E+003 -0.153925340469562E+003
  0.544093899555684E+000  0.199563309960648E+001  0.266050830232786E+000  0.490739081591910E+000 -0.131028262406404E+000 -0.153909666135208E+003 -0.153909666135208E+003 -0.153911260803951E+003
  0.536032410077156E+000  0.198359060639621E+001  0.542546911783821E+000  0.498282837003109E+000 -0.131028262406404E+000 -0.153910227105182E+003 -0.153910227105182E+003 -0.153910554490939E+003
  0.539122920551734E+000  0.198521921367743E+001  0.270288652887774E+000  0.497266899537807E+000 -0.131028262406404E+000 -0.153910273827519E+003 -0.153910273827519E+003 -0.153912022474541E+003
  0.503065885202540E+000  0.199517669576778E+001  0.476810855056379E-001  0.494212371187305E+000 -0.131028262406404E+000 -0.153909709782888E+003 -0.153909709782888E+003 -0.153910438996760E+003
  0.539446211374871E+000  0.199949124462537E+001  0.288685765656851E+000  0.499458380117970E+000 -0.131028262406404E+000 -0.153907919846558E+003 -0.153907919846558E+003 -0.153910515416078E+003
  0.524926421916114E+000  0.199859450124330E+001  0.862030070918271E+000  0.483020966496084E+000 -0.131028262406404E+000 -0.153910077111916E+003 -0.153910077111916E+003 -0.153911344284865E+003
  0.535549001883638E+000  0.199684827991894E+001  0.492807321223380E+000  0.491715763563752E+000 -0.131028262406404E+000 -0.153908991084410E+003 -0.153908991084410E+003 -0.153912573889948E+003
  0.535704999569389E+000  0.198296583143590E+001  0.388715595888095E+000  0.499851452491083E+000 -0.131028262406404E+000 -0.153910146134771E+003 -0.153910146134771E+003 -0.153911306255619E+003
  0.543999185906708E+000  0.199345264838825E+001  0.257611866894849E+000  0.497570893168767E+000 -0.131028262406404E+000 -0.153909335310523E+003 -0.153909335310523E+003 -0.153911390488513E+003
  0.522867004334786E+000  0.199616860630584E+001  0.180433434529580E+000  0.484323630833936E+000 -0.131028262406404E+000 -0.153910234330273E+003 -0.153910234330273E+003 -0.153910523901539E+003
  0.514502422086253E+000  0.198627268031510E+001  0.655317758132218E+000  0.499035793315067E+000 -0.131028262406404E+000 -0.153909359273433E+003 -0.153909359273433E+003 -0.153910749308801E+003
  0.544597572029997E+000  0.199588490937476E+001  0.341652553435139E+000  0.490376125709074E+000 -0.131028262406404E+000 -0.153909696971376E+003 -0.153909696971376E+003 -0.153910472447502E+003
  0.516032264024586E+000  0.198883604024534E+001  0.737329598572531E+000  0.495777106802943E+000 -0.131028262406404E+000 -0.153909492625575E+003 -0.153909492625575E+003 -0.153911088996572E+003
  0.522189989695015E+000  0.198677972852029E+001  0.656377565659608E+000  0.497628000619871E+000 -0.131028262406404E+000 -0.153909414223299E+003 -0.153909414223299E+003 -0.153911115906478E+003
  0.512098333230284E+000  0.198844394599665E+001  0.688521762756149E+000  0.493351712665191E+000 -0.131028262406404E+000 -0.153910102936329E+003 -0.153910102936329E+003 -0.153910512875998E+003
  0.532357865506960E+000  0.199141104606171E+001  0.896477235124269E-001  0.492506993967113E+000 -0.131028262406404E+000 -0.153909581891643E+003 -0.153909581891643E+003 -0.153911059277116E+003
  0.504452908561012E+000  0.198859873283570E+001  0.528189143605108E+000  0.499391626275124E+000 -0.131028262406404E+000 -0.153909435563887E+003 -0.153909435563887E+003 -0.153911314226907E+003
  0.553205864424488E+000  0.199350983166765E+001  0.658828863919246E+000  0.496734694554859E+000 -0.131028262406404E+000 -0.153910279374107E+003 -0.153910279374107E+003 -0.153914812693437E+003
  0.493623902683591E+000  0.199842360051558E+001  0.177696283019771E+000  0.494304056924123E+000 -0.131028262406404E+000 -0.153910305149337E+003 -0.153910305149337E+003 -0.153911626466807E+003
  0.504351154814597E+000  0.198975739386015E+001  0.413998636730136E+000  0.494717776610788E+000 -0.131028262406404E+000 -0.153910166736799E+003 -0.153910166736799E+003 -0.153910739518378E+003
  0.513700490504220E+000  0.199508894925663E+001  0.460549675354688E+000  0.494871268987483E+000 -0.131028262406404E+000 -0.153908909702424E+003 -0.153908909702424E+003 -0.153914158732791E+003
  0.533076226582846E+000  0.198979848994009E+001  0.479274717333553E-001  0.498961093761114E+000 -0.131028262406404E+000 -0.153909066356744E+003 -0.153909066356744E+003 -0.153916068898222E+003
  0.519353940638480E+000  0.198457441744624E+001  0.925855418784823E+000  0.498308935592742E+000 -0.131028262406404E+000 -0.153909630050985E+003 -0.153909630050985E+003 -0.153919552460926E+003
  0.538528949142514E+000  0.199128925672499E+001  0.200005636458545E+000  0.498410657763984E+000 -0.131028262406404E+000 -0.153909195744560E+003 -0.153909195744560E+003 -0.153910402616842E+003
  0.534484682427476E+000  0.199763569312909E+001  0.825013405802039E+000  0.494226633673044E+000 -0.131028262406404E+000 -0.153908534185143E+003 -0.153908534185143E+003 -0.153913750652230E+003
  0.517433637581029E+000  0.199748997914697E+001  0.464147038652447E-001  0.484282970607185E+000 -0.131028262406404E+000 -0.153910324499529E+003 -0.153910324499529E+003 -0.153910870621864E+003
  0.537761374511517E+000  0.199469209902169E+001  0.743271511228069E+000  0.492051638709806E+000 -0.131028262406404E+000 -0.153909339082286E+003 -0.153909339082286E+003 -0.153911693695448E+003
  0.513401247925071E+000  0.199950255927043E+001  0.435185207524292E+000  0.487040935089726E+000 -0.131028262406404E+000 -0.153909799510700E+003 -0.153909799510700E+003 -0.153913988430670E+003
  0.520621818132326E+000  0.199236271607178E+001  0.586811587865594E+000  0.488655884158257E+000 -0.131028262406404E+000 -0.153910063063989E+003 -0.153910063063989E+003 -0.153911191777406E+003
  0.529244393795473E+000  0.199723917204653E+001  0.922079812441123E+000  0.497835008640189E+000 -0.131028262406404E+000 -0.153908000549674E+003 -0.153908000549674E+003 -0.153912923853237E+003
  0.504717235027852E+000  0.199938099668246E+001  0.415944296534036E+000  0.491023098904411E+000 -0.131028262406404E+000 -0.153909705430390E+003 -0.153909705430390E+003 -0.153914260004892E+003
  0.497585817128240E+000  0.199070740720848E+001  0.919861652659405E+000  0.496595515185144E+000 -0.131028262406404E+000 -0.153910268817394E+003 -0.153910268817394E+003 -0.153910922666326E+003
  0.514629016498612E+000  0.198950886587987E+001  0.629666976873643E+000  0.499004618485975E+000 -0.131028262406404E+000 -0.153908926787739E+003 -0.153908926787739E+003 -0.153913613528817E+003
  0.523705306665913E+000  0.199178241236871E+001  0.985956631532099E+000  0.494473744790391E+000 -0.131028262406404E+000 -0.153909172026743E+003 -0.153909172026743E+003 -0.153911314031166E+003
  0.509854595341367E+000  0.199649393550478E+001  0.675273053223930E+000  0.495554933760486E+000 -0.131028262406404E+000 -0.153908807347721E+003 -0.153908807347721E+003 -0.153911672293411E+003
  0.539571073160701E+000  0.198818262357479E+001  0.720986096726951E+000  0.494998198580880E+000 -0.131028262406404E+000 -0.153910074707256E+003 -0.153910074707256E+003 -0.153911390480289E+003
  0.516742635636996E+000  0.199559875699814E+001  0.888666608054295E+000  0.487402178494394E+000 -0.131028262406404E+000 -0.153910021733722E+003 -0.153910021733722E+003 -0.153922247391560E+003
  0.535658542887881E+000  0.198971766491656E+001  0.356343079619505E+000  0.489486518089035E+000 -0.131028262406404E+000 -0.153910301850102E+003 -0.153910301850102E+003 -0.153911542443703E+003
  0.516161495351024E+000  0.199553839423075E+001  0.696383638886203E+000  0.492091909174151E+000 -0.131028262406404E+000 -0.153909225387532E+003 -0.153909225387532E+003 -0.153911732674266E+003
  0.527699303928505E+000  0.198332648153770E+001  0.688921345281818E+000  0.494908744433004E+000 -0.131028262406404E+000 -0.153910332781045E+003 -0.153910332781045E+003 -0.153910430852814E+003
  0.537104115319238E+000  0.199341055350331E+001  0.822060107819318E+000  0.490552066771809E+000 -0.131028262406404E+000 -0.153909680694692E+003 -0.153909680694692E+003 -0.153912059615132E+003
  0.546016448921319E+000  0.199478872244123E+001  0.175145474885097E+000  0.489382894236286E+000 -0.131028262406404E+000 -0.153910053649337E+003 -0.153910053649337E+003 -0.153911566772737E+003
  0.514362997612139E+000  0.198233943391372E+001  0.575304695519653E+000  0.499441230316086E+000 -0.131028262406404E+000 -0.153909834210385E+003 -0.153909834210385E+003 -0.153910790278621E+003
  0.529646718272802E+000  0.199648767213885E+001  0.412584689751419E+000  0.485745939758589E+000 -0.131028262406404E+000 -0.153909812544585E+003 -0.153909812544585E+003 -0.153910493356910E+003
  0.535606050878023E+000  0.199250979803105E+001  0.631430028105322E+000  0.497130720361783E+000 -0.131028262406404E+000 -0.153908984982196E+003 -0.153908984982196E+003 -0.153911400515854E+003
  0.550529079107552E+000  0.199884510336332E+001  0.545680766149568E+000  0.491720729960106E+000 -0.131028262406404E+000 -0.153909550436566E+003 -0.153909550436566E+003 -0.153913059944766E+003
  0.509281429816079E+000  0.198081118196993E+001  0.552933204497406E+000  0.498841560157702E+000 -0.131028262406404E+000 -0.153910291091245E+003 -0.153910291091245E+003 -0.153917570022698E+003
  0.526897832358057E+000  0.199930024204886E+001  0.614970587420167E+000  0.484272051607887E+000 -0.131028262406404E+000 -0.153909716911377E+003 -0.153909716911377E+003 -0.153913026993490E+003
  0.499953537047692E+000  0.198790773400463E+001  0.801730761433079E+000  0.499178405255780E+000 -0.131028262406404E+000 -0.153909886792628E+003 -0.153909886792628E+003 -0.153915218177272E+003
  0.518693031573286E+000  0.198118463110349E+001  0.364416360392650E+000  0.496736135686767E+000 -0.131028262406404E+000 -0.153910338313995E+003 -0.153910338313995E+003 -0.153911082819253E+003
  0.519911386467687E+000  0.198799527238361E+001  0.787308413555974E+000  0.493210231241739E+000 -0.131028262406404E+000 -0.153909923548151E+003 -0.153909923548151E+003 -0.153986772268930E+003
  0.495236552503063E+000  0.199978485858985E+001  0.167803731487724E+000  0.498135343314061E+000 -0.131028262406404E+000 -0.153909142579998E+003 -0.153909142579998E+003 -0.153910450978509E+003
  0.509219220869916E+000  0.199709756492725E+001  0.106322980043822E+000  0.493540064183277E+000 -0.131028262406404E+000 -0.153909140418815E+003 -0.153909140418815E+003 -0.153911071753271E+003
  0.529660621561439E+000  0.199851738032395E+001  0.478139119397893E+000  0.494111838948198E+000 -0.131028262406404E+000 -0.153908319174447E+003 -0.153908319174447E+003 -0.153911601786566E+003
  0.545937049739435E+000  0.199799112661568E+001  0.182877200764088E+000  0.485925008377689E+000 -0.131028262406404E+000 -0.153909944147585E+003 -0.153909944147585E+003 -0.153912891913878E+003
  0.530686257938302E+000  0.199670798696302E+001  0.680569146298685E+000  0.499597994698749E+000 -0.131028262406404E+000 -0.153907896565712E+003 -0.153907896565712E+003 -0.153910567494122E+003
  0.547634503319060E+000  0.199533562235323E+001  0.207043012634353E+000  0.487067864634168E+000 -0.131028262406404E+000 -0.153910314352083E+003 -0.153910314352083E+003 -0.153911095733636E+003
  0.523795252386415E+000  0.199102316209153E+001  0.601982964003183E+000  0.488292139220869E+000 -0.131028262406404E+000 -0.153910223289725E+003 -0.153910223289725E+003 -0.153911449662766E+003
  0.508909091186830E+000  0.199916000751706E+001  0.206239221428172E+000  0.493042279204741E+000 -0.131028262406404E+000 -0.153909002228473E+003 -0.153909002228473E+003 -0.153914661174041E+003
  0.527776101976576E+000  0.199415574549113E+001  0.630950418634677E+000  0.495082656597576E+000 -0.131028262406404E+000 -0.153908771602472E+003 -0.153908771602472E+003 -0.153911078674229E+003
  0.531827735975611E+000  0.199929931450046E+001  0.501269482860767E-001  0.491059494690251E+000 -0.131028262406404E+000 -0.153908655370305E+003 -0.153908655370305E+003 -0.153910641951611E+003
  0.518368366916714E+000  0.198668070478371E+001  0.249012572755623E+000  0.493024494842991E+000 -0.131028262406404E+000 -0.153910163679389E+003 -0.153910163679389E+003 -0.153914844590934E+003
  0.519580380039482E+000  0.197961334184825E+001  0.487799557043101E+000  0.498074414616374E+000 -0.131028262406404E+000 -0.153910359679653E+003 -0.153910359679653E+003 -0.153911074674705E+003
  0.543346659618221E+000  0.199547257540148E+001  0.780708826754932E+000  0.488942778521099E+000 -0.131028262406404E+000 -0.153909841722370E+003 -0.153909841722370E+003 -0.153911148952626E+003
  0.513005376616950E+000  0.199831204690539E+001  0.288225969481830E+000  0.495943932614298E+000 -0.131028262406404E+000 -0.153908346265692E+003 -0.153908346265692E+003 -0.153911747029887E+003
  0.499542061846161E+000  0.199985725263379E+001  0.707675446805035E-001  0.495859132323676E+000 -0.131028262406404E+000 -0.153909153479610E+003 -0.153909153479610E+003 -0.153910513020833E+003
  0.515772936047187E+000  0.198091621941236E+001  0.245776402824734E+000  0.497988213553765E+000 -0.131028262406404E+000 -0.153910225930804E+003 -0.153910225930804E+003 -0.153911545775815E+003
  0.492484711129939E+000  0.199742719342058E+001  0.336294894935378E+000  0.496233147260454E+000 -0.131028262406404E+000 -0.153910134802243E+003 -0.153910134802243E+003 -0.153911792615033E+003
  0.505410905542215E+000  0.199740427233166E+001  0.501506784348605E+000  0.497511522820861E+000 -0.131028262406404E+000 -0.153908623328887E+003 -0.153908623328887E+003 -0.153917352479260E+003
  0.509033909125266E+000  0.199207975591226E+001  0.729545393900747E+000  0.498864335679881E+000 -0.131028262406404E+000 -0.153908826389201E+003 -0.153908826389201E+003 -0.153915245682273E+003
  0.509651318983852E+000  0.199691931316773E+001  0.538881721129403E+000  0.487569390191130E+000 -0.131028262406404E+000 -0.153910280196048E+003 -0.153910280196048E+003 -0.153910594881731E+003
  0.533807675743974E+000  0.198229222379801E+001  0.724431966880965E-001  0.498715998956643E+000 -0.131028262406404E+000 -0.153910254863255E+003 -0.153910254863255E+003 -0.153923359497115E+003
  0.520510656225287E+000  0.198620341506203E+001  0.701150788440174E+000  0.492867522846739E+000 -0.131028262406404E+000 -0.153910210471506E+003 -0.153910210471506E+003 -0.153911115363693E+003
  0.509338200905901E+000  0.198506171671487E+001  0.271813577808037E+000  0.495427644300176E+000 -0.131028262406404E+000 -0.153910313807041E+003 -0.153910313807041E+003 -0.153913254956237E+003
  0.517089927682648E+000  0.199912288385433E+001  0.726405819516966E+000  0.485314873534950E+000 -0.131028262406404E+000 -0.153909946708150E+003 -0.153909946708150E+003 -0.153921312380060E+003
  0.553373981011995E+000  0.199519613925259E+001  0.472339917241385E+000  0.499890654668194E+000 -0.131028262406404E+000 -0.153909835866283E+003 -0.153909835866283E+003 -0.153914740553315E+003
  0.542321645790478E+000  0.199163486464112E+001  0.559072711084049E+000  0.496553505568753E+000 -0.131028262406404E+000 -0.153909578719545E+003 -0.153909578719545E+003 -0.153914337127917E+003
  0.532630655931672E+000  0.199368394433414E+001  0.498554371157974E+000  0.490612041015216E+000 -0.131028262406404E+000 -0.153909513701379E+003 -0.153909513701379E+003 -0.153910518232412E+003
  0.514639058426928E+000  0.198063828358349E+001  0.676012128358989E+000  0.499131517684064E+000 -0.131028262406404E+000 -0.153910109992769E+003 -0.153910109992769E+003 -0.153911322810641E+003
  0.535563319471652E+000  0.199777864199058E+001  0.295026223462213E+000  0.483520855849980E+000 -0.131028262406404E+000 -0.153909973122014E+003 -0.153909973122014E+003 -0.153910538700527E+003
  0.498664223653167E+000  0.198708263820663E+001  0.806365755190227E+000  0.498603118640175E+000 -0.131028262406404E+000 -0.153910207024938E+003 -0.153910207024938E+003 -0.153910531739168E+003
  0.506244708554246E+000  0.198351022206863E+001  0.879315214875287E+000  0.498819681430818E+000 -0.131028262406404E+000 -0.153910083074281E+003 -0.153910083074281E+003 -0.153910950460208E+003
  0.535187770991211E+000  0.198767669940732E+001  0.812370356159067E+000  0.492980854683887E+000 -0.131028262406404E+000 -0.153910155201646E+003 -0.153910155201646E+003 -0.153910534162059E+003
  0.531745413363379E+000  0.199829456178743E+001  0.431016697446601E+000  0.487127963136191E+000 -0.131028262406404E+000 -0.153909353478652E+003 -0.153909353478652E+003 -0.153910510650496E+003
  0.537963278309533E+000  0.199367852929344E+001  0.624025755401347E+000  0.497563955709856E+000 -0.131028262406404E+000 -0.153908888173007E+003 -0.153908888173007E+003 -0.153910785595320E+003
  0.533330016081309E+000  0.199801984402843E+001  0.648926234123929E+000  0.494472635796219E+000 -0.131028262406404E+000 -0.153908414856620E+003 -0.153908414856620E+003 -0.153912568129685E+003
  0.526617958048805E+000  0.198324975145282E+001  0.116914648373690E+000  0.497561548820284E+000 -0.131028262406404E+000 -0.153909978624681E+003 -0.153909978624681E+003 -0.153911654724337E+003
  0.528467463331532E+000  0.198724326966595E+001  0.612645775334371E+000  0.491225137920372E+000 -0.131028262406404E+000 -0.153910282586221E+003 -0.153910282586221E+003 -0.153911023309747E+003
  0.544918614549508E+000  0.199736028847712E+001  0.518020088058526E+000  0.487043425202270E+000 -0.131028262406404E+000 -0.153909857699506E+003 -0.153909857699506E+003 -0.153911016654446E+003
  0.531785687231685E+000  0.199807524243734E+001  0.907329701258283E+000  0.490698064388771E+000 -0.131028262406404E+000 -0.153908874320715E+003 -0.153908874320715E+003 -0.153910839153358E+003
  0.509661370939619E+000  0.199599835502666E+001  0.594653522143606E+000  0.490760978313521E+000 -0.131028262406404E+000 -0.153909769783424E+003 -0.153909769783424E+003 -0.153912511639404E+003
  0.542708195375015E+000  0.199803920015033E+001  0.402311795951363E+000  0.487387761019665E+000 -0.131028262406404E+000 -0.153909611983345E+003 -0.153909611983345E+003 -0.153911042634244E+003
  0.554610582010877E+000  0.199711753838561E+001  0.781980799993128E+000  0.498800362303393E+000 -0.131028262406404E+000 -0.153909735160227E+003 -0.153909735160227E+003 -0.153917540056219E+003
  0.555016154970115E+000  0.199621315882037E+001  0.728429649565389E+000  0.493212009270117E+000 -0.131028262406404E+000 -0.153910278690831E+003 -0.153910278690831E+003 -0.153913209633536E+003
  0.541952510090214E+000  0.198872806466062E+001  0.818188872225011E+000  0.497588669957595E+000 -0.131028262406404E+000 -0.153909904595058E+003 -0.153909904595058E+003 -0.153913436134240E+003
  0.498787420351568E+000  0.199482151211319E+001  0.497274651374176E+000  0.495939107232420E+000 -0.131028262406404E+000 -0.153909798311178E+003 -0.153909798311178E+003 -0.153911908105186E+003
  0.512494268236670E+000  0.199505838599082E+001  0.910574789319253E+000  0.498398754856915E+000 -0.131028262406404E+000 -0.153908367756804E+003 -0.153908367756804E+003 -0.153910905446480E+003
  0.544416231025485E+000  0.199989479691226E+001  0.339924651877966E+000  0.498296385088521E+000 -0.131028262406404E+000 -0.153908317903998E+003 -0.153908317903998E+003 -0.153910928886734E+003
  0.497456764947073E+000  0.199802722095726E+001  0.317414307118505E+000  0.493313600212188E+000 -0.131028262406404E+000 -0.153910114258288E+003 -0.153910114258288E+003 -0.153915589269489E+003
  0.501813367714208E+000  0.198830657651383E+001  0.401848649574256E+000  0.498466775737369E+000 -0.131028262406404E+000 -0.153909826610594E+003 -0.153909826610594E+003 -0.153913510230736E+003
  0.522951612861901E+000  0.199352292125847E+001  0.194384098232857E+000  0.486361618889314E+000 -0.131028262406404E+000 -0.153910227614243E+003 -0.153910227614243E+003 -0.153917012986770E+003
  0.529010912773479E+000  0.198346127558740E+001  0.574652171202217E+000  0.498372634046678E+000 -0.131028262406404E+000 -0.153909912377574E+003 -0.153909912377574E+003 -0.153914743140511E+003
  0.536949327481091E+000  0.199149591335553E+001  0.192778396085172E+000  0.495852043741116E+000 -0.131028262406404E+000 -0.153909341153919E+003 -0.153909341153919E+003 -0.153911724380061E+003
  0.487841817853321E+000  0.199620279989619E+001  0.114142933449734E-002  0.499022100845567E+000 -0.131028262406404E+000 -0.153910256002495E+003 -0.153910256002495E+003 -0.153911257377882E+003
  0.524203949220572E+000  0.199802102157190E+001  0.936566210897758E-001  0.485406050059766E+000 -0.131028262406404E+000 -0.153909764069749E+003 -0.153909764069749E+003 -0.153912738508921E+003
  0.529904355084113E+000  0.198579978606916E+001  0.381558754663839E+000  0.493517733135565E+000 -0.131028262406404E+000 -0.153910201802548E+003 -0.153910201802548E+003 -0.153910711875760E+003
  0.515477614508647E+000  0.199369211795849E+001  0.275022294273699E+000  0.493255757844391E+000 -0.131028262406404E+000 -0.153909291623927E+003 -0.153909291623927E+003 -0.153912420887262E+003
  0.526807080084427E+000  0.198812550474212E+001  0.944483064814281E+000  0.499718381092588E+000 -0.131028262406404E+000 -0.153909005457808E+003 -0.153909005457808E+003 -0.153912574168132E+003
  0.524159336325338E+000  0.198898721770218E+001  0.233719782456470E+000  0.490253695357297E+000 -0.131028262406404E+000 -0.153910185790361E+003 -0.153910185790361E+003 -0.153910496617185E+003
  0.506575860369667E+000  0.199190689088685E+001  0.880039930650777E+000  0.494455440651352E+000 -0.131028262406404E+000 -0.153909788941740E+003 -0.153909788941740E+003 -0.153914127832617E+003
  0.540085942923834E+000  0.199161989937938E+001  0.666149390326668E+000  0.499567541433761E+000 -0.131028262406404E+000 -0.153909140432195E+003 -0.153909140432195E+003 -0.153910415550734E+003
  0.509592051819583E+000  0.198947873840757E+001  0.627258753535507E+000  0.497892630848518E+000 -0.131028262406404E+000 -0.153909300343982E+003 -0.153909300343982E+003 -0.153912225838657E+003
  0.538204670661184E+000  0.198813115200533E+001  0.104449240563999E+000  0.499126647041912E+000 -0.131028262406404E+000 -0.153909585690665E+003 -0.153909585690665E+003 -0.153916154482601E+003
  0.520220613537757E+000  0.199907634785416E+001  0.266291222887929E+000  0.499462338196357E+000 -0.131028262406404E+000 -0.153907478349942E+003 -0.153907478349942E+003 -0.153910419256779E+003
  0.537130309586773E+000  0.199933863721653E+001  0.242060669156558E+000  0.486683645152461E+000 -0.131028262406404E+000 -0.153909334420107E+003 -0.153909334420107E+003 -0.153910369454581E+003
  0.517000454148195E+000  0.199423469530889E+001  0.730602787890912E+000  0.496592794515888E+000 -0.131028262406404E+000 -0.153908619921567E+003 -0.153908619921567E+003 -0.153911281314353E+003
  0.516673832008718E+000  0.199139653361757E+001  0.938692038744943E+000  0.492773703433506E+000 -0.131028262406404E+000 -0.153909627551047E+003 -0.153909627551047E+003 -0.153911042489871E+003
  0.534883413770825E+000  0.199488064717100E+001  0.438922117732024E+000  0.486100129957053E+000 -0.131028262406404E+000 -0.153910000105156E+003 -0.153910000105156E+003 -0.153910536258139E+003
  0.548565496024753E+000  0.199217833377366E+001  0.834707769933144E+000  0.497336659308655E+000 -0.131028262406404E+000 -0.153909960901166E+003 -0.153909960901166E+003 -0.153910817859890E+003
  0.520413745050323E+000  0.198195129728679E+001  0.260725152398346E+000  0.496114542338740E+000 -0.131028262406404E+000 -0.153910310354841E+003 -0.153910310354841E+003 -0.153910560001666E+003
  0.528651516701096E+000  0.198652649779165E+001  0.495355820251527E+000  0.493090884114188E+000 -0.131028262406404E+000 -0.153910130617221E+003 -0.153910130617221E+003 -0.153910729998838E+003
  0.513030648465117E+000  0.199763091239599E+001  0.113597557880498E+000  0.494978964185772E+000 -0.131028262406404E+000 -0.153908598378672E+003 -0.153908598378672E+003 -0.153911067263607E+003
  0.515218194680998E+000  0.199317088668053E+001  0.521870488840325E+000  0.495895643686320E+000 -0.131028262406404E+000 -0.153908926413829E+003 -0.153908926413829E+003 -0.153911094775622E+003
  0.546743251023973E+000  0.198925418531460E+001  0.830388562288959E+000  0.497532372048115E+000 -0.131028262406404E+000 -0.153910235014821E+003 -0.153910235014821E+003 -0.153911982587511E+003
  0.541106911309130E+000  0.199856950339131E+001  0.715909554985248E+000  0.488379658611791E+000 -0.131028262406404E+000 -0.153909349051319E+003 -0.153909349051319E+003 -0.153910579251896E+003
  0.543930244666724E+000  0.199527009794830E+001  0.149141603418554E+000  0.499552642450197E+000 -0.131028262406404E+000 -0.153908879798526E+003 -0.153908879798526E+003 -0.153913196171284E+003
  0.525483576612997E+000  0.199024092525816E+001  0.729355129388826E+000  0.491351019750227E+000 -0.131028262406404E+000 -0.153909837921800E+003 -0.153909837921800E+003 -0.153911477146631E+003
  0.542120522190031E+000  0.199833275523903E+001  0.983192652387693E+000  0.482587234497686E+000 -0.131028262406404E+000 -0.153910147211778E+003 -0.153910147211778E+003 -0.153944343955336E+003
  0.525709165804959E+000  0.199580815424335E+001  0.283475515861552E+000  0.488079249796091E+000 -0.131028262406404E+000 -0.153909583021511E+003 -0.153909583021511E+003 -0.153912667974351E+003
  0.517186371809370E+000  0.199556719738404E+001  0.676424539639624E+000  0.498402893174660E+000 -0.131028262406404E+000 -0.153908154635387E+003 -0.153908154635387E+003 -0.153913181322747E+003
  0.519139008820663E+000  0.199813982780698E+001  0.260578931492238E+000  0.499805012390688E+000 -0.131028262406404E+000 -0.153907565530434E+003 -0.153907565530434E+003 -0.153920100830830E+003
  0.525524045763769E+000  0.198426751513401E+001  0.460525373444545E-002  0.495928015067717E+000 -0.131028262406404E+000 -0.153910027790434E+003 -0.153910027790434E+003 -0.153911862755892E+003
  0.506603806297853E+000  0.198914855320451E+001  0.904871855359376E+000  0.495232006306167E+000 -0.131028262406404E+000 -0.153909986796346E+003 -0.153909986796346E+003 -0.153911554611559E+003
  0.517615206399021E+000  0.199068561808660E+001  0.447977826174569E+000  0.497220286379924E+000 -0.131028262406404E+000 -0.153908979500877E+003 -0.153908979500877E+003 -0.153913918570589E+003
  0.547622403662386E+000  0.199906892740315E+001  0.235623579637005E+000  0.489423885526676E+000 -0.131028262406404E+000 -0.153909510956451E+003 -0.153909510956451E+003 -0.153910493415714E+003
  0.514784824646294E+000  0.197843815132736E+001  0.585444881530622E+000  0.499766255272453E+000 -0.131028262406404E+000 -0.153910316327884E+003 -0.153910316327884E+003 -0.153911222942368E+003
  0.531222042963893E+000  0.199130071074321E+001  0.719573237911987E+000  0.497255392514435E+000 -0.131028262406404E+000 -0.153908972785622E+003 -0.153908972785622E+003 -0.153911018964569E+003
  0.515191600154849E+000  0.198879657255099E+001  0.413095614169915E+000  0.499027473610300E+000 -0.131028262406404E+000 -0.153909004701427E+003 -0.153909004701427E+003 -0.153911674315037E+003
  0.498605704991844E+000  0.199807472989341E+001  0.841314363880446E+000  0.495477296939858E+000 -0.131028262406404E+000 -0.153909531985370E+003 -0.153909531985370E+003 -0.153911133943940E+003
  0.492114835688698E+000  0.199039832710707E+001  0.297409351862380E-001  0.499469691528658E+000 -0.131028262406404E+000 -0.153910289232559E+003 -0.153910289232559E+003 -0.153916449431130E+003
  0.554145631990813E+000  0.199865557467744E+001  0.393595282229884E+000  0.497314343845556E+000 -0.131028262406404E+000 -0.153909521086728E+003 -0.153909521086728E+003 -0.153911285752761E+003
  0.511857827771278E+000  0.199114519271144E+001  0.574283160006828E+000  0.492132295743228E+000 -0.131028262406404E+000 -0.153909985919714E+003 -0.153909985919714E+003 -0.153914426768332E+003
  0.538837077421228E+000  0.199974898275708E+001  0.514543083476016E+000  0.480517018679705E+000 -0.131028262406404E+000 -0.153910170268357E+003 -0.153910170268357E+003 -0.153910917309522E+003
  0.538094419790676E+000  0.198507455786542E+001  0.541377731151124E+000  0.497329367405188E+000 -0.131028262406404E+000 -0.153910222504643E+003 -0.153910222504643E+003 -0.153910565830508E+003
  0.540995606143638E+000  0.198624014606174E+001  0.262838371566548E+000  0.497285530600817E+000 -0.131028262406404E+000 -0.153910246372890E+003 -0.153910246372890E+003 -0.153910792153364E+003
  0.547473394256836E+000  0.199806841706775E+001  0.451845109070420E+000  0.497882254995991E+000 -0.131028262406404E+000 -0.153908891234604E+003 -0.153908891234604E+003 -0.153910556578958E+003
  0.503637408127155E+000  0.199371388300178E+001  0.267372444055149E+000  0.495384617767762E+000 -0.131028262406404E+000 -0.153909609461601E+003 -0.153909609461601E+003 -0.153911377099881E+003
  0.505034671839490E+000  0.199188640612995E+001  0.713061284854603E+000  0.493696141605517E+000 -0.131028262406404E+000 -0.153910049041113E+003 -0.153910049041113E+003 -0.153911132155182E+003
  0.513804645881713E+000  0.198678096295491E+001  0.417048188479678E+000  0.495954202952234E+000 -0.131028262406404E+000 -0.153909806467403E+003 -0.153909806467403E+003 -0.153910557665221E+003
  0.518822698150030E+000  0.199106390699673E+001  0.747294903971472E+000  0.498514792066215E+000 -0.131028262406404E+000 -0.153908712514872E+003 -0.153908712514872E+003 -0.153911000560503E+003
  0.521432322895909E+000  0.199388948922527E+001  0.948511600315658E+000  0.496790742671000E+000 -0.131028262406404E+000 -0.153908557948614E+003 -0.153908557948614E+003 -0.153910369231672E+003
