  0.687124465384430E+000  0.749851284998095E+000  0.550194418144521E+000  0.498420317001904E+000 -0.131028262406404E+000 -0.148717268136142E+003 -0.148717268136142E+003
  0.683128657770430E+000  0.716449327006014E+000  0.676361327875925E+000  0.499947776384241E+000 -0.131028262406404E+000 -0.148716257692701E+003 -0.148716257692701E+003
  0.678209526021055E+000  0.746950537427547E+000  0.932370206203094E+000  0.499022460089074E+000 -0.131028262406404E+000 -0.148716211518740E+003 -0.148716211518740E+003
  0.634380056634027E+000  0.792504279759846E+000  0.568360935845363E+000  0.498749968366735E+000 -0.131028262406404E+000 -0.148717594021787E+003 -0.148717594021787E+003
  0.685347644441825E+000  0.771450941793165E+000  0.766553819013907E+000  0.499528578612541E+000 -0.131028262406404E+000 -0.148716188653691E+003 -0.148716188653691E+003
  0.672431713480315E+000  0.777415824414805E+000  0.559874204161155E+000  0.498010210981197E+000 -0.131028262406404E+000 -0.148717482454239E+003 -0.148717482454239E+003
  0.668777745783233E+000  0.789342743097312E+000  0.572575076143322E+000  0.498395184205009E+000 -0.131028262406404E+000 -0.148717280489331E+003 -0.148717280489331E+003
  0.630243743059266E+000  0.779185338335193E+000  0.900697611519960E+000  0.499943420837792E+000 -0.131028262406404E+000 -0.148716424487934E+003 -0.148716424487934E+003
  0.689770177620673E+000  0.763025337226149E+000  0.853782827642954E+000  0.498795357846330E+000 -0.131028262406404E+000 -0.148717183543038E+003 -0.148717183543038E+003
  0.683339847120486E+000  0.736528112864137E+000  0.782662297486329E+000  0.498155040265385E+000 -0.131028262406404E+000 -0.148717498521654E+003 -0.148717498521654E+003
  0.674499743419671E+000  0.804762611622390E+000  0.829231426281620E+000  0.499406138243347E+000 -0.131028262406404E+000 -0.148717114520540E+003 -0.148717114520540E+003
  0.693024587926344E+000  0.701813757633568E+000  0.866332470381133E+000  0.499651904946047E+000 -0.131028262406404E+000 -0.148717617805240E+003 -0.148717617805240E+003
  0.651303089146302E+000  0.741017000003843E+000  0.618151775189036E+000  0.498989703040976E+000 -0.131028262406404E+000 -0.148716905189847E+003 -0.148716905189847E+003
  0.665472056577110E+000  0.743233832693771E+000  0.802384433523703E+000  0.498322562679136E+000 -0.131028262406404E+000 -0.148717016539377E+003 -0.148717016539377E+003
  0.663432047492462E+000  0.798064417607324E+000  0.831458030012748E+000  0.499909662918654E+000 -0.131028262406404E+000 -0.148715552245869E+003 -0.148715552245869E+003
  0.636063048020435E+000  0.746562201492061E+000  0.992511829871733E+000  0.499815965340933E+000 -0.131028262406404E+000 -0.148716996826933E+003 -0.148716996826933E+003
  0.682731064066183E+000  0.734987580211681E+000  0.580013026442106E+000  0.499031781050623E+000 -0.131028262406404E+000 -0.148716542109823E+003 -0.148716542109823E+003
  0.672486137851076E+000  0.746371918705339E+000  0.937215706194223E+000  0.499131310133220E+000 -0.131028262406404E+000 -0.148715991830461E+003 -0.148715991830461E+003
  0.665279426915611E+000  0.764272276943429E+000  0.937338829566037E+000  0.498459060897592E+000 -0.131028262406404E+000 -0.148716605335775E+003 -0.148716605335775E+003
  0.692258356603047E+000  0.717348685734717E+000  0.880083524591541E+000  0.499921668243558E+000 -0.131028262406404E+000 -0.148716528648155E+003 -0.148716528648155E+003
  0.696464525575781E+000  0.720228148943733E+000  0.873787702207571E+000  0.499046132850038E+000 -0.131028262406404E+000 -0.148717558650385E+003 -0.148717558650385E+003
  0.693766605721007E+000  0.730578021701561E+000  0.871491590894639E+000  0.498845307795574E+000 -0.131028262406404E+000 -0.148717350683944E+003 -0.148717350683944E+003
  0.675881836512290E+000  0.721608297305331E+000  0.691764550097655E+000  0.499325911526649E+000 -0.131028262406404E+000 -0.148716607186124E+003 -0.148716607186124E+003
  0.659013418457202E+000  0.726342001291219E+000  0.793869786410353E+000  0.498953182762168E+000 -0.131028262406404E+000 -0.148717223236268E+003 -0.148717223236268E+003
  0.679475100891858E+000  0.766518403346227E+000  0.725888705677060E+000  0.499246930682939E+000 -0.131028262406404E+000 -0.148716047407328E+003 -0.148716047407328E+003
  0.651962474428514E+000  0.817867392381888E+000  0.600645327747613E+000  0.498987171807709E+000 -0.131028262406404E+000 -0.148717637236536E+003 -0.148717637236536E+003
  0.672355419498294E+000  0.786772254227391E+000  0.802185237282871E+000  0.499912643511210E+000 -0.131028262406404E+000 -0.148715425811788E+003 -0.148715425811788E+003
  0.687790058623102E+000  0.788449215468792E+000  0.751225266229680E+000  0.499663708428302E+000 -0.131028262406404E+000 -0.148716941928343E+003 -0.148716941928343E+003
  0.677564578977875E+000  0.724260753032575E+000  0.920584656937961E+000  0.498208474184800E+000 -0.131028262406404E+000 -0.148717692151672E+003 -0.148717692151672E+003
  0.627185000603490E+000  0.788176622341181E+000  0.511120332073418E+000  0.499540485402862E+000 -0.131028262406404E+000 -0.148717189449515E+003 -0.148717189449515E+003
  0.690539651636474E+000  0.767039432456471E+000  0.973627774604691E+000  0.499139797095881E+000 -0.131028262406404E+000 -0.148716945006075E+003 -0.148716945006075E+003
  0.674345994359627E+000  0.754962985090575E+000  0.890561834865862E+000  0.499898002650950E+000 -0.131028262406404E+000 -0.148715036120982E+003 -0.148715036120982E+003
  0.668748849480522E+000  0.811412659962988E+000  0.671406813767889E+000  0.499612923739835E+000 -0.131028262406404E+000 -0.148716923064445E+003 -0.148716923064445E+003
  0.672153718387557E+000  0.747578209921370E+000  0.921445304321315E+000  0.498993736273701E+000 -0.131028262406404E+000 -0.148716126179153E+003 -0.148716126179153E+003
  0.678238148346203E+000  0.729340351612029E+000  0.892908520682145E+000  0.498117894677500E+000 -0.131028262406404E+000 -0.148717610698941E+003 -0.148717610698941E+003
  0.664419209152293E+000  0.795343430353869E+000  0.896120851058910E+000  0.499447868927797E+000 -0.131028262406404E+000 -0.148716052987954E+003 -0.148716052987954E+003
  0.677981169640520E+000  0.737726618526963E+000  0.607983537805142E+000  0.498124417723220E+000 -0.131028262406404E+000 -0.148717372474359E+003 -0.148717372474359E+003
  0.676752360740270E+000  0.749590738637660E+000  0.700808093946215E+000  0.498087207762372E+000 -0.131028262406404E+000 -0.148717222052299E+003 -0.148717222052299E+003
  0.641350058514336E+000  0.758370849573419E+000  0.795151253313513E+000  0.498973310546235E+000 -0.131028262406404E+000 -0.148717031582957E+003 -0.148717031582957E+003
  0.678448898079832E+000  0.794370430486783E+000  0.711979435164860E+000  0.499916106217133E+000 -0.131028262406404E+000 -0.148716132841702E+003 -0.148716132841702E+003
  0.697174876943792E+000  0.782239079405123E+000  0.671277742707696E+000  0.499866775880250E+000 -0.131028262406404E+000 -0.148717409122249E+003 -0.148717409122249E+003
  0.686343991543570E+000  0.738503949399424E+000  0.835107479421070E+000  0.498830540565623E+000 -0.131028262406404E+000 -0.148716835440334E+003 -0.148716835440334E+003
  0.655465897681050E+000  0.776766846626371E+000  0.691575569307698E+000  0.497937110831876E+000 -0.131028262406404E+000 -0.148717425850968E+003 -0.148717425850968E+003
  0.649275023078478E+000  0.789294154782912E+000  0.633974756519977E+000  0.499495605375945E+000 -0.131028262406404E+000 -0.148715807527883E+003 -0.148715807527883E+003
  0.667696480101577E+000  0.740575504375190E+000  0.737723442765794E+000  0.498406025117149E+000 -0.131028262406404E+000 -0.148716959407283E+003 -0.148716959407283E+003
  0.684922841508792E+000  0.725325047153881E+000  0.867162168831926E+000  0.498597018146425E+000 -0.131028262406404E+000 -0.148717354447500E+003 -0.148717354447500E+003
  0.683553651658181E+000  0.725408749724363E+000  0.840290111858351E+000  0.499325741687789E+000 -0.131028262406404E+000 -0.148716533313799E+003 -0.148716533313799E+003
  0.701030230518323E+000  0.712475616697215E+000  0.853420573153955E+000  0.499584853585136E+000 -0.131028262406404E+000 -0.148717568557572E+003 -0.148717568557572E+003
  0.655577334770565E+000  0.769971234508825E+000  0.496137403265121E+000  0.498370732672583E+000 -0.131028262406404E+000 -0.148716842312855E+003 -0.148716842312855E+003
  0.654526116769027E+000  0.730470439123669E+000  0.633538668646741E+000  0.499570902454734E+000 -0.131028262406404E+000 -0.148716565177989E+003 -0.148716565177989E+003
  0.677586945006133E+000  0.800576879021985E+000  0.724739596890431E+000  0.499303919875970E+000 -0.131028262406404E+000 -0.148717204829348E+003 -0.148717204829348E+003
  0.689115922737405E+000  0.741079499474871E+000  0.871832835953398E+000  0.499364682084719E+000 -0.131028262406404E+000 -0.148716354504748E+003 -0.148716354504748E+003
  0.660663634479408E+000  0.751409264057648E+000  0.896381420897560E+000  0.499755955700534E+000 -0.131028262406404E+000 -0.148715260146057E+003 -0.148715260146057E+003
  0.645139553438303E+000  0.733344961447825E+000  0.970071052955294E+000  0.499326604560776E+000 -0.131028262406404E+000 -0.148717387624280E+003 -0.148717387624280E+003
  0.658486374179377E+000  0.722116645397958E+000  0.760869841264321E+000  0.498882573529377E+000 -0.131028262406404E+000 -0.148717576862392E+003 -0.148717576862392E+003
  0.690397700862537E+000  0.741092177574778E+000  0.852944880345087E+000  0.499284655314215E+000 -0.131028262406404E+000 -0.148716519346405E+003 -0.148716519346405E+003
  0.668084045272374E+000  0.741781162331094E+000  0.854232020241512E+000  0.497844392690612E+000 -0.131028262406404E+000 -0.148717563350652E+003 -0.148717563350652E+003
  0.637353780814672E+000  0.798328332187855E+000  0.631154622304124E+000  0.498870577192997E+000 -0.131028262406404E+000 -0.148717338672559E+003 -0.148717338672559E+003
  0.694068915572690E+000  0.769512456529659E+000  0.949582388212196E+000  0.499832373901962E+000 -0.131028262406404E+000 -0.148716538579979E+003 -0.148716538579979E+003
  0.663510297849058E+000  0.797886402772929E+000  0.797357835437901E+000  0.498773671766215E+000 -0.131028262406404E+000 -0.148717006102920E+003 -0.148717006102920E+003
  0.691033306414670E+000  0.759445947282235E+000  0.974828374004290E+000  0.498894161954320E+000 -0.131028262406404E+000 -0.148717096527853E+003 -0.148717096527853E+003
  0.660673583223020E+000  0.745595413976581E+000  0.748035308160985E+000  0.498301654891293E+000 -0.131028262406404E+000 -0.148717093698865E+003 -0.148717093698865E+003
  0.703259435483214E+000  0.728714608635020E+000  0.932921536891349E+000  0.499628013392963E+000 -0.131028262406404E+000 -0.148717273471750E+003 -0.148717273471750E+003
  0.666797218802723E+000  0.772859646254977E+000  0.723928150667558E+000  0.497797858524134E+000 -0.131028262406404E+000 -0.148717501362417E+003 -0.148717501362417E+003
  0.663472701609905E+000  0.786106265075452E+000  0.626727748599381E+000  0.499260909093482E+000 -0.131028262406404E+000 -0.148715940361684E+003 -0.148715940361684E+003
  0.691432099005346E+000  0.756168483848978E+000  0.829885769961825E+000  0.498875838019032E+000 -0.131028262406404E+000 -0.148717095659026E+003 -0.148717095659026E+003
  0.627816912037170E+000  0.802110570894504E+000  0.675847536272538E+000  0.499802448801804E+000 -0.131028262406404E+000 -0.148716902364877E+003 -0.148716902364877E+003
  0.659012976999960E+000  0.736383067741989E+000  0.674395740559315E+000  0.498614160865063E+000 -0.131028262406404E+000 -0.148717113559436E+003 -0.148717113559436E+003
  0.657586769166600E+000  0.720665166246996E+000  0.826044837253441E+000  0.499839615894192E+000 -0.131028262406404E+000 -0.148716684040399E+003 -0.148716684040399E+003
  0.675413841352468E+000  0.741391330292745E+000  0.752587534562571E+000  0.499435267548142E+000 -0.131028262406404E+000 -0.148715780888578E+003 -0.148715780888578E+003
  0.671977097192585E+000  0.738226238351453E+000  0.602868385489608E+000  0.499261629827433E+000 -0.131028262406404E+000 -0.148716034461931E+003 -0.148716034461931E+003
  0.643153830249985E+000  0.795877319714549E+000  0.676669586158819E+000  0.499907526785467E+000 -0.131028262406404E+000 -0.148715633057360E+003 -0.148715633057360E+003
  0.697572334345267E+000  0.770364147771271E+000  0.939503616014308E+000  0.499692049824968E+000 -0.131028262406404E+000 -0.148717112148376E+003 -0.148717112148376E+003
  0.667625501648717E+000  0.787999373629015E+000  0.797458318325843E+000  0.499779616747304E+000 -0.131028262406404E+000 -0.148715448699778E+003 -0.148715448699778E+003
  0.662379108105893E+000  0.734926722870575E+000  0.878213702482827E+000  0.498812431633643E+000 -0.131028262406404E+000 -0.148716819199842E+003 -0.148716819199842E+003
  0.662522745935630E+000  0.715797032687630E+000  0.723749292824313E+000  0.499713487859682E+000 -0.131028262406404E+000 -0.148716878922035E+003 -0.148716878922035E+003
  0.687779401633290E+000  0.753171934923505E+000  0.741081160047430E+000  0.498134842161321E+000 -0.131028262406404E+000 -0.148717653770267E+003 -0.148717653770267E+003
  0.657043443950235E+000  0.764117368680634E+000  0.787083259341969E+000  0.499539544112618E+000 -0.131028262406404E+000 -0.148715405457468E+003 -0.148715405457468E+003
  0.673727903822286E+000  0.748863978493181E+000  0.677965253547473E+000  0.499378931644288E+000 -0.131028262406404E+000 -0.148715684045760E+003 -0.148715684045760E+003
  0.662882575918544E+000  0.819125297922508E+000  0.861443773115329E+000  0.499830960574976E+000 -0.131028262406404E+000 -0.148716882756319E+003 -0.148716882756319E+003
  0.642643957635388E+000  0.790272520383741E+000  0.717412969953196E+000  0.498778734361553E+000 -0.131028262406404E+000 -0.148717003673584E+003 -0.148717003673584E+003
  0.682399258645300E+000  0.749740019996629E+000  0.613152750299984E+000  0.498791765527792E+000 -0.131028262406404E+000 -0.148716603504695E+003 -0.148716603504695E+003
  0.686378938093177E+000  0.722158121164471E+000  0.868144103857514E+000  0.498839867005513E+000 -0.131028262406404E+000 -0.148717249331871E+003 -0.148717249331871E+003
  0.652175481623405E+000  0.789461770859002E+000  0.614282555925938E+000  0.499220245361318E+000 -0.131028262406404E+000 -0.148716094182133E+003 -0.148716094182133E+003
  0.652742078319362E+000  0.744916743915981E+000  0.948028842485241E+000  0.499188104852115E+000 -0.131028262406404E+000 -0.148716433699921E+003 -0.148716433699921E+003
  0.688069616069317E+000  0.787460035140126E+000  0.562098933405682E+000  0.499223267138376E+000 -0.131028262406404E+000 -0.148717458930157E+003 -0.148717458930157E+003
  0.663359625460145E+000  0.763481372047115E+000  0.941549889961831E+000  0.497993059950630E+000 -0.131028262406404E+000 -0.148717170342636E+003 -0.148717170342636E+003
  0.699960794086284E+000  0.757422406043182E+000  0.838262793386641E+000  0.499695170070351E+000 -0.131028262406404E+000 -0.148716982138824E+003 -0.148716982138824E+003
  0.624137368465684E+000  0.797604976695760E+000  0.813044043253174E+000  0.499702127869005E+000 -0.131028262406404E+000 -0.148717331460709E+003 -0.148717331460709E+003
  0.663701650014521E+000  0.741649956535605E+000  0.844822195805296E+000  0.499557376464196E+000 -0.131028262406404E+000 -0.148715690411801E+003 -0.148715690411801E+003
  0.677700713406711E+000  0.746202851622917E+000  0.545065049397314E+000  0.498368824000184E+000 -0.131028262406404E+000 -0.148716951853896E+003 -0.148716951853896E+003
  0.694289750776839E+000  0.750008581130273E+000  0.798562441694155E+000  0.499039806462652E+000 -0.131028262406404E+000 -0.148717070190024E+003 -0.148717070190024E+003
  0.641066018711673E+000  0.773805886787264E+000  0.790930077006569E+000  0.499079098881230E+000 -0.131028262406404E+000 -0.148716644366205E+003 -0.148716644366205E+003
  0.660164514770444E+000  0.741222058684184E+000  0.584792249841077E+000  0.498723191299641E+000 -0.131028262406404E+000 -0.148716759975447E+003 -0.148716759975447E+003
  0.638605272089019E+000  0.786466078322343E+000  0.748113531716104E+000  0.499054971648603E+000 -0.131028262406404E+000 -0.148716838988498E+003 -0.148716838988498E+003
  0.644514193845617E+000  0.809082893619398E+000  0.949681101189758E+000  0.498736162126419E+000 -0.131028262406404E+000 -0.148717569283261E+003 -0.148717569283261E+003
  0.683910394889519E+000  0.741110976984356E+000  0.930017450682257E+000  0.499275466218295E+000 -0.131028262406404E+000 -0.148716197440639E+003 -0.148716197440639E+003
  0.678110507983834E+000  0.768476427116157E+000  0.866558527800186E+000  0.499765302955976E+000 -0.131028262406404E+000 -0.148715395094204E+003 -0.148715395094204E+003
  0.662807582632331E+000  0.791961716813767E+000  0.665828499305518E+000  0.498889138315701E+000 -0.131028262406404E+000 -0.148716592785845E+003 -0.148716592785845E+003
  0.646670499139179E+000  0.733531248855935E+000  0.655943145890112E+000  0.499641364972581E+000 -0.131028262406404E+000 -0.148716887597621E+003 -0.148716887597621E+003
  0.628189121041499E+000  0.780098720368372E+000  0.955322334703472E+000  0.499553674607017E+000 -0.131028262406404E+000 -0.148717118772482E+003 -0.148717118772482E+003
  0.692322538358772E+000  0.780109813052043E+000  0.722648804086156E+000  0.499252042869539E+000 -0.131028262406404E+000 -0.148717481604580E+003 -0.148717481604580E+003
  0.668603961191147E+000  0.758467203214439E+000  0.679062741492638E+000  0.499206363446876E+000 -0.131028262406404E+000 -0.148715737263903E+003 -0.148715737263903E+003
  0.630889386572033E+000  0.763052361394033E+000  0.847397900951012E+000  0.499394195284815E+000 -0.131028262406404E+000 -0.148717391405326E+003 -0.148717391405326E+003
  0.663824239444135E+000  0.740477332875645E+000  0.777058263520052E+000  0.499044168210875E+000 -0.131028262406404E+000 -0.148716309161334E+003 -0.148716309161334E+003
  0.674569581982644E+000  0.789638174160391E+000  0.738789219487239E+000  0.498864852870990E+000 -0.131028262406404E+000 -0.148716967219203E+003 -0.148716967219203E+003
  0.679529436332845E+000  0.776953547103822E+000  0.812343478926143E+000  0.499257574041256E+000 -0.131028262406404E+000 -0.148716285246705E+003 -0.148716285246705E+003
  0.658432721325664E+000  0.754981734024764E+000  0.741754655499654E+000  0.498977554198717E+000 -0.131028262406404E+000 -0.148716158932612E+003 -0.148716158932612E+003
  0.660383706385898E+000  0.761366995287721E+000  0.684259601840039E+000  0.497763915556851E+000 -0.131028262406404E+000 -0.148717487200003E+003 -0.148717487200003E+003
  0.662755655730741E+000  0.742806042819714E+000  0.798769937174306E+000  0.498347612501739E+000 -0.131028262406404E+000 -0.148717059208660E+003 -0.148717059208660E+003
  0.633630406926827E+000  0.776364785013465E+000  0.734898303890282E+000  0.499051731752282E+000 -0.131028262406404E+000 -0.148717254441777E+003 -0.148717254441777E+003
  0.705223481155120E+000  0.756377122930113E+000  0.669314362186694E+000  0.499934926050689E+000 -0.131028262406404E+000 -0.148717301836401E+003 -0.148717301836401E+003
  0.682688013566494E+000  0.770774959887534E+000  0.864965848894635E+000  0.499290212720558E+000 -0.131028262406404E+000 -0.148716269675266E+003 -0.148716269675266E+003
  0.653847304057343E+000  0.803746682735827E+000  0.515975136247529E+000  0.498735715594199E+000 -0.131028262406404E+000 -0.148717199796550E+003 -0.148717199796550E+003
  0.684821685069323E+000  0.774882318577402E+000  0.481023196425021E+000  0.499758240333873E+000 -0.131028262406404E+000 -0.148715977227504E+003 -0.148715977227504E+003
  0.650460226418990E+000  0.807699903964695E+000  0.870299405062824E+000  0.499096945124567E+000 -0.131028262406404E+000 -0.148716923535417E+003 -0.148716923535417E+003
  0.680222566412624E+000  0.767901114187639E+000  0.617213791933450E+000  0.498052900565633E+000 -0.131028262406404E+000 -0.148717537891485E+003 -0.148717537891485E+003
  0.636620515508791E+000  0.763525119959185E+000  0.532182499667561E+000  0.499163486208573E+000 -0.131028262406404E+000 -0.148717074179542E+003 -0.148717074179542E+003
  0.667870331388579E+000  0.730508663728017E+000  0.916056617766231E+000  0.499083285866060E+000 -0.131028262406404E+000 -0.148716554364476E+003 -0.148716554364476E+003
  0.651588956916859E+000  0.777529710274288E+000  0.716323180346805E+000  0.498320744266883E+000 -0.131028262406404E+000 -0.148717056427397E+003 -0.148717056427397E+003
  0.688015481915390E+000  0.786102056252578E+000  0.857502063129317E+000  0.499366812433964E+000 -0.131028262406404E+000 -0.148717204197100E+003 -0.148717204197100E+003
  0.680267123326103E+000  0.743370274522229E+000  0.993339556605094E+000  0.498861986738411E+000 -0.131028262406404E+000 -0.148716498526855E+003 -0.148716498526855E+003
  0.673046458183340E+000  0.717017914660802E+000  0.652162406956634E+000  0.498593305087116E+000 -0.131028262406404E+000 -0.148717651310030E+003 -0.148717651310030E+003
  0.689256456529429E+000  0.786831883029229E+000  0.982492579170020E+000  0.499097295088807E+000 -0.131028262406404E+000 -0.148717699191160E+003 -0.148717699191160E+003
  0.661193086661041E+000  0.729472497738316E+000  0.568355540464751E+000  0.499586503046765E+000 -0.131028262406404E+000 -0.148716254884443E+003 -0.148716254884443E+003
  0.661151825839770E+000  0.795130139025564E+000  0.596158770724083E+000  0.499190250821549E+000 -0.131028262406404E+000 -0.148716300900952E+003 -0.148716300900952E+003
  0.695807010143218E+000  0.707509294105953E+000  0.708886650133857E+000  0.499991308979050E+000 -0.131028262406404E+000 -0.148717077689405E+003 -0.148717077689405E+003
  0.666289283943571E+000  0.817555344295146E+000  0.669269056246425E+000  0.499311935104655E+000 -0.131028262406404E+000 -0.148717628801261E+003 -0.148717628801261E+003
  0.684539080801168E+000  0.757603353924555E+000  0.582024572426208E+000  0.499667753746909E+000 -0.131028262406404E+000 -0.148715723398253E+003 -0.148715723398253E+003
  0.663374036763428E+000  0.795588445988905E+000  0.818672569655528E+000  0.498591155818387E+000 -0.131028262406404E+000 -0.148717133109322E+003 -0.148717133109322E+003
  0.668545375924112E+000  0.753275124690636E+000  0.679569175054124E+000  0.499298745690397E+000 -0.131028262406404E+000 -0.148715673232158E+003 -0.148715673232158E+003
  0.655072736060266E+000  0.795694619449917E+000  0.528444124266058E+000  0.498999183682905E+000 -0.131028262406404E+000 -0.148716527528256E+003 -0.148716527528256E+003
  0.666380511944289E+000  0.760387133491369E+000  0.657984009239668E+000  0.498641231793031E+000 -0.131028262406404E+000 -0.148716389915833E+003 -0.148716389915833E+003
  0.634158527701745E+000  0.792820258877270E+000  0.558878052408641E+000  0.499925110264186E+000 -0.131028262406404E+000 -0.148716091260253E+003 -0.148716091260253E+003
  0.659286399909259E+000  0.745621737204675E+000  0.476673381033191E+000  0.499213127747141E+000 -0.131028262406404E+000 -0.148716085140617E+003 -0.148716085140617E+003
  0.670973578569878E+000  0.705496168974605E+000  0.632868778536396E+000  0.499610456614371E+000 -0.131028262406404E+000 -0.148717384358758E+003 -0.148717384358758E+003
  0.700490207904739E+000  0.760375504177782E+000  0.534780634252306E+000  0.499224371890867E+000 -0.131028262406404E+000 -0.148717653534083E+003 -0.148717653534083E+003
  0.640678584700839E+000  0.748655857028047E+000  0.669988647157023E+000  0.498827499100490E+000 -0.131028262406404E+000 -0.148717601466267E+003 -0.148717601466267E+003
  0.661357135409167E+000  0.768318545990153E+000  0.925013834477372E+000  0.499950344281447E+000 -0.131028262406404E+000 -0.148714824128452E+003 -0.148714824128452E+003
  0.695047419690925E+000  0.734112447853074E+000  0.772668622473534E+000  0.499119826945169E+000 -0.131028262406404E+000 -0.148717081791587E+003 -0.148717081791587E+003
  0.683378651730290E+000  0.719293944812512E+000  0.926422776816847E+000  0.499598469822435E+000 -0.131028262406404E+000 -0.148716490883975E+003 -0.148716490883975E+003
  0.642648204368823E+000  0.744054758653249E+000  0.992859395643586E+000  0.499748132468023E+000 -0.131028262406404E+000 -0.148716552311596E+003 -0.148716552311596E+003
  0.673053076559740E+000  0.762977582549115E+000  0.648898258553274E+000  0.499458108990160E+000 -0.131028262406404E+000 -0.148715513818691E+003 -0.148715513818691E+003
  0.664210580202164E+000  0.779614719260993E+000  0.649513787940291E+000  0.498144764547419E+000 -0.131028262406404E+000 -0.148717177085390E+003 -0.148717177085390E+003
  0.698508857585994E+000  0.758090507146466E+000  0.529312959700573E+000  0.498986495840570E+000 -0.131028262406404E+000 -0.148717652037137E+003 -0.148717652037137E+003
  0.682931090828155E+000  0.723209142582748E+000  0.999150605355993E+000  0.499694855106055E+000 -0.131028262406404E+000 -0.148716210250719E+003 -0.148716210250719E+003
  0.648178840055663E+000  0.721726018206946E+000  0.594146195776119E+000  0.499597604077026E+000 -0.131028262406404E+000 -0.148717577972680E+003 -0.148717577972680E+003
  0.648329299733217E+000  0.776803594330270E+000  0.902802912400452E+000  0.498136086073778E+000 -0.131028262406404E+000 -0.148717406081955E+003 -0.148717406081955E+003
  0.688213697087903E+000  0.732328954000494E+000  0.632390665587432E+000  0.499766169138233E+000 -0.131028262406404E+000 -0.148716017542958E+003 -0.148716017542958E+003
  0.664030014771989E+000  0.789166562972399E+000  0.756798100398554E+000  0.498777640560522E+000 -0.131028262406404E+000 -0.148716657170515E+003 -0.148716657170515E+003
  0.651301622015276E+000  0.784960745222838E+000  0.573398957846717E+000  0.498381467472981E+000 -0.131028262406404E+000 -0.148717087209019E+003 -0.148717087209019E+003
  0.684709664511564E+000  0.733289673465889E+000  0.987207299610873E+000  0.498403749028008E+000 -0.131028262406404E+000 -0.148717336612478E+003 -0.148717336612478E+003
  0.660942154114810E+000  0.785186476871493E+000  0.762265298228392E+000  0.498112644465757E+000 -0.131028262406404E+000 -0.148717332548562E+003 -0.148717332548562E+003
  0.652773978605420E+000  0.746405822855492E+000  0.810352592906792E+000  0.499182120987370E+000 -0.131028262406404E+000 -0.148716385083287E+003 -0.148716385083287E+003
  0.666178507021669E+000  0.715237392524631E+000  0.775271684789215E+000  0.499789769138322E+000 -0.131028262406404E+000 -0.148716676847657E+003 -0.148716676847657E+003
  0.664119865387862E+000  0.776588680420572E+000  0.624698137663462E+000  0.497897017591927E+000 -0.131028262406404E+000 -0.148717419128573E+003 -0.148717419128573E+003
  0.659358283369840E+000  0.756203548933051E+000  0.536117079760616E+000  0.499974724233292E+000 -0.131028262406404E+000 -0.148714936263541E+003 -0.148714936263541E+003
  0.657160073074494E+000  0.750084099324543E+000  0.636877200997871E+000  0.498721366418432E+000 -0.131028262406404E+000 -0.148716608646445E+003 -0.148716608646445E+003
  0.675004499091631E+000  0.784279704420567E+000  0.885520246092056E+000  0.498233672952677E+000 -0.131028262406404E+000 -0.148717551655696E+003 -0.148717551655696E+003
