  0.632643091782345E+000  0.806409475154413E+000  0.216940174768371E+000  0.499543775835285E+000 -0.131028262406404E+000 -0.148716964733396E+003 -0.148716964733396E+003
  0.638292673910356E+000  0.818912961045677E+000  0.430835423066683E+000  0.499227582165016E+000 -0.131028262406404E+000 -0.148717590882166E+003 -0.148717590882166E+003
  0.625204536864600E+000  0.771605443719657E+000  0.471386779887800E-001  0.499565488029739E+000 -0.131028262406404E+000 -0.148717603053505E+003 -0.148717603053505E+003
  0.657838531414718E+000  0.770368520644264E+000  0.347467792414961E-001  0.498746334065145E+000 -0.131028262406404E+000 -0.148716334103306E+003 -0.148716334103306E+003
  0.662862773784819E+000  0.780865679846798E+000  0.386084506471547E+000  0.499878995921725E+000 -0.131028262406404E+000 -0.148715035296475E+003 -0.148715035296475E+003
  0.642963125033208E+000  0.750199886593420E+000  0.982661118616887E-001  0.498923450919594E+000 -0.131028262406404E+000 -0.148717226936089E+003 -0.148717226936089E+003
  0.682046158014040E+000  0.723621014385464E+000  0.910371848747524E-001  0.499810433166964E+000 -0.131028262406404E+000 -0.148716052176160E+003 -0.148716052176160E+003
  0.668414133631404E+000  0.779036664074748E+000  0.136020611393943E+000  0.498921166172502E+000 -0.131028262406404E+000 -0.148716277822115E+003 -0.148716277822115E+003
  0.669953994841324E+000  0.712719932784312E+000  0.302908218299060E+000  0.498909722375456E+000 -0.131028262406404E+000 -0.148717642313484E+003 -0.148717642313484E+003
  0.650433263157776E+000  0.762112490879456E+000  0.394056271553560E+000  0.499956981587490E+000 -0.131028262406404E+000 -0.148715171877691E+003 -0.148715171877691E+003
  0.678350963563220E+000  0.771971881727107E+000  0.122940401238289E+000  0.498697829612053E+000 -0.131028262406404E+000 -0.148716759434211E+003 -0.148716759434211E+003
  0.672140215630568E+000  0.726972062050259E+000  0.147968121512532E+000  0.499833215782549E+000 -0.131028262406404E+000 -0.148715829109248E+003 -0.148715829109248E+003
  0.678956893705757E+000  0.769677404269064E+000  0.228955567734791E+000  0.497939393158063E+000 -0.131028262406404E+000 -0.148717649915733E+003 -0.148717649915733E+003
  0.685043052571925E+000  0.759630770310927E+000  0.457115803229033E+000  0.498533068937092E+000 -0.131028262406404E+000 -0.148717094723300E+003 -0.148717094723300E+003
  0.677017779636219E+000  0.739709049157338E+000  0.425700252401590E-001  0.497846577997848E+000 -0.131028262406404E+000 -0.148717628310729E+003 -0.148717628310729E+003
  0.635236565147100E+000  0.774213759960842E+000  0.191704115543020E+000  0.499304400133291E+000 -0.131028262406404E+000 -0.148716818655699E+003 -0.148716818655699E+003
  0.679291569751491E+000  0.801501833487469E+000  0.784732237759079E-001  0.499085821514504E+000 -0.131028262406404E+000 -0.148717680670811E+003 -0.148717680670811E+003
  0.696105907147843E+000  0.762686997868008E+000  0.185222946165684E+000  0.499452735197841E+000 -0.131028262406404E+000 -0.148716984169428E+003 -0.148716984169428E+003
  0.639642261960680E+000  0.756406200651092E+000  0.254241691183633E+000  0.499012043846834E+000 -0.131028262406404E+000 -0.148717190161988E+003 -0.148717190161988E+003
  0.709402376498176E+000  0.729649259378307E+000  0.188087200376045E+000  0.499968777184701E+000 -0.131028262406404E+000 -0.148717529169482E+003 -0.148717529169482E+003
  0.658028665339003E+000  0.814411714015886E+000  0.157288647524461E+000  0.499252135353041E+000 -0.131028262406404E+000 -0.148717156138973E+003 -0.148717156138973E+003
  0.668103833537007E+000  0.723078478833453E+000  0.422466602586181E+000  0.499453354578793E+000 -0.131028262406404E+000 -0.148716503944545E+003 -0.148716503944545E+003
  0.659596224157374E+000  0.727647654061054E+000  0.634817758972500E-001  0.498799979774931E+000 -0.131028262406404E+000 -0.148717291804943E+003 -0.148717291804943E+003
  0.663308862714914E+000  0.736403858497100E+000  0.170451352369840E+000  0.498015642693210E+000 -0.131028262406404E+000 -0.148717630209870E+003 -0.148717630209870E+003
  0.672514091067641E+000  0.788568840599615E+000  0.216260369313726E+000  0.498549703351458E+000 -0.131028262406404E+000 -0.148717209586042E+003 -0.148717209586042E+003
  0.638705958882659E+000  0.781226070415896E+000  0.374376162819697E-001  0.499187327070362E+000 -0.131028262406404E+000 -0.148716644521601E+003 -0.148716644521601E+003
  0.678302715898164E+000  0.748916650643922E+000  0.226935800030394E+000  0.497794761321865E+000 -0.131028262406404E+000 -0.148717603918430E+003 -0.148717603918430E+003
  0.675472129033357E+000  0.765308123305775E+000  0.162249307925288E+000  0.498439802741254E+000 -0.131028262406404E+000 -0.148716820445327E+003 -0.148716820445327E+003
  0.668053401225068E+000  0.723446844461702E+000  0.146924486974097E+000  0.499513941669690E+000 -0.131028262406404E+000 -0.148716420074302E+003 -0.148716420074302E+003
  0.668924683732904E+000  0.764949132252124E+000  0.143757615401680E+000  0.499593935346598E+000 -0.131028262406404E+000 -0.148715276069444E+003 -0.148715276069444E+003
  0.671136284014306E+000  0.739399206577150E+000  0.230164282495430E+000  0.498516025774206E+000 -0.131028262406404E+000 -0.148716840902627E+003 -0.148716840902627E+003
  0.663198017981769E+000  0.759338454320170E+000  0.251227899480776E+000  0.497612144095014E+000 -0.131028262406404E+000 -0.148717636892618E+003 -0.148717636892618E+003
  0.648415260199550E+000  0.767690732328448E+000  0.385682916445267E+000  0.499737419228957E+000 -0.131028262406404E+000 -0.148715453900711E+003 -0.148715453900711E+003
  0.673192957129579E+000  0.743504128551783E+000  0.745385228100797E-002  0.499799581492340E+000 -0.131028262406404E+000 -0.148715296791073E+003 -0.148715296791073E+003
  0.655363895898271E+000  0.814850116715079E+000  0.196694898834655E+000  0.499191868341784E+000 -0.131028262406404E+000 -0.148717210674542E+003 -0.148717210674542E+003
  0.695719276019349E+000  0.735097734681402E+000  0.240625696461400E+000  0.499523721721712E+000 -0.131028262406404E+000 -0.148716679680080E+003 -0.148716679680080E+003
  0.661242616261644E+000  0.775440984516465E+000  0.134815375350817E+000  0.497909546646422E+000 -0.131028262406404E+000 -0.148717375943612E+003 -0.148717375943612E+003
  0.650481304164362E+000  0.783968970108494E+000  0.650255708013839E-001  0.498446173266902E+000 -0.131028262406404E+000 -0.148717011314214E+003 -0.148717011314214E+003
  0.639037127198994E+000  0.812018759946563E+000  0.328976335106677E+000  0.499546016777353E+000 -0.131028262406404E+000 -0.148716805589916E+003 -0.148716805589916E+003
  0.676416055099866E+000  0.764524484003076E+000  0.364887816263156E+000  0.497789417459245E+000 -0.131028262406404E+000 -0.148717620866586E+003 -0.148717620866586E+003
  0.681532791221157E+000  0.742646827376298E+000  0.373410928552297E+000  0.498911479796170E+000 -0.131028262406404E+000 -0.148716493883314E+003 -0.148716493883314E+003
  0.673354786224247E+000  0.725451089999550E+000  0.389585287112582E+000  0.498968476902538E+000 -0.131028262406404E+000 -0.148716825688989E+003 -0.148716825688989E+003
  0.658277750655053E+000  0.776266617469607E+000  0.319217110540730E+000  0.499212855551572E+000 -0.131028262406404E+000 -0.148715793619314E+003 -0.148715793619314E+003
  0.657240859046637E+000  0.802649610809634E+000  0.443741417187205E+000  0.498724498789393E+000 -0.131028262406404E+000 -0.148717179595570E+003 -0.148717179595570E+003
  0.653534534566930E+000  0.802153622422230E+000  0.120827558190364E+000  0.499345182967290E+000 -0.131028262406404E+000 -0.148716332970262E+003 -0.148716332970262E+003
  0.645644531579055E+000  0.816605591167133E+000  0.322911834390021E+000  0.499798574574904E+000 -0.131028262406404E+000 -0.148716498666034E+003 -0.148716498666034E+003
  0.695230850328258E+000  0.702533505518697E+000  0.300681411165653E+000  0.499627463789835E+000 -0.131028262406404E+000 -0.148717682609031E+003 -0.148717682609031E+003
  0.664235797563787E+000  0.786075065735926E+000  0.266539384086755E+000  0.497961458130294E+000 -0.131028262406404E+000 -0.148717587929277E+003 -0.148717587929277E+003
  0.671723901601594E+000  0.772801467330689E+000  0.191059750383062E+000  0.499288187480785E+000 -0.131028262406404E+000 -0.148715790392268E+003 -0.148715790392268E+003
  0.662207383465330E+000  0.788407437882144E+000  0.452604784516229E+000  0.499899918734200E+000 -0.131028262406404E+000 -0.148715184257928E+003 -0.148715184257928E+003
  0.685262248000085E+000  0.768543668521642E+000  0.425708738483352E+000  0.499888887741439E+000 -0.131028262406404E+000 -0.148715679440938E+003 -0.148715679440938E+003
  0.647407269139003E+000  0.755383752648219E+000  0.455470376730681E+000  0.498757127080341E+000 -0.131028262406404E+000 -0.148716929044115E+003 -0.148716929044115E+003
  0.641705359138535E+000  0.774761766355472E+000  0.329983549880656E+000  0.499304305460232E+000 -0.131028262406404E+000 -0.148716313619089E+003 -0.148716313619089E+003
  0.690604292638190E+000  0.755847834454513E+000  0.279603548811797E+000  0.498466160825978E+000 -0.131028262406404E+000 -0.148717498770828E+003 -0.148717498770828E+003
  0.703952169786636E+000  0.755814010841716E+000  0.235941284079047E+000  0.499941506042355E+000 -0.131028262406404E+000 -0.148717124424455E+003 -0.148717124424455E+003
  0.655150871308471E+000  0.721008579026959E+000  0.426523174537814E-001  0.499567195634638E+000 -0.131028262406404E+000 -0.148717112467203E+003 -0.148717112467203E+003
  0.677532479159988E+000  0.745922471782258E+000  0.280118165330846E+000  0.499708263177358E+000 -0.131028262406404E+000 -0.148715428495036E+003 -0.148715428495036E+003
  0.644310322019727E+000  0.813410290644540E+000  0.225869192003393E+000  0.498952275981867E+000 -0.131028262406404E+000 -0.148717492605289E+003 -0.148717492605289E+003
  0.653245246791791E+000  0.749066570059268E+000  0.438711062621481E+000  0.499587359721460E+000 -0.131028262406404E+000 -0.148715799137765E+003 -0.148715799137765E+003
  0.655785016666959E+000  0.735782574701922E+000  0.177497727814044E+000  0.499026796640914E+000 -0.131028262406404E+000 -0.148716831305990E+003 -0.148716831305990E+003
  0.660154657032110E+000  0.801333771266144E+000  0.255848319864979E+000  0.498935152535976E+000 -0.131028262406404E+000 -0.148716884444915E+003 -0.148716884444915E+003
  0.688870098961004E+000  0.707726974228624E+000  0.362651896662512E+000  0.499921772443907E+000 -0.131028262406404E+000 -0.148716876837909E+003 -0.148716876837909E+003
  0.692424658103658E+000  0.706314998593337E+000  0.209119879823965E+000  0.499945269855479E+000 -0.131028262406404E+000 -0.148717044555429E+003 -0.148717044555429E+003
  0.646101621631899E+000  0.802366987923048E+000  0.171776616848707E-001  0.499258898555851E+000 -0.131028262406404E+000 -0.148716564015353E+003 -0.148716564015353E+003
  0.680796035847370E+000  0.731648796134318E+000  0.362358006399732E+000  0.498625248693279E+000 -0.131028262406404E+000 -0.148717024916115E+003 -0.148717024916115E+003
  0.656344799796468E+000  0.816962158716592E+000  0.126059836296022E-001  0.499477972024141E+000 -0.131028262406404E+000 -0.148716982180707E+003 -0.148716982180707E+003
  0.647163555580557E+000  0.812308919726294E+000  0.145329829402025E+000  0.498845662622207E+000 -0.131028262406404E+000 -0.148717524291925E+003 -0.148717524291925E+003
  0.674949653194147E+000  0.714399677676415E+000  0.137971244916872E-002  0.499425954649812E+000 -0.131028262406404E+000 -0.148716895141998E+003 -0.148716895141998E+003
  0.629453019234993E+000  0.805245873484788E+000  0.394444969106329E+000  0.499250809665250E+000 -0.131028262406404E+000 -0.148717562188746E+003 -0.148717562188746E+003
  0.655165319315706E+000  0.764148726025037E+000  0.327200189138821E+000  0.498272685077597E+000 -0.131028262406404E+000 -0.148716989174861E+003 -0.148716989174861E+003
  0.688310283579928E+000  0.790432085684903E+000  0.289689010759510E+000  0.499783791735710E+000 -0.131028262406404E+000 -0.148716958046081E+003 -0.148716958046081E+003
  0.687385108203478E+000  0.726307549650345E+000  0.306371920913549E+000  0.498864747298796E+000 -0.131028262406404E+000 -0.148717117494510E+003 -0.148717117494510E+003
  0.676955419607783E+000  0.730403626047553E+000  0.399972861909747E+000  0.499774927374474E+000 -0.131028262406404E+000 -0.148715750652582E+003 -0.148715750652582E+003
  0.685342810045409E+000  0.780879279972284E+000  0.197930040132814E+000  0.498559714949483E+000 -0.131028262406404E+000 -0.148717700761761E+003 -0.148717700761761E+003
  0.627877991858015E+000  0.780021497175711E+000  0.458074893488458E+000  0.499788129219672E+000 -0.131028262406404E+000 -0.148716855894623E+003 -0.148716855894623E+003
  0.693051210827926E+000  0.740903466517883E+000  0.118529718305763E+000  0.498837306072178E+000 -0.131028262406404E+000 -0.148717189429991E+003 -0.148717189429991E+003
  0.675973748490596E+000  0.739923620560563E+000  0.116736746899260E+000  0.499375413730458E+000 -0.131028262406404E+000 -0.148715890113074E+003 -0.148715890113074E+003
  0.671689402028050E+000  0.746948158339579E+000  0.237057850038260E+000  0.498776486407006E+000 -0.131028262406404E+000 -0.148716382209062E+003 -0.148716382209062E+003
  0.657746648712262E+000  0.804014054461366E+000  0.953697595076813E-001  0.499884305180945E+000 -0.131028262406404E+000 -0.148715738417462E+003 -0.148715738417462E+003
  0.699653140329763E+000  0.734343941324084E+000  0.374516264946388E+000  0.499045714884217E+000 -0.131028262406404E+000 -0.148717513900681E+003 -0.148717513900681E+003
  0.644217260744611E+000  0.803891355840622E+000  0.389174362986774E+000  0.498758418577838E+000 -0.131028262406404E+000 -0.148717334471998E+003 -0.148717334471998E+003
  0.656510970894667E+000  0.813992499506314E+000  0.239880208416109E+000  0.499345735511772E+000 -0.131028262406404E+000 -0.148716972298704E+003 -0.148716972298704E+003
  0.678801643790869E+000  0.775013626438490E+000  0.776190885111523E-001  0.499444186776106E+000 -0.131028262406404E+000 -0.148715959709239E+003 -0.148715959709239E+003
  0.635540648164224E+000  0.809563993330414E+000  0.144637156317168E+000  0.499673951533966E+000 -0.131028262406404E+000 -0.148716711162639E+003 -0.148716711162639E+003
  0.668249191455812E+000  0.765857446503631E+000  0.697287221680938E-001  0.499303479807421E+000 -0.131028262406404E+000 -0.148715617867044E+003 -0.148715617867044E+003
  0.677121203773245E+000  0.739882563718896E+000  0.718751470144115E-001  0.498873780100646E+000 -0.131028262406404E+000 -0.148716471378863E+003 -0.148716471378863E+003
  0.653308024380105E+000  0.793687670270703E+000  0.376917056127299E+000  0.499794584674820E+000 -0.131028262406404E+000 -0.148715453415800E+003 -0.148715453415800E+003
  0.677324073584633E+000  0.777735116208558E+000  0.324803353567522E+000  0.498991790527401E+000 -0.131028262406404E+000 -0.148716507503609E+003 -0.148716507503609E+003
  0.666137579731407E+000  0.754355211259811E+000  0.231398093370834E+000  0.497897818741972E+000 -0.131028262406404E+000 -0.148717306685418E+003 -0.148717306685418E+003
  0.668908860910255E+000  0.722940840909134E+000  0.417239413568562E+000  0.498459983055053E+000 -0.131028262406404E+000 -0.148717566420468E+003 -0.148717566420468E+003
  0.671376089655480E+000  0.791158180533938E+000  0.305310933015033E+000  0.498450998225534E+000 -0.131028262406404E+000 -0.148717394771380E+003 -0.148717394771380E+003
  0.662454445105076E+000  0.760739633776111E+000  0.367016428674988E+000  0.499421853462253E+000 -0.131028262406404E+000 -0.148715477542611E+003 -0.148715477542611E+003
  0.684241909887767E+000  0.792763803373469E+000  0.102193314557390E+000  0.499981251075108E+000 -0.131028262406404E+000 -0.148716447152895E+003 -0.148716447152895E+003
  0.692381191119591E+000  0.749768103784876E+000  0.238695117045153E+000  0.499450497487158E+000 -0.131028262406404E+000 -0.148716453788017E+003 -0.148716453788017E+003
  0.664927001701888E+000  0.814595292180767E+000  0.324097868984212E+000  0.499300917015154E+000 -0.131028262406404E+000 -0.148717354110035E+003 -0.148717354110035E+003
  0.652006033277298E+000  0.735566827808211E+000  0.343835509326026E+000  0.498582194167181E+000 -0.131028262406404E+000 -0.148717573899603E+003 -0.148717573899603E+003
  0.638667752986073E+000  0.788767038054186E+000  0.135255174404102E+000  0.498445415876580E+000 -0.131028262406404E+000 -0.148717639616137E+003 -0.148717639616137E+003
  0.705741052988356E+000  0.743157518446860E+000  0.323664100406172E+000  0.499742382656295E+000 -0.131028262406404E+000 -0.148717357245569E+003 -0.148717357245569E+003
  0.703497169511463E+000  0.748166239244521E+000  0.135559197694140E+000  0.499392799346450E+000 -0.131028262406404E+000 -0.148717544069883E+003 -0.148717544069883E+003
  0.665663988375320E+000  0.749333325052527E+000  0.232843764849166E+000  0.498930909110234E+000 -0.131028262406404E+000 -0.148716174775629E+003 -0.148716174775629E+003
  0.662861464456549E+000  0.786859736941333E+000  0.337599770267908E+000  0.498742585787168E+000 -0.131028262406404E+000 -0.148716605856120E+003 -0.148716605856120E+003
  0.643955463290312E+000  0.750280374596820E+000  0.174668797361760E+000  0.499413891469738E+000 -0.131028262406404E+000 -0.148716564413444E+003 -0.148716564413444E+003
  0.661211713448767E+000  0.812648577643993E+000  0.403253094219915E-001  0.499762752374369E+000 -0.131028262406404E+000 -0.148716459856137E+003 -0.148716459856137E+003
  0.635061677089238E+000  0.769234071587313E+000  0.331770997073966E+000  0.499689408569466E+000 -0.131028262406404E+000 -0.148716440300234E+003 -0.148716440300234E+003
  0.649941309139476E+000  0.754604760310119E+000  0.243516032945085E+000  0.499856965790827E+000 -0.131028262406404E+000 -0.148715491057110E+003 -0.148715491057110E+003
  0.642953816764889E+000  0.773725433273795E+000  0.264701628018427E+000  0.498847150879607E+000 -0.131028262406404E+000 -0.148716808062744E+003 -0.148716808062744E+003
  0.672850867325091E+000  0.743998338953929E+000  0.213621047620836E+000  0.498171661983041E+000 -0.131028262406404E+000 -0.148717133007699E+003 -0.148717133007699E+003
  0.700154138688715E+000  0.737218073023178E+000  0.102831058842998E-001  0.499783919953786E+000 -0.131028262406404E+000 -0.148716739631837E+003 -0.148716739631837E+003
  0.650077997525513E+000  0.758414922470443E+000  0.440404121928048E+000  0.499338661702980E+000 -0.131028262406404E+000 -0.148716004332171E+003 -0.148716004332171E+003
  0.674181093311722E+000  0.702061301522964E+000  0.329487189463357E+000  0.499576970434991E+000 -0.131028262406404E+000 -0.148717587672204E+003 -0.148717587672204E+003
  0.641322392168223E+000  0.794094116604442E+000  0.121090669015080E+000  0.499541948351551E+000 -0.131028262406404E+000 -0.148716154381572E+003 -0.148716154381572E+003
  0.679460182562519E+000  0.717995459840429E+000  0.288806509448974E+000  0.499225879778403E+000 -0.131028262406404E+000 -0.148716896257423E+003 -0.148716896257423E+003
  0.635700333599082E+000  0.812067139303261E+000  0.212414819088446E+000  0.499475096260111E+000 -0.131028262406404E+000 -0.148717062351777E+003 -0.148717062351777E+003
  0.661874632041708E+000  0.728978875627286E+000  0.267430104307234E+000  0.498346979317488E+000 -0.131028262406404E+000 -0.148717623229266E+003 -0.148717623229266E+003
  0.652947679669768E+000  0.754885888957757E+000  0.384481313043344E+000  0.499535922360681E+000 -0.131028262406404E+000 -0.148715708703511E+003 -0.148715708703511E+003
  0.655703952220558E+000  0.777907704625957E+000  0.420993606563326E-001  0.499295107238381E+000 -0.131028262406404E+000 -0.148715744182429E+003 -0.148715744182429E+003
  0.652073737326067E+000  0.762190053814698E+000  0.554741908421922E-001  0.499074286874846E+000 -0.131028262406404E+000 -0.148716157730492E+003 -0.148716157730492E+003
  0.666284356651080E+000  0.813127338903842E+000  0.112185342910218E-002  0.499084746096524E+000 -0.131028262406404E+000 -0.148717603216950E+003 -0.148717603216950E+003
  0.654103716771688E+000  0.807884211810040E+000  0.274973083537238E+000  0.498966441250453E+000 -0.131028262406404E+000 -0.148717099387125E+003 -0.148717099387125E+003
  0.633541963155646E+000  0.755770377188222E+000  0.100441458014464E+000  0.499145158873715E+000 -0.131028262406404E+000 -0.148717656576666E+003 -0.148717656576666E+003
  0.684565068562454E+000  0.766977945887320E+000  0.139309707339750E+000  0.499947345992813E+000 -0.131028262406404E+000 -0.148715527705283E+003 -0.148715527705283E+003
  0.657129749869195E+000  0.816866586132637E+000  0.175767826612706E+000  0.499337062425400E+000 -0.131028262406404E+000 -0.148717181882950E+003 -0.148717181882950E+003
  0.689496657551462E+000  0.779490615975773E+000  0.674176196487429E-001  0.498914488290905E+000 -0.131028262406404E+000 -0.148717576754099E+003 -0.148717576754099E+003
  0.694749965307705E+000  0.744243405342873E+000  0.938600714322613E-001  0.499287150204451E+000 -0.131028262406404E+000 -0.148716807485305E+003 -0.148716807485305E+003
  0.650042141253102E+000  0.740866818721276E+000  0.450452193866211E-001  0.499260290959380E+000 -0.131028262406404E+000 -0.148716684349848E+003 -0.148716684349848E+003
  0.662346092690393E+000  0.768771786717634E+000  0.232805396608092E+000  0.498170808649212E+000 -0.131028262406404E+000 -0.148716978847050E+003 -0.148716978847050E+003
  0.665436356413712E+000  0.736496525663866E+000  0.212176920813853E+000  0.498042047558727E+000 -0.131028262406404E+000 -0.148717539281858E+003 -0.148717539281858E+003
  0.671223109788788E+000  0.751344934302499E+000  0.311097357132641E+000  0.498169091251653E+000 -0.131028262406404E+000 -0.148717023289963E+003 -0.148717023289963E+003
  0.653594519406334E+000  0.806584365773503E+000  0.244640877564296E+000  0.499060773928165E+000 -0.131028262406404E+000 -0.148716907842881E+003 -0.148716907842881E+003
  0.624689059950999E+000  0.793041738499446E+000  0.206832881972768E+000  0.499883546487590E+000 -0.131028262406404E+000 -0.148717010271735E+003 -0.148717010271735E+003
  0.662228261995727E+000  0.732626296536975E+000  0.454786613529038E+000  0.499740610541291E+000 -0.131028262406404E+000 -0.148715888913810E+003 -0.148715888913810E+003
  0.645047965808916E+000  0.813644813489135E+000  0.466415742401975E+000  0.498815928698564E+000 -0.131028262406404E+000 -0.148717671131185E+003 -0.148717671131185E+003
  0.660896720397305E+000  0.818508357469328E+000  0.438712824615190E+000  0.499445365879014E+000 -0.131028262406404E+000 -0.148717268414558E+003 -0.148717268414558E+003
  0.683056776529640E+000  0.729046716063285E+000  0.250630726512869E+000  0.498824053602912E+000 -0.131028262406404E+000 -0.148716939188278E+003 -0.148716939188278E+003
  0.647144542606571E+000  0.763661697977193E+000  0.284667920765185E+000  0.498480902212171E+000 -0.131028262406404E+000 -0.148717106674440E+003 -0.148717106674440E+003
  0.631187383693352E+000  0.759481785356821E+000  0.173220716047779E+000  0.499878851299705E+000 -0.131028262406404E+000 -0.148716892157386E+003 -0.148716892157386E+003
  0.666527309339927E+000  0.760523782461425E+000  0.452174881298316E+000  0.498022680621287E+000 -0.131028262406404E+000 -0.148717126920120E+003 -0.148717126920120E+003
  0.689744539296209E+000  0.717020250382051E+000  0.922238748701456E-001  0.499385459284057E+000 -0.131028262406404E+000 -0.148716993410236E+003 -0.148716993410236E+003
  0.686384165176094E+000  0.773448781633300E+000  0.274722033492338E+000  0.499571523189510E+000 -0.131028262406404E+000 -0.148716277687514E+003 -0.148716277687514E+003
  0.663237135869092E+000  0.739130970725867E+000  0.143609287727493E+000  0.498019188816888E+000 -0.131028262406404E+000 -0.148717534599080E+003 -0.148717534599080E+003
  0.643500104587103E+000  0.827331255877665E+000  0.295727729401230E+000  0.499832843959326E+000 -0.131028262406404E+000 -0.148717137045538E+003 -0.148717137045538E+003
