  0.199523755016901E+001  0.199624288787514E+001  0.864563816411648E+000  0.195669978582655E+000 -0.131028262406404E+000 -0.138755489730323E+003 -0.138755489730323E+003 -0.138762516623719E+003
  0.199234177092633E+001  0.198227919647125E+001  0.243167568533799E+000  0.197156616355874E+000 -0.131028262406404E+000 -0.138756307745888E+003 -0.138756307745888E+003 -0.138759265755431E+003
  0.199308065129728E+001  0.196654551048757E+001  0.499266984518399E+000  0.196359581463065E+000 -0.131028262406404E+000 -0.138757064098554E+003 -0.138757064098554E+003 -0.138758104127750E+003
  0.199606184892532E+001  0.198692384682662E+001  0.780918723931318E+000  0.196564220965535E+000 -0.131028262406404E+000 -0.138755861764039E+003 -0.138755861764039E+003 -0.138759252547504E+003
  0.197978612014539E+001  0.199264762179594E+001  0.987783244448326E+000  0.197166199770137E+000 -0.131028262406404E+000 -0.138756517774482E+003 -0.138756517774482E+003 -0.138758249919006E+003
  0.198074584861776E+001  0.199300256643063E+001  0.202223762895501E+000  0.196740610057619E+000 -0.131028262406404E+000 -0.138756480994455E+003 -0.138756480994455E+003 -0.138758180973460E+003
  0.197177161118804E+001  0.198648839957043E+001  0.686095997822408E+000  0.196526111351107E+000 -0.131028262406404E+000 -0.138757464713302E+003 -0.138757464713302E+003 -0.138760694614479E+003
  0.198950613110963E+001  0.199150494538641E+001  0.186545367083975E-001  0.201246424963984E+000 -0.131028262406404E+000 -0.138756618619169E+003 -0.138756618619169E+003 -0.138757718443452E+003
  0.196070995458662E+001  0.199981840510158E+001  0.683846866064850E+000  0.201827017240579E+000 -0.131028262406404E+000 -0.138757258218763E+003 -0.138757258218763E+003 -0.138759252795266E+003
  0.199341411170906E+001  0.196342913971125E+001  0.117947301469540E+000  0.194244455021757E+000 -0.131028262406404E+000 -0.138757364357538E+003 -0.138757364357538E+003 -0.138757704005355E+003
  0.197945460117542E+001  0.198608665811185E+001  0.454226830461903E+000  0.198826918756859E+000 -0.131028262406404E+000 -0.138756841717320E+003 -0.138756841717320E+003 -0.138758268792319E+003
  0.197745240876522E+001  0.198706692727137E+001  0.597869140864962E+000  0.197431913052882E+000 -0.131028262406404E+000 -0.138756920396460E+003 -0.138756920396460E+003 -0.138760383282253E+003
  0.199685421905557E+001  0.196861432641297E+001  0.530631924126264E+000  0.193441167401890E+000 -0.131028262406404E+000 -0.138757020586710E+003 -0.138757020586710E+003 -0.138760221001424E+003
  0.198773350686163E+001  0.199945854760467E+001  0.257181681250480E+000  0.192809755353882E+000 -0.131028262406404E+000 -0.138756632502939E+003 -0.138756632502939E+003 -0.138757879125812E+003
  0.198821042498871E+001  0.198454305749291E+001  0.877193357518235E+000  0.197282753966703E+000 -0.131028262406404E+000 -0.138756414467498E+003 -0.138756414467498E+003 -0.138757918407953E+003
  0.199647860634830E+001  0.198724817331559E+001  0.534782880690943E+000  0.197541398402138E+000 -0.131028262406404E+000 -0.138755867262059E+003 -0.138755867262059E+003 -0.138760088105898E+003
  0.199136180904318E+001  0.196593700433465E+001  0.741115567339968E+000  0.193713991163864E+000 -0.131028262406404E+000 -0.138757503714157E+003 -0.138757503714157E+003 -0.138757726436254E+003
  0.199271749185277E+001  0.198148766402826E+001  0.269419540367792E+000  0.191971414119546E+000 -0.131028262406404E+000 -0.138757246037385E+003 -0.138757246037385E+003 -0.138758500979999E+003
  0.199416404217216E+001  0.195766193950419E+001  0.906263683297069E+000  0.194627240080213E+000 -0.131028262406404E+000 -0.138757536172768E+003 -0.138757536172768E+003 -0.138759516867634E+003
  0.198544851409006E+001  0.197232144370239E+001  0.362362640591598E+000  0.195974685981924E+000 -0.131028262406404E+000 -0.138757255467801E+003 -0.138757255467801E+003 -0.138759409316021E+003
  0.197578984568894E+001  0.199632706107234E+001  0.546299241592154E+000  0.203299042974117E+000 -0.131028262406404E+000 -0.138757310380740E+003 -0.138757310380740E+003 -0.138759158071291E+003
  0.199328645648941E+001  0.199155014536662E+001  0.670637168060173E+000  0.195767824879915E+000 -0.131028262406404E+000 -0.138755831863314E+003 -0.138755831863314E+003 -0.138758520724756E+003
  0.199846735158106E+001  0.197389404207213E+001  0.745403881276574E+000  0.192778486159753E+000 -0.131028262406404E+000 -0.138756813906061E+003 -0.138756813906061E+003 -0.138757986220927E+003
  0.198916895687756E+001  0.198940115128272E+001  0.177988819163327E-001  0.198070189962355E+000 -0.131028262406404E+000 -0.138756139712705E+003 -0.138756139712705E+003 -0.138757705326118E+003
  0.199465707797466E+001  0.197505929004360E+001  0.618788526278715E+000  0.193839352745161E+000 -0.131028262406404E+000 -0.138756805879929E+003 -0.138756805879929E+003 -0.138770293626158E+003
  0.197377167234658E+001  0.199646331898803E+001  0.697243376795996E+000  0.203891306563937E+000 -0.131028262406404E+000 -0.138757557739937E+003 -0.138757557739937E+003 -0.138757683213362E+003
  0.199971176035990E+001  0.198723321788605E+001  0.890404382452079E+000  0.200173927085430E+000 -0.131028262406404E+000 -0.138756299207092E+003 -0.138756299207092E+003 -0.138757693751401E+003
  0.198055378204943E+001  0.198786449735226E+001  0.533767230989142E+000  0.202726890647351E+000 -0.131028262406404E+000 -0.138757530807437E+003 -0.138757530807437E+003 -0.138760299705433E+003
  0.197058864476442E+001  0.199673994445833E+001  0.118737508343947E+000  0.199614973548863E+000 -0.131028262406404E+000 -0.138756778311717E+003 -0.138756778311717E+003 -0.138758177262283E+003
  0.198844922931724E+001  0.197848898424744E+001  0.935354056698556E+000  0.199315752921934E+000 -0.131028262406404E+000 -0.138756916208924E+003 -0.138756916208924E+003 -0.138758841493162E+003
  0.197602331607542E+001  0.198127623603178E+001  0.311333787686727E+000  0.197190599466969E+000 -0.131028262406404E+000 -0.138757318938943E+003 -0.138757318938943E+003 -0.138759575716831E+003
  0.198070137532579E+001  0.197397255742123E+001  0.417399780440367E+000  0.199575998619660E+000 -0.131028262406404E+000 -0.138757515084211E+003 -0.138757515084211E+003 -0.138760039560464E+003
  0.198376090066041E+001  0.196845902740033E+001  0.712614377971835E-001  0.198615337168716E+000 -0.131028262406404E+000 -0.138757559558651E+003 -0.138757559558651E+003 -0.138757957774412E+003
  0.198404608740182E+001  0.198614177363350E+001  0.779522328967269E-001  0.193600367270469E+000 -0.131028262406404E+000 -0.138757241026472E+003 -0.138757241026472E+003 -0.138758310408611E+003
  0.198709385599020E+001  0.197378656553398E+001  0.558051910517995E+000  0.195006034590068E+000 -0.131028262406404E+000 -0.138757202225544E+003 -0.138757202225544E+003 -0.138760618769335E+003
  0.197824157381517E+001  0.198899738410895E+001  0.313892499001822E+000  0.197315678181094E+000 -0.131028262406404E+000 -0.138756783764781E+003 -0.138756783764781E+003 -0.138758404280491E+003
  0.199517198008802E+001  0.198348485591747E+001  0.847924602373361E+000  0.196135264825420E+000 -0.131028262406404E+000 -0.138756091385120E+003 -0.138756091385120E+003 -0.138759282719223E+003
  0.199346137601864E+001  0.199397350975100E+001  0.364227405600558E+000  0.199254461715024E+000 -0.131028262406404E+000 -0.138755858629119E+003 -0.138755858629119E+003 -0.138758310226206E+003
  0.198112918227164E+001  0.199023366329021E+001  0.359981313188179E+000  0.196969637200898E+000 -0.131028262406404E+000 -0.138756566697902E+003 -0.138756566697902E+003 -0.138767514755577E+003
  0.199203526456983E+001  0.197876381602673E+001  0.832679395632865E-001  0.195567614831301E+000 -0.131028262406404E+000 -0.138756552074580E+003 -0.138756552074580E+003 -0.138759153500158E+003
  0.198431565232885E+001  0.199550853767280E+001  0.382155037658842E+000  0.191816993528582E+000 -0.131028262406404E+000 -0.138757565301803E+003 -0.138757565301803E+003 -0.138758054720317E+003
  0.199404278548711E+001  0.197300070919778E+001  0.383483098076116E+000  0.197694018833078E+000 -0.131028262406404E+000 -0.138756751898516E+003 -0.138756751898516E+003 -0.138758506383540E+003
  0.197240113883728E+001  0.198737919187375E+001  0.945777362307069E+000  0.196102034517365E+000 -0.131028262406404E+000 -0.138757462439790E+003 -0.138757462439790E+003 -0.138758405747878E+003
  0.197233408584118E+001  0.198654200102720E+001  0.349546773037864E+000  0.199577104064695E+000 -0.131028262406404E+000 -0.138757221180069E+003 -0.138757221180069E+003 -0.138757948214013E+003
  0.199214383651902E+001  0.197790486757074E+001  0.484214733946116E-001  0.193285453848919E+000 -0.131028262406404E+000 -0.138757010128655E+003 -0.138757010128655E+003 -0.138757942883466E+003
  0.199202987984456E+001  0.197547627473548E+001  0.540320506727957E-001  0.198272875084730E+000 -0.131028262406404E+000 -0.138756775179524E+003 -0.138756775179524E+003 -0.138758832470129E+003
  0.199060556742157E+001  0.196899019708183E+001  0.571353078677455E+000  0.193594608021909E+000 -0.131028262406404E+000 -0.138757452450200E+003 -0.138757452450200E+003 -0.138760149367601E+003
  0.198498438315320E+001  0.197808726046382E+001  0.966774167637084E+000  0.197911443682718E+000 -0.131028262406404E+000 -0.138756934763466E+003 -0.138756934763466E+003 -0.138761898144838E+003
  0.196864198021560E+001  0.199560297224719E+001  0.516495473375221E+000  0.199987217158536E+000 -0.131028262406404E+000 -0.138756953768099E+003 -0.138756953768099E+003 -0.138760315197365E+003
  0.198841364392227E+001  0.199725874647816E+001  0.578008184614912E+000  0.200731523228935E+000 -0.131028262406404E+000 -0.138756162723569E+003 -0.138756162723569E+003 -0.138757753631477E+003
  0.197768169995597E+001  0.199202764723182E+001  0.265199696473402E+000  0.197079820750100E+000 -0.131028262406404E+000 -0.138756695269571E+003 -0.138756695269571E+003 -0.138764102876995E+003
  0.198220871771421E+001  0.199556141677564E+001  0.932985980963850E+000  0.193155340875419E+000 -0.131028262406404E+000 -0.138757173017319E+003 -0.138757173017319E+003 -0.138758134309991E+003
  0.197318272755726E+001  0.198741889695415E+001  0.264262749942373E+000  0.198716395737325E+000 -0.131028262406404E+000 -0.138757108268305E+003 -0.138757108268305E+003 -0.138757627833560E+003
  0.199234048077231E+001  0.199296910881991E+001  0.177615833557567E-001  0.201029997698411E+000 -0.131028262406404E+000 -0.138756398493418E+003 -0.138756398493418E+003 -0.138758838376814E+003
  0.199675444155434E+001  0.198849893728625E+001  0.287832514987145E+000  0.197457836293316E+000 -0.131028262406404E+000 -0.138755781565234E+003 -0.138755781565234E+003 -0.138759673031295E+003
  0.199731638714957E+001  0.197744881316897E+001  0.320118614250824E+000  0.197340706722826E+000 -0.131028262406404E+000 -0.138756330867879E+003 -0.138756330867879E+003 -0.138759038676529E+003
  0.198205684541438E+001  0.198064367513082E+001  0.165724201016459E+000  0.201485079756233E+000 -0.131028262406404E+000 -0.138757517075804E+003 -0.138757517075804E+003 -0.138759957553737E+003
  0.198921991426448E+001  0.199640538358409E+001  0.602797035968354E-001  0.192541487277650E+000 -0.131028262406404E+000 -0.138756726464008E+003 -0.138756726464008E+003 -0.138765222717661E+003
  0.196615389929604E+001  0.199971152683496E+001  0.200190381609670E+000  0.201392200710153E+000 -0.131028262406404E+000 -0.138756967551559E+003 -0.138756967551559E+003 -0.138758505523457E+003
  0.198097314565432E+001  0.198694878122479E+001  0.228026502586975E+000  0.198617290009624E+000 -0.131028262406404E+000 -0.138756708345560E+003 -0.138756708345560E+003 -0.138758642194885E+003
  0.199151568843407E+001  0.197359520105314E+001  0.868292697905021E+000  0.198783320913303E+000 -0.131028262406404E+000 -0.138756977785431E+003 -0.138756977785431E+003 -0.138758437463072E+003
  0.199225408982569E+001  0.197706681604468E+001  0.240023299450576E+000  0.192588904837908E+000 -0.131028262406404E+000 -0.138757251352827E+003 -0.138757251352827E+003 -0.138761075546167E+003
  0.198941254001976E+001  0.199515279800427E+001  0.238858364105087E+000  0.195976935222658E+000 -0.131028262406404E+000 -0.138755887889274E+003 -0.138755887889274E+003 -0.138775481503820E+003
  0.199281187808064E+001  0.199387234268296E+001  0.434050196295418E+000  0.200829343775943E+000 -0.131028262406404E+000 -0.138756271286913E+003 -0.138756271286913E+003 -0.138759427691047E+003
  0.197634725997992E+001  0.198035529328526E+001  0.384409979986109E+000  0.201011799116613E+000 -0.131028262406404E+000 -0.138757584587135E+003 -0.138757584587135E+003 -0.138759366879093E+003
  0.197948475958595E+001  0.199880580970274E+001  0.317921952864758E+000  0.200690547866958E+000 -0.131028262406404E+000 -0.138756365163195E+003 -0.138756365163195E+003 -0.138767316128213E+003
  0.199117976820307E+001  0.199055432411012E+001  0.742094945996807E+000  0.193553093287044E+000 -0.131028262406404E+000 -0.138756455483953E+003 -0.138756455483953E+003 -0.138771835922095E+003
  0.198129772264200E+001  0.199081787413627E+001  0.205295490960858E+000  0.200190030487295E+000 -0.131028262406404E+000 -0.138756654864900E+003 -0.138756654864900E+003 -0.138761968477998E+003
  0.198019402348106E+001  0.199847864447683E+001  0.284047168058149E+000  0.196691173290520E+000 -0.131028262406404E+000 -0.138756262172512E+003 -0.138756262172512E+003 -0.138758286942286E+003
  0.197589300369364E+001  0.198635907281989E+001  0.440576994593892E+000  0.198608812508318E+000 -0.131028262406404E+000 -0.138757009805515E+003 -0.138757009805515E+003 -0.138759047915745E+003
  0.198402166459441E+001  0.197964822434205E+001  0.888454352444068E+000  0.195867670447162E+000 -0.131028262406404E+000 -0.138757009631926E+003 -0.138757009631926E+003 -0.138757900952765E+003
  0.197730495721293E+001  0.199905223966568E+001  0.807261027156605E+000  0.203663733301527E+000 -0.131028262406404E+000 -0.138757252256791E+003 -0.138757252256791E+003 -0.138758063258324E+003
  0.198701904857762E+001  0.199582977810823E+001  0.897896724224255E+000  0.195815535079351E+000 -0.131028262406404E+000 -0.138756039051498E+003 -0.138756039051498E+003 -0.138758878436250E+003
  0.199429812069290E+001  0.198026432341055E+001  0.732807382791903E+000  0.192029075815950E+000 -0.131028262406404E+000 -0.138757131066348E+003 -0.138757131066348E+003 -0.138758011312064E+003
  0.199139415180431E+001  0.199580059972654E+001  0.875940485674160E+000  0.202646447502019E+000 -0.131028262406404E+000 -0.138756852401724E+003 -0.138756852401724E+003 -0.138767564181024E+003
  0.198125985918837E+001  0.197071784223911E+001  0.697461685644193E+000  0.197827962877212E+000 -0.131028262406404E+000 -0.138757514047781E+003 -0.138757514047781E+003 -0.138757793556912E+003
  0.199169654862400E+001  0.198541904525918E+001  0.582596945017362E+000  0.199857326241002E+000 -0.131028262406404E+000 -0.138756527621809E+003 -0.138756527621809E+003 -0.138758140512824E+003
  0.199719665157656E+001  0.196888182762583E+001  0.266344981265469E+000  0.199262133643648E+000 -0.131028262406404E+000 -0.138757162626634E+003 -0.138757162626634E+003 -0.138757650560458E+003
  0.199670551313128E+001  0.198273468005731E+001  0.346992626012106E+000  0.197662883369263E+000 -0.131028262406404E+000 -0.138756108791306E+003 -0.138756108791306E+003 -0.138759149425176E+003
  0.198102491404489E+001  0.197926870006116E+001  0.395097039386428E+000  0.200584759784454E+000 -0.131028262406404E+000 -0.138757392972066E+003 -0.138757392972066E+003 -0.138760779389877E+003
  0.198957757064252E+001  0.197518157610470E+001  0.238213000772142E+000  0.194732995823379E+000 -0.131028262406404E+000 -0.138757003865060E+003 -0.138757003865060E+003 -0.138763724048921E+003
  0.199318711821439E+001  0.197632841981873E+001  0.612356905327541E+000  0.193087278331499E+000 -0.131028262406404E+000 -0.138757050048469E+003 -0.138757050048469E+003 -0.138757617563149E+003
  0.198230979036900E+001  0.198324034933765E+001  0.672320179779007E+000  0.198011952124716E+000 -0.131028262406404E+000 -0.138756811262006E+003 -0.138756811262006E+003 -0.138757822154861E+003
  0.199724971627775E+001  0.198552782776637E+001  0.405194940765814E+000  0.196760654914552E+000 -0.131028262406404E+000 -0.138755873844880E+003 -0.138755873844880E+003 -0.138757757367604E+003
  0.199474917939747E+001  0.198669028699682E+001  0.692074704630547E+000  0.196246742223211E+000 -0.131028262406404E+000 -0.138755951901054E+003 -0.138755951901054E+003 -0.138762769016700E+003
  0.199035124287727E+001  0.197346287085728E+001  0.456885568844319E+000  0.195356762659044E+000 -0.131028262406404E+000 -0.138756941626919E+003 -0.138756941626919E+003 -0.138757697042762E+003
  0.198252472312664E+001  0.197245509996584E+001  0.892530601868495E+000  0.196119328087482E+000 -0.131028262406404E+000 -0.138757428079858E+003 -0.138757428079858E+003 -0.138757873141824E+003
  0.199288436581299E+001  0.199274659314424E+001  0.987411234139054E+000  0.190592140544050E+000 -0.131028262406404E+000 -0.138757408866566E+003 -0.138757408866566E+003 -0.138758176219387E+003
  0.199401404893784E+001  0.196051282949991E+001  0.360477893753824E+000  0.196976514732230E+000 -0.131028262406404E+000 -0.138757353908897E+003 -0.138757353908897E+003 -0.138758418241331E+003
  0.198476877849666E+001  0.199536737042414E+001  0.438466256097472E-002  0.193290164289735E+000 -0.131028262406404E+000 -0.138756892253073E+003 -0.138756892253073E+003 -0.138759985625729E+003
  0.199294655650842E+001  0.196547094333824E+001  0.971019262707607E+000  0.198686099702375E+000 -0.131028262406404E+000 -0.138757359551249E+003 -0.138757359551249E+003 -0.138757673863143E+003
  0.198598140640392E+001  0.197973231430587E+001  0.352581267297329E+000  0.197784155818399E+000 -0.131028262406404E+000 -0.138756792167581E+003 -0.138756792167581E+003 -0.138758603268162E+003
  0.196966307555727E+001  0.199783835909450E+001  0.879799572013083E+000  0.197044304305655E+000 -0.131028262406404E+000 -0.138756995214214E+003 -0.138756995214214E+003 -0.138758083971869E+003
  0.196124384511645E+001  0.199287587953813E+001  0.245595522811709E+000  0.200194096172335E+000 -0.131028262406404E+000 -0.138757507252911E+003 -0.138757507252911E+003 -0.138757969094346E+003
  0.196992362429278E+001  0.199468948794017E+001  0.190962750099445E+000  0.196447948703718E+000 -0.131028262406404E+000 -0.138757244736937E+003 -0.138757244736937E+003 -0.138759954916882E+003
  0.198777950578040E+001  0.199509364668820E+001  0.865577732717339E-001  0.194582665543827E+000 -0.131028262406404E+000 -0.138756255539002E+003 -0.138756255539002E+003 -0.138844870872795E+003
  0.196316633329582E+001  0.199840607348486E+001  0.509350732681924E+000  0.203099764468026E+000 -0.131028262406404E+000 -0.138757459772396E+003 -0.138757459772396E+003 -0.138759600958878E+003
  0.199020544039481E+001  0.199754343985143E+001  0.850998817417684E+000  0.201714635022759E+000 -0.131028262406404E+000 -0.138756398549646E+003 -0.138756398549646E+003 -0.138758670436119E+003
  0.198140413741756E+001  0.199317402056821E+001  0.141897078399765E+000  0.195528159862777E+000 -0.131028262406404E+000 -0.138756623182339E+003 -0.138756623182339E+003 -0.138760353937688E+003
  0.198673771614529E+001  0.198545024692096E+001  0.643796262795685E+000  0.197691860572752E+000 -0.131028262406404E+000 -0.138756452903595E+003 -0.138756452903595E+003 -0.138757892368415E+003
  0.199858175224457E+001  0.195286448891484E+001  0.508651103076955E+000  0.196698258169930E+000 -0.131028262406404E+000 -0.138757522463858E+003 -0.138757522463858E+003 -0.138757735609377E+003
  0.199184926139671E+001  0.198998622435235E+001  0.893380038744163E+000  0.193762383226493E+000 -0.131028262406404E+000 -0.138756367880145E+003 -0.138756367880145E+003 -0.138761880301172E+003
  0.198830062529948E+001  0.199250955086999E+001  0.935828256784801E+000  0.192414808977263E+000 -0.131028262406404E+000 -0.138757024119151E+003 -0.138757024119151E+003 -0.138758141442526E+003
  0.199269163410967E+001  0.198916193131246E+001  0.721609986239189E+000  0.190609851516821E+000 -0.131028262406404E+000 -0.138757558066445E+003 -0.138757558066445E+003 -0.138759092065366E+003
  0.199664024958909E+001  0.196408262515606E+001  0.477228785667846E+000  0.197382848739646E+000 -0.131028262406404E+000 -0.138757082223244E+003 -0.138757082223244E+003 -0.138758154359976E+003
  0.198768442746459E+001  0.199331023534212E+001  0.250056075590481E+000  0.191475849927868E+000 -0.131028262406404E+000 -0.138757474820403E+003 -0.138757474820403E+003 -0.138760153955416E+003
  0.196976104938418E+001  0.198286054233162E+001  0.227157128935116E+000  0.199200110281849E+000 -0.131028262406404E+000 -0.138757538807707E+003 -0.138757538807707E+003 -0.138758055176485E+003
  0.199065609673826E+001  0.198046667178045E+001  0.685851299407392E+000  0.191818612567960E+000 -0.131028262406404E+000 -0.138757543191002E+003 -0.138757543191002E+003 -0.138770207384935E+003
  0.199981431510236E+001  0.197623017914421E+001  0.125303198236870E+000  0.190370218828462E+000 -0.131028262406404E+000 -0.138757467377926E+003 -0.138757467377926E+003 -0.138759180069609E+003
  0.199695780623013E+001  0.198153911264562E+001  0.781494584824413E+000  0.194542851732538E+000 -0.131028262406404E+000 -0.138756213837490E+003 -0.138756213837490E+003 -0.138758231309042E+003
  0.199976693135884E+001  0.198100095655806E+001  0.830947930037444E+000  0.197584529580949E+000 -0.131028262406404E+000 -0.138756061136746E+003 -0.138756061136746E+003 -0.138763394859994E+003
  0.199439242344165E+001  0.197978461554159E+001  0.770572473309732E+000  0.198529125835055E+000 -0.131028262406404E+000 -0.138756482106671E+003 -0.138756482106671E+003 -0.138758033090218E+003
  0.199821998055752E+001  0.195986604944189E+001  0.246528196201688E+000  0.192420718794868E+000 -0.131028262406404E+000 -0.138757557068789E+003 -0.138757557068789E+003 -0.138758503102220E+003
  0.199951206649575E+001  0.197085842474873E+001  0.180310958979363E+000  0.190945395343767E+000 -0.131028262406404E+000 -0.138757467370224E+003 -0.138757467370224E+003 -0.138757957741958E+003
  0.198466150959255E+001  0.197467578463678E+001  0.741787097503244E+000  0.198154038476493E+000 -0.131028262406404E+000 -0.138757143688013E+003 -0.138757143688013E+003 -0.138757924123467E+003
  0.199806566523619E+001  0.196335748719781E+001  0.845800922645762E+000  0.196369867764022E+000 -0.131028262406404E+000 -0.138756966603664E+003 -0.138756966603664E+003 -0.138759832424701E+003
  0.198892180617913E+001  0.198741002379291E+001  0.960351417741880E+000  0.195834202516049E+000 -0.131028262406404E+000 -0.138756309018652E+003 -0.138756309018652E+003 -0.138758184378519E+003
  0.198119938195228E+001  0.199474916917584E+001  0.316543248043097E+000  0.199240830512561E+000 -0.131028262406404E+000 -0.138756325478122E+003 -0.138756325478122E+003 -0.138757987548351E+003
  0.199455626812849E+001  0.198006795051508E+001  0.706881769124479E-002  0.196688602083448E+000 -0.131028262406404E+000 -0.138756294075229E+003 -0.138756294075229E+003 -0.138757860876660E+003
  0.199634713453645E+001  0.199127241844341E+001  0.916015878267968E+000  0.195927657957093E+000 -0.131028262406404E+000 -0.138755644385217E+003 -0.138755644385217E+003 -0.138769986494582E+003
  0.199891517038603E+001  0.196215859684943E+001  0.346017228716137E+000  0.193879844476296E+000 -0.131028262406404E+000 -0.138757094643112E+003 -0.138757094643112E+003 -0.138758588220903E+003
  0.198598276313545E+001  0.198697649905652E+001  0.184403327266210E+000  0.201619044630093E+000 -0.131028262406404E+000 -0.138757088326212E+003 -0.138757088326212E+003 -0.138758648038898E+003
  0.196987595860808E+001  0.199540504692569E+001  0.830699061681280E+000  0.195170258470793E+000 -0.131028262406404E+000 -0.138757574223971E+003 -0.138757574223971E+003 -0.138758447636357E+003
  0.198925315575632E+001  0.198310674590578E+001  0.762174252028478E+000  0.195852742906966E+000 -0.131028262406404E+000 -0.138756493284766E+003 -0.138756493284766E+003 -0.138758031745524E+003
  0.199612538801078E+001  0.196799413671341E+001  0.482419265642551E+000  0.199027102411404E+000 -0.131028262406404E+000 -0.138757184913550E+003 -0.138757184913550E+003 -0.138758308587007E+003
  0.199844715031797E+001  0.196428585075687E+001  0.339626666601164E+000  0.195219686186842E+000 -0.131028262406404E+000 -0.138756893770942E+003 -0.138756893770942E+003 -0.138757607998603E+003
  0.198485182157439E+001  0.196948678444348E+001  0.325811711124308E-001  0.194907327776081E+000 -0.131028262406404E+000 -0.138757586272981E+003 -0.138757586272981E+003 -0.138758129333975E+003
  0.199030625652246E+001  0.199587083618241E+001  0.942992708997743E+000  0.197689081024171E+000 -0.131028262406404E+000 -0.138755727318157E+003 -0.138755727318157E+003 -0.138758684486557E+003
  0.199038898797342E+001  0.197336777701372E+001  0.348098826424934E+000  0.195231022493630E+000 -0.131028262406404E+000 -0.138756958681111E+003 -0.138756958681111E+003 -0.138759376341681E+003
  0.199112102701411E+001  0.198530746692637E+001  0.315643160607766E+000  0.191837020486981E+000 -0.131028262406404E+000 -0.138757292203036E+003 -0.138757292203036E+003 -0.138759064951299E+003
  0.199134249443069E+001  0.196192235111541E+001  0.694174731906724E+000  0.194381585015043E+000 -0.131028262406404E+000 -0.138757561334625E+003 -0.138757561334625E+003 -0.138762545341648E+003
  0.198825401658807E+001  0.199928038933546E+001  0.459937569622655E+000  0.203125102874545E+000 -0.131028262406404E+000 -0.138756875011289E+003 -0.138756875011289E+003 -0.138757784081656E+003
  0.199744954190299E+001  0.198206556305406E+001  0.847996740402930E+000  0.190968407452110E+000 -0.131028262406404E+000 -0.138757192215944E+003 -0.138757192215944E+003 -0.138757766498110E+003
  0.199265144210085E+001  0.198630330646336E+001  0.661561930287325E-001  0.195634662178470E+000 -0.131028262406404E+000 -0.138756139660438E+003 -0.138756139660438E+003 -0.138774337462842E+003
  0.196718982375758E+001  0.199266816385776E+001  0.201849075056313E+000  0.197262664574572E+000 -0.131028262406404E+000 -0.138757383019398E+003 -0.138757383019398E+003 -0.138758164120627E+003
  0.199985346847872E+001  0.197606800797121E+001  0.525188429723149E+000  0.198688491135625E+000 -0.131028262406404E+000 -0.138756528452907E+003 -0.138756528452907E+003 -0.138758277597369E+003
  0.198025293003394E+001  0.199210925153023E+001  0.898459536778510E+000  0.202553706608684E+000 -0.131028262406404E+000 -0.138757216494836E+003 -0.138757216494836E+003 -0.138762602623772E+003
  0.197636392857555E+001  0.199140817991620E+001  0.826574900015104E+000  0.199950032164565E+000 -0.131028262406404E+000 -0.138756796816133E+003 -0.138756796816133E+003 -0.138758098048601E+003
  0.197731688115841E+001  0.198310789814475E+001  0.477936850532206E+000  0.195370666986685E+000 -0.131028262406404E+000 -0.138757436999493E+003 -0.138757436999493E+003 -0.138757610602780E+003
  0.199981034640942E+001  0.197098562450819E+001  0.942382636465376E+000  0.195618649520945E+000 -0.131028262406404E+000 -0.138756467496736E+003 -0.138756467496736E+003 -0.138758522692188E+003
  0.198533938427843E+001  0.199266619554370E+001  0.375029784948305E-001  0.194951713475316E+000 -0.131028262406404E+000 -0.138756469530213E+003 -0.138756469530213E+003 -0.138758934899056E+003
  0.197843586400987E+001  0.199156536583322E+001  0.375911532317086E+000  0.196788958491475E+000 -0.131028262406404E+000 -0.138756701216845E+003 -0.138756701216845E+003 -0.138760728679571E+003
  0.199709118582544E+001  0.196357115809591E+001  0.770538280756322E+000  0.194735140578740E+000 -0.131028262406404E+000 -0.138757045770796E+003 -0.138757045770796E+003 -0.138759446296740E+003
  0.198802723012021E+001  0.199791261305483E+001  0.403875025392670E+000  0.196135893337338E+000 -0.131028262406404E+000 -0.138755828901489E+003 -0.138755828901489E+003 -0.138762237016233E+003
  0.198608381860880E+001  0.198852714328953E+001  0.713733365373949E+000  0.201689166535322E+000 -0.131028262406404E+000 -0.138757016419655E+003 -0.138757016419655E+003 -0.138758359595204E+003
  0.196886020397605E+001  0.199641121394356E+001  0.961652197541941E-002  0.203671759692033E+000 -0.131028262406404E+000 -0.138757579121307E+003 -0.138757579121307E+003 -0.138760104720826E+003
  0.199079001157353E+001  0.197286234153264E+001  0.749925665417764E+000  0.197028452056452E+000 -0.131028262406404E+000 -0.138756872768940E+003 -0.138756872768940E+003 -0.138757747853947E+003
  0.197438119497917E+001  0.199823553634703E+001  0.286602167482060E+000  0.201601174188336E+000 -0.131028262406404E+000 -0.138756757754722E+003 -0.138756757754722E+003 -0.138757726361427E+003
  0.199381050066772E+001  0.197600655241803E+001  0.685520146979603E+000  0.193598655731067E+000 -0.131028262406404E+000 -0.138756881054317E+003 -0.138756881054317E+003 -0.138760517411456E+003
  0.197198532842885E+001  0.198838181603825E+001  0.500650877062964E-002  0.199246866727874E+000 -0.131028262406404E+000 -0.138757129627227E+003 -0.138757129627227E+003 -0.138758378451626E+003
  0.198962920019761E+001  0.199456499442046E+001  0.702559397501695E+000  0.197462135583295E+000 -0.131028262406404E+000 -0.138755825832483E+003 -0.138755825832483E+003 -0.138758799665687E+003
  0.199828202409344E+001  0.198370381451142E+001  0.113050555460247E+000  0.194824655459362E+000 -0.131028262406404E+000 -0.138755985133945E+003 -0.138755985133945E+003 -0.138760861560839E+003
  0.199652819063866E+001  0.199592091148421E+001  0.739611734149256E-001  0.198274048876559E+000 -0.131028262406404E+000 -0.138755479671531E+003 -0.138755479671531E+003 -0.138758005989151E+003
  0.199535478424784E+001  0.199794538979668E+001  0.740566517344566E+000  0.197136892680564E+000 -0.131028262406404E+000 -0.138755344033639E+003 -0.138755344033639E+003 -0.138758295107014E+003
  0.199762616919945E+001  0.199906043558459E+001  0.446494658393431E+000  0.201472173539555E+000 -0.131028262406404E+000 -0.138756089551935E+003 -0.138756089551935E+003 -0.138771886399728E+003
  0.197835029871988E+001  0.198237036761347E+001  0.416153587416109E-001  0.200971031907330E+000 -0.131028262406404E+000 -0.138757391864377E+003 -0.138757391864377E+003 -0.138758005283394E+003
  0.199848396485079E+001  0.198065438888614E+001  0.472652515236829E+000  0.201158174016562E+000 -0.131028262406404E+000 -0.138757079041761E+003 -0.138757079041761E+003 -0.138758575411600E+003
  0.198346261647828E+001  0.198228306466529E+001  0.876247981909806E+000  0.195073960816144E+000 -0.131028262406404E+000 -0.138757062697885E+003 -0.138757062697885E+003 -0.138758751236419E+003
  0.197974813479675E+001  0.197971783440253E+001  0.262858886268869E+000  0.198398399527322E+000 -0.131028262406404E+000 -0.138757141702770E+003 -0.138757141702770E+003 -0.138757607356262E+003
  0.197502312324243E+001  0.199317155540053E+001  0.884738529389358E+000  0.201603235898540E+000 -0.131028262406404E+000 -0.138757025728537E+003 -0.138757025728537E+003 -0.138759428370390E+003
  0.198064905233647E+001  0.197940700972990E+001  0.161362949286607E+000  0.197559287326314E+000 -0.131028262406404E+000 -0.138757102685730E+003 -0.138757102685730E+003 -0.138758719510719E+003
  0.195728986313347E+001  0.199831021471622E+001  0.912126261277033E-002  0.199097634163368E+000 -0.131028262406404E+000 -0.138757552798847E+003 -0.138757552798847E+003 -0.138762423506105E+003
  0.199772945547491E+001  0.196473545168012E+001  0.580086351570756E+000  0.196033019847392E+000 -0.131028262406404E+000 -0.138756901068924E+003 -0.138756901068924E+003 -0.138758648065018E+003
  0.197314785054226E+001  0.198201957862799E+001  0.564318593662674E+000  0.200555569700602E+000 -0.131028262406404E+000 -0.138757529682630E+003 -0.138757529682630E+003 -0.138757929219763E+003
  0.199147944506517E+001  0.199630203414238E+001  0.119390704687416E+000  0.194411635326384E+000 -0.131028262406404E+000 -0.138755954025384E+003 -0.138755954025384E+003 -0.138758509908962E+003
  0.198622335184936E+001  0.197473840800293E+001  0.204858522870092E+000  0.196953438634555E+000 -0.131028262406404E+000 -0.138757028692776E+003 -0.138757028692776E+003 -0.138757618471271E+003
  0.197480144872631E+001  0.199974171772132E+001  0.303110264994842E+000  0.202337626989887E+000 -0.131028262406404E+000 -0.138756831414192E+003 -0.138756831414192E+003 -0.138757685494998E+003
  0.198573335334834E+001  0.199051322945671E+001  0.762835033697109E+000  0.200682068979861E+000 -0.131028262406404E+000 -0.138756619200662E+003 -0.138756619200662E+003 -0.138759843986151E+003
  0.198231423894195E+001  0.199839162474343E+001  0.294169974049070E+000  0.192695629738997E+000 -0.131028262406404E+000 -0.138757240776774E+003 -0.138757240776774E+003 -0.138758293249385E+003
  0.198212279986414E+001  0.199310843203900E+001  0.312320985093645E+000  0.195559247129563E+000 -0.131028262406404E+000 -0.138756565379918E+003 -0.138756565379918E+003 -0.138761985375519E+003
  0.199833862445675E+001  0.199704314044131E+001  0.132737111679468E+000  0.199585031906520E+000 -0.131028262406404E+000 -0.138755596852491E+003 -0.138755596852491E+003 -0.138758496749198E+003
  0.199644652828007E+001  0.196604354915538E+001  0.280237569590585E+000  0.192416875506465E+000 -0.131028262406404E+000 -0.138757429017950E+003 -0.138757429017950E+003 -0.138760903452460E+003
  0.199096150894566E+001  0.198376046974881E+001  0.305952752669350E+000  0.196560585631155E+000 -0.131028262406404E+000 -0.138756308484885E+003 -0.138756308484885E+003 -0.138758053635192E+003
  0.199836026949898E+001  0.196792359263318E+001  0.368304011510734E+000  0.199393718703917E+000 -0.131028262406404E+000 -0.138757223703500E+003 -0.138757223703500E+003 -0.138757714027298E+003
  0.199680752748609E+001  0.199023385327848E+001  0.521982416217287E+000  0.190593088006637E+000 -0.131028262406404E+000 -0.138757103729562E+003 -0.138757103729562E+003 -0.138758177220598E+003
  0.199298850728361E+001  0.199865908535548E+001  0.362566758099992E+000  0.201487097226443E+000 -0.131028262406404E+000 -0.138756198432405E+003 -0.138756198432405E+003 -0.138757899437359E+003
  0.199166698216265E+001  0.199282451376380E+001  0.212659522761352E+000  0.191102890839953E+000 -0.131028262406404E+000 -0.138757271848221E+003 -0.138757271848221E+003 -0.138757734832516E+003
  0.197977194266994E+001  0.199547911637129E+001  0.276311255657126E+000  0.202658965054896E+000 -0.131028262406404E+000 -0.138757058651746E+003 -0.138757058651746E+003 -0.138759800403240E+003
  0.198807227424878E+001  0.197087759673055E+001  0.287370218507975E-001  0.194616778593897E+000 -0.131028262406404E+000 -0.138757336796012E+003 -0.138757336796012E+003 -0.138758247558093E+003
  0.198026774767558E+001  0.197425155551331E+001  0.772353187283192E+000  0.196349569128184E+000 -0.131028262406404E+000 -0.138757466800277E+003 -0.138757466800277E+003 -0.138758236400939E+003
  0.199701735221999E+001  0.198058383376878E+001  0.960689235593194E-001  0.191562030157995E+000 -0.131028262406404E+000 -0.138757047852195E+003 -0.138757047852195E+003 -0.138757761913545E+003
  0.199833644718265E+001  0.197446665028019E+001  0.404302444459166E+000  0.191346126174041E+000 -0.131028262406404E+000 -0.138757266624315E+003 -0.138757266624315E+003 -0.138760029341812E+003
  0.199501812196555E+001  0.198191804295989E+001  0.903121366346725E+000  0.193205619961195E+000 -0.131028262406404E+000 -0.138756619855141E+003 -0.138756619855141E+003 -0.138757656934471E+003
  0.199866449009916E+001  0.198027922973634E+001  0.329146648506865E+000  0.199532383026244E+000 -0.131028262406404E+000 -0.138756537364115E+003 -0.138756537364115E+003 -0.138757982812968E+003
  0.197072755593141E+001  0.199552987813871E+001  0.834576498028118E+000  0.200735032144739E+000 -0.131028262406404E+000 -0.138756914385277E+003 -0.138756914385277E+003 -0.138757889585117E+003
  0.197726065080694E+001  0.199594505458190E+001  0.745811104638905E+000  0.197995293072413E+000 -0.131028262406404E+000 -0.138756455677118E+003 -0.138756455677118E+003 -0.138758794075157E+003
  0.199185599977263E+001  0.198606983520803E+001  0.562810801595715E+000  0.197005584871517E+000 -0.131028262406404E+000 -0.138756135784257E+003 -0.138756135784257E+003 -0.138760477964686E+003
  0.198766877394297E+001  0.198894868076160E+001  0.863873943137986E+000  0.192322546809943E+000 -0.131028262406404E+000 -0.138757268280620E+003 -0.138757268280620E+003 -0.138757643728709E+003
  0.197163568806337E+001  0.199998878417682E+001  0.927116485709355E+000  0.200806864012283E+000 -0.131028262406404E+000 -0.138756638973123E+003 -0.138756638973123E+003 -0.138764950940768E+003
  0.198613488048245E+001  0.199344232143257E+001  0.695726563150902E+000  0.198165613885957E+000 -0.131028262406404E+000 -0.138756084814208E+003 -0.138756084814208E+003 -0.138759360984935E+003
  0.198235773009252E+001  0.198359293345586E+001  0.805141882226704E-001  0.202241833189250E+000 -0.131028262406404E+000 -0.138757581246509E+003 -0.138757581246509E+003 -0.138759213641476E+003
  0.198511725113466E+001  0.199916850615313E+001  0.920771958965131E+000  0.201435537125791E+000 -0.131028262406404E+000 -0.138756332246812E+003 -0.138756332246812E+003 -0.138758067346788E+003
  0.198612324414714E+001  0.199934200807869E+001  0.561337776749927E+000  0.202274466686412E+000 -0.131028262406404E+000 -0.138756564808138E+003 -0.138756564808138E+003 -0.138763991545607E+003
  0.198947529663281E+001  0.199480134798243E+001  0.939455583077690E+000  0.202048114103099E+000 -0.131028262406404E+000 -0.138756698250667E+003 -0.138756698250667E+003 -0.138758346205323E+003
  0.199216055122721E+001  0.198716394286365E+001  0.261567803781616E+000  0.195962388785960E+000 -0.131028262406404E+000 -0.138756100019175E+003 -0.138756100019175E+003 -0.138758292345945E+003
  0.198500416979820E+001  0.198209713590097E+001  0.449825848184751E+000  0.194568349335717E+000 -0.131028262406404E+000 -0.138757064618401E+003 -0.138757064618401E+003 -0.138758104115602E+003
  0.199824676122549E+001  0.197607133225984E+001  0.627004089140717E+000  0.190558346743268E+000 -0.131028262406404E+000 -0.138757540948061E+003 -0.138757540948061E+003 -0.138757904916870E+003
  0.196267910041240E+001  0.199514387730829E+001  0.690973826105569E+000  0.199166690067889E+000 -0.131028262406404E+000 -0.138757338955796E+003 -0.138757338955796E+003 -0.138759486201819E+003
  0.198402931140521E+001  0.197596801293699E+001  0.463469007968776E+000  0.198471506688578E+000 -0.131028262406404E+000 -0.138757129400728E+003 -0.138757129400728E+003 -0.138757663174225E+003
  0.196235867590810E+001  0.199807725196654E+001  0.506045575866734E+000  0.199010620581047E+000 -0.131028262406404E+000 -0.138757226952516E+003 -0.138757226952516E+003 -0.138758722413438E+003
  0.199089850130640E+001  0.198771307270497E+001  0.355227196909427E+000  0.196089320445666E+000 -0.131028262406404E+000 -0.138756142210343E+003 -0.138756142210343E+003 -0.138757719805815E+003
  0.198809596609156E+001  0.199937321407669E+001  0.973624623508571E+000  0.196008458856013E+000 -0.131028262406404E+000 -0.138755770370244E+003 -0.138755770370244E+003 -0.138758835956307E+003
  0.198041888717200E+001  0.198572006444304E+001  0.723991617028649E-001  0.194776002573878E+000 -0.131028262406404E+000 -0.138757217047352E+003 -0.138757217047352E+003 -0.138758266486236E+003
  0.199452146868323E+001  0.196710430467120E+001  0.351989697134231E+000  0.197403305913095E+000 -0.131028262406404E+000 -0.138757016229453E+003 -0.138757016229453E+003 -0.138757766030176E+003
  0.197241601630615E+001  0.199803348993479E+001  0.400501460130527E+000  0.201522593358324E+000 -0.131028262406404E+000 -0.138756824850564E+003 -0.138756824850564E+003 -0.138759923861991E+003
  0.199883642226878E+001  0.197057561337779E+001  0.312982989665939E+000  0.197862432525173E+000 -0.131028262406404E+000 -0.138756707245481E+003 -0.138756707245481E+003 -0.138759010553574E+003
  0.198927531964631E+001  0.196874359414284E+001  0.572850033216891E+000  0.193525592471972E+000 -0.131028262406404E+000 -0.138757588293454E+003 -0.138757588293454E+003 -0.138758913725549E+003
  0.198890225161137E+001  0.199145676968940E+001  0.362873729057840E+000  0.194546500385031E+000 -0.131028262406404E+000 -0.138756340987811E+003 -0.138756340987811E+003 -0.138758659529543E+003
  0.199548814631457E+001  0.197752014407793E+001  0.713007435060913E+000  0.199416786839649E+000 -0.131028262406404E+000 -0.138756755789295E+003 -0.138756755789295E+003 -0.138761230971468E+003
  0.198582148500686E+001  0.199996321922564E+001  0.848240366052044E-001  0.203530446964878E+000 -0.131028262406404E+000 -0.138757034815329E+003 -0.138757034815329E+003 -0.138763854386693E+003
  0.199294184336546E+001  0.197280070237794E+001  0.304988283293386E+000  0.197927283568764E+000 -0.131028262406404E+000 -0.138756837599199E+003 -0.138756837599199E+003 -0.138760710838986E+003
  0.199708553689953E+001  0.197068134873950E+001  0.578187781679891E+000  0.195067737033983E+000 -0.131028262406404E+000 -0.138756669592365E+003 -0.138756669592365E+003 -0.138757951424562E+003
  0.198470838052793E+001  0.197163929409002E+001  0.516349489260791E+000  0.196300744502763E+000 -0.131028262406404E+000 -0.138757307811400E+003 -0.138757307811400E+003 -0.138758022534672E+003
  0.199413306315531E+001  0.199127417923555E+001  0.915978957629996E+000  0.195939134804773E+000 -0.131028262406404E+000 -0.138755778038638E+003 -0.138755778038638E+003 -0.138759508689600E+003
  0.199145293878729E+001  0.199690401710320E+001  0.207231836048889E+000  0.198282182131050E+000 -0.131028262406404E+000 -0.138755650999829E+003 -0.138755650999829E+003 -0.138758002266754E+003
  0.199807021046817E+001  0.197593833074924E+001  0.540514134946612E+000  0.199808404223227E+000 -0.131028262406404E+000 -0.138756886591638E+003 -0.138756886591638E+003 -0.138758114749386E+003
  0.197419366725439E+001  0.199783888398466E+001  0.901858437108863E-001  0.201211140565349E+000 -0.131028262406404E+000 -0.138756712218677E+003 -0.138756712218677E+003 -0.138758011707779E+003
  0.197965610654477E+001  0.199411330021631E+001  0.500876796883237E+000  0.193337288413184E+000 -0.131028262406404E+000 -0.138757401122821E+003 -0.138757401122821E+003 -0.138757929868973E+003
  0.199311928735508E+001  0.196648818958842E+001  0.238229448649983E+000  0.194650513546206E+000 -0.131028262406404E+000 -0.138757178566311E+003 -0.138757178566311E+003 -0.138759367261545E+003
  0.196758586993396E+001  0.198821265045570E+001  0.567087866609953E+000  0.197969184798031E+000 -0.131028262406404E+000 -0.138757464811103E+003 -0.138757464811103E+003 -0.138757592599456E+003
  0.199419040048865E+001  0.198640049525287E+001  0.970275718433861E+000  0.194275816045400E+000 -0.131028262406404E+000 -0.138756230181688E+003 -0.138756230181688E+003 -0.138757780125040E+003
  0.198704171171610E+001  0.197936687391340E+001  0.762581834688802E+000  0.195976117886671E+000 -0.131028262406404E+000 -0.138756807117573E+003 -0.138756807117573E+003 -0.138758250464362E+003
  0.197701093765471E+001  0.198518427678285E+001  0.826346634572754E+000  0.194984185039588E+000 -0.131028262406404E+000 -0.138757465803703E+003 -0.138757465803703E+003 -0.138759292560138E+003
  0.199730697220789E+001  0.198893131390437E+001  0.129841895086925E+000  0.190891256531197E+000 -0.131028262406404E+000 -0.138756964278755E+003 -0.138756964278755E+003 -0.138758027954754E+003
  0.198703451544348E+001  0.198462207330768E+001  0.168768862112522E+000  0.201108902366231E+000 -0.131028262406404E+000 -0.138757042673045E+003 -0.138757042673045E+003 -0.138760796209424E+003
  0.198365789721243E+001  0.197926920161311E+001  0.649178853190556E+000  0.193808618426965E+000 -0.131028262406404E+000 -0.138757507639618E+003 -0.138757507639618E+003 -0.138758021137385E+003
  0.199447993644636E+001  0.199795606554208E+001  0.955241282749321E+000  0.192020819701884E+000 -0.131028262406404E+000 -0.138756382066132E+003 -0.138756382066132E+003 -0.138758461359443E+003
  0.199232743837564E+001  0.198796303756962E+001  0.713220340019067E+000  0.193953857500829E+000 -0.131028262406404E+000 -0.138756371749031E+003 -0.138756371749031E+003 -0.138759394693258E+003
  0.199271800940942E+001  0.199454670610874E+001  0.544113559611860E+000  0.191075998915729E+000 -0.131028262406404E+000 -0.138757111054365E+003 -0.138757111054365E+003 -0.138760824276922E+003
  0.199213167398872E+001  0.196207667279738E+001  0.911210445629970E+000  0.195643359004388E+000 -0.131028262406404E+000 -0.138757363339118E+003 -0.138757363339118E+003 -0.138758637736841E+003
  0.199437580276556E+001  0.198558135473461E+001  0.581905717545457E+000  0.201200315483582E+000 -0.131028262406404E+000 -0.138756859019239E+003 -0.138756859019239E+003 -0.138760323338119E+003
  0.199722890000962E+001  0.199653909416606E+001  0.810466159194112E+000  0.197596113421337E+000 -0.131028262406404E+000 -0.138755346869058E+003 -0.138755346869058E+003 -0.138758321829248E+003
  0.199823132806952E+001  0.195910478513327E+001  0.169326331202794E-001  0.194926991459027E+000 -0.131028262406404E+000 -0.138757179733076E+003 -0.138757179733076E+003 -0.138758009466289E+003
  0.198572874911176E+001  0.198141752495826E+001  0.886994534318459E+000  0.199663510793209E+000 -0.131028262406404E+000 -0.138756917802759E+003 -0.138756917802759E+003 -0.138763000249167E+003
  0.199314434180547E+001  0.199467079255523E+001  0.923641039221214E+000  0.202217595041550E+000 -0.131028262406404E+000 -0.138756720176570E+003 -0.138756720176570E+003 -0.138759171117467E+003
  0.199841087110125E+001  0.198076854242456E+001  0.948929593074381E+000  0.196790650525237E+000 -0.131028262406404E+000 -0.138756063182013E+003 -0.138756063182013E+003 -0.138761594167198E+003
  0.197859691583744E+001  0.198342401574921E+001  0.530580374513540E+000  0.201964194391661E+000 -0.131028262406404E+000 -0.138757584932729E+003 -0.138757584932729E+003 -0.138758180472735E+003
  0.198894137334313E+001  0.198565577016249E+001  0.700311027331138E+000  0.196410009038087E+000 -0.131028262406404E+000 -0.138756342161820E+003 -0.138756342161820E+003 -0.138758076775376E+003
  0.197927346109153E+001  0.197870108319395E+001  0.419496022336802E+000  0.198397400227371E+000 -0.131028262406404E+000 -0.138757219925259E+003 -0.138757219925259E+003 -0.138759045502738E+003
  0.197538102864585E+001  0.199233297870062E+001  0.372160403339481E+000  0.199372973882515E+000 -0.131028262406404E+000 -0.138756748391096E+003 -0.138756748391096E+003 -0.138763272230047E+003
  0.197131952630063E+001  0.199238697358889E+001  0.105749025739416E+000  0.195227327521262E+000 -0.131028262406404E+000 -0.138757559959928E+003 -0.138757559959928E+003 -0.138758062858914E+003
  0.199062022596644E+001  0.199959802350934E+001  0.767409096173017E+000  0.202476814272359E+000 -0.131028262406404E+000 -0.138756553730751E+003 -0.138756553730751E+003 -0.138757623425046E+003
  0.197007689115812E+001  0.199482024782832E+001  0.174146659231963E+000  0.196751156647239E+000 -0.131028262406404E+000 -0.138757161486127E+003 -0.138757161486127E+003 -0.138761420263318E+003
  0.196304209516543E+001  0.199893190828075E+001  0.250797766822542E+000  0.201771819512238E+000 -0.131028262406404E+000 -0.138757195443655E+003 -0.138757195443655E+003 -0.138763068014165E+003
  0.199755454802297E+001  0.199498327475547E+001  0.391855369851213E+000  0.197004621676625E+000 -0.131028262406404E+000 -0.138755379197653E+003 -0.138755379197653E+003 -0.138757752033435E+003
  0.199433000665166E+001  0.199768937906985E+001  0.370022362713598E+000  0.202770309298999E+000 -0.131028262406404E+000 -0.138756763672049E+003 -0.138756763672049E+003 -0.138758218937729E+003
  0.197995930938662E+001  0.198844110092724E+001  0.666192042072103E+000  0.194712546760510E+000 -0.131028262406404E+000 -0.138757150556591E+003 -0.138757150556591E+003 -0.138762282644713E+003
  0.199771056597242E+001  0.198710889507320E+001  0.593774174147196E+000  0.192739394804383E+000 -0.131028262406404E+000 -0.138756303834647E+003 -0.138756303834647E+003 -0.138761132090238E+003
  0.198269645517231E+001  0.199876307442074E+001  0.153380727021878E+000  0.203221799043169E+000 -0.131028262406404E+000 -0.138757014987386E+003 -0.138757014987386E+003 -0.138757649839718E+003
  0.198287862619755E+001  0.199171387760781E+001  0.753347670728965E+000  0.196045104053471E+000 -0.131028262406404E+000 -0.138756489298394E+003 -0.138756489298394E+003 -0.138757676114787E+003
  0.199999221700097E+001  0.199849706044659E+001  0.166411956592366E+000  0.197442816038775E+000 -0.131028262406404E+000 -0.138755104137832E+003 -0.138755104137832E+003 -0.138763147835920E+003
  0.198562410721988E+001  0.199342301847261E+001  0.301512410827361E+000  0.201743269138888E+000 -0.131028262406404E+000 -0.138756751646754E+003 -0.138756751646754E+003 -0.138763488846974E+003
  0.199333072444294E+001  0.197987299231988E+001  0.183203474593702E+000  0.199879576934583E+000 -0.131028262406404E+000 -0.138756802910994E+003 -0.138756802910994E+003 -0.138761650084377E+003
  0.198466276739714E+001  0.198770185037920E+001  0.390580136018922E+000  0.194532910947011E+000 -0.131028262406404E+000 -0.138756847353805E+003 -0.138756847353805E+003 -0.138758327878587E+003
  0.199488058545089E+001  0.199914261623329E+001  0.253317756313569E+000  0.197676084722558E+000 -0.131028262406404E+000 -0.138755327559490E+003 -0.138755327559490E+003 -0.138760935742221E+003
  0.198860028150315E+001  0.198255741012457E+001  0.748608961625412E+000  0.192576033837576E+000 -0.131028262406404E+000 -0.138757347847763E+003 -0.138757347847763E+003 -0.138758910299861E+003
  0.199383208899918E+001  0.199875330075481E+001  0.309782352076426E+000  0.198672351343806E+000 -0.131028262406404E+000 -0.138755489931259E+003 -0.138755489931259E+003 -0.138757768326892E+003
  0.199083691823293E+001  0.198596003358643E+001  0.708091523061890E+000  0.192888724751385E+000 -0.131028262406404E+000 -0.138756891997447E+003 -0.138756891997447E+003 -0.138766167580058E+003
  0.199427390672187E+001  0.197401114419295E+001  0.369196447795814E+000  0.195648639355088E+000 -0.131028262406404E+000 -0.138756638899306E+003 -0.138756638899306E+003 -0.138757865549871E+003
  0.198828828486918E+001  0.197166183920936E+001  0.955175710467828E+000  0.196814758355341E+000 -0.131028262406404E+000 -0.138757069201394E+003 -0.138757069201394E+003 -0.138759069808058E+003
  0.198226882156890E+001  0.199984952670360E+001  0.510691177244018E+000  0.197856961287052E+000 -0.131028262406404E+000 -0.138755966964673E+003 -0.138755966964673E+003 -0.138757764821436E+003
  0.198940315813958E+001  0.199065359518076E+001  0.424628648357737E+000  0.193062308453914E+000 -0.131028262406404E+000 -0.138756758085167E+003 -0.138756758085167E+003 -0.138758078472823E+003
  0.198351498921018E+001  0.199103244514610E+001  0.955105007440521E+000  0.198921952571908E+000 -0.131028262406404E+000 -0.138756387660976E+003 -0.138756387660976E+003 -0.138762476665392E+003
  0.198609210251518E+001  0.198327135623854E+001  0.862323684645384E+000  0.201007152725705E+000 -0.131028262406404E+000 -0.138757116397149E+003 -0.138757116397149E+003 -0.138757591688961E+003
  0.199714946255924E+001  0.198666014701269E+001  0.729044738398871E+000  0.195994854427766E+000 -0.131028262406404E+000 -0.138755822961894E+003 -0.138755822961894E+003 -0.138757641568862E+003
  0.199928003590026E+001  0.198994074797396E+001  0.320619860765753E-001  0.199796286033460E+000 -0.131028262406404E+000 -0.138756035476616E+003 -0.138756035476616E+003 -0.138757662734643E+003
  0.198832266337793E+001  0.198710157426427E+001  0.156130477826199E+000  0.199446899120847E+000 -0.131028262406404E+000 -0.138756464985455E+003 -0.138756464985455E+003 -0.138761528809664E+003
  0.196861977346744E+001  0.199317822668488E+001  0.735220569609152E+000  0.201587080212555E+000 -0.131028262406404E+000 -0.138757255433625E+003 -0.138757255433625E+003 -0.138757750508779E+003
  0.199766796112016E+001  0.199834400957104E+001  0.382379992159639E+000  0.200944666203225E+000 -0.131028262406404E+000 -0.138755939048592E+003 -0.138755939048592E+003 -0.138758174114011E+003
  0.198224827453553E+001  0.199778628522693E+001  0.964234671507553E+000  0.194664590453779E+000 -0.131028262406404E+000 -0.138756560357415E+003 -0.138756560357415E+003 -0.138758233946855E+003
  0.199734373312239E+001  0.199684808319371E+001  0.823485035057992E-001  0.192088507688113E+000 -0.131028262406404E+000 -0.138756139738375E+003 -0.138756139738375E+003 -0.138757771672867E+003
  0.199957883414246E+001  0.196589013220483E+001  0.592151547595878E+000  0.191653211613833E+000 -0.131028262406404E+000 -0.138757410279502E+003 -0.138757410279502E+003 -0.138757919854185E+003
  0.198920457853163E+001  0.197190524194778E+001  0.860632410427649E+000  0.197897965448728E+000 -0.131028262406404E+000 -0.138757052137944E+003 -0.138757052137944E+003 -0.138759943044511E+003
  0.198461450121910E+001  0.196940208205752E+001  0.619743220804638E+000  0.197783128941953E+000 -0.131028262406404E+000 -0.138757403424612E+003 -0.138757403424612E+003 -0.138757785823322E+003
  0.199383833507676E+001  0.199846554053478E+001  0.402068666663260E+000  0.195642627158529E+000 -0.131028262406404E+000 -0.138755476041602E+003 -0.138755476041602E+003 -0.138757662943048E+003
  0.199339467090269E+001  0.198366127426105E+001  0.102032484992273E-001  0.199567200015838E+000 -0.131028262406404E+000 -0.138756506158293E+003 -0.138756506158293E+003 -0.138757631976301E+003
  0.199428613882305E+001  0.196950328184881E+001  0.774697909614677E+000  0.196102698606697E+000 -0.131028262406404E+000 -0.138756847284170E+003 -0.138756847284170E+003 -0.138761221559322E+003
  0.199479281420412E+001  0.195937116627849E+001  0.291407574747428E+000  0.193515990357820E+000 -0.131028262406404E+000 -0.138757587280858E+003 -0.138757587280858E+003 -0.138758310716975E+003
  0.199766725016140E+001  0.196422528207040E+001  0.659544925602001E+000  0.196825649471391E+000 -0.131028262406404E+000 -0.138756970989181E+003 -0.138756970989181E+003 -0.138758614920872E+003
  0.197160612001610E+001  0.198884845299957E+001  0.794338124150627E+000  0.200069724867709E+000 -0.131028262406404E+000 -0.138757168834230E+003 -0.138757168834230E+003 -0.138785390930071E+003
  0.199143744464440E+001  0.199133351717356E+001  0.225515294682909E-001  0.199583661324272E+000 -0.131028262406404E+000 -0.138756141324829E+003 -0.138756141324829E+003 -0.138757888029370E+003
  0.198882148058280E+001  0.198545247099565E+001  0.437815311949561E+000  0.191945069712774E+000 -0.131028262406404E+000 -0.138757460575896E+003 -0.138757460575896E+003 -0.138758204255818E+003
  0.198786139437547E+001  0.199036486032570E+001  0.751392383135260E+000  0.202498084934191E+000 -0.131028262406404E+000 -0.138757171244115E+003 -0.138757171244115E+003 -0.138759244159489E+003
  0.198180144038604E+001  0.199271508853686E+001  0.115673763090847E+000  0.193927906564436E+000 -0.131028262406404E+000 -0.138757046281514E+003 -0.138757046281514E+003 -0.138757735210447E+003
  0.199424286617404E+001  0.196406112561494E+001  0.394364473809310E+000  0.194836349234676E+000 -0.131028262406404E+000 -0.138757197113035E+003 -0.138757197113035E+003 -0.138759797263373E+003
  0.197172712383877E+001  0.198849089811157E+001  0.645517932831679E+000  0.199210815765464E+000 -0.131028262406404E+000 -0.138757137285240E+003 -0.138757137285240E+003 -0.138758227024355E+003
  0.196919032286450E+001  0.199105535620304E+001  0.214042523519005E+000  0.196555449224219E+000 -0.131028262406404E+000 -0.138757445496861E+003 -0.138757445496861E+003 -0.138771607771920E+003
  0.198376453919771E+001  0.199158471257165E+001  0.928116949683699E+000  0.197030709225895E+000 -0.131028262406404E+000 -0.138756328510993E+003 -0.138756328510993E+003 -0.138758411758213E+003
  0.198395909556374E+001  0.198470297765666E+001  0.389700303734726E+000  0.193287283568494E+000 -0.131028262406404E+000 -0.138757418077250E+003 -0.138757418077250E+003 -0.138757701734064E+003
  0.199483857934066E+001  0.199537793777775E+001  0.521493430922131E+000  0.193981051214174E+000 -0.131028262406404E+000 -0.138755836770978E+003 -0.138755836770978E+003 -0.138759577314481E+003
  0.198130397559223E+001  0.199660730530643E+001  0.850856469530462E+000  0.200358319496632E+000 -0.131028262406404E+000 -0.138756360967918E+003 -0.138756360967918E+003 -0.138758266919675E+003
  0.199607366553354E+001  0.196716870667553E+001  0.846836246311309E+000  0.192863645004187E+000 -0.131028262406404E+000 -0.138757284465534E+003 -0.138757284465534E+003 -0.138766401616041E+003
  0.199239738694918E+001  0.199751991028149E+001  0.944545821829661E-001  0.202452449586332E+000 -0.131028262406404E+000 -0.138756650754490E+003 -0.138756650754490E+003 -0.138761189151750E+003
  0.197035530402822E+001  0.198340668547022E+001  0.446028282432229E+000  0.200059724946814E+000 -0.131028262406404E+000 -0.138757521300912E+003 -0.138757521300912E+003 -0.138759983987201E+003
  0.197227158430367E+001  0.198456002312185E+001  0.940667127658859E+000  0.199846354253329E+000 -0.131028262406404E+000 -0.138757348569156E+003 -0.138757348569156E+003 -0.138768745655771E+003
  0.197988448679060E+001  0.199535707905760E+001  0.426527328349790E+000  0.199729545640792E+000 -0.131028262406404E+000 -0.138756400629209E+003 -0.138756400629209E+003 -0.138760719883026E+003
  0.198786271354580E+001  0.196659846888719E+001  0.137870284048712E+000  0.195398569312121E+000 -0.131028262406404E+000 -0.138757435936811E+003 -0.138757435936811E+003 -0.138758436178412E+003
  0.198715161662465E+001  0.197225752581685E+001  0.455126393481978E+000  0.197315039628337E+000 -0.131028262406404E+000 -0.138757104883286E+003 -0.138757104883286E+003 -0.138758559283132E+003
  0.199760678160732E+001  0.195628436535616E+001  0.323830387346270E+000  0.194940143818473E+000 -0.131028262406404E+000 -0.138757357256952E+003 -0.138757357256952E+003 -0.138758363314222E+003
  0.198277096648671E+001  0.199686036162683E+001  0.628915336300301E+000  0.196029898753491E+000 -0.131028262406404E+000 -0.138756256970618E+003 -0.138756256970618E+003 -0.138757589468704E+003
