  0.101107552658351E+000  0.635352568227768E+000  0.674539729559864E+000  0.100009396226788E+000 -0.131028262406404E+000 -0.142180042104623E+003 -0.142180042104623E+003
  0.101359461159751E+000  0.119313766648695E+001  0.695102441032350E+000  0.100047865071614E+000 -0.131028262406404E+000 -0.142180649925381E+003 -0.142180649925381E+003
  0.100385139079247E+000  0.190376439118380E+001  0.977870013551130E+000  0.100075813084109E+000 -0.131028262406404E+000 -0.142180308355757E+003 -0.142180308355757E+003
  0.100866696337821E+000  0.133973011029604E+001  0.670305677452597E+000  0.100936399445364E+000 -0.131028262406404E+000 -0.142180832609374E+003 -0.142180832609374E+003
  0.100550556352111E+000  0.963357022135787E+000  0.871322659286730E+000  0.101513267360021E+000 -0.131028262406404E+000 -0.142180695137378E+003 -0.142180695137378E+003
  0.100994142422948E+000  0.148624964672626E+001  0.895351983724596E+000  0.100335308309465E+000 -0.131028262406404E+000 -0.142180704453961E+003 -0.142180704453961E+003
  0.100203862197418E+000  0.123105319002310E+001  0.931570012900877E+000  0.100907761276223E+000 -0.131028262406404E+000 -0.142180573392490E+003 -0.142180573392490E+003
  0.102466581516282E+000  0.679953532493488E+000  0.626136493749991E+000  0.100242145382701E+000 -0.131028262406404E+000 -0.142180594121810E+003 -0.142180594121810E+003
  0.100201987752975E+000  0.141555945654411E+001  0.556884567308281E+000  0.101488352971358E+000 -0.131028262406404E+000 -0.142180811130139E+003 -0.142180811130139E+003
  0.101630809701590E+000  0.557723267336657E+000  0.816217096730925E+000  0.101108811258746E+000 -0.131028262406404E+000 -0.142180423534218E+003 -0.142180423534218E+003
  0.100596676933862E+000  0.129925526023743E+001  0.608683003569008E+000  0.101342993331152E+000 -0.131028262406404E+000 -0.142180862846790E+003 -0.142180862846790E+003
  0.100541144643548E+000  0.174599073416147E+001  0.243148961194580E+000  0.100436548775086E+000 -0.131028262406404E+000 -0.142180549085496E+003 -0.142180549085496E+003
  0.101320151959010E+000  0.536699025262300E+000  0.183774491759831E+000  0.102207073387571E+000 -0.131028262406404E+000 -0.142180620688571E+003 -0.142180620688571E+003
  0.101641370099735E+000  0.644120879202147E+000  0.526759869526199E+000  0.101015130430318E+000 -0.131028262406404E+000 -0.142180523998830E+003 -0.142180523998830E+003
  0.101728647778657E+000  0.755490122725019E+000  0.305629387905480E+000  0.100083782999989E+000 -0.131028262406404E+000 -0.142180409490284E+003 -0.142180409490284E+003
  0.100635668099038E+000  0.921228143614218E+000  0.525229081793085E+000  0.100853123876434E+000 -0.131028262406404E+000 -0.142180479262175E+003 -0.142180479262175E+003
  0.100183062032314E+000  0.857266772300596E+000  0.582937423557367E+000  0.102688220194730E+000 -0.131028262406404E+000 -0.142180835022650E+003 -0.142180835022650E+003
  0.100872169751307E+000  0.551406158911029E+000  0.909828961188631E+000  0.102590592836765E+000 -0.131028262406404E+000 -0.142180616314838E+003 -0.142180616314838E+003
  0.100819924565133E+000  0.121583581080342E+001  0.750481245101128E+000  0.100314289142587E+000 -0.131028262406404E+000 -0.142180574852486E+003 -0.142180574852486E+003
  0.102130810603105E+000  0.192476614676757E+001  0.441095438709625E-001  0.100164096483094E+000 -0.131028262406404E+000 -0.142180872753560E+003 -0.142180872753560E+003
  0.100045779465663E+000  0.122050482903059E+001  0.490159412252513E+000  0.101973383080566E+000 -0.131028262406404E+000 -0.142180852619923E+003 -0.142180852619923E+003
  0.102282208153980E+000  0.618229308313785E+000  0.570739469977460E+000  0.101096547097798E+000 -0.131028262406404E+000 -0.142180712898669E+003 -0.142180712898669E+003
  0.100158001125434E+000  0.761533893905323E+000  0.560156575989334E+000  0.102705349375135E+000 -0.131028262406404E+000 -0.142180720587819E+003 -0.142180720587819E+003
  0.101932345374276E+000  0.854085998146543E+000  0.240343839486410E+000  0.100014755552755E+000 -0.131028262406404E+000 -0.142180560505171E+003 -0.142180560505171E+003
  0.101142648794729E+000  0.172327537606296E+001  0.390368948734529E+000  0.100367230243391E+000 -0.131028262406404E+000 -0.142180725796966E+003 -0.142180725796966E+003
  0.100871075026475E+000  0.774409625745143E+000  0.588770952530387E+000  0.101193661301259E+000 -0.131028262406404E+000 -0.142180503113448E+003 -0.142180503113448E+003
  0.101035345980431E+000  0.780649408413329E+000  0.846233542804303E+000  0.102251964837560E+000 -0.131028262406404E+000 -0.142180886245558E+003 -0.142180886245558E+003
  0.100215876666084E+000  0.948342524394870E+000  0.687353254588549E+000  0.100474255967512E+000 -0.131028262406404E+000 -0.142180254474461E+003 -0.142180254474461E+003
  0.100873786482747E+000  0.189935913444434E+001  0.328086227520487E+000  0.100909711131370E+000 -0.131028262406404E+000 -0.142180727190698E+003 -0.142180727190698E+003
  0.100651806118611E+000  0.538116484641679E+000  0.362745027442674E+000  0.100834005240126E+000 -0.131028262406404E+000 -0.142180007204814E+003 -0.142180007204814E+003
  0.101497881524721E+000  0.704525292459324E+000  0.725937798306601E+000  0.100815483475641E+000 -0.131028262406404E+000 -0.142180498811775E+003 -0.142180498811775E+003
  0.100994059743418E+000  0.679892238364478E+000  0.556156111386447E+000  0.100022765617524E+000 -0.131028262406404E+000 -0.142180069472230E+003 -0.142180069472230E+003
  0.102495244268097E+000  0.629174489332299E+000  0.355189878885309E+000  0.100427912968032E+000 -0.131028262406404E+000 -0.142180591294607E+003 -0.142180591294607E+003
  0.100411391355852E+000  0.738382707036543E+000  0.912358276939085E+000  0.102658396428664E+000 -0.131028262406404E+000 -0.142180758150007E+003 -0.142180758150007E+003
  0.100161393053005E+000  0.938596233279654E+000  0.448509566967252E+000  0.100805918983112E+000 -0.131028262406404E+000 -0.142180330903758E+003 -0.142180330903758E+003
  0.102252106415635E+000  0.100086237043726E+001  0.392369258167191E+000  0.100255564882017E+000 -0.131028262406404E+000 -0.142180871513569E+003 -0.142180871513569E+003
  0.100696185574559E+000  0.645586256807838E+000  0.742379409848496E+000  0.102685246165940E+000 -0.131028262406404E+000 -0.142180730905562E+003 -0.142180730905562E+003
  0.100230130036154E+000  0.145010670267836E+001  0.204046977815368E+000  0.100541781777495E+000 -0.131028262406404E+000 -0.142180525194229E+003 -0.142180525194229E+003
  0.101958565690056E+000  0.893941281819254E+000  0.536314300233337E+000  0.100164457524770E+000 -0.131028262406404E+000 -0.142180655303578E+003 -0.142180655303578E+003
  0.101224036881906E+000  0.520414968344459E+000  0.547330253884571E+000  0.100976074796321E+000 -0.131028262406404E+000 -0.142180199809193E+003 -0.142180199809193E+003
  0.100773209646391E+000  0.661312325779251E+000  0.897463720818998E+000  0.101492031546722E+000 -0.131028262406404E+000 -0.142180419017098E+003 -0.142180419017098E+003
  0.101180255144790E+000  0.175829623002313E+001  0.179989345565647E+000  0.100054439572775E+000 -0.131028262406404E+000 -0.142180625450023E+003 -0.142180625450023E+003
  0.100928561470270E+000  0.107668334613028E+001  0.252919953487195E+000  0.100908068253822E+000 -0.131028262406404E+000 -0.142180715907212E+003 -0.142180715907212E+003
  0.100987324719040E+000  0.559921042435376E+000  0.399886419553747E+000  0.103274061957892E+000 -0.131028262406404E+000 -0.142180869084249E+003 -0.142180869084249E+003
  0.100655909247994E+000  0.616046986740360E+000  0.348630399107997E+000  0.102479989124150E+000 -0.131028262406404E+000 -0.142180613741171E+003 -0.142180613741171E+003
  0.101601177062770E+000  0.185545655870000E+001  0.274920050978934E+000  0.100010804935799E+000 -0.131028262406404E+000 -0.142180698828167E+003 -0.142180698828167E+003
  0.100798231488349E+000  0.994459943425977E+000  0.594562032614791E+000  0.101070862472779E+000 -0.131028262406404E+000 -0.142180662917043E+003 -0.142180662917043E+003
  0.100092282255080E+000  0.630950865300340E+000  0.278187662989129E+000  0.103273681027440E+000 -0.131028262406404E+000 -0.142180692518741E+003 -0.142180692518741E+003
  0.100461842503623E+000  0.119371434066275E+001  0.281617666836049E+000  0.101460224560887E+000 -0.131028262406404E+000 -0.142180811565122E+003 -0.142180811565122E+003
  0.100313716330531E+000  0.775817147962853E+000  0.354054077162371E+000  0.100802566000573E+000 -0.131028262406404E+000 -0.142180210301695E+003 -0.142180210301695E+003
  0.101235546529215E+000  0.719180159237879E+000  0.963088066574470E-001  0.101241821921335E+000 -0.131028262406404E+000 -0.142180565028103E+003 -0.142180565028103E+003
  0.100385068321466E+000  0.837756825279873E+000  0.558545919097044E+000  0.102176449653576E+000 -0.131028262406404E+000 -0.142180721713427E+003 -0.142180721713427E+003
  0.100326731352640E+000  0.690852981484204E+000  0.825776850401032E-001  0.102661795000391E+000 -0.131028262406404E+000 -0.142180669411607E+003 -0.142180669411607E+003
  0.102649961615726E+000  0.717203948288138E+000  0.179285438486739E+000  0.100170784960555E+000 -0.131028262406404E+000 -0.142180676951645E+003 -0.142180676951645E+003
  0.100228851360750E+000  0.501094559109183E+000  0.773330176829326E+000  0.100379290304417E+000 -0.131028262406404E+000 -0.142179685897485E+003 -0.142179685897485E+003
  0.101346981360034E+000  0.857962847777486E+000  0.728976952250664E+000  0.100666108076978E+000 -0.131028262406404E+000 -0.142180583237899E+003 -0.142180583237899E+003
  0.100725920787124E+000  0.108321294547816E+001  0.465396727788692E+000  0.100209640458788E+000 -0.131028262406404E+000 -0.142180437139538E+003 -0.142180437139538E+003
  0.100092911992414E+000  0.604519320512392E+000  0.976918331389915E+000  0.101747808981711E+000 -0.131028262406404E+000 -0.142180201395245E+003 -0.142180201395245E+003
  0.100914363848132E+000  0.189302937782011E+001  0.534303489131096E+000  0.100856123651659E+000 -0.131028262406404E+000 -0.142180727141946E+003 -0.142180727141946E+003
  0.101014394886843E+000  0.553160149058632E+000  0.571222842273974E+000  0.101675484690204E+000 -0.131028262406404E+000 -0.142180392541454E+003 -0.142180392541454E+003
  0.101539853278525E+000  0.515710118125007E+000  0.518941018186031E-001  0.101624076256587E+000 -0.131028262406404E+000 -0.142180483017845E+003 -0.142180483017845E+003
  0.100693476251501E+000  0.822736065309889E+000  0.581067326428965E+000  0.100934749911505E+000 -0.131028262406404E+000 -0.142180422772848E+003 -0.142180422772848E+003
  0.100301948503815E+000  0.107679409536960E+001  0.194556442643855E+000  0.100974130282121E+000 -0.131028262406404E+000 -0.142180537757591E+003 -0.142180537757591E+003
  0.100958657947625E+000  0.139011751321232E+001  0.214519152631564E+000  0.100387260432070E+000 -0.131028262406404E+000 -0.142180698884301E+003 -0.142180698884301E+003
  0.101507516450055E+000  0.182472485925223E+001  0.411523784691413E+000  0.100070380664531E+000 -0.131028262406404E+000 -0.142180704256648E+003 -0.142180704256648E+003
  0.102457690381142E+000  0.574819346535530E+000  0.538583038531967E+000  0.100386489035000E+000 -0.131028262406404E+000 -0.142180489093524E+003 -0.142180489093524E+003
  0.100058410377862E+000  0.621551131038204E+000  0.624084970497435E+000  0.101632360521480E+000 -0.131028262406404E+000 -0.142180180762969E+003 -0.142180180762969E+003
  0.100786391388135E+000  0.939511458617387E+000  0.111902772476784E+000  0.100040823061394E+000 -0.131028262406404E+000 -0.142180291710013E+003 -0.142180291710013E+003
  0.100104106307927E+000  0.104923813319512E+001  0.939713762228942E+000  0.100419838490954E+000 -0.131028262406404E+000 -0.142180283132690E+003 -0.142180283132690E+003
  0.101396684766875E+000  0.867961562621932E+000  0.704040924701858E+000  0.100687342403952E+000 -0.131028262406404E+000 -0.142180615753718E+003 -0.142180615753718E+003
  0.100710921947723E+000  0.629595177289252E+000  0.416048477138036E+000  0.102285764757415E+000 -0.131028262406404E+000 -0.142180592922531E+003 -0.142180592922531E+003
  0.100653493640764E+000  0.183164288683233E+001  0.772413651738429E+000  0.100257169620546E+000 -0.131028262406404E+000 -0.142180490317786E+003 -0.142180490317786E+003
  0.100702297610362E+000  0.913906549508440E+000  0.675746009205683E+000  0.101522426629130E+000 -0.131028262406404E+000 -0.142180700431877E+003 -0.142180700431877E+003
  0.102581071189395E+000  0.568057412678156E+000  0.243932622523638E+000  0.100307626972033E+000 -0.131028262406404E+000 -0.142180493489500E+003 -0.142180493489500E+003
  0.100535053888324E+000  0.713798949459128E+000  0.795528959887741E+000  0.102097604397570E+000 -0.131028262406404E+000 -0.142180596240513E+003 -0.142180596240513E+003
  0.101757662336339E+000  0.990345507874685E+000  0.305923276511683E+000  0.100480981923085E+000 -0.131028262406404E+000 -0.142180778226620E+003 -0.142180778226620E+003
  0.100282333993735E+000  0.142482685049677E+001  0.748639044699399E+000  0.100655368455559E+000 -0.131028262406404E+000 -0.142180574803719E+003 -0.142180574803719E+003
  0.102353772150490E+000  0.756097870731795E+000  0.373396854320702E+000  0.100334586704087E+000 -0.131028262406404E+000 -0.142180682743163E+003 -0.142180682743163E+003
  0.100285030880705E+000  0.740794583915003E+000  0.691387977180382E+000  0.100091799068018E+000 -0.131028262406404E+000 -0.142179945022605E+003 -0.142179945022605E+003
  0.100286479714106E+000  0.127933690167210E+001  0.231082120803072E+000  0.101269386307425E+000 -0.131028262406404E+000 -0.142180733283736E+003 -0.142180733283736E+003
  0.102936838899453E+000  0.707824764988164E+000  0.366801940534141E+000  0.100588783582627E+000 -0.131028262406404E+000 -0.142180883993830E+003 -0.142180883993830E+003
  0.101111286875944E+000  0.932411011330264E+000  0.509847962828584E+000  0.100599415758250E+000 -0.131028262406404E+000 -0.142180560958825E+003 -0.142180560958825E+003
  0.100923943203478E+000  0.176840256484157E+001  0.348055210815065E+000  0.100371978146768E+000 -0.131028262406404E+000 -0.142180641110794E+003 -0.142180641110794E+003
  0.101203698796395E+000  0.148463908318021E+001  0.846391044315834E+000  0.100376106989721E+000 -0.131028262406404E+000 -0.142180783870926E+003 -0.142180783870926E+003
  0.100060510642722E+000  0.980037435942953E+000  0.460247813250120E+000  0.101175780984527E+000 -0.131028262406404E+000 -0.142180449357775E+003 -0.142180449357775E+003
  0.100372630894978E+000  0.800953528779074E+000  0.561200392728862E+000  0.102226830807797E+000 -0.131028262406404E+000 -0.142180691332368E+003 -0.142180691332368E+003
  0.100486435581173E+000  0.503775276811338E+000  0.233114005529682E+000  0.100677393055676E+000 -0.131028262406404E+000 -0.142179856938019E+003 -0.142179856938019E+003
  0.101232832330792E+000  0.120588078052461E+001  0.805866926429140E+000  0.100359004418941E+000 -0.131028262406404E+000 -0.142180714922180E+003 -0.142180714922180E+003
  0.101539865624959E+000  0.979323174541590E+000  0.241508208371946E+000  0.101068216402125E+000 -0.131028262406404E+000 -0.142180884621595E+003 -0.142180884621595E+003
  0.101207132875679E+000  0.545826712636767E+000  0.209738928596306E+000  0.100972075481727E+000 -0.131028262406404E+000 -0.142180232574851E+003 -0.142180232574851E+003
  0.102923482933067E+000  0.550477473419474E+000  0.530322076223658E+000  0.101104433240205E+000 -0.131028262406404E+000 -0.142180814681824E+003 -0.142180814681824E+003
  0.102652758400923E+000  0.537901600188051E+000  0.213601755973102E+000  0.100588893692754E+000 -0.131028262406404E+000 -0.142180555128565E+003 -0.142180555128565E+003
  0.100940442794400E+000  0.166716045719077E+001  0.128760632964396E+000  0.100107777462807E+000 -0.131028262406404E+000 -0.142180595806519E+003 -0.142180595806519E+003
  0.100156304559914E+000  0.198961564354165E+001  0.591444819518945E+000  0.100682052597000E+000 -0.131028262406404E+000 -0.142180366174026E+003 -0.142180366174026E+003
  0.101910169807578E+000  0.769794539359231E+000  0.467708587900083E+000  0.100594257828447E+000 -0.131028262406404E+000 -0.142180640367536E+003 -0.142180640367536E+003
  0.100434288855946E+000  0.183971687094324E+001  0.739838712146124E+000  0.100094977391126E+000 -0.131028262406404E+000 -0.142180366018062E+003 -0.142180366018062E+003
  0.100868879174003E+000  0.868632714674972E+000  0.935457032849750E+000  0.100952555952477E+000 -0.131028262406404E+000 -0.142180532097023E+003 -0.142180532097023E+003
  0.100692808965504E+000  0.151353749160497E+001  0.463655679850157E+000  0.101033379793007E+000 -0.131028262406404E+000 -0.142180831131218E+003 -0.142180831131218E+003
  0.101744721506367E+000  0.579889357665789E+000  0.742666267274321E+000  0.101565541634859E+000 -0.131028262406404E+000 -0.142180629649422E+003 -0.142180629649422E+003
  0.100327275207432E+000  0.192297011951401E+001  0.748798088625481E+000  0.101873909609640E+000 -0.131028262406404E+000 -0.142180839674725E+003 -0.142180839674725E+003
  0.100265376559589E+000  0.167552067294615E+001  0.372857456044471E+000  0.100106365650528E+000 -0.131028262406404E+000 -0.142180379934868E+003 -0.142180379934868E+003
  0.100498026927955E+000  0.654607473949685E+000  0.675517706163858E+000  0.100699063534398E+000 -0.131028262406404E+000 -0.142180085637686E+003 -0.142180085637686E+003
  0.101515514149625E+000  0.703267417178152E+000  0.718829858666714E+000  0.100994827875099E+000 -0.131028262406404E+000 -0.142180557405789E+003 -0.142180557405789E+003
  0.100081394740910E+000  0.142702527943355E+001  0.640997831070767E+000  0.101808892560396E+000 -0.131028262406404E+000 -0.142180875296575E+003 -0.142180875296575E+003
  0.100267892525785E+000  0.153866079845891E+001  0.673490748502554E+000  0.100388900973955E+000 -0.131028262406404E+000 -0.142180490944901E+003 -0.142180490944901E+003
  0.100011095762639E+000  0.764890291270194E+000  0.505447661736652E+000  0.100118624976822E+000 -0.131028262406404E+000 -0.142179895886910E+003 -0.142179895886910E+003
  0.100654838715615E+000  0.938272220159067E+000  0.892300955724612E+000  0.101017679459729E+000 -0.131028262406404E+000 -0.142180552022362E+003 -0.142180552022362E+003
  0.100832592603753E+000  0.914938440659934E+000  0.525691598112952E+000  0.100885279350421E+000 -0.131028262406404E+000 -0.142180545485957E+003 -0.142180545485957E+003
  0.101143200544947E+000  0.189158049058396E+001  0.676097260535066E+000  0.100902532517680E+000 -0.131028262406404E+000 -0.142180815357997E+003 -0.142180815357997E+003
  0.100753517667630E+000  0.639532016394387E+000  0.439646022677759E+000  0.101152933787888E+000 -0.131028262406404E+000 -0.142180281085061E+003 -0.142180281085061E+003
  0.101262080845883E+000  0.765561159675964E+000  0.489415987114467E-001  0.101057371729376E+000 -0.131028262406404E+000 -0.142180574137200E+003 -0.142180574137200E+003
  0.100259661877961E+000  0.518161644976971E+000  0.237400697076629E+000  0.103926897924339E+000 -0.131028262406404E+000 -0.142180760150345E+003 -0.142180760150345E+003
  0.101344384290967E+000  0.610987352001628E+000  0.482914085625597E+000  0.100218969777710E+000 -0.131028262406404E+000 -0.142180145124207E+003 -0.142180145124207E+003
  0.102015913271550E+000  0.581914488777119E+000  0.323582614328970E-001  0.100539988548453E+000 -0.131028262406404E+000 -0.142180408696918E+003 -0.142180408696918E+003
  0.101115301712791E+000  0.627090515580203E+000  0.754472295656771E+000  0.101757476174600E+000 -0.131028262406404E+000 -0.142180558710220E+003 -0.142180558710220E+003
  0.100213572851523E+000  0.140342422177675E+001  0.291555582974258E+000  0.100764466969889E+000 -0.131028262406404E+000 -0.142180584165652E+003 -0.142180584165652E+003
  0.102122426087843E+000  0.704663177135454E+000  0.137778820211446E+000  0.100361741004381E+000 -0.131028262406404E+000 -0.142180555449202E+003 -0.142180555449202E+003
  0.101585374612544E+000  0.846551923635923E+000  0.948699278496741E-001  0.100166380782488E+000 -0.131028262406404E+000 -0.142180491310379E+003 -0.142180491310379E+003
  0.100264816410298E+000  0.198914181125067E+001  0.452054322963015E+000  0.101070225340354E+000 -0.131028262406404E+000 -0.142180521426671E+003 -0.142180521426671E+003
  0.100062830268509E+000  0.991965250920156E+000  0.432075002010150E+000  0.101867167786944E+000 -0.131028262406404E+000 -0.142180673934188E+003 -0.142180673934188E+003
  0.100072379229485E+000  0.179089065255808E+001  0.916560157196913E+000  0.100265125829915E+000 -0.131028262406404E+000 -0.142180328544910E+003 -0.142180328544910E+003
  0.100460606796097E+000  0.159827304568576E+001  0.893390881716377E+000  0.100137714835504E+000 -0.131028262406404E+000 -0.142180466951446E+003 -0.142180466951446E+003
  0.101014593229644E+000  0.798797779499040E+000  0.688286395130285E-001  0.101422527935553E+000 -0.131028262406404E+000 -0.142180646877239E+003 -0.142180646877239E+003
  0.100508524035268E+000  0.861199890637428E+000  0.623013032339829E+000  0.100988108136143E+000 -0.131028262406404E+000 -0.142180421675081E+003 -0.142180421675081E+003
  0.101648634097317E+000  0.788076749075680E+000  0.996936300266352E-001  0.100579460781820E+000 -0.131028262406404E+000 -0.142180575007683E+003 -0.142180575007683E+003
  0.100028367726726E+000  0.158395482840379E+001  0.213580544990245E+000  0.101396690146580E+000 -0.131028262406404E+000 -0.142180729138638E+003 -0.142180729138638E+003
  0.102822600064506E+000  0.733598512373528E+000  0.660430862851506E+000  0.100446630927542E+000 -0.131028262406404E+000 -0.142180836718468E+003 -0.142180836718468E+003
  0.100329924697998E+000  0.119779030829617E+001  0.167999017601620E+000  0.101243798049899E+000 -0.131028262406404E+000 -0.142180703418824E+003 -0.142180703418824E+003
  0.100067761515270E+000  0.195326023185122E+001  0.778018000323116E+000  0.101246352539068E+000 -0.131028262406404E+000 -0.142180540101288E+003 -0.142180540101288E+003
  0.100792964352932E+000  0.155954977244061E+001  0.739811026158302E+000  0.100463392793499E+000 -0.131028262406404E+000 -0.142180679827561E+003 -0.142180679827561E+003
  0.100893817952135E+000  0.177732985582862E+001  0.244260975433867E+000  0.101140978813385E+000 -0.131028262406404E+000 -0.142180871342221E+003 -0.142180871342221E+003
  0.100780353647107E+000  0.860065670015696E+000  0.592945048213328E-001  0.100765746663224E+000 -0.131028262406404E+000 -0.142180437814992E+003 -0.142180437814992E+003
  0.100385599367104E+000  0.105825252888278E+001  0.741100534491890E+000  0.102048467798274E+000 -0.131028262406404E+000 -0.142180886352081E+003 -0.142180886352081E+003
  0.100378980919252E+000  0.863519513269506E+000  0.899207917340056E+000  0.102340809514401E+000 -0.131028262406404E+000 -0.142180798133533E+003 -0.142180798133533E+003
  0.101408149589396E+000  0.721305050069881E+000  0.966338725939343E+000  0.101778585595226E+000 -0.131028262406404E+000 -0.142180785891143E+003 -0.142180785891143E+003
  0.100694228716483E+000  0.612491018017960E+000  0.389295333257971E+000  0.103322351265514E+000 -0.131028262406404E+000 -0.142180871896140E+003 -0.142180871896140E+003
  0.100533086328260E+000  0.653951118941831E+000  0.438666848110230E+000  0.100912450737279E+000 -0.131028262406404E+000 -0.142180159670879E+003 -0.142180159670879E+003
  0.101528656345401E+000  0.161978067269296E+001  0.961910927236792E+000  0.100387022200766E+000 -0.131028262406404E+000 -0.142180881227062E+003 -0.142180881227062E+003
  0.102010615159355E+000  0.833911041422313E+000  0.377091103843470E+000  0.100271339091394E+000 -0.131028262406404E+000 -0.142180643740780E+003 -0.142180643740780E+003
  0.100518588816339E+000  0.118864134267762E+001  0.431256115582569E+000  0.101473347459137E+000 -0.131028262406404E+000 -0.142180831221231E+003 -0.142180831221231E+003
  0.100138692080770E+000  0.161960608477019E+001  0.242636831298786E+000  0.100144660906209E+000 -0.131028262406404E+000 -0.142180364050323E+003 -0.142180364050323E+003
  0.100119934079859E+000  0.112598344741737E+001  0.925221770153137E+000  0.101267177699360E+000 -0.131028262406404E+000 -0.142180603532098E+003 -0.142180603532098E+003
  0.100226807929789E+000  0.175121627726927E+001  0.386184895920550E+000  0.100488026579901E+000 -0.131028262406404E+000 -0.142180463736614E+003 -0.142180463736614E+003
  0.100952025670973E+000  0.570826263014807E+000  0.237250995895084E+000  0.101524759393600E+000 -0.131028262406404E+000 -0.142180355115409E+003 -0.142180355115409E+003
  0.100706777064456E+000  0.156905756476610E+001  0.580816577282605E+000  0.100919586582370E+000 -0.131028262406404E+000 -0.142180796566197E+003 -0.142180796566197E+003
  0.100389906698303E+000  0.590941116014910E+000  0.342569974765349E-001  0.101517519344858E+000 -0.131028262406404E+000 -0.142180206607683E+003 -0.142180206607683E+003
  0.100515414256714E+000  0.625264374894581E+000  0.847837516885776E+000  0.103236700517643E+000 -0.131028262406404E+000 -0.142180808379330E+003 -0.142180808379330E+003
  0.100019116477332E+000  0.105600229066469E+001  0.141051749234321E+000  0.102216016319660E+000 -0.131028262406404E+000 -0.142180819141548E+003 -0.142180819141548E+003
  0.100785884054573E+000  0.847070896685396E+000  0.446212657896005E+000  0.100989866174408E+000 -0.131028262406404E+000 -0.142180494974516E+003 -0.142180494974516E+003
  0.102782705444642E+000  0.641868185631558E+000  0.570553091106713E+000  0.100391278141832E+000 -0.131028262406404E+000 -0.142180687170604E+003 -0.142180687170604E+003
  0.101506009623619E+000  0.195223798174153E+001  0.837864830235390E+000  0.100468555204106E+000 -0.131028262406404E+000 -0.142180753265720E+003 -0.142180753265720E+003
  0.101029994733385E+000  0.881166862897111E+000  0.465434344833405E+000  0.101512553518752E+000 -0.131028262406404E+000 -0.142180768957226E+003 -0.142180768957226E+003
  0.103326553114967E+000  0.543551540682137E+000  0.437075228413278E+000  0.100385366855405E+000 -0.131028262406404E+000 -0.142180711201507E+003 -0.142180711201507E+003
  0.100250345386782E+000  0.507012176055949E+000  0.123430220722383E+000  0.102310615729132E+000 -0.131028262406404E+000 -0.142180266366194E+003 -0.142180266366194E+003
  0.101722013029270E+000  0.907732209602468E+000  0.466866515302676E+000  0.100159389487149E+000 -0.131028262406404E+000 -0.142180592772839E+003 -0.142180592772839E+003
  0.101755077333167E+000  0.196447470222576E+001  0.615312860950764E+000  0.100185696601253E+000 -0.131028262406404E+000 -0.142180733773681E+003 -0.142180733773681E+003
  0.100686356667247E+000  0.876151043390118E+000  0.443414834012122E-001  0.100170184626797E+000 -0.131028262406404E+000 -0.142180241058872E+003 -0.142180241058872E+003
  0.103202055840639E+000  0.568713859900526E+000  0.481196612183970E+000  0.100792831172775E+000 -0.131028262406404E+000 -0.142180834858913E+003 -0.142180834858913E+003
  0.101097617163923E+000  0.888837107762512E+000  0.520412430612353E+000  0.101617634133273E+000 -0.131028262406404E+000 -0.142180830802425E+003 -0.142180830802425E+003
  0.100914796406468E+000  0.957083537733647E+000  0.646786524511663E+000  0.101563163573603E+000 -0.131028262406404E+000 -0.142180821033234E+003 -0.142180821033234E+003
  0.100193365777676E+000  0.181081437173523E+001  0.284424601092013E+000  0.100389307243691E+000 -0.131028262406404E+000 -0.142180396636484E+003 -0.142180396636484E+003
  0.100408518465591E+000  0.105493836332312E+001  0.781994604847474E+000  0.100126283004321E+000 -0.131028262406404E+000 -0.142180291710684E+003 -0.142180291710684E+003
  0.100593842278069E+000  0.104147440255713E+001  0.822059205017594E+000  0.101368491885186E+000 -0.131028262406404E+000 -0.142180728089737E+003 -0.142180728089737E+003
  0.100469211479439E+000  0.152706466363591E+001  0.321499535006886E+000  0.100584401289430E+000 -0.131028262406404E+000 -0.142180617167716E+003 -0.142180617167716E+003
  0.100248058224721E+000  0.700737366522143E+000  0.778393337080727E+000  0.100657542187376E+000 -0.131028262406404E+000 -0.142180055110861E+003 -0.142180055110861E+003
  0.100050452693948E+000  0.122201831653325E+001  0.406472284888929E+000  0.101248306124405E+000 -0.131028262406404E+000 -0.142180627332282E+003 -0.142180627332282E+003
  0.100567071458976E+000  0.585147271185960E+000  0.631642646661414E+000  0.101439456447892E+000 -0.131028262406404E+000 -0.142180230460756E+003 -0.142180230460756E+003
  0.100604303024752E+000  0.525859880071939E+000  0.662843422028673E+000  0.103322240757218E+000 -0.131028262406404E+000 -0.142180705785564E+003 -0.142180705785564E+003
  0.102290739286255E+000  0.740516059107214E+000  0.985168131349467E+000  0.100952321099059E+000 -0.131028262406404E+000 -0.142180835030155E+003 -0.142180835030155E+003
  0.100461488686366E+000  0.183563079942954E+001  0.197926091563577E+000  0.101678836288927E+000 -0.131028262406404E+000 -0.142180874568896E+003 -0.142180874568896E+003
  0.100822558161138E+000  0.882888395585813E+000  0.865193472681525E+000  0.100307009637213E+000 -0.131028262406404E+000 -0.142180332566911E+003 -0.142180332566911E+003
  0.101865605547279E+000  0.691484628151619E+000  0.723529396321330E+000  0.100195351672937E+000 -0.131028262406404E+000 -0.142180407635800E+003 -0.142180407635800E+003
  0.100513184415069E+000  0.137110556816962E+001  0.758489636780972E-001  0.100711978666879E+000 -0.131028262406404E+000 -0.142180656595215E+003 -0.142180656595215E+003
  0.101719949066640E+000  0.108467855898367E+001  0.774563906124969E+000  0.100527291966800E+000 -0.131028262406404E+000 -0.142180852059428E+003 -0.142180852059428E+003
  0.100597864349001E+000  0.194379698496229E+001  0.251149251725003E+000  0.100228821758297E+000 -0.131028262406404E+000 -0.142180397282242E+003 -0.142180397282242E+003
  0.101533553430035E+000  0.616545232945887E+000  0.682699996176415E+000  0.100120604638076E+000 -0.131028262406404E+000 -0.142180181865186E+003 -0.142180181865186E+003
  0.100613591631941E+000  0.611601740413379E+000  0.137761747632461E+000  0.100327515106707E+000 -0.131028262406404E+000 -0.142179951851922E+003 -0.142179951851922E+003
  0.100122140800816E+000  0.116427997870239E+001  0.848805870449252E+000  0.101267844171484E+000 -0.131028262406404E+000 -0.142180626914577E+003 -0.142180626914577E+003
  0.100488998194740E+000  0.579005982228676E+000  0.898873143562887E+000  0.100659194779767E+000 -0.131028262406404E+000 -0.142179965590545E+003 -0.142179965590545E+003
  0.102373947029393E+000  0.676562347562958E+000  0.844356577017489E+000  0.100132660422598E+000 -0.131028262406404E+000 -0.142180527258405E+003 -0.142180527258405E+003
  0.100567937613423E+000  0.111049218657668E+001  0.163340157707450E+000  0.101371796992495E+000 -0.131028262406404E+000 -0.142180769364310E+003 -0.142180769364310E+003
  0.101602581115130E+000  0.762441336031212E+000  0.430426723643178E+000  0.101577503838344E+000 -0.131028262406404E+000 -0.142180837488327E+003 -0.142180837488327E+003
  0.101183739717666E+000  0.856529620969206E+000  0.666978344623134E+000  0.100259147898825E+000 -0.131028262406404E+000 -0.142180404572837E+003 -0.142180404572837E+003
  0.100281857540145E+000  0.616824840945641E+000  0.464083119770419E+000  0.102334761421867E+000 -0.131028262406404E+000 -0.142180453095259E+003 -0.142180453095259E+003
  0.100087628124684E+000  0.158668416008644E+001  0.706281773960071E-001  0.101726482321431E+000 -0.131028262406404E+000 -0.142180851907629E+003 -0.142180851907629E+003
  0.101871128317294E+000  0.534063269025245E+000  0.274667777321374E+000  0.102393105903317E+000 -0.131028262406404E+000 -0.142180845679822E+003 -0.142180845679822E+003
  0.100096313117988E+000  0.176650108751663E+001  0.509973228409956E+000  0.100733949299016E+000 -0.131028262406404E+000 -0.142180493608691E+003 -0.142180493608691E+003
  0.101073817268634E+000  0.174349244490701E+001  0.910476868299404E-001  0.100105026535764E+000 -0.131028262406404E+000 -0.142180613536977E+003 -0.142180613536977E+003
  0.100738392681411E+000  0.667777348527638E+000  0.438854899554768E+000  0.100635892675956E+000 -0.131028262406404E+000 -0.142180159157448E+003 -0.142180159157448E+003
  0.101931547484397E+000  0.835388150923174E+000  0.369172532366705E-001  0.100206603531635E+000 -0.131028262406404E+000 -0.142180600417130E+003 -0.142180600417130E+003
  0.100267137391644E+000  0.125519306662864E+001  0.784080065637827E+000  0.100281689732368E+000 -0.131028262406404E+000 -0.142180406748157E+003 -0.142180406748157E+003
  0.102026541326980E+000  0.954102255293598E+000  0.881524605572752E+000  0.100034617860136E+000 -0.131028262406404E+000 -0.142180691438931E+003 -0.142180691438931E+003
  0.100045855718393E+000  0.175955663998665E+001  0.964787446690083E+000  0.101332268414654E+000 -0.131028262406404E+000 -0.142180668278476E+003 -0.142180668278476E+003
  0.100375709900773E+000  0.188154517236925E+001  0.234153443290876E+000  0.100565818400102E+000 -0.131028262406404E+000 -0.142180472112252E+003 -0.142180472112252E+003
  0.102144138542376E+000  0.868736899848011E+000  0.246671386465429E+000  0.100542739302927E+000 -0.131028262406404E+000 -0.142180806755045E+003 -0.142180806755045E+003
  0.101393008977754E+000  0.103445590139221E+001  0.467825116049317E+000  0.100560534203300E+000 -0.131028262406404E+000 -0.142180723088650E+003 -0.142180723088650E+003
  0.100127347668883E+000  0.794787581586109E+000  0.539835629290209E+000  0.101876770593113E+000 -0.131028262406404E+000 -0.142180499616928E+003 -0.142180499616928E+003
  0.100071795220457E+000  0.825425620880208E+000  0.488821681523510E+000  0.102098563935124E+000 -0.131028262406404E+000 -0.142180584310160E+003 -0.142180584310160E+003
  0.101085935328265E+000  0.198565048368086E+001  0.630047223614630E+000  0.100828213752676E+000 -0.131028262406404E+000 -0.142180708952055E+003 -0.142180708952055E+003
  0.100264112949210E+000  0.151719936401919E+001  0.472441775301735E+000  0.101037441267557E+000 -0.131028262406404E+000 -0.142180695492684E+003 -0.142180695492684E+003
  0.100185498888407E+000  0.535222245893695E+000  0.757282607992166E+000  0.103669526008219E+000 -0.131028262406404E+000 -0.142180689597603E+003 -0.142180689597603E+003
  0.100266780340321E+000  0.195073720038105E+001  0.862515542758006E+000  0.100223746731121E+000 -0.131028262406404E+000 -0.142180286674666E+003 -0.142180286674666E+003
  0.101334401146342E+000  0.114127627742446E+001  0.256450796537101E+000  0.100001064794925E+000 -0.131028262406404E+000 -0.142180599284874E+003 -0.142180599284874E+003
  0.100374187150934E+000  0.163991740210419E+001  0.162473143893364E+000  0.100885143608159E+000 -0.131028262406404E+000 -0.142180668793348E+003 -0.142180668793348E+003
  0.100399891999588E+000  0.745983235799367E+000  0.727298069339424E+000  0.102898917822826E+000 -0.131028262406404E+000 -0.142180836998656E+003 -0.142180836998656E+003
  0.100114270974658E+000  0.602029686095342E+000  0.705332109349827E+000  0.102055829485032E+000 -0.131028262406404E+000 -0.142180295709403E+003 -0.142180295709403E+003
  0.101814904401887E+000  0.514067199210917E+000  0.112260313421193E+000  0.100126330513450E+000 -0.131028262406404E+000 -0.142180120509543E+003 -0.142180120509543E+003
  0.101224871396883E+000  0.179012978571096E+001  0.454175965822494E+000  0.100613515017612E+000 -0.131028262406404E+000 -0.142180803775999E+003 -0.142180803775999E+003
  0.101169283273766E+000  0.554600601089816E+000  0.263902165390888E+000  0.101568541626065E+000 -0.131028262406404E+000 -0.142180411546092E+003 -0.142180411546092E+003
  0.101252166413370E+000  0.752208516182193E+000  0.230039005681262E+000  0.100655386063053E+000 -0.131028262406404E+000 -0.142180432008099E+003 -0.142180432008099E+003
  0.100626776624296E+000  0.973597708718809E+000  0.964475000000250E+000  0.101093607944496E+000 -0.131028262406404E+000 -0.142180598014524E+003 -0.142180598014524E+003
  0.100102670579685E+000  0.616249381229603E+000  0.367269383886626E+000  0.103333654703000E+000 -0.131028262406404E+000 -0.142180691754958E+003 -0.142180691754958E+003
  0.100650463563575E+000  0.605975195787042E+000  0.190821658267872E-002  0.103042494330600E+000 -0.131028262406404E+000 -0.142180764644524E+003 -0.142180764644524E+003
  0.100713078681424E+000  0.168755462850148E+001  0.823491212106761E+000  0.101122473156206E+000 -0.131028262406404E+000 -0.142180840217138E+003 -0.142180840217138E+003
  0.101722970799626E+000  0.672320254948112E+000  0.835811040059011E+000  0.101413119259930E+000 -0.131028262406404E+000 -0.142180709091797E+003 -0.142180709091797E+003
  0.100191834841928E+000  0.962474010029687E+000  0.289935295421498E+000  0.102347132500206E+000 -0.131028262406404E+000 -0.142180837846421E+003 -0.142180837846421E+003
  0.100689125507981E+000  0.137438703108932E+001  0.450315604287937E-001  0.101151377270568E+000 -0.131028262406404E+000 -0.142180852719939E+003 -0.142180852719939E+003
  0.101181434821913E+000  0.129770316247758E+001  0.206351896688771E+000  0.100824154249452E+000 -0.131028262406404E+000 -0.142180884278800E+003 -0.142180884278800E+003
  0.100112211164952E+000  0.196166276096790E+001  0.497364755506515E+000  0.102028105920575E+000 -0.131028262406404E+000 -0.142180791221918E+003 -0.142180791221918E+003
  0.100746068348048E+000  0.183371696244974E+001  0.927608308999649E-001  0.100442276744145E+000 -0.131028262406404E+000 -0.142180576856552E+003 -0.142180576856552E+003
  0.102221295231400E+000  0.949357132042759E+000  0.206676176971780E+000  0.100187308055427E+000 -0.131028262406404E+000 -0.142180796501096E+003 -0.142180796501096E+003
  0.100794744792434E+000  0.145179729045589E+001  0.730784514662551E+000  0.100001602546394E+000 -0.131028262406404E+000 -0.142180532955132E+003 -0.142180532955132E+003
  0.103010226701106E+000  0.509083261869791E+000  0.389225590572834E+000  0.101179245097433E+000 -0.131028262406404E+000 -0.142180798749301E+003 -0.142180798749301E+003
  0.102620797005068E+000  0.788337588034844E+000  0.515023730730397E-001  0.100423020515198E+000 -0.131028262406404E+000 -0.142180831604874E+003 -0.142180831604874E+003
  0.100050892071030E+000  0.151453380673624E+001  0.558673452613131E+000  0.100125928335784E+000 -0.131028262406404E+000 -0.142180339846456E+003 -0.142180339846456E+003
  0.100780951066309E+000  0.636907622185547E+000  0.723068226012809E+000  0.101743487109519E+000 -0.131028262406404E+000 -0.142180463099992E+003 -0.142180463099992E+003
  0.100260965826789E+000  0.141173986787979E+001  0.129321171943216E-001  0.101621639699829E+000 -0.131028262406404E+000 -0.142180871601059E+003 -0.142180871601059E+003
  0.100377880940871E+000  0.112829532599435E+001  0.694271300020979E+000  0.101179053722805E+000 -0.131028262406404E+000 -0.142180659578695E+003 -0.142180659578695E+003
  0.100503406970886E+000  0.191643347883330E+001  0.851096218764346E+000  0.101427807950986E+000 -0.131028262406404E+000 -0.142180760869805E+003 -0.142180760869805E+003
  0.100240937505212E+000  0.170172209764731E+001  0.341616817057644E+000  0.100537863459575E+000 -0.131028262406404E+000 -0.142180500889909E+003 -0.142180500889909E+003
  0.103881460201602E+000  0.502432803511910E+000  0.969895773688594E+000  0.100017793897644E+000 -0.131028262406404E+000 -0.142180706817720E+003 -0.142180706817720E+003
  0.100337202452504E+000  0.122467943270072E+001  0.475804430240311E+000  0.101394113141472E+000 -0.131028262406404E+000 -0.142180765998385E+003 -0.142180765998385E+003
  0.100898069150305E+000  0.863366853277581E+000  0.490980712916961E+000  0.101229909536546E+000 -0.131028262406404E+000 -0.142180621448129E+003 -0.142180621448129E+003
  0.100116993008107E+000  0.652910245122021E+000  0.820222304688068E+000  0.100434359206078E+000 -0.131028262406404E+000 -0.142179885504559E+003 -0.142179885504559E+003
  0.102754669434570E+000  0.563947786039613E+000  0.392910600578723E+000  0.100718583245877E+000 -0.131028262406404E+000 -0.142180665751295E+003 -0.142180665751295E+003
  0.100241699004437E+000  0.175576563760283E+001  0.292531267665917E+000  0.101696485510030E+000 -0.131028262406404E+000 -0.142180847087232E+003 -0.142180847087232E+003
  0.100113283811555E+000  0.146935379488636E+001  0.572818102555801E+000  0.101187385434538E+000 -0.131028262406404E+000 -0.142180693463823E+003 -0.142180693463823E+003
  0.101227981329062E+000  0.956274187978139E+000  0.128069399986604E-001  0.100532730032952E+000 -0.131028262406404E+000 -0.142180598357186E+003 -0.142180598357186E+003
  0.101257601307911E+000  0.116738728812409E+001  0.834373592206190E+000  0.100167164775025E+000 -0.131028262406404E+000 -0.142180642265266E+003 -0.142180642265266E+003
  0.100362221295195E+000  0.192861189311038E+001  0.507533753072683E+000  0.101529662983213E+000 -0.131028262406404E+000 -0.142180739464981E+003 -0.142180739464981E+003
  0.101318021349434E+000  0.185339914728645E+001  0.736814633631894E+000  0.100443581904909E+000 -0.131028262406404E+000 -0.142180747846501E+003 -0.142180747846501E+003
  0.102206223804591E+000  0.522766118718062E+000  0.922389935383734E+000  0.100332306595020E+000 -0.131028262406404E+000 -0.142180316306347E+003 -0.142180316306347E+003
  0.101443510218901E+000  0.130050163149360E+001  0.480029986218297E+000  0.100083484940052E+000 -0.131028262406404E+000 -0.142180732260605E+003 -0.142180732260605E+003
  0.100251128587787E+000  0.953387420902089E+000  0.923788410441459E+000  0.101148570663345E+000 -0.131028262406404E+000 -0.142180478269898E+003 -0.142180478269898E+003
  0.101025056239413E+000  0.991343713531192E+000  0.263688677062767E+000  0.100551110520419E+000 -0.131028262406404E+000 -0.142180569900594E+003 -0.142180569900594E+003
  0.102989220052874E+000  0.544334751242545E+000  0.200731651504775E+000  0.100810869601544E+000 -0.131028262406404E+000 -0.142180736741036E+003 -0.142180736741036E+003
  0.101627901282602E+000  0.565738078475973E+000  0.568264685670462E+000  0.100941866519693E+000 -0.131028262406404E+000 -0.142180384749189E+003 -0.142180384749189E+003
  0.100867577021301E+000  0.721292658581860E+000  0.730503195904626E-001  0.101301695604184E+000 -0.131028262406404E+000 -0.142180470032683E+003 -0.142180470032683E+003
  0.100190753529309E+000  0.164513215719877E+001  0.116556400639691E-001  0.100503559479888E+000 -0.131028262406404E+000 -0.142180488826784E+003 -0.142180488826784E+003
  0.101478078375986E+000  0.183275857552324E+001  0.941389733512039E+000  0.100342219617881E+000 -0.131028262406404E+000 -0.142180777288499E+003 -0.142180777288499E+003
  0.100502101919566E+000  0.784848944343665E+000  0.906957860563622E+000  0.101651723068930E+000 -0.131028262406404E+000 -0.142180538462551E+003 -0.142180538462551E+003
  0.101355830815903E+000  0.170938307655884E+001  0.825209137208193E+000  0.100458771294401E+000 -0.131028262406404E+000 -0.142180827115043E+003 -0.142180827115043E+003
  0.102288724406465E+000  0.719730713686708E+000  0.534203599705987E+000  0.101187644117374E+000 -0.131028262406404E+000 -0.142180880764022E+003 -0.142180880764022E+003
  0.100639690337373E+000  0.537254724403841E+000  0.974146246440171E+000  0.103556258789500E+000 -0.131028262406404E+000 -0.142180804734771E+003 -0.142180804734771E+003
  0.101002147698593E+000  0.877416236140209E+000  0.118983568349109E+000  0.101613321715573E+000 -0.131028262406404E+000 -0.142180787429039E+003 -0.142180787429039E+003
  0.101771998089400E+000  0.680115092108097E+000  0.840637284252876E+000  0.100108758012493E+000 -0.131028262406404E+000 -0.142180337450564E+003 -0.142180337450564E+003
  0.100486527971396E+000  0.192621484961218E+001  0.921266936756538E+000  0.101866862770144E+000 -0.131028262406404E+000 -0.142180886314625E+003 -0.142180886314625E+003
  0.101644721201199E+000  0.745857750206913E+000  0.906274161536810E+000  0.100353007999438E+000 -0.131028262406404E+000 -0.142180454560543E+003 -0.142180454560543E+003
  0.100288482018625E+000  0.525364692542982E+000  0.907486412079179E+000  0.101891909778939E+000 -0.131028262406404E+000 -0.142180185258898E+003 -0.142180185258898E+003
  0.101405935205365E+000  0.120579601720890E+001  0.810551803806698E+000  0.100256758823721E+000 -0.131028262406404E+000 -0.142180737158608E+003 -0.142180737158608E+003
  0.100264664665194E+000  0.146635526604448E+001  0.403503861239880E+000  0.100631318463150E+000 -0.131028262406404E+000 -0.142180565789762E+003 -0.142180565789762E+003
  0.102196368916034E+000  0.700002091964237E+000  0.591393400424350E-001  0.100431763557493E+000 -0.131028262406404E+000 -0.142180594072286E+003 -0.142180594072286E+003
  0.100522359583903E+000  0.712524019515147E+000  0.518796281588671E+000  0.101846224601417E+000 -0.131028262406404E+000 -0.142180514646258E+003 -0.142180514646258E+003
  0.100234452470887E+000  0.841372555286137E+000  0.116868662403790E+000  0.101805936077176E+000 -0.131028262406404E+000 -0.142180564399767E+003 -0.142180564399767E+003
  0.102063875213740E+000  0.692883908187879E+000  0.616138503972930E+000  0.100046413525412E+000 -0.131028262406404E+000 -0.142180425517994E+003 -0.142180425517994E+003
  0.103075963321740E+000  0.620217124277712E+000  0.655046815670021E+000  0.100399604073624E+000 -0.131028262406404E+000 -0.142180750781316E+003 -0.142180750781316E+003
  0.100436840448821E+000  0.913591411563302E+000  0.894448760412975E+000  0.101294494604252E+000 -0.131028262406404E+000 -0.142180545432037E+003 -0.142180545432037E+003
  0.100848077583247E+000  0.167112872902791E+001  0.454890697412091E+000  0.100604119772584E+000 -0.131028262406404E+000 -0.142180723218619E+003 -0.142180723218619E+003
  0.100216880885278E+000  0.104940792457793E+001  0.673240334248005E+000  0.100435227827822E+000 -0.131028262406404E+000 -0.142180323607251E+003 -0.142180323607251E+003
  0.100435600720376E+000  0.131210699878522E+001  0.932335323451133E+000  0.101256199873172E+000 -0.131028262406404E+000 -0.142180788120893E+003 -0.142180788120893E+003
  0.101396933859666E+000  0.842697544172732E+000  0.291184098127157E+000  0.100627145566209E+000 -0.131028262406404E+000 -0.142180570895240E+003 -0.142180570895240E+003
  0.100254890220744E+000  0.777863459292502E+000  0.669272581748752E+000  0.100059867747836E+000 -0.131028262406404E+000 -0.142179968754424E+003 -0.142179968754424E+003
  0.100446315995657E+000  0.102838731103067E+001  0.948974710629841E+000  0.100568017821058E+000 -0.131028262406404E+000 -0.142180421774675E+003 -0.142180421774675E+003
  0.101109063770286E+000  0.555264455443004E+000  0.553590862846393E+000  0.100415470492290E+000 -0.131028262406404E+000 -0.142180050769152E+003 -0.142180050769152E+003
  0.101180685490816E+000  0.142249081319670E+001  0.796437007406347E+000  0.100195228869046E+000 -0.131028262406404E+000 -0.142180713326722E+003 -0.142180713326722E+003
  0.101030702205459E+000  0.813518491879087E+000  0.484213773856190E+000  0.100157624469640E+000 -0.131028262406404E+000 -0.142180280054461E+003 -0.142180280054461E+003
  0.100069785707538E+000  0.110893140978981E+001  0.989568243907173E+000  0.100547633134059E+000 -0.131028262406404E+000 -0.142180352409037E+003 -0.142180352409037E+003
  0.100266210116433E+000  0.146528785064862E+001  0.942601259877015E+000  0.101553954166796E+000 -0.131028262406404E+000 -0.142180858066796E+003 -0.142180858066796E+003
  0.100037823064598E+000  0.707714019611168E+000  0.582347721646202E+000  0.100368817897690E+000 -0.131028262406404E+000 -0.142179911473538E+003 -0.142179911473538E+003
  0.100713299002386E+000  0.575736373182308E+000  0.862183953178981E+000  0.101035412741678E+000 -0.131028262406404E+000 -0.142180142309574E+003 -0.142180142309574E+003
  0.101299162840855E+000  0.195379888642160E+001  0.810599241519480E+000  0.100058166219097E+000 -0.131028262406404E+000 -0.142180557599723E+003 -0.142180557599723E+003
  0.100110693572359E+000  0.152327200551120E+001  0.696753595089302E+000  0.100462134747319E+000 -0.131028262406404E+000 -0.142180464747973E+003 -0.142180464747973E+003
  0.101938405426930E+000  0.809302965682596E+000  0.161150478128764E+000  0.100707265963348E+000 -0.131028262406404E+000 -0.142180729572448E+003 -0.142180729572448E+003
  0.102476484233009E+000  0.743701115096576E+000  0.803859709282549E+000  0.100706202576243E+000 -0.131028262406404E+000 -0.142180821204597E+003 -0.142180821204597E+003
  0.101865370285881E+000  0.179649132425850E+001  0.473935399647012E+000  0.100243024853801E+000 -0.131028262406404E+000 -0.142180885799849E+003 -0.142180885799849E+003
  0.100771559188328E+000  0.108848876166574E+001  0.619054418327747E+000  0.100483342720812E+000 -0.131028262406404E+000 -0.142180540889143E+003 -0.142180540889143E+003
  0.100768425581691E+000  0.101307598633015E+001  0.905611279505735E+000  0.101371456198365E+000 -0.131028262406404E+000 -0.142180762421539E+003 -0.142180762421539E+003
  0.100123895238769E+000  0.184341586457606E+001  0.306410263088031E+000  0.101143527940791E+000 -0.131028262406404E+000 -0.142180594523110E+003 -0.142180594523110E+003
  0.100911916068269E+000  0.124409558335964E+001  0.290922361222025E+000  0.100449419001542E+000 -0.131028262406404E+000 -0.142180659227792E+003 -0.142180659227792E+003
  0.102431984418033E+000  0.504433575004065E+000  0.909815144370792E+000  0.100745937518494E+000 -0.131028262406404E+000 -0.142180481295631E+003 -0.142180481295631E+003
  0.100519329576445E+000  0.969975555183145E+000  0.762517557863776E+000  0.100061939168223E+000 -0.131028262406404E+000 -0.142180240814316E+003 -0.142180240814316E+003
  0.101812066052667E+000  0.983287920498724E+000  0.500764344079550E+000  0.100310897460013E+000 -0.131028262406404E+000 -0.142180735959723E+003 -0.142180735959723E+003
  0.101539451967675E+000  0.186429772398242E+001  0.586400820691836E+000  0.100191042267205E+000 -0.131028262406404E+000 -0.142180731702074E+003 -0.142180731702074E+003
  0.100251016717100E+000  0.106717779869876E+001  0.607786447517175E+000  0.101783269604644E+000 -0.131028262406404E+000 -0.142180767058836E+003 -0.142180767058836E+003
  0.100595294987013E+000  0.134511312597874E+001  0.494233734532462E+000  0.100368967069778E+000 -0.131028262406404E+000 -0.142180567790018E+003 -0.142180567790018E+003
  0.101068032772777E+000  0.856800606431744E+000  0.268381445074754E+000  0.101735543359444E+000 -0.131028262406404E+000 -0.142180824511266E+003 -0.142180824511266E+003
  0.100593809367305E+000  0.191135884627962E+001  0.209943084068948E+000  0.101453342471782E+000 -0.131028262406404E+000 -0.142180801071574E+003 -0.142180801071574E+003
  0.101584718089137E+000  0.132560512330306E+001  0.422851967042942E-001  0.100110291402025E+000 -0.131028262406404E+000 -0.142180793253019E+003 -0.142180793253019E+003
  0.100190483121199E+000  0.637493044057317E+000  0.971153191953903E+000  0.103155986142769E+000 -0.131028262406404E+000 -0.142180698516104E+003 -0.142180698516104E+003
  0.100653925458724E+000  0.127056096194561E+001  0.994751779715956E+000  0.100223491750303E+000 -0.131028262406404E+000 -0.142180516623713E+003 -0.142180516623713E+003
