  0.104818223295938E+000  0.190594322730660E+001  0.659722414967103E+000  0.101382054269886E+000 -0.131028262406404E+000 -0.148669779793611E+003 -0.148669779793611E+003 -0.148669891501379E+003
  0.102199256721933E+000  0.198588756383107E+001  0.798462587692025E+000  0.101877585724358E+000 -0.131028262406404E+000 -0.148669548865937E+003 -0.148669548865937E+003 -0.148670038279999E+003
  0.102093540125792E+000  0.190446672784409E+001  0.598040879678731E+000  0.102790161903486E+000 -0.131028262406404E+000 -0.148669689543605E+003 -0.148669689543605E+003 -0.148669864694582E+003
  0.103112386134105E+000  0.182603711701250E+001  0.330898440263182E+000  0.101391094862639E+000 -0.131028262406404E+000 -0.148669743414251E+003 -0.148669743414251E+003 -0.148669815935116E+003
  0.102366757658103E+000  0.198368821172262E+001  0.812738821376768E+000  0.103956115316285E+000 -0.131028262406404E+000 -0.148669700912174E+003 -0.148669700912174E+003 -0.148669901442618E+003
  0.101154936875386E+000  0.166283795599070E+001  0.235184474794098E+000  0.100444663939805E+000 -0.131028262406404E+000 -0.148669692056751E+003 -0.148669692056751E+003 -0.148669967253568E+003
  0.105041461825640E+000  0.192739263412513E+001  0.968341213390626E+000  0.101242545304691E+000 -0.131028262406404E+000 -0.148669762889424E+003 -0.148669762889424E+003 -0.148669878815973E+003
  0.104289212753612E+000  0.180289567647779E+001  0.677870378374901E+000  0.100007961719315E+000 -0.131028262406404E+000 -0.148669747717685E+003 -0.148669747717685E+003 -0.148669809188645E+003
  0.102054871677629E+000  0.170206273947163E+001  0.187389201215819E+000  0.100429951404142E+000 -0.131028262406404E+000 -0.148669718363323E+003 -0.148669718363323E+003 -0.148670056599964E+003
  0.103427839381990E+000  0.198270154955161E+001  0.522661822129044E+000  0.101112238156664E+000 -0.131028262406404E+000 -0.148669585043820E+003 -0.148669585043820E+003 -0.148670043077495E+003
  0.101439934831245E+000  0.191290231005075E+001  0.380790497790575E+000  0.104398610421858E+000 -0.131028262406404E+000 -0.148669744340292E+003 -0.148669744340292E+003 -0.148670388214794E+003
  0.104100608665065E+000  0.192677050107087E+001  0.580103705855987E-002  0.100011423816076E+000 -0.131028262406404E+000 -0.148669613111711E+003 -0.148669613111711E+003 -0.148669914702341E+003
  0.101094147590073E+000  0.168727433631053E+001  0.339129157646055E+000  0.100870192834499E+000 -0.131028262406404E+000 -0.148669697092499E+003 -0.148669697092499E+003 -0.148670134299414E+003
  0.102173167516926E+000  0.182261885449520E+001  0.900424799782552E+000  0.102380498033601E+000 -0.131028262406404E+000 -0.148669751612277E+003 -0.148669751612277E+003 -0.148669829519105E+003
  0.101214671217347E+000  0.172677285832738E+001  0.148335715527566E+000  0.100254506331295E+000 -0.131028262406404E+000 -0.148669624435841E+003 -0.148669624435841E+003 -0.148669901517415E+003
  0.100024505020183E+000  0.197688383564174E+001  0.951771107534991E+000  0.102473065346306E+000 -0.131028262406404E+000 -0.148669448474962E+003 -0.148669448474962E+003 -0.148669991233596E+003
  0.101975099200170E+000  0.193754983137294E+001  0.738101878775200E+000  0.101669055866363E+000 -0.131028262406404E+000 -0.148669570325056E+003 -0.148669570325056E+003 -0.148670067256222E+003
  0.100386203653504E+000  0.198179978632521E+001  0.120559626270444E+000  0.105918783713205E+000 -0.131028262406404E+000 -0.148669692078566E+003 -0.148669692078566E+003 -0.148669860047488E+003
  0.100679630919743E+000  0.165161081795058E+001  0.895589037574002E+000  0.100508102407260E+000 -0.131028262406404E+000 -0.148669673473166E+003 -0.148669673473166E+003 -0.148669862961134E+003
  0.101331928841283E+000  0.181390636759099E+001  0.506810169126452E+000  0.102197381604418E+000 -0.131028262406404E+000 -0.148669688166657E+003 -0.148669688166657E+003 -0.148670186020559E+003
  0.100592936680849E+000  0.178054179462875E+001  0.403095896516549E+000  0.101529811560231E+000 -0.131028262406404E+000 -0.148669621994586E+003 -0.148669621994586E+003 -0.148669934432558E+003
  0.104172350331442E+000  0.197326031394272E+001  0.672244367003155E+000  0.102329792448647E+000 -0.131028262406404E+000 -0.148669728864328E+003 -0.148669728864328E+003 -0.148669933957113E+003
  0.102715101027800E+000  0.168043146612257E+001  0.431112101987991E+000  0.100245099574699E+000 -0.131028262406404E+000 -0.148669770559801E+003 -0.148669770559801E+003 -0.148670086322480E+003
  0.103012993722427E+000  0.187685024900710E+001  0.804563414613970E+000  0.100164898328463E+000 -0.131028262406404E+000 -0.148669599415747E+003 -0.148669599415747E+003 -0.148669824732123E+003
  0.103969232095388E+000  0.186403217028450E+001  0.219888346709686E+000  0.100440552526903E+000 -0.131028262406404E+000 -0.148669697005758E+003 -0.148669697005758E+003 -0.148669824648163E+003
  0.100119377553522E+000  0.196054915622898E+001  0.858211423401966E+000  0.101787526297302E+000 -0.131028262406404E+000 -0.148669427539296E+003 -0.148669427539296E+003 -0.148670032271349E+003
  0.101224633232202E+000  0.162648505142115E+001  0.800231224371468E+000  0.100350249094565E+000 -0.131028262406404E+000 -0.148669722174622E+003 -0.148669722174622E+003 -0.148670003051881E+003
  0.101629306454035E+000  0.180723566175920E+001  0.988155457703040E+000  0.100033623273576E+000 -0.131028262406404E+000 -0.148669562589688E+003 -0.148669562589688E+003 -0.148669866851048E+003
  0.104376722425886E+000  0.183177176144866E+001  0.353459557208047E+000  0.100482359343649E+000 -0.131028262406404E+000 -0.148669760131534E+003 -0.148669760131534E+003 -0.148669802852341E+003
  0.100224433196311E+000  0.179025512715069E+001  0.107115696922355E-001  0.100601857665133E+000 -0.131028262406404E+000 -0.148669522044058E+003 -0.148669522044058E+003 -0.148671348504784E+003
  0.100420615370844E+000  0.186259592112553E+001  0.696015653614870E+000  0.100470799244568E+000 -0.131028262406404E+000 -0.148669457834251E+003 -0.148669457834251E+003 -0.148670088631376E+003
  0.101373689825206E+000  0.196545798725723E+001  0.122527417718115E-001  0.100922476676668E+000 -0.131028262406404E+000 -0.148669450973700E+003 -0.148669450973700E+003 -0.148670227493920E+003
  0.102189689183982E+000  0.175204313238241E+001  0.815217371557992E+000  0.101098295722957E+000 -0.131028262406404E+000 -0.148669730054319E+003 -0.148669730054319E+003 -0.148669802614000E+003
  0.101357829335622E+000  0.182862919649720E+001  0.163708945804054E+000  0.102193607374416E+000 -0.131028262406404E+000 -0.148669674928465E+003 -0.148669674928465E+003 -0.148669819593540E+003
  0.102240981690324E+000  0.184172703856657E+001  0.549670175138555E+000  0.103188679798258E+000 -0.131028262406404E+000 -0.148669794064890E+003 -0.148669794064890E+003 -0.148669873037189E+003
  0.101082510673330E+000  0.198264451878140E+001  0.262933521159156E+000  0.103982565871777E+000 -0.131028262406404E+000 -0.148669613710409E+003 -0.148669613710409E+003 -0.148669803786192E+003
  0.100537050424563E+000  0.146731948822693E+001  0.147996811460968E+000  0.100195014807861E+000 -0.131028262406404E+000 -0.148669796104100E+003 -0.148669796104100E+003 -0.148669845276101E+003
  0.103678107450911E+000  0.187382876376663E+001  0.434876880969122E+000  0.102216641192780E+000 -0.131028262406404E+000 -0.148669793013929E+003 -0.148669793013929E+003 -0.148670394518125E+003
  0.102773437999290E+000  0.173028717611149E+001  0.139938877012281E+000  0.100310130624050E+000 -0.131028262406404E+000 -0.148669733556716E+003 -0.148669733556716E+003 -0.148669947857289E+003
  0.105306610337713E+000  0.195964885329449E+001  0.383902294630781E+000  0.101021992292299E+000 -0.131028262406404E+000 -0.148669731649576E+003 -0.148669731649576E+003 -0.148669980668126E+003
  0.104082403838809E+000  0.197158203294712E+001  0.674805160901911E+000  0.103264404022155E+000 -0.131028262406404E+000 -0.148669788411594E+003 -0.148669788411594E+003 -0.148670081375613E+003
  0.100027359928771E+000  0.193181984526262E+001  0.591284344830553E+000  0.101144915400086E+000 -0.131028262406404E+000 -0.148669408403399E+003 -0.148669408403399E+003 -0.148669889154752E+003
  0.105599262981342E+000  0.195581950038438E+001  0.685157079084481E+000  0.100593619264710E+000 -0.131028262406404E+000 -0.148669725873684E+003 -0.148669725873684E+003 -0.148669935572352E+003
  0.100152229964368E+000  0.193796072151157E+001  0.955732692637988E+000  0.100459450484928E+000 -0.131028262406404E+000 -0.148669365791589E+003 -0.148669365791589E+003 -0.148669906254348E+003
  0.102519783526304E+000  0.190094255164262E+001  0.455489397929028E+000  0.101358974980797E+000 -0.131028262406404E+000 -0.148669624325057E+003 -0.148669624325057E+003 -0.148669848249206E+003
  0.101570156012552E+000  0.192645225359223E+001  0.335794519751702E+000  0.100324289569436E+000 -0.131028262406404E+000 -0.148669463598126E+003 -0.148669463598126E+003 -0.148669902606709E+003
  0.100626034330976E+000  0.191375332517196E+001  0.165572037711949E-001  0.104015108169894E+000 -0.131028262406404E+000 -0.148669659606702E+003 -0.148669659606702E+003 -0.148670084139479E+003
  0.100489973690191E+000  0.184222533004231E+001  0.889482588580663E+000  0.104669792087029E+000 -0.131028262406404E+000 -0.148669772150967E+003 -0.148669772150967E+003 -0.148669885989779E+003
  0.101369918175742E+000  0.199234701446800E+001  0.288189391373381E+000  0.104076141205174E+000 -0.131028262406404E+000 -0.148669629103273E+003 -0.148669629103273E+003 -0.148669827070505E+003
  0.101316859388010E+000  0.198370195783277E+001  0.214595280436722E-001  0.103075189119547E+000 -0.131028262406404E+000 -0.148669569352800E+003 -0.148669569352800E+003 -0.148670145220195E+003
  0.107047039018197E+000  0.199257035875996E+001  0.537247779936360E+000  0.100009749465711E+000 -0.131028262406404E+000 -0.148669744985081E+003 -0.148669744985081E+003 -0.148669844793323E+003
  0.103970703702304E+000  0.176839449877323E+001  0.200325470247417E+000  0.100066413609478E+000 -0.131028262406404E+000 -0.148669762967110E+003 -0.148669762967110E+003 -0.148669851572821E+003
  0.103694046001571E+000  0.188012524364975E+001  0.698731672970410E+000  0.101827010029506E+000 -0.131028262406404E+000 -0.148669759933732E+003 -0.148669759933732E+003 -0.148670480933931E+003
  0.100126379774755E+000  0.199704766937290E+001  0.633972796788462E+000  0.102511505001176E+000 -0.131028262406404E+000 -0.148669436570588E+003 -0.148669436570588E+003 -0.148669905043698E+003
  0.106536746290765E+000  0.198539633757318E+001  0.629496774725502E+000  0.101105842732808E+000 -0.131028262406404E+000 -0.148669794437300E+003 -0.148669794437300E+003 -0.148671327578661E+003
  0.100390265661575E+000  0.175925864448364E+001  0.656885684856212E+000  0.100449624361158E+000 -0.131028262406404E+000 -0.148669551584447E+003 -0.148669551584447E+003 -0.148669913332460E+003
  0.106299547391497E+000  0.195662185987126E+001  0.585628609409685E+000  0.100454133405225E+000 -0.131028262406404E+000 -0.148669763157647E+003 -0.148669763157647E+003 -0.148669955515395E+003
  0.101943584753216E+000  0.174557255804255E+001  0.276766236433539E+000  0.100329160575930E+000 -0.131028262406404E+000 -0.148669663039556E+003 -0.148669663039556E+003 -0.148670363805062E+003
  0.100897884950468E+000  0.179440062398104E+001  0.704521170207674E+000  0.101063191223826E+000 -0.131028262406404E+000 -0.148669596966712E+003 -0.148669596966712E+003 -0.148670955781251E+003
  0.100495293342369E+000  0.165222379988980E+001  0.446719527133164E+000  0.101855476023655E+000 -0.131028262406404E+000 -0.148669759745390E+003 -0.148669759745390E+003 -0.148669815752788E+003
  0.101156314573884E+000  0.165326805581572E+001  0.346734492967729E+000  0.100770932541979E+000 -0.131028262406404E+000 -0.148669724991362E+003 -0.148669724991362E+003 -0.148669874624782E+003
  0.100915906816250E+000  0.195684998076757E+001  0.871802522545984E-001  0.103718456937567E+000 -0.131028262406404E+000 -0.148669613166149E+003 -0.148669613166149E+003 -0.148670465599045E+003
  0.102304231679174E+000  0.189365466440462E+001  0.236845886527511E+000  0.101157900249914E+000 -0.131028262406404E+000 -0.148669603029534E+003 -0.148669603029534E+003 -0.148670417369106E+003
  0.100985004837314E+000  0.190476511715743E+001  0.196468487916270E+000  0.102393678463525E+000 -0.131028262406404E+000 -0.148669584864197E+003 -0.148669584864197E+003 -0.148670127506290E+003
  0.100698697442222E+000  0.164764279787405E+001  0.364443721027039E+000  0.102007396615589E+000 -0.131028262406404E+000 -0.148669789830287E+003 -0.148669789830287E+003 -0.148670050349819E+003
  0.100602658221732E+000  0.178076482019587E+001  0.208021012680164E+000  0.100673249690847E+000 -0.131028262406404E+000 -0.148669562004169E+003 -0.148669562004169E+003 -0.148670126741779E+003
  0.102080498522873E+000  0.168081273754060E+001  0.966981669899611E+000  0.101057942843333E+000 -0.131028262406404E+000 -0.148669786456876E+003 -0.148669786456876E+003 -0.148669940508380E+003
  0.101832766284479E+000  0.194913690336346E+001  0.106792736593143E+000  0.100579933854700E+000 -0.131028262406404E+000 -0.148669475798328E+003 -0.148669475798328E+003 -0.148669841402053E+003
  0.100045964326721E+000  0.194842514767243E+001  0.956374204497835E-002  0.106998075175032E+000 -0.131028262406404E+000 -0.148669777900250E+003 -0.148669777900250E+003 -0.148670147061798E+003
  0.101348388111839E+000  0.194419070035764E+001  0.494125658795291E+000  0.102787265698926E+000 -0.131028262406404E+000 -0.148669595084712E+003 -0.148669595084712E+003 -0.148670003279019E+003
  0.102120346803484E+000  0.195221803273272E+001  0.790742357116921E+000  0.102608384060688E+000 -0.131028262406404E+000 -0.148669628102101E+003 -0.148669628102101E+003 -0.148670051893219E+003
  0.103488464578824E+000  0.195490839355007E+001  0.258588504771694E+000  0.102780618685198E+000 -0.131028262406404E+000 -0.148669732146490E+003 -0.148669732146490E+003 -0.148669967499608E+003
  0.102089240250171E+000  0.193224790079627E+001  0.603921499785208E+000  0.100339420277374E+000 -0.131028262406404E+000 -0.148669493910514E+003 -0.148669493910514E+003 -0.148669856952780E+003
  0.101398209649809E+000  0.179325636710549E+001  0.879754956532436E-001  0.101229194267310E+000 -0.131028262406404E+000 -0.148669644564305E+003 -0.148669644564305E+003 -0.148670067659556E+003
  0.101034761070869E+000  0.194286288334157E+001  0.815173080021846E+000  0.102648224652098E+000 -0.131028262406404E+000 -0.148669565470754E+003 -0.148669565470754E+003 -0.148670243837920E+003
  0.100130575726303E+000  0.168095817081242E+001  0.414922496672344E+000  0.100446392209021E+000 -0.131028262406404E+000 -0.148669604459615E+003 -0.148669604459615E+003 -0.148669823473801E+003
  0.102056540396528E+000  0.191671060320310E+001  0.777443102362423E+000  0.102659248566469E+000 -0.131028262406404E+000 -0.148669664993411E+003 -0.148669664993411E+003 -0.148669994895101E+003
  0.101317697480955E+000  0.169456986000784E+001  0.842571149130612E+000  0.100989239079470E+000 -0.131028262406404E+000 -0.148669714852040E+003 -0.148669714852040E+003 -0.148670014406636E+003
  0.103340645961157E+000  0.175710863476631E+001  0.102072394440537E+000  0.100462646301803E+000 -0.131028262406404E+000 -0.148669759094421E+003 -0.148669759094421E+003 -0.148669863859206E+003
  0.102073293094843E+000  0.192618268570452E+001  0.631181647193198E-001  0.104047615705937E+000 -0.131028262406404E+000 -0.148669750729394E+003 -0.148669750729394E+003 -0.148671089389230E+003
  0.103261950257598E+000  0.180599883096043E+001  0.305762541618226E+000  0.101224934684852E+000 -0.131028262406404E+000 -0.148669761839708E+003 -0.148669761839708E+003 -0.148669942109124E+003
  0.100238695240208E+000  0.181317915150514E+001  0.274177760381305E+000  0.103854307782966E+000 -0.131028262406404E+000 -0.148669727891447E+003 -0.148669727891447E+003 -0.148670145716073E+003
  0.104306393629459E+000  0.187854170428678E+001  0.276357265423832E+000  0.100702628997399E+000 -0.131028262406404E+000 -0.148669724321692E+003 -0.148669724321692E+003 -0.148670066439855E+003
  0.103647125068593E+000  0.172957396000358E+001  0.476195811368261E+000  0.100370159154424E+000 -0.131028262406404E+000 -0.148669799682299E+003 -0.148669799682299E+003 -0.148669901936179E+003
  0.100257083281951E+000  0.165935633014471E+001  0.245391155415675E+000  0.100512352731153E+000 -0.131028262406404E+000 -0.148669637332241E+003 -0.148669637332241E+003 -0.148670063667194E+003
  0.104084335850052E+000  0.189149141826191E+001  0.591037088207797E+000  0.101784705837594E+000 -0.131028262406404E+000 -0.148669772339438E+003 -0.148669772339438E+003 -0.148670002365513E+003
  0.101733037792442E+000  0.166637070329870E+001  0.823584938180312E+000  0.100199334382842E+000 -0.131028262406404E+000 -0.148669711108705E+003 -0.148669711108705E+003 -0.148669946578360E+003
  0.105566290597738E+000  0.199295162805724E+001  0.940731994300041E+000  0.101987722195878E+000 -0.131028262406404E+000 -0.148669780391027E+003 -0.148669780391027E+003 -0.148669836964340E+003
  0.104371062231992E+000  0.185563866102571E+001  0.813275047981462E+000  0.101017006268916E+000 -0.131028262406404E+000 -0.148669774463164E+003 -0.148669774463164E+003 -0.148669881934541E+003
  0.103430143790396E+000  0.193979565731721E+001  0.643261717790847E+000  0.100232558894819E+000 -0.131028262406404E+000 -0.148669569781658E+003 -0.148669569781658E+003 -0.148670259812073E+003
  0.104152725749828E+000  0.180075824070484E+001  0.112576770250919E+000  0.100033871267728E+000 -0.131028262406404E+000 -0.148669742241118E+003 -0.148669742241118E+003 -0.148669811254931E+003
  0.103808722702899E+000  0.190110252702721E+001  0.517902727819865E+000  0.102049974718547E+000 -0.131028262406404E+000 -0.148669761693762E+003 -0.148669761693762E+003 -0.148669907870258E+003
  0.101216283643803E+000  0.198759864581105E+001  0.370368564783872E+000  0.105405066344994E+000 -0.131028262406404E+000 -0.148669710932778E+003 -0.148669710932778E+003 -0.148670624831195E+003
  0.100060746033561E+000  0.180854594834203E+001  0.821998870898613E+000  0.104435602874933E+000 -0.131028262406404E+000 -0.148669760707102E+003 -0.148669760707102E+003 -0.148669867929446E+003
  0.103059036775724E+000  0.197430557713583E+001  0.406421297710796E+000  0.101625749796615E+000 -0.131028262406404E+000 -0.148669603224609E+003 -0.148669603224609E+003 -0.148669951783953E+003
  0.100486165951355E+000  0.187738301727636E+001  0.949899905362617E+000  0.101522045606511E+000 -0.131028262406404E+000 -0.148669519193651E+003 -0.148669519193651E+003 -0.148669821748523E+003
  0.100773150213066E+000  0.199260656657233E+001  0.949336798852876E+000  0.102639017559987E+000 -0.131028262406404E+000 -0.148669493808361E+003 -0.148669493808361E+003 -0.148670141514198E+003
  0.100079868273569E+000  0.196844872003459E+001  0.435216420388331E+000  0.103831974235660E+000 -0.131028262406404E+000 -0.148669549462454E+003 -0.148669549462454E+003 -0.148669914923990E+003
  0.101325217623065E+000  0.152967590340060E+001  0.471883601204428E+000  0.100028282287049E+000 -0.131028262406404E+000 -0.148669787781929E+003 -0.148669787781929E+003 -0.148669860582406E+003
  0.104002884376087E+000  0.193090429152705E+001  0.713418252764004E+000  0.101216407531776E+000 -0.131028262406404E+000 -0.148669685722024E+003 -0.148669685722024E+003 -0.148669843729898E+003
  0.102419227986842E+000  0.198028300040527E+001  0.908165956495417E+000  0.101793292822098E+000 -0.131028262406404E+000 -0.148669564275866E+003 -0.148669564275866E+003 -0.148670211829960E+003
  0.103873280804432E+000  0.196540620607452E+001  0.477427903835341E+000  0.100501397745448E+000 -0.131028262406404E+000 -0.148669592012338E+003 -0.148669592012338E+003 -0.148670224725634E+003
  0.101541198593592E+000  0.179276733288696E+001  0.514736304407188E+000  0.100081440948633E+000 -0.131028262406404E+000 -0.148669573504930E+003 -0.148669573504930E+003 -0.148670162992755E+003
  0.101859924766974E+000  0.164874556925100E+001  0.992429423676638E+000  0.100907645734040E+000 -0.131028262406404E+000 -0.148669789009395E+003 -0.148669789009395E+003 -0.148669815893106E+003
  0.100641703653273E+000  0.165499200138038E+001  0.151383528064090E+000  0.101683587028745E+000 -0.131028262406404E+000 -0.148669754863058E+003 -0.148669754863058E+003 -0.148670659626475E+003
  0.100844886697793E+000  0.164565555637581E+001  0.379041817008171E+000  0.100103348540473E+000 -0.131028262406404E+000 -0.148669660310058E+003 -0.148669660310058E+003 -0.148670261298359E+003
  0.100643216674240E+000  0.191994551772938E+001  0.875094858800252E-001  0.103710829569474E+000 -0.131028262406404E+000 -0.148669633652850E+003 -0.148669633652850E+003 -0.148669841582713E+003
  0.100391587130522E+000  0.185906344225229E+001  0.399775672145033E-001  0.101996031432353E+000 -0.131028262406404E+000 -0.148669563231177E+003 -0.148669563231177E+003 -0.148669975390837E+003
  0.101043133368057E+000  0.191093670396840E+001  0.840450241299806E+000  0.102998863395151E+000 -0.131028262406404E+000 -0.148669623374041E+003 -0.148669623374041E+003 -0.148670032565640E+003
  0.106200533233687E+000  0.190877239670663E+001  0.908049911652821E+000  0.100347922102076E+000 -0.131028262406404E+000 -0.148669798614093E+003 -0.148669798614093E+003 -0.148670128046827E+003
  0.101580739933206E+000  0.184836727498776E+001  0.123872866473171E+000  0.103574179299436E+000 -0.131028262406404E+000 -0.148669767218572E+003 -0.148669767218572E+003 -0.148669987732217E+003
  0.105112779848652E+000  0.199818428584581E+001  0.871124674776074E+000  0.101989891674664E+000 -0.131028262406404E+000 -0.148669743389158E+003 -0.148669743389158E+003 -0.148669837541582E+003
  0.100392851995782E+000  0.152223274624708E+001  0.317034574832753E+000  0.100751657358232E+000 -0.131028262406404E+000 -0.148669783669220E+003 -0.148669783669220E+003 -0.148669901248648E+003
  0.100721795906904E+000  0.199026335650966E+001  0.569420629641593E+000  0.103366337896118E+000 -0.131028262406404E+000 -0.148669539960539E+003 -0.148669539960539E+003 -0.148669931778648E+003
  0.101558814269125E+000  0.187127313124392E+001  0.462966905641319E+000  0.101539170642979E+000 -0.131028262406404E+000 -0.148669600464884E+003 -0.148669600464884E+003 -0.148670190167115E+003
  0.104879226063418E+000  0.183195355623198E+001  0.228859549737885E-002  0.100508392701828E+000 -0.131028262406404E+000 -0.148669796687056E+003 -0.148669796687056E+003 -0.148669847368624E+003
  0.100638575483981E+000  0.180320964870738E+001  0.797567175360720E+000  0.102582626673158E+000 -0.131028262406404E+000 -0.148669677199005E+003 -0.148669677199005E+003 -0.148670050047644E+003
  0.103010280473082E+000  0.194307256509689E+001  0.303568668019321E+000  0.102441810076943E+000 -0.131028262406404E+000 -0.148669688474896E+003 -0.148669688474896E+003 -0.148671060217240E+003
  0.100417984669207E+000  0.188006979998215E+001  0.194212571435720E+000  0.101388784557965E+000 -0.131028262406404E+000 -0.148669502814660E+003 -0.148669502814660E+003 -0.148669994820171E+003
  0.100933114384963E+000  0.161800927289761E+001  0.693985812693558E+000  0.100412726867327E+000 -0.131028262406404E+000 -0.148669713811014E+003 -0.148669713811014E+003 -0.148670378270878E+003
  0.102289955445173E+000  0.197772786855518E+001  0.171315433098460E+000  0.100550144840836E+000 -0.131028262406404E+000 -0.148669475686590E+003 -0.148669475686590E+003 -0.148671419947139E+003
  0.101914735089648E+000  0.187874120485829E+001  0.619745185442544E+000  0.102750048092956E+000 -0.131028262406404E+000 -0.148669701359156E+003 -0.148669701359156E+003 -0.148670486221364E+003
  0.100154278095452E+000  0.181073220959847E+001  0.761261777706743E+000  0.103703640708816E+000 -0.131028262406404E+000 -0.148669713837853E+003 -0.148669713837853E+003 -0.148671250611881E+003
  0.100528815622913E+000  0.168445412604162E+001  0.535508189478092E+000  0.101582553959473E+000 -0.131028262406404E+000 -0.148669712154524E+003 -0.148669712154524E+003 -0.148669929008956E+003
  0.100511027908702E+000  0.192447921911258E+001  0.223292520521147E+000  0.103811157762660E+000 -0.131028262406404E+000 -0.148669626169624E+003 -0.148669626169624E+003 -0.148669829869981E+003
  0.106262450879601E+000  0.194855618793030E+001  0.474217355707460E+000  0.100659629809038E+000 -0.131028262406404E+000 -0.148669783616986E+003 -0.148669783616986E+003 -0.148669882400529E+003
  0.100036624049034E+000  0.186432161574410E+001  0.469008369767455E+000  0.101260208607504E+000 -0.131028262406404E+000 -0.148669483473496E+003 -0.148669483473496E+003 -0.148669854924590E+003
  0.101394864987494E+000  0.195709301410190E+001  0.908861331263480E+000  0.104390126713933E+000 -0.131028262406404E+000 -0.148669691273210E+003 -0.148669691273210E+003 -0.148669914407624E+003
  0.100638245004925E+000  0.195104409868184E+001  0.936770697855025E+000  0.105978718495203E+000 -0.131028262406404E+000 -0.148669750038649E+003 -0.148669750038649E+003 -0.148669858936945E+003
  0.100333495094759E+000  0.194432222852387E+001  0.865250844279138E+000  0.102925785930878E+000 -0.131028262406404E+000 -0.148669533718285E+003 -0.148669533718285E+003 -0.148670303614842E+003
  0.100230978810290E+000  0.199855596463393E+001  0.534613233489980E+000  0.106123331585480E+000 -0.131028262406404E+000 -0.148669674551169E+003 -0.148669674551169E+003 -0.148669814430249E+003
  0.102805835411152E+000  0.185821780146573E+001  0.374000881380909E+000  0.101033437765771E+000 -0.131028262406404E+000 -0.148669664526022E+003 -0.148669664526022E+003 -0.148669987745363E+003
  0.103353728410078E+000  0.183448398467986E+001  0.453503309676979E+000  0.100637746904385E+000 -0.131028262406404E+000 -0.148669697856234E+003 -0.148669697856234E+003 -0.148669842288387E+003
  0.100127169406094E+000  0.192849523026524E+001  0.367318246940371E-001  0.102124681683675E+000 -0.131028262406404E+000 -0.148669483127499E+003 -0.148669483127499E+003 -0.148669847795554E+003
  0.102034332360083E+000  0.199264278911635E+001  0.570328266513510E+000  0.105280559097813E+000 -0.131028262406404E+000 -0.148669755138323E+003 -0.148669755138323E+003 -0.148669827143229E+003
  0.100119405771033E+000  0.158492935976341E+001  0.598359513476018E+000  0.100073013207178E+000 -0.131028262406404E+000 -0.148669659699753E+003 -0.148669659699753E+003 -0.148669842914831E+003
  0.101058066786112E+000  0.161646469705609E+001  0.352324109350661E+000  0.100751368560406E+000 -0.131028262406404E+000 -0.148669749454163E+003 -0.148669749454163E+003 -0.148670269208968E+003
  0.100681649605079E+000  0.154952506560430E+001  0.931717109274296E+000  0.100568679812975E+000 -0.131028262406404E+000 -0.148669767035017E+003 -0.148669767035017E+003 -0.148669925673459E+003
  0.101264656897480E+000  0.190650436948674E+001  0.825680271853706E-001  0.102792186610725E+000 -0.131028262406404E+000 -0.148669629530435E+003 -0.148669629530435E+003 -0.148669905730814E+003
  0.101133383910805E+000  0.176514252941353E+001  0.388595741897522E+000  0.100095304831504E+000 -0.131028262406404E+000 -0.148669572157499E+003 -0.148669572157499E+003 -0.148669925909999E+003
  0.102905211709503E+000  0.192937768798712E+001  0.318579059780650E+000  0.102147747243482E+000 -0.131028262406404E+000 -0.148669675653578E+003 -0.148669675653578E+003 -0.148669900033997E+003
  0.100986833352648E+000  0.199336859596775E+001  0.479761715781564E+000  0.104048250836372E+000 -0.131028262406404E+000 -0.148669599316692E+003 -0.148669599316692E+003 -0.148669855533004E+003
  0.103317038130090E+000  0.179850004831667E+001  0.526196738448718E+000  0.100054141464990E+000 -0.131028262406404E+000 -0.148669688213016E+003 -0.148669688213016E+003 -0.148669819334735E+003
  0.103334320173949E+000  0.196690405389889E+001  0.351432829121163E-001  0.102589179247313E+000 -0.131028262406404E+000 -0.148669695247170E+003 -0.148669695247170E+003 -0.148669846843108E+003
  0.100712330681247E+000  0.194502832796950E+001  0.483692255101879E+000  0.105509520761074E+000 -0.131028262406404E+000 -0.148669731046142E+003 -0.148669731046142E+003 -0.148669971925302E+003
  0.102876316523397E+000  0.185664281189605E+001  0.973736478555841E+000  0.102688378719261E+000 -0.131028262406404E+000 -0.148669787995776E+003 -0.148669787995776E+003 -0.148669960180367E+003
  0.101534188371904E+000  0.194898329763508E+001  0.106158116995964E+000  0.105015773347394E+000 -0.131028262406404E+000 -0.148669752294721E+003 -0.148669752294721E+003 -0.148670443273809E+003
  0.103907781560735E+000  0.193868555679688E+001  0.403263085981146E+000  0.100118642200566E+000 -0.131028262406404E+000 -0.148669595439951E+003 -0.148669595439951E+003 -0.148669868035316E+003
  0.103959046063425E+000  0.199299934540035E+001  0.614265129317630E+000  0.102230148805810E+000 -0.131028262406404E+000 -0.148669685706305E+003 -0.148669685706305E+003 -0.148669870533496E+003
  0.100379417085637E+000  0.175815349392385E+001  0.149008420565358E+000  0.100512969970904E+000 -0.131028262406404E+000 -0.148669556342167E+003 -0.148669556342167E+003 -0.148670082710045E+003
  0.100603132608469E+000  0.164194119505066E+001  0.193437425645571E+000  0.101355811150364E+000 -0.131028262406404E+000 -0.148669739672652E+003 -0.148669739672652E+003 -0.148670104719313E+003
  0.100690863927813E+000  0.199027221889122E+001  0.422840612907192E+000  0.100427240904527E+000 -0.131028262406404E+000 -0.148669347830625E+003 -0.148669347830625E+003 -0.148669963186381E+003
  0.102716301663722E+000  0.182729124866399E+001  0.100332817348787E+000  0.101471793296547E+000 -0.131028262406404E+000 -0.148669720266960E+003 -0.148669720266960E+003 -0.148669985140314E+003
  0.102324245880800E+000  0.170805842592822E+001  0.949214423187276E+000  0.100838640805560E+000 -0.131028262406404E+000 -0.148669761958924E+003 -0.148669761958924E+003 -0.148669891548416E+003
  0.101776985714639E+000  0.194892360795401E+001  0.522099911850649E+000  0.102931169147932E+000 -0.131028262406404E+000 -0.148669629452358E+003 -0.148669629452358E+003 -0.148669808880979E+003
  0.103929992360946E+000  0.183756523354010E+001  0.158801383622353E+000  0.100439437736685E+000 -0.131028262406404E+000 -0.148669720420193E+003 -0.148669720420193E+003 -0.148670261700073E+003
  0.102174097931970E+000  0.185061732558282E+001  0.254664858466152E+000  0.101017774723152E+000 -0.131028262406404E+000 -0.148669627340242E+003 -0.148669627340242E+003 -0.148670417788552E+003
  0.101284231317920E+000  0.160952277479397E+001  0.220218953410602E+000  0.100313901000591E+000 -0.131028262406404E+000 -0.148669738499480E+003 -0.148669738499480E+003 -0.148669851616606E+003
  0.101058597760140E+000  0.199260684635791E+001  0.245323941579605E+000  0.102619760866194E+000 -0.131028262406404E+000 -0.148669512157818E+003 -0.148669512157818E+003 -0.148669962264929E+003
  0.100217647147025E+000  0.192150731619010E+001  0.185210595483064E+000  0.103617399209644E+000 -0.131028262406404E+000 -0.148669595814610E+003 -0.148669595814610E+003 -0.148669813836144E+003
  0.102057532181817E+000  0.185628486358140E+001  0.600246062272452E+000  0.103504264493681E+000 -0.131028262406404E+000 -0.148669787886138E+003 -0.148669787886138E+003 -0.148670244655493E+003
  0.102117773914909E+000  0.191715460249153E+001  0.583284020619843E+000  0.101223004120508E+000 -0.131028262406404E+000 -0.148669570866191E+003 -0.148669570866191E+003 -0.148669860022521E+003
  0.101109290338836E+000  0.178723392900673E+001  0.768835061832961E+000  0.100683508770873E+000 -0.131028262406404E+000 -0.148669591610216E+003 -0.148669591610216E+003 -0.148670127807774E+003
  0.100650315817250E+000  0.180284023750406E+001  0.839854261443237E+000  0.103503214681419E+000 -0.131028262406404E+000 -0.148669743327948E+003 -0.148669743327948E+003 -0.148670399878849E+003
  0.102445039794077E+000  0.190190483525665E+001  0.296626464719933E+000  0.103068452095785E+000 -0.131028262406404E+000 -0.148669736173530E+003 -0.148669736173530E+003 -0.148669937364820E+003
  0.102546666574929E+000  0.184753648509773E+001  0.522360903001437E+000  0.101563504488056E+000 -0.131028262406404E+000 -0.148669694623319E+003 -0.148669694623319E+003 -0.148669998591604E+003
  0.107038837703604E+000  0.199783815244618E+001  0.820094523221301E+000  0.100831001646030E+000 -0.131028262406404E+000 -0.148669796194280E+003 -0.148669796194280E+003 -0.148670702975692E+003
  0.100840992947087E+000  0.179693248827060E+001  0.792423248170039E+000  0.103862074504353E+000 -0.131028262406404E+000 -0.148669788549468E+003 -0.148669788549468E+003 -0.148669829079614E+003
  0.101902157134255E+000  0.187774447211005E+001  0.202049914183264E+000  0.103588143929849E+000 -0.131028262406404E+000 -0.148669759748999E+003 -0.148669759748999E+003 -0.148669928902513E+003
  0.101557677768155E+000  0.183078920074407E+001  0.809478890256599E+000  0.103642666766686E+000 -0.131028262406404E+000 -0.148669788964326E+003 -0.148669788964326E+003 -0.148669935069898E+003
  0.103064450013468E+000  0.188441031147944E+001  0.795500186904123E+000  0.102949942598298E+000 -0.131028262406404E+000 -0.148669790364097E+003 -0.148669790364097E+003 -0.148670191883596E+003
  0.103360672184346E+000  0.199041506507503E+001  0.159680746124742E+000  0.104102277906265E+000 -0.131028262406404E+000 -0.148669773098278E+003 -0.148669773098278E+003 -0.148669806394354E+003
  0.102861501285187E+000  0.179304343166225E+001  0.729706401995782E+000  0.100398819498539E+000 -0.131028262406404E+000 -0.148669686875349E+003 -0.148669686875349E+003 -0.148669822541219E+003
  0.103991222990964E+000  0.196109252674923E+001  0.829660482873661E+000  0.100761010587192E+000 -0.131028262406404E+000 -0.148669622180460E+003 -0.148669622180460E+003 -0.148669838232630E+003
  0.102368328892486E+000  0.170443899150292E+001  0.838616414632927E+000  0.100761625640636E+000 -0.131028262406404E+000 -0.148669762713305E+003 -0.148669762713305E+003 -0.148669852761854E+003
  0.102535773674956E+000  0.193502357995318E+001  0.471825412799649E+000  0.103453472867588E+000 -0.131028262406404E+000 -0.148669733098727E+003 -0.148669733098727E+003 -0.148669919266116E+003
  0.102308091937109E+000  0.173544611991562E+001  0.437650196763055E+000  0.100811273554031E+000 -0.131028262406404E+000 -0.148669733109994E+003 -0.148669733109994E+003 -0.148670066975062E+003
  0.105743752480581E+000  0.187732548295140E+001  0.261482360563145E+000  0.100325062888330E+000 -0.131028262406404E+000 -0.148669797632496E+003 -0.148669797632496E+003 -0.148669943693921E+003
  0.101812890288904E+000  0.191215498597021E+001  0.935971274358593E+000  0.102131263065562E+000 -0.131028262406404E+000 -0.148669616819675E+003 -0.148669616819675E+003 -0.148670262206213E+003
  0.100452629554298E+000  0.193636751982716E+001  0.718175667814768E+000  0.102474550328024E+000 -0.131028262406404E+000 -0.148669520522522E+003 -0.148669520522522E+003 -0.148669946168189E+003
  0.101914399059777E+000  0.168831951389943E+001  0.785988465840894E+000  0.100263494826347E+000 -0.131028262406404E+000 -0.148669708766710E+003 -0.148669708766710E+003 -0.148669979081299E+003
  0.104705824445296E+000  0.191444822366080E+001  0.417038015938593E-001  0.101752930200655E+000 -0.131028262406404E+000 -0.148669789252253E+003 -0.148669789252253E+003 -0.148670023696997E+003
  0.100750421245243E+000  0.157815164942640E+001  0.685951414933694E+000  0.100624928568091E+000 -0.131028262406404E+000 -0.148669751633549E+003 -0.148669751633549E+003 -0.148670399861055E+003
  0.102741038482271E+000  0.193846579492267E+001  0.356962077088651E+000  0.101578492556474E+000 -0.131028262406404E+000 -0.148669615880690E+003 -0.148669615880690E+003 -0.148671252880824E+003
  0.102474737341129E+000  0.196525287159876E+001  0.972489928181173E+000  0.101485832621489E+000 -0.131028262406404E+000 -0.148669563394090E+003 -0.148669563394090E+003 -0.148669892171337E+003
  0.101585540198325E+000  0.195081555452925E+001  0.210327889241312E+000  0.103789803617149E+000 -0.131028262406404E+000 -0.148669671563159E+003 -0.148669671563159E+003 -0.148670019062516E+003
  0.103205830571725E+000  0.190761099516828E+001  0.636670171136533E+000  0.100724846964983E+000 -0.131028262406404E+000 -0.148669620871814E+003 -0.148669620871814E+003 -0.148670029845888E+003
  0.100617140016686E+000  0.191147454237537E+001  0.992099179531134E+000  0.102291259215485E+000 -0.131028262406404E+000 -0.148669545529842E+003 -0.148669545529842E+003 -0.148670138363051E+003
  0.105549809828631E+000  0.198613780305559E+001  0.279062665035667E+000  0.101960534953147E+000 -0.131028262406404E+000 -0.148669784894611E+003 -0.148669784894611E+003 -0.148669891831204E+003
  0.100147170424829E+000  0.192069775525711E+001  0.396309559670951E+000  0.100950964400316E+000 -0.131028262406404E+000 -0.148669414803187E+003 -0.148669414803187E+003 -0.148669845621983E+003
  0.102169920094080E+000  0.172504535692555E+001  0.687078394240625E+000  0.100635726584293E+000 -0.131028262406404E+000 -0.148669720307622E+003 -0.148669720307622E+003 -0.148670106975611E+003
  0.101788158649676E+000  0.190180967334007E+001  0.115226897634547E+000  0.102874193204491E+000 -0.131028262406404E+000 -0.148669676721709E+003 -0.148669676721709E+003 -0.148669813833657E+003
  0.101063786082468E+000  0.185905797849337E+001  0.240162962021049E+000  0.102738926256338E+000 -0.131028262406404E+000 -0.148669661261350E+003 -0.148669661261350E+003 -0.148670047525460E+003
  0.102211627624423E+000  0.161146615928293E+001  0.130509663081445E+000  0.100039948058924E+000 -0.131028262406404E+000 -0.148669781253770E+003 -0.148669781253770E+003 -0.148670453921497E+003
  0.101288433790610E+000  0.193938144482204E+001  0.251146175340871E+000  0.105184779118917E+000 -0.131028262406404E+000 -0.148669757045654E+003 -0.148669757045654E+003 -0.148670013577744E+003
  0.100387072975990E+000  0.160011696985774E+001  0.492729101147324E+000  0.100426446663133E+000 -0.131028262406404E+000 -0.148669691994160E+003 -0.148669691994160E+003 -0.148670002056206E+003
  0.100487445340244E+000  0.178112563751526E+001  0.587020101557522E+000  0.100128313638302E+000 -0.131028262406404E+000 -0.148669515430088E+003 -0.148669515430088E+003 -0.148669811005995E+003
  0.102979254320446E+000  0.190758888801287E+001  0.858357416431232E+000  0.100078756176440E+000 -0.131028262406404E+000 -0.148669560862184E+003 -0.148669560862184E+003 -0.148669861294913E+003
  0.105525951414403E+000  0.193336617803975E+001  0.837938340263387E-001  0.100740000507116E+000 -0.131028262406404E+000 -0.148669754617690E+003 -0.148669754617690E+003 -0.148669940324140E+003
  0.104889649335108E+000  0.191173681785529E+001  0.416457600606709E+000  0.101498174363180E+000 -0.131028262406404E+000 -0.148669786899593E+003 -0.148669786899593E+003 -0.148670043010804E+003
  0.101184860849075E+000  0.165974727158705E+001  0.627630905828784E+000  0.100902783404911E+000 -0.131028262406404E+000 -0.148669730963827E+003 -0.148669730963827E+003 -0.148670372718521E+003
  0.101805388714735E+000  0.199582134361787E+001  0.265146716409089E-001  0.104976986875785E+000 -0.131028262406404E+000 -0.148669715062050E+003 -0.148669715062050E+003 -0.148669934101468E+003
  0.102251062928902E+000  0.197289570119634E+001  0.404209289734555E+000  0.101537710078847E+000 -0.131028262406404E+000 -0.148669543577809E+003 -0.148669543577809E+003 -0.148669978166366E+003
  0.102443755172845E+000  0.192349143544598E+001  0.203759889250070E+000  0.100620571968864E+000 -0.131028262406404E+000 -0.148669545728571E+003 -0.148669545728571E+003 -0.148669883128221E+003
  0.100296929405705E+000  0.150908783984813E+001  0.837662652333014E+000  0.100614603086275E+000 -0.131028262406404E+000 -0.148669777277181E+003 -0.148669777277181E+003 -0.148669820519698E+003
  0.100274448825364E+000  0.161371481397784E+001  0.734377359108908E+000  0.101682795493387E+000 -0.131028262406404E+000 -0.148669766218090E+003 -0.148669766218090E+003 -0.148669806327787E+003
  0.102850196846970E+000  0.195335292543977E+001  0.964530642503966E+000  0.103868621847701E+000 -0.131028262406404E+000 -0.148669763272254E+003 -0.148669763272254E+003 -0.148669999201611E+003
  0.100764168868117E+000  0.182280197360279E+001  0.804556832496750E+000  0.100975240719855E+000 -0.131028262406404E+000 -0.148669554281993E+003 -0.148669554281993E+003 -0.148669943724939E+003
  0.103274323925131E+000  0.199228851823588E+001  0.333518067106455E+000  0.101892003546766E+000 -0.131028262406404E+000 -0.148669616619211E+003 -0.148669616619211E+003 -0.148669809489964E+003
  0.100700853993157E+000  0.199448943821706E+001  0.345826326818445E+000  0.102138927502407E+000 -0.131028262406404E+000 -0.148669454524281E+003 -0.148669454524281E+003 -0.148669921698295E+003
  0.103771392627887E+000  0.179376446924247E+001  0.896968953622424E-001  0.100158098839838E+000 -0.131028262406404E+000 -0.148669731668216E+003 -0.148669731668216E+003 -0.148669955620853E+003
  0.101255082188077E+000  0.186746203484298E+001  0.673786930231938E+000  0.102163811638482E+000 -0.131028262406404E+000 -0.148669626312724E+003 -0.148669626312724E+003 -0.148669990696011E+003
  0.103252656628706E+000  0.192250729322802E+001  0.840438240062707E+000  0.101497584616287E+000 -0.131028262406404E+000 -0.148669662201740E+003 -0.148669662201740E+003 -0.148669912651836E+003
  0.101140132533959E+000  0.192283509495177E+001  0.451401522405018E+000  0.100839372681777E+000 -0.131028262406404E+000 -0.148669472590194E+003 -0.148669472590194E+003 -0.148669970694881E+003
  0.101402740458392E+000  0.157130269733842E+001  0.827219695542104E+000  0.100076792628739E+000 -0.131028262406404E+000 -0.148669761816986E+003 -0.148669761816986E+003 -0.148669839414064E+003
  0.101860844796343E+000  0.190579040853970E+001  0.260507982545000E+000  0.103560358561474E+000 -0.131028262406404E+000 -0.148669724652233E+003 -0.148669724652233E+003 -0.148670191162110E+003
  0.105531776407068E+000  0.193415781588441E+001  0.453460936319109E+000  0.100610944018487E+000 -0.131028262406404E+000 -0.148669745090568E+003 -0.148669745090568E+003 -0.148669862570722E+003
  0.103108784447671E+000  0.187942820298026E+001  0.255254026778783E+000  0.100252935373185E+000 -0.131028262406404E+000 -0.148669609562649E+003 -0.148669609562649E+003 -0.148669813352922E+003
  0.100190776714950E+000  0.185639136663403E+001  0.936759436251578E+000  0.101736359888580E+000 -0.131028262406404E+000 -0.148669534256214E+003 -0.148669534256214E+003 -0.148669944105020E+003
  0.102329785733935E+000  0.173982868114305E+001  0.537126894239841E-001  0.100499262233375E+000 -0.131028262406404E+000 -0.148669707640604E+003 -0.148669707640604E+003 -0.148669821980370E+003
  0.101481260558283E+000  0.195712876003155E+001  0.754544796273430E+000  0.103455052384821E+000 -0.131028262406404E+000 -0.148669634934473E+003 -0.148669634934473E+003 -0.148670066492046E+003
  0.100118932823139E+000  0.187296343745671E+001  0.522995195977936E+000  0.103533811123551E+000 -0.131028262406404E+000 -0.148669634764671E+003 -0.148669634764671E+003 -0.148669886445915E+003
  0.101221822527215E+000  0.193037602220100E+001  0.202738407631249E+000  0.103193251085897E+000 -0.131028262406404E+000 -0.148669628257378E+003 -0.148669628257378E+003 -0.148669819127737E+003
  0.101748502542719E+000  0.191566360135131E+001  0.495680066028107E-001  0.104392901219908E+000 -0.131028262406404E+000 -0.148669762895896E+003 -0.148669762895896E+003 -0.148669959330154E+003
  0.102812916836260E+000  0.195802424936773E+001  0.739137120353688E+000  0.103813701160559E+000 -0.131028262406404E+000 -0.148669751663031E+003 -0.148669751663031E+003 -0.148669803158914E+003
  0.105715909422803E+000  0.199332562172278E+001  0.845986096595485E+000  0.100690779361796E+000 -0.131028262406404E+000 -0.148669700932670E+003 -0.148669700932670E+003 -0.148669823839832E+003
  0.101142897403718E+000  0.162209467494857E+001  0.814592285072524E+000  0.100629959726138E+000 -0.131028262406404E+000 -0.148669741321543E+003 -0.148669741321543E+003 -0.148669811605821E+003
  0.100760903300967E+000  0.187204236786364E+001  0.162507559132026E-001  0.104789864567849E+000 -0.131028262406404E+000 -0.148669767568621E+003 -0.148669767568621E+003 -0.148670049928259E+003
  0.100996052829387E+000  0.179492956196732E+001  0.162175857165431E-001  0.102646144572096E+000 -0.131028262406404E+000 -0.148669715275016E+003 -0.148669715275016E+003 -0.148669847361501E+003
  0.100537038950681E+000  0.196427200137964E+001  0.151967809892291E+000  0.105116842304764E+000 -0.131028262406404E+000 -0.148669670484949E+003 -0.148669670484949E+003 -0.148669881660129E+003
  0.100189469280975E+000  0.171772673946932E+001  0.931283634026090E+000  0.100109773339812E+000 -0.131028262406404E+000 -0.148669551345796E+003 -0.148669551345796E+003 -0.148669837686158E+003
  0.101380024768581E+000  0.191106441013530E+001  0.227927133304140E+000  0.104305145440778E+000 -0.131028262406404E+000 -0.148669735726681E+003 -0.148669735726681E+003 -0.148669900410277E+003
  0.101485665633056E+000  0.192584021559226E+001  0.215705630229850E+000  0.102113927415966E+000 -0.131028262406404E+000 -0.148669578755436E+003 -0.148669578755436E+003 -0.148670188582758E+003
  0.101394938387280E+000  0.186391013893258E+001  0.297151528610991E+000  0.103795460524137E+000 -0.131028262406404E+000 -0.148669752896450E+003 -0.148669752896450E+003 -0.148669881027540E+003
  0.104206166800023E+000  0.179191446157300E+001  0.758588419363506E+000  0.100220755740204E+000 -0.131028262406404E+000 -0.148669768150318E+003 -0.148669768150318E+003 -0.148669974236591E+003
  0.101399799348956E+000  0.192573234619799E+001  0.391095075489906E+000  0.103264328600461E+000 -0.131028262406404E+000 -0.148669650500399E+003 -0.148669650500399E+003 -0.148670574094225E+003
  0.102741306034632E+000  0.189845170014778E+001  0.220896578724658E+000  0.102997927990975E+000 -0.131028262406404E+000 -0.148669755866895E+003 -0.148669755866895E+003 -0.148670154945535E+003
  0.102064428203839E+000  0.186761172488012E+001  0.751192565545636E+000  0.103771751677982E+000 -0.131028262406404E+000 -0.148669795030263E+003 -0.148669795030263E+003 -0.148669945135732E+003
  0.102742771359551E+000  0.197570230312540E+001  0.966525612155984E+000  0.100320846357329E+000 -0.131028262406404E+000 -0.148669492985373E+003 -0.148669492985373E+003 -0.148670145930415E+003
  0.101613323062216E+000  0.195533798365745E+001  0.958634543546181E+000  0.103558394843482E+000 -0.131028262406404E+000 -0.148669653044245E+003 -0.148669653044245E+003 -0.148670005405258E+003
  0.101572872742725E+000  0.197181752359881E+001  0.706535348113159E+000  0.101945386968206E+000 -0.131028262406404E+000 -0.148669525368125E+003 -0.148669525368125E+003 -0.148669875531352E+003
  0.103579234113680E+000  0.198923776991696E+001  0.810097649219495E+000  0.102170480209002E+000 -0.131028262406404E+000 -0.148669659576589E+003 -0.148669659576589E+003 -0.148670413587590E+003
  0.100547533545992E+000  0.198051776445976E+001  0.454246335997152E+000  0.106468847694545E+000 -0.131028262406404E+000 -0.148669741183526E+003 -0.148669741183526E+003 -0.148669870369606E+003
  0.100138890208058E+000  0.185350916697882E+001  0.487611346777788E+000  0.105218999925811E+000 -0.131028262406404E+000 -0.148669772604052E+003 -0.148669772604052E+003 -0.148670419225275E+003
  0.101986627665370E+000  0.195719899825172E+001  0.709413226115985E+000  0.101866412000431E+000 -0.131028262406404E+000 -0.148669563855479E+003 -0.148669563855479E+003 -0.148670653874235E+003
  0.100504337657555E+000  0.172048073485801E+001  0.530369737044436E+000  0.100002074937951E+000 -0.131028262406404E+000 -0.148669562856795E+003 -0.148669562856795E+003 -0.148670090683722E+003
  0.104730934027516E+000  0.194603472129810E+001  0.102796708062111E+000  0.101912161921261E+000 -0.131028262406404E+000 -0.148669768405069E+003 -0.148669768405069E+003 -0.148670002734674E+003
  0.101525627907000E+000  0.164259338442751E+001  0.185099913085502E+000  0.101266899380571E+000 -0.131028262406404E+000 -0.148669797960510E+003 -0.148669797960510E+003 -0.148669924087803E+003
  0.100521593118493E+000  0.189578013596628E+001  0.216447888204588E+000  0.100085824640206E+000 -0.131028262406404E+000 -0.148669406838679E+003 -0.148669406838679E+003 -0.148669845044134E+003
  0.100794763212936E+000  0.162705514539212E+001  0.444655428031043E+000  0.101252551715845E+000 -0.131028262406404E+000 -0.148669759013480E+003 -0.148669759013480E+003 -0.148669836210158E+003
  0.100772530594915E+000  0.196270832263076E+001  0.770414436911040E+000  0.100724497793082E+000 -0.131028262406404E+000 -0.148669400243775E+003 -0.148669400243775E+003 -0.148669957443739E+003
  0.102133373258853E+000  0.197772350071040E+001  0.533230273057128E+000  0.103554859931164E+000 -0.131028262406404E+000 -0.148669664485282E+003 -0.148669664485282E+003 -0.148669875714111E+003
  0.102002067751288E+000  0.191797315104050E+001  0.352181553131493E+000  0.100221214360053E+000 -0.131028262406404E+000 -0.148669494191635E+003 -0.148669494191635E+003 -0.148669903702694E+003
  0.101898731159958E+000  0.187341445591365E+001  0.307374987249629E+000  0.103504521804816E+000 -0.131028262406404E+000 -0.148669758323372E+003 -0.148669758323372E+003 -0.148669950962270E+003
  0.101331686610051E+000  0.189077137256506E+001  0.315631251122478E+000  0.104018686736295E+000 -0.131028262406404E+000 -0.148669734881580E+003 -0.148669734881580E+003 -0.148670080367562E+003
  0.100843940276635E+000  0.178826120873115E+001  0.528812229947140E+000  0.101432213844523E+000 -0.131028262406404E+000 -0.148669625163553E+003 -0.148669625163553E+003 -0.148669931274625E+003
  0.101616309099564E+000  0.198857312444745E+001  0.890166435141541E+000  0.100232718435912E+000 -0.131028262406404E+000 -0.148669398679114E+003 -0.148669398679114E+003 -0.148672225680271E+003
  0.100491067155388E+000  0.183116388085886E+001  0.414282490683720E-001  0.100728213142770E+000 -0.131028262406404E+000 -0.148669510381088E+003 -0.148669510381088E+003 -0.148670093859989E+003
  0.107639377136783E+000  0.199712022057296E+001  0.510122933822119E+000  0.100058503738509E+000 -0.131028262406404E+000 -0.148669783796933E+003 -0.148669783796933E+003 -0.148670081026103E+003
  0.103236038730578E+000  0.196294441592254E+001  0.561803788179911E+000  0.100163514306866E+000 -0.131028262406404E+000 -0.148669528583099E+003 -0.148669528583099E+003 -0.148669812246039E+003
  0.101187748221627E+000  0.180653229281106E+001  0.136810562928160E+000  0.100276863330082E+000 -0.131028262406404E+000 -0.148669550127574E+003 -0.148669550127574E+003 -0.148670150650220E+003
  0.105226683440633E+000  0.199467647998448E+001  0.300844109372724E+000  0.101370863949255E+000 -0.131028262406404E+000 -0.148669712718142E+003 -0.148669712718142E+003 -0.148669830976489E+003
  0.100503157422165E+000  0.197046150813102E+001  0.579597803494502E+000  0.106566120426943E+000 -0.131028262406404E+000 -0.148669756338995E+003 -0.148669756338995E+003 -0.148670440160229E+003
  0.106396243591353E+000  0.198641320520931E+001  0.427913456866137E+000  0.100036094727027E+000 -0.131028262406404E+000 -0.148669709181286E+003 -0.148669709181286E+003 -0.148670112669654E+003
  0.100973185406692E+000  0.157471020295411E+001  0.541353153023695E+000  0.100762281274343E+000 -0.131028262406404E+000 -0.148669780888307E+003 -0.148669780888307E+003 -0.148669939602534E+003
  0.101661734632543E+000  0.188596825267990E+001  0.512459687443012E+000  0.101912963031029E+000 -0.131028262406404E+000 -0.148669618421133E+003 -0.148669618421133E+003 -0.148669871976427E+003
  0.101888630921402E+000  0.189688974759718E+001  0.217015458753836E+000  0.100229208166978E+000 -0.131028262406404E+000 -0.148669507781648E+003 -0.148669507781648E+003 -0.148669804348610E+003
  0.100248702701162E+000  0.174444300739690E+001  0.999806734700450E+000  0.103175690877975E+000 -0.131028262406404E+000 -0.148669750279032E+003 -0.148669750279032E+003 -0.148669875444400E+003
  0.100353375082603E+000  0.152404788810370E+001  0.875254080445385E+000  0.100337026138073E+000 -0.131028262406404E+000 -0.148669747433370E+003 -0.148669747433370E+003 -0.148669904416775E+003
  0.102924909573371E+000  0.176370870998179E+001  0.285814454190656E+000  0.100220290914030E+000 -0.131028262406404E+000 -0.148669706173840E+003 -0.148669706173840E+003 -0.148669856443755E+003
  0.100779410452755E+000  0.198149442086858E+001  0.864972975046152E+000  0.100944565110702E+000 -0.131028262406404E+000 -0.148669396049709E+003 -0.148669396049709E+003 -0.148669977886963E+003
  0.105532747806025E+000  0.193491453883299E+001  0.551825979182411E-001  0.100937567451148E+000 -0.131028262406404E+000 -0.148669767402096E+003 -0.148669767402096E+003 -0.148669816317718E+003
  0.101630690813038E+000  0.193956744744162E+001  0.740123528873474E+000  0.101247819008753E+000 -0.131028262406404E+000 -0.148669516397499E+003 -0.148669516397499E+003 -0.148669803732358E+003
  0.102969180097480E+000  0.170323067198060E+001  0.904669322427905E+000  0.100383320968587E+000 -0.131028262406404E+000 -0.148669777788708E+003 -0.148669777788708E+003 -0.148669826567945E+003
  0.103430967790438E+000  0.192946111243059E+001  0.530231953506599E+000  0.100531260439808E+000 -0.131028262406404E+000 -0.148669600762056E+003 -0.148669600762056E+003 -0.148670100910695E+003
  0.106346145217219E+000  0.195604474035521E+001  0.576952836512992E+000  0.100085055756815E+000 -0.131028262406404E+000 -0.148669740936987E+003 -0.148669740936987E+003 -0.148669887049264E+003
  0.100461825340328E+000  0.183440497890328E+001  0.518973415455648E+000  0.100513022957823E+000 -0.131028262406404E+000 -0.148669490469884E+003 -0.148669490469884E+003 -0.148669879323928E+003
  0.100272513564972E+000  0.176161211219017E+001  0.764708058976695E-001  0.103222454828207E+000 -0.131028262406404E+000 -0.148669738216722E+003 -0.148669738216722E+003 -0.148670013157295E+003
  0.101206991857525E+000  0.190555857456177E+001  0.229631915773061E+000  0.104098331739368E+000 -0.131028262406404E+000 -0.148669715359293E+003 -0.148669715359293E+003 -0.148670085397024E+003
  0.101420997368459E+000  0.199319620802050E+001  0.294930976823226E+000  0.103850852207887E+000 -0.131028262406404E+000 -0.148669616962180E+003 -0.148669616962180E+003 -0.148669907591049E+003
  0.100776065410414E+000  0.198895044923787E+001  0.408123531860923E-001  0.107094529387842E+000 -0.131028262406404E+000 -0.148669788616212E+003 -0.148669788616212E+003 -0.148669880618823E+003
  0.101578508151089E+000  0.197565513433454E+001  0.548193119652771E+000  0.103684143661003E+000 -0.131028262406404E+000 -0.148669636543301E+003 -0.148669636543301E+003 -0.148669858437327E+003
  0.100904223391088E+000  0.186816520126792E+001  0.390613713835971E+000  0.100891220345285E+000 -0.131028262406404E+000 -0.148669514051059E+003 -0.148669514051059E+003 -0.148669844899647E+003
  0.101725613574622E+000  0.174427607998625E+001  0.683150919469404E+000  0.100778369007741E+000 -0.131028262406404E+000 -0.148669681700584E+003 -0.148669681700584E+003 -0.148669808476713E+003
  0.102012972319855E+000  0.180444491374417E+001  0.435136684221807E+000  0.101674675681687E+000 -0.131028262406404E+000 -0.148669708274025E+003 -0.148669708274025E+003 -0.148669842136052E+003
  0.100442672478054E+000  0.184143145258320E+001  0.926125657877204E+000  0.101311094431224E+000 -0.131028262406404E+000 -0.148669537257226E+003 -0.148669537257226E+003 -0.148670729114581E+003
  0.100275119095984E+000  0.185153268414575E+001  0.823255536346050E+000  0.103941562657396E+000 -0.131028262406404E+000 -0.148669696359942E+003 -0.148669696359942E+003 -0.148669947831860E+003
  0.100522605027940E+000  0.190340874901737E+001  0.447839631516106E+000  0.105098804561273E+000 -0.131028262406404E+000 -0.148669736876373E+003 -0.148669736876373E+003 -0.148669804388843E+003
  0.100791298322536E+000  0.187205173349666E+001  0.321016803929927E-001  0.105188804106037E+000 -0.131028262406404E+000 -0.148669797291193E+003 -0.148669797291193E+003 -0.148669940614730E+003
  0.100502050342140E+000  0.194917670825420E+001  0.757554957757354E-002  0.103340179927112E+000 -0.131028262406404E+000 -0.148669567582466E+003 -0.148669567582466E+003 -0.148669984835163E+003
  0.100917610271887E+000  0.188055184245785E+001  0.128852413378929E+000  0.102835982735554E+000 -0.131028262406404E+000 -0.148669635402717E+003 -0.148669635402717E+003 -0.148670196691000E+003
  0.100295799037934E+000  0.171336600270611E+001  0.973059235490802E+000  0.103049033498415E+000 -0.131028262406404E+000 -0.148669775118687E+003 -0.148669775118687E+003 -0.148670218496659E+003
  0.107442659792909E+000  0.197424529614298E+001  0.464983869168165E+000  0.100036598494279E+000 -0.131028262406404E+000 -0.148669793146619E+003 -0.148669793146619E+003 -0.148669801378261E+003
  0.101930266282459E+000  0.176709499427179E+001  0.981291282228168E+000  0.101821980960966E+000 -0.131028262406404E+000 -0.148669749835748E+003 -0.148669749835748E+003 -0.148670061232349E+003
  0.103918905039104E+000  0.175762186459284E+001  0.382032999131732E+000  0.100042525893771E+000 -0.131028262406404E+000 -0.148669767808444E+003 -0.148669767808444E+003 -0.148669868095781E+003
  0.103183722914369E+000  0.185486593920568E+001  0.968959071202774E+000  0.101082179583246E+000 -0.131028262406404E+000 -0.148669697477054E+003 -0.148669697477054E+003 -0.148670071400436E+003
  0.100800204733343E+000  0.163738664080697E+001  0.229356098794073E+000  0.101914297210480E+000 -0.131028262406404E+000 -0.148669799616166E+003 -0.148669799616166E+003 -0.148669894613011E+003
  0.100751814697525E+000  0.165498595859031E+001  0.721364686422615E+000  0.101238917909937E+000 -0.131028262406404E+000 -0.148669729672230E+003 -0.148669729672230E+003 -0.148669878871995E+003
  0.100826951392702E+000  0.179878587550750E+001  0.925029515867891E+000  0.101585423323834E+000 -0.131028262406404E+000 -0.148669624585113E+003 -0.148669624585113E+003 -0.148670506586380E+003
  0.102396200676173E+000  0.177944358459842E+001  0.219371767678123E+000  0.101777163490642E+000 -0.131028262406404E+000 -0.148669767310612E+003 -0.148669767310612E+003 -0.148669801216724E+003
