  0.156152034553586E+001  0.199729397757734E+001  0.415091825764273E+000  0.498868887669633E+000 -0.131028262406404E+000 -0.146924423315473E+003 -0.146924423315473E+003
  0.152511864484903E+001  0.199357449168168E+001  0.365546734296159E+000  0.498563213588824E+000 -0.131028262406404E+000 -0.146928721897139E+003 -0.146928721897139E+003
  0.151701644862050E+001  0.199581351119035E+001  0.652621300404084E+000  0.498889601938464E+000 -0.131028262406404E+000 -0.146928014018500E+003 -0.146928014018500E+003
  0.156650271348565E+001  0.199972879786949E+001  0.582965427521442E+000  0.498328776542580E+000 -0.131028262406404E+000 -0.146923233222807E+003 -0.146923233222807E+003
  0.154235274680481E+001  0.199431143179466E+001  0.333297287780398E+000  0.496462615811560E+000 -0.131028262406404E+000 -0.146928694650843E+003 -0.146928694650843E+003
  0.156325400092395E+001  0.199917551946687E+001  0.389969464465538E+000  0.498210433693016E+000 -0.131028262406404E+000 -0.146923606544637E+003 -0.146923606544637E+003
  0.154078419262428E+001  0.199368897763812E+001  0.170370869441240E+000  0.497726959134227E+000 -0.131028262406404E+000 -0.146928105242250E+003 -0.146928105242250E+003
  0.156243514376185E+001  0.199432116254418E+001  0.838612956079570E+000  0.497715415039560E+000 -0.131028262406404E+000 -0.146927342363725E+003 -0.146927342363725E+003
  0.154838540238182E+001  0.199985133061765E+001  0.113372332225935E+000  0.499666891464894E+000 -0.131028262406404E+000 -0.146922088595720E+003 -0.146922088595720E+003
  0.157381339890892E+001  0.199844044860314E+001  0.483872615381596E+000  0.499126504038598E+000 -0.131028262406404E+000 -0.146924036395160E+003 -0.146924036395160E+003
  0.151456484827375E+001  0.199808357438283E+001  0.219096245722190E+000  0.498112245487569E+000 -0.131028262406404E+000 -0.146927813320209E+003 -0.146927813320209E+003
  0.152788232087390E+001  0.199519941555439E+001  0.920599379922704E+000  0.499135245911948E+000 -0.131028262406404E+000 -0.146926848868402E+003 -0.146926848868402E+003
  0.156507691633947E+001  0.199499185762461E+001  0.355119588191415E+000  0.499973525330619E+000 -0.131028262406404E+000 -0.146925468225598E+003 -0.146925468225598E+003
  0.155081677602681E+001  0.199399582970194E+001  0.386712043805964E+000  0.498906941320645E+000 -0.131028262406404E+000 -0.146926610410340E+003 -0.146926610410340E+003
  0.152741547536412E+001  0.199456303219307E+001  0.519834165862316E+000  0.497964958600694E+000 -0.131028262406404E+000 -0.146928412077614E+003 -0.146928412077614E+003
  0.155707486566011E+001  0.199057271102087E+001  0.891863957848801E+000  0.499504080863210E+000 -0.131028262406404E+000 -0.146928649969096E+003 -0.146928649969096E+003
  0.156204461289002E+001  0.199556359085043E+001  0.370678626665754E+000  0.497886762094495E+000 -0.131028262406404E+000 -0.146926333553470E+003 -0.146926333553470E+003
  0.156753906436808E+001  0.199519189580890E+001  0.203293521784891E+000  0.499586521028472E+000 -0.131028262406404E+000 -0.146925700518404E+003 -0.146925700518404E+003
  0.155405420149838E+001  0.199735972444228E+001  0.938744940878799E+000  0.497015916608546E+000 -0.131028262406404E+000 -0.146925718299541E+003 -0.146925718299541E+003
  0.159019430834758E+001  0.199975047281971E+001  0.528274895635149E+000  0.494769283389075E+000 -0.131028262406404E+000 -0.146926956689444E+003 -0.146926956689444E+003
  0.160032762945409E+001  0.199917637142139E+001  0.207141534165461E+000  0.497030988790543E+000 -0.131028262406404E+000 -0.146927556446327E+003 -0.146927556446327E+003
  0.156564787985418E+001  0.199945178028535E+001  0.261763595348107E+000  0.498375691774090E+000 -0.131028262406404E+000 -0.146923366778237E+003 -0.146923366778237E+003
  0.154904856460522E+001  0.199068648097808E+001  0.797013262567799E+000  0.499895108091127E+000 -0.131028262406404E+000 -0.146928190752818E+003 -0.146928190752818E+003
  0.153881166796107E+001  0.199390640449360E+001  0.866690381064010E+000  0.497365086143852E+000 -0.131028262406404E+000 -0.146928397419863E+003 -0.146928397419863E+003
  0.159567382866072E+001  0.199790662070800E+001  0.621311339538062E+000  0.496084542127630E+000 -0.131028262406404E+000 -0.146928284081825E+003 -0.146928284081825E+003
  0.157371033088288E+001  0.199555642197074E+001  0.495420160361482E+000  0.497562644589229E+000 -0.131028262406404E+000 -0.146927062132338E+003 -0.146927062132338E+003
  0.157551698899918E+001  0.199756668301521E+001  0.836142020306293E+000  0.493296442929966E+000 -0.131028262406404E+000 -0.146928499412353E+003 -0.146928499412353E+003
  0.152786976700429E+001  0.199683377389896E+001  0.580455566992008E+000  0.499641910769818E+000 -0.131028262406404E+000 -0.146925332926548E+003 -0.146925332926548E+003
  0.153325199220298E+001  0.199588217650441E+001  0.356559044359724E+000  0.498669070009622E+000 -0.131028262406404E+000 -0.146926350761507E+003 -0.146926350761507E+003
  0.154608693043679E+001  0.199332643175287E+001  0.453704633501640E+000  0.497321909608601E+000 -0.131028262406404E+000 -0.146928440544519E+003 -0.146928440544519E+003
  0.154341713825467E+001  0.199693367836521E+001  0.776858737874466E+000  0.496033277773268E+000 -0.131028262406404E+000 -0.146927269797195E+003 -0.146927269797195E+003
  0.152379804707377E+001  0.199975226504038E+001  0.178789348882829E+000  0.496622843047859E+000 -0.131028262406404E+000 -0.146926953788831E+003 -0.146926953788831E+003
  0.155444268297875E+001  0.199662604884965E+001  0.885420134832143E+000  0.498804571362356E+000 -0.131028262406404E+000 -0.146924851013777E+003 -0.146924851013777E+003
  0.157311675622904E+001  0.199604342385410E+001  0.782181425606868E+000  0.499722683698720E+000 -0.131028262406404E+000 -0.146925380350042E+003 -0.146925380350042E+003
  0.157961499728232E+001  0.199826701301803E+001  0.448260983742929E+000  0.497862421423419E+000 -0.131028262406404E+000 -0.146925347363298E+003 -0.146925347363298E+003
  0.156951905828507E+001  0.199709146025930E+001  0.177039794697072E+000  0.495148850674029E+000 -0.131028262406404E+000 -0.146927358265691E+003 -0.146927358265691E+003
  0.158193106213560E+001  0.199980692652300E+001  0.823024718980236E-001  0.498644802350390E+000 -0.131028262406404E+000 -0.146923996390650E+003 -0.146923996390650E+003
  0.156110151614050E+001  0.199567868113755E+001  0.457590903019219E+000  0.494529241354964E+000 -0.131028262406404E+000 -0.146928722861177E+003 -0.146928722861177E+003
  0.150735656121719E+001  0.199778312460010E+001  0.840294097181611E+000  0.498785779291927E+000 -0.131028262406404E+000 -0.146928518125344E+003 -0.146928518125344E+003
  0.157592833497941E+001  0.199928973936901E+001  0.946544094250049E+000  0.498708259460122E+000 -0.131028262406404E+000 -0.146923823518571E+003 -0.146923823518571E+003
  0.158236503030889E+001  0.199709763370107E+001  0.409656205188005E+000  0.495512498841519E+000 -0.131028262406404E+000 -0.146927793326215E+003 -0.146927793326215E+003
  0.160326312072079E+001  0.199745594021831E+001  0.973062231314849E+000  0.498941253820774E+000 -0.131028262406404E+000 -0.146928653728665E+003 -0.146928653728665E+003
  0.158668126243671E+001  0.199897387964452E+001  0.306498126087687E+000  0.496638484569287E+000 -0.131028262406404E+000 -0.146926158908453E+003 -0.146926158908453E+003
  0.158645919555896E+001  0.199966796635204E+001  0.903900042946753E+000  0.493853664423505E+000 -0.131028262406404E+000 -0.146927226507155E+003 -0.146927226507155E+003
  0.157060998714551E+001  0.199871493654104E+001  0.971224191519541E+000  0.496976074390390E+000 -0.131028262406404E+000 -0.146925002541328E+003 -0.146925002541328E+003
  0.153714680577734E+001  0.199222153309646E+001  0.660479995358900E+000  0.498475953073720E+000 -0.131028262406404E+000 -0.146928656614280E+003 -0.146928656614280E+003
  0.156623543094524E+001  0.199307981998466E+001  0.351300995075765E+000  0.498256759991081E+000 -0.131028262406404E+000 -0.146928006604859E+003 -0.146928006604859E+003
  0.158798477520214E+001  0.199790195198198E+001  0.631198289417105E+000  0.493696846959381E+000 -0.131028262406404E+000 -0.146928732212084E+003 -0.146928732212084E+003
  0.154483141020752E+001  0.199839904358661E+001  0.302864802514910E+000  0.493695213719196E+000 -0.131028262406404E+000 -0.146928329263063E+003 -0.146928329263063E+003
  0.154931539891543E+001  0.199346476959986E+001  0.714763381587969E+000  0.498319213857284E+000 -0.131028262406404E+000 -0.146927451497425E+003 -0.146927451497425E+003
  0.153296423640018E+001  0.199852859945474E+001  0.935549230066856E+000  0.494443822135898E+000 -0.131028262406404E+000 -0.146928718785187E+003 -0.146928718785187E+003
  0.158361108418297E+001  0.199625289183958E+001  0.923357551017635E+000  0.494990475227764E+000 -0.131028262406404E+000 -0.146928823090723E+003 -0.146928823090723E+003
  0.151113265450057E+001  0.199987810548337E+001  0.995622599669953E+000  0.498388158842769E+000 -0.131028262406404E+000 -0.146927032683744E+003 -0.146927032683744E+003
  0.156077429726680E+001  0.199580844007714E+001  0.192918138339306E+000  0.494511422621300E+000 -0.131028262406404E+000 -0.146928649601115E+003 -0.146928649601115E+003
  0.158414593112724E+001  0.199447647186373E+001  0.116520792293442E+000  0.499885318823334E+000 -0.131028262406404E+000 -0.146927593852952E+003 -0.146927593852952E+003
  0.159774498360598E+001  0.199851566941934E+001  0.493595758600999E+000  0.499517378293427E+000 -0.131028262406404E+000 -0.146926641763155E+003 -0.146926641763155E+003
  0.158670051438195E+001  0.199823598672829E+001  0.913146843379257E+000  0.495499784201987E+000 -0.131028262406404E+000 -0.146927333939506E+003 -0.146927333939506E+003
  0.150998296621389E+001  0.199823024013508E+001  0.581069503377862E+000  0.498279765988865E+000 -0.131028262406404E+000 -0.146928329084274E+003 -0.146928329084274E+003
  0.153229365786610E+001  0.199906938137345E+001  0.433392453891269E+000  0.495569735791408E+000 -0.131028262406404E+000 -0.146927342198866E+003 -0.146927342198866E+003
  0.160382341294325E+001  0.199918691629233E+001  0.867444046048690E+000  0.497442851933343E+000 -0.131028262406404E+000 -0.146927952535783E+003 -0.146927952535783E+003
  0.152833854054925E+001  0.199798090332889E+001  0.386569676134230E+000  0.495692111442722E+000 -0.131028262406404E+000 -0.146928380272318E+003 -0.146928380272318E+003
  0.152259748467115E+001  0.199867761251546E+001  0.844300176498593E+000  0.499172027707081E+000 -0.131028262406404E+000 -0.146925212302201E+003 -0.146925212302201E+003
  0.153344624726091E+001  0.199550817450802E+001  0.691353134535094E+000  0.499196108066942E+000 -0.131028262406404E+000 -0.146926105494199E+003 -0.146926105494199E+003
  0.155125527435628E+001  0.199232756952518E+001  0.150207629774872E+000  0.499311327451324E+000 -0.131028262406404E+000 -0.146927466821312E+003 -0.146927466821312E+003
  0.156699554896321E+001  0.199607842468760E+001  0.455686301353162E-002  0.496658939805393E+000 -0.131028262406404E+000 -0.146926953039567E+003 -0.146926953039567E+003
  0.156574544604948E+001  0.199787179887447E+001  0.170832408398496E+000  0.495823508163939E+000 -0.131028262406404E+000 -0.146926250054426E+003 -0.146926250054426E+003
  0.157744512484347E+001  0.199574956861056E+001  0.541647279434368E+000  0.495899027238549E+000 -0.131028262406404E+000 -0.146928190905996E+003 -0.146928190905996E+003
  0.152896097675413E+001  0.199941068752292E+001  0.174264293258728E+000  0.496156307489005E+000 -0.131028262406404E+000 -0.146926948868439E+003 -0.146926948868439E+003
  0.160649908223472E+001  0.199855758874033E+001  0.161258756189174E+000  0.499999616304850E+000 -0.131028262406404E+000 -0.146928065494729E+003 -0.146928065494729E+003
  0.158015365468957E+001  0.199966451963995E+001  0.573331730397176E+000  0.495623296021167E+000 -0.131028262406404E+000 -0.146925702949213E+003 -0.146925702949213E+003
  0.156500804139313E+001  0.199622650643948E+001  0.564042220389042E+000  0.498409728117772E+000 -0.131028262406404E+000 -0.146925595107786E+003 -0.146925595107786E+003
  0.154643436719190E+001  0.199847095903255E+001  0.628440143859494E+000  0.499579080841188E+000 -0.131028262406404E+000 -0.146923131699626E+003 -0.146923131699626E+003
  0.154432661670118E+001  0.199285386890446E+001  0.270042075477071E+000  0.498614599893112E+000 -0.131028262406404E+000 -0.146927767318063E+003 -0.146927767318063E+003
  0.152328770613265E+001  0.199683609866846E+001  0.772156677370966E+000  0.496578239853377E+000 -0.131028262406404E+000 -0.146928861897674E+003 -0.146928861897674E+003
  0.151469388603794E+001  0.199825309052981E+001  0.676311184969284E+000  0.498230842329206E+000 -0.131028262406404E+000 -0.146927564794490E+003 -0.146927564794490E+003
  0.154072894788530E+001  0.199967184249576E+001  0.723738488208589E+000  0.499734949127619E+000 -0.131028262406404E+000 -0.146922450370970E+003 -0.146922450370970E+003
  0.153064955176717E+001  0.199556721207056E+001  0.102500354877511E+000  0.499524381307673E+000 -0.131028262406404E+000 -0.146925999542503E+003 -0.146925999542503E+003
  0.155489356258920E+001  0.199305739215374E+001  0.469615660227900E+000  0.499955443735857E+000 -0.131028262406404E+000 -0.146926514392877E+003 -0.146926514392877E+003
  0.159797391623949E+001  0.199959642705345E+001  0.379218565255671E+000  0.495256770420118E+000 -0.131028262406404E+000 -0.146927703101676E+003 -0.146927703101676E+003
  0.157995514152176E+001  0.199610531001830E+001  0.573054923732315E+000  0.499724924113582E+000 -0.131028262406404E+000 -0.146925961554380E+003 -0.146925961554380E+003
  0.156956183048563E+001  0.199176409393357E+001  0.367581401455546E-001  0.499736334048659E+000 -0.131028262406404E+000 -0.146928256504994E+003 -0.146928256504994E+003
  0.159112507535576E+001  0.199581806967909E+001  0.975428284479498E+000  0.498474526581797E+000 -0.131028262406404E+000 -0.146928148831860E+003 -0.146928148831860E+003
  0.158794013015009E+001  0.199877780195242E+001  0.466945576385486E+000  0.495337459642205E+000 -0.131028262406404E+000 -0.146927141317612E+003 -0.146927141317612E+003
  0.155645846929089E+001  0.199850847875218E+001  0.568350247796738E+000  0.498911994333755E+000 -0.131028262406404E+000 -0.146923479927367E+003 -0.146923479927367E+003
  0.157472515483708E+001  0.199756097224138E+001  0.440318363368407E+000  0.494622505761817E+000 -0.131028262406404E+000 -0.146927564831492E+003 -0.146927564831492E+003
  0.158459264358845E+001  0.199870474745006E+001  0.880231468933711E+000  0.499177170330043E+000 -0.131028262406404E+000 -0.146924810571666E+003 -0.146924810571666E+003
  0.157380237873674E+001  0.199544552689330E+001  0.968764994983327E+000  0.498512952910461E+000 -0.131028262406404E+000 -0.146926576271109E+003 -0.146926576271109E+003
  0.155942861407337E+001  0.199223160339152E+001  0.783895505968261E-001  0.498859755749143E+000 -0.131028262406404E+000 -0.146927963656541E+003 -0.146927963656541E+003
  0.159862566004506E+001  0.199947874837461E+001  0.544158539399591E+000  0.494847994972536E+000 -0.131028262406404E+000 -0.146928074394492E+003 -0.146928074394492E+003
  0.152895869868956E+001  0.199918234639124E+001  0.678378238253162E+000  0.499107763661354E+000 -0.131028262406404E+000 -0.146924235775094E+003 -0.146924235775094E+003
  0.155011042780290E+001  0.199794910897540E+001  0.131707187187366E-001  0.493624861172279E+000 -0.131028262406404E+000 -0.146928314017635E+003 -0.146928314017635E+003
  0.153291349585210E+001  0.199810287491213E+001  0.999292088267643E+000  0.494716791347040E+000 -0.131028262406404E+000 -0.146928719223610E+003 -0.146928719223610E+003
  0.156850002153440E+001  0.199849279699172E+001  0.746126853056955E+000  0.495259115654934E+000 -0.131028262406404E+000 -0.146926271842130E+003 -0.146926271842130E+003
  0.159488040041816E+001  0.199888612292212E+001  0.376429711932654E+000  0.499046933366849E+000 -0.131028262406404E+000 -0.146926092649258E+003 -0.146926092649258E+003
  0.154094255599697E+001  0.199346190634252E+001  0.690756290591389E+000  0.499765823009706E+000 -0.131028262406404E+000 -0.146926541554381E+003 -0.146926541554381E+003
  0.152373527321769E+001  0.199939622197689E+001  0.589064824089978E+000  0.495456448016933E+000 -0.131028262406404E+000 -0.146928391511660E+003 -0.146928391511660E+003
  0.155253878081114E+001  0.199810513272291E+001  0.178019387356728E+000  0.498673068946535E+000 -0.131028262406404E+000 -0.146923952477169E+003 -0.146923952477169E+003
  0.152188527625260E+001  0.199714804061998E+001  0.506486422754548E+000  0.497470251491968E+000 -0.131028262406404E+000 -0.146927951909746E+003 -0.146927951909746E+003
  0.155296998504646E+001  0.199927820829156E+001  0.616787598556827E+000  0.496123798765614E+000 -0.131028262406404E+000 -0.146925169187910E+003 -0.146925169187910E+003
  0.155581092896037E+001  0.199782645433642E+001  0.568431891200345E+000  0.495951156926581E+000 -0.131028262406404E+000 -0.146926207969460E+003 -0.146926207969460E+003
  0.154827678465067E+001  0.199502094193579E+001  0.835424883117393E-001  0.496398704977845E+000 -0.131028262406404E+000 -0.146927972172077E+003 -0.146927972172077E+003
  0.153287635913617E+001  0.199305276638598E+001  0.415297822256966E+000  0.497975812617123E+000 -0.131028262406404E+000 -0.146928860152609E+003 -0.146928860152609E+003
  0.154953044368630E+001  0.199706917420932E+001  0.543423930473402E+000  0.495218944893888E+000 -0.131028262406404E+000 -0.146927539425047E+003 -0.146927539425047E+003
  0.158460702506677E+001  0.199864158175372E+001  0.390148725871396E+000  0.494835342896987E+000 -0.131028262406404E+000 -0.146927242158106E+003 -0.146927242158106E+003
  0.153236594650485E+001  0.199529230322219E+001  0.941345071344352E+000  0.496994946043314E+000 -0.131028262406404E+000 -0.146928358682884E+003 -0.146928358682884E+003
  0.156511612131412E+001  0.199905559854760E+001  0.258572548359912E+000  0.492779279469275E+000 -0.131028262406404E+000 -0.146927736780219E+003 -0.146927736780219E+003
  0.157508627261938E+001  0.199764392143645E+001  0.341092840349403E+000  0.493680893996645E+000 -0.131028262406404E+000 -0.146928162840262E+003 -0.146928162840262E+003
  0.156801466710694E+001  0.199700955130412E+001  0.823409345585263E+000  0.496136666509098E+000 -0.131028262406404E+000 -0.146926684799253E+003 -0.146926684799253E+003
  0.152038978922709E+001  0.199576551247610E+001  0.284235550761282E+000  0.497801136009108E+000 -0.131028262406404E+000 -0.146928678343136E+003 -0.146928678343136E+003
  0.154437523575662E+001  0.199806364823759E+001  0.394648716313806E+000  0.498820045943391E+000 -0.131028262406404E+000 -0.146924091580359E+003 -0.146924091580359E+003
  0.160405613148947E+001  0.199984572548002E+001  0.853477967928192E+000  0.496165344069893E+000 -0.131028262406404E+000 -0.146927991959417E+003 -0.146927991959417E+003
  0.154281387647138E+001  0.199884890828887E+001  0.685121703590362E+000  0.498130958259551E+000 -0.131028262406404E+000 -0.146924228845415E+003 -0.146924228845415E+003
  0.153523002630902E+001  0.199803867426989E+001  0.861958212575096E+000  0.498387860374247E+000 -0.131028262406404E+000 -0.146925049238780E+003 -0.146925049238780E+003
  0.154772986044526E+001  0.199671007939238E+001  0.916513501554537E+000  0.494086777961773E+000 -0.131028262406404E+000 -0.146928867972268E+003 -0.146928867972268E+003
  0.156510558663982E+001  0.199538830489698E+001  0.685469781215524E+000  0.497604573614806E+000 -0.131028262406404E+000 -0.146926736882758E+003 -0.146926736882758E+003
  0.155251777504299E+001  0.199626764573261E+001  0.895617443469135E+000  0.498416092669285E+000 -0.131028262406404E+000 -0.146925402061804E+003 -0.146925402061804E+003
  0.153540006517735E+001  0.199739333338985E+001  0.279477726630861E-001  0.495114496639346E+000 -0.131028262406404E+000 -0.146928502376520E+003 -0.146928502376520E+003
  0.155431717416578E+001  0.199958058834754E+001  0.584039937255762E+000  0.495200772457299E+000 -0.131028262406404E+000 -0.146925680355154E+003 -0.146925680355154E+003
  0.154343470214436E+001  0.199934475735885E+001  0.325120042732631E-001  0.497831013433770E+000 -0.131028262406404E+000 -0.146924125831567E+003 -0.146924125831567E+003
  0.157611420750952E+001  0.199509367917492E+001  0.622900840949905E+000  0.498271000641734E+000 -0.131028262406404E+000 -0.146927154139406E+003 -0.146927154139406E+003
  0.153667272396432E+001  0.199890691716917E+001  0.690429411966499E+000  0.496574796006411E+000 -0.131028262406404E+000 -0.146926029670902E+003 -0.146926029670902E+003
  0.151970763807276E+001  0.199923625779178E+001  0.145298118696798E+000  0.496137158497688E+000 -0.131028262406404E+000 -0.146928390676049E+003 -0.146928390676049E+003
  0.151144080992946E+001  0.199615900472104E+001  0.976258247200768E-001  0.498982077420304E+000 -0.131028262406404E+000 -0.146928564439683E+003 -0.146928564439683E+003
  0.154298211429545E+001  0.199342631903499E+001  0.870751102499232E+000  0.497198140550517E+000 -0.131028262406404E+000 -0.146928616317454E+003 -0.146928616317454E+003
  0.153863066560968E+001  0.199400083744405E+001  0.910675636264880E+000  0.496905133721961E+000 -0.131028262406404E+000 -0.146928756121108E+003 -0.146928756121108E+003
  0.152899851504145E+001  0.199609218728692E+001  0.180148207188912E+000  0.499293846644398E+000 -0.131028262406404E+000 -0.146926020761897E+003 -0.146926020761897E+003
  0.156696974570703E+001  0.199741024479353E+001  0.225331524679267E+000  0.493434338251483E+000 -0.131028262406404E+000 -0.146928351052051E+003 -0.146928351052051E+003
  0.156658388884634E+001  0.199915178216859E+001  0.574606339544455E+000  0.498661689087463E+000 -0.131028262406404E+000 -0.146923420025983E+003 -0.146923420025983E+003
  0.155953588443198E+001  0.199484974638717E+001  0.873446020630493E+000  0.498546768923704E+000 -0.131028262406404E+000 -0.146926321765227E+003 -0.146926321765227E+003
  0.158170936755527E+001  0.199926675196518E+001  0.947632948722129E-001  0.491507434096973E+000 -0.131028262406404E+000 -0.146928761581392E+003 -0.146928761581392E+003
  0.157120830355354E+001  0.199957675564370E+001  0.629507463909692E+000  0.492778275348634E+000 -0.131028262406404E+000 -0.146927370873191E+003 -0.146927370873191E+003
  0.158883563598621E+001  0.199542779695544E+001  0.851535748487333E+000  0.499837837672243E+000 -0.131028262406404E+000 -0.146927514823098E+003 -0.146927514823098E+003
  0.153682959417353E+001  0.199263692753149E+001  0.174304009989707E+000  0.497958832917002E+000 -0.131028262406404E+000 -0.146928851758757E+003 -0.146928851758757E+003
  0.153763668552672E+001  0.199898093442329E+001  0.855560735048991E+000  0.496162934734448E+000 -0.131028262406404E+000 -0.146926278379793E+003 -0.146926278379793E+003
  0.156616550010241E+001  0.199359788014965E+001  0.293304209746187E+000  0.498281070874643E+000 -0.131028262406404E+000 -0.146927612308225E+003 -0.146927612308225E+003
  0.151771051121398E+001  0.199782947684418E+001  0.678594139968388E-001  0.499295460352719E+000 -0.131028262406404E+000 -0.146926262626486E+003 -0.146926262626486E+003
  0.153642493041531E+001  0.199995686084813E+001  0.159492897868663E+000  0.496020648841049E+000 -0.131028262406404E+000 -0.146925907410434E+003 -0.146925907410434E+003
  0.158594776106527E+001  0.199636863130669E+001  0.220397773888102E+000  0.498902053332208E+000 -0.131028262406404E+000 -0.146926856385989E+003 -0.146926856385989E+003
  0.158392712269395E+001  0.199633579969274E+001  0.820609338974162E+000  0.495421262230582E+000 -0.131028262406404E+000 -0.146928535670023E+003 -0.146928535670023E+003
  0.156418312950057E+001  0.199880540226659E+001  0.215199728469612E+000  0.497604548258071E+000 -0.131028262406404E+000 -0.146924306394707E+003 -0.146924306394707E+003
  0.159369683652697E+001  0.199746260157985E+001  0.767275145639423E+000  0.498693897983783E+000 -0.131028262406404E+000 -0.146927157291981E+003 -0.146927157291981E+003
  0.158569500904487E+001  0.199908470538582E+001  0.537589338166426E-001  0.494540667233272E+000 -0.131028262406404E+000 -0.146927179945918E+003 -0.146927179945918E+003
  0.156030525008373E+001  0.199272570424233E+001  0.605689343784408E+000  0.498734602831229E+000 -0.131028262406404E+000 -0.146927719865691E+003 -0.146927719865691E+003
  0.158601286935045E+001  0.199911928772539E+001  0.105637142938633E+000  0.495686871794638E+000 -0.131028262406404E+000 -0.146926515889171E+003 -0.146926515889171E+003
  0.156020418686074E+001  0.199464466252326E+001  0.751409375980575E+000  0.498550856070461E+000 -0.131028262406404E+000 -0.146926477965485E+003 -0.146926477965485E+003
  0.155215664724069E+001  0.199936003445568E+001  0.945617245143128E+000  0.497453168588572E+000 -0.131028262406404E+000 -0.146924066127055E+003 -0.146924066127055E+003
  0.153346413435968E+001  0.199498723023390E+001  0.217148064558634E+000  0.499695967920090E+000 -0.131028262406404E+000 -0.146926002543529E+003 -0.146926002543529E+003
  0.158525926090073E+001  0.199946981404036E+001  0.448909756003488E-001  0.499846196815792E+000 -0.131028262406404E+000 -0.146923987940398E+003 -0.146923987940398E+003
  0.156425497124824E+001  0.199241376967880E+001  0.839548419545783E+000  0.499879958372897E+000 -0.131028262406404E+000 -0.146927353272596E+003 -0.146927353272596E+003
  0.157645618189304E+001  0.199554145613324E+001  0.957697875720472E+000  0.497407005164617E+000 -0.131028262406404E+000 -0.146927358054649E+003 -0.146927358054649E+003
  0.159561419084887E+001  0.199976617017448E+001  0.559388161600039E-001  0.496803335466013E+000 -0.131028262406404E+000 -0.146926528619270E+003 -0.146926528619270E+003
  0.150567787280447E+001  0.199949867831912E+001  0.250740555385982E+000  0.499871087539657E+000 -0.131028262406404E+000 -0.146926633120937E+003 -0.146926633120937E+003
  0.155303403832332E+001  0.199718345630140E+001  0.548178187895179E+000  0.493850075332121E+000 -0.131028262406404E+000 -0.146928469764631E+003 -0.146928469764631E+003
  0.152964652578696E+001  0.199383399030338E+001  0.741523175012956E+000  0.499801900569731E+000 -0.131028262406404E+000 -0.146926961069101E+003 -0.146926961069101E+003
  0.157357560517167E+001  0.199812934899849E+001  0.982939776618155E+000  0.495531682594126E+000 -0.131028262406404E+000 -0.146926502195196E+003 -0.146926502195196E+003
  0.159062108670345E+001  0.199777759103767E+001  0.554522797810748E+000  0.496481560066326E+000 -0.131028262406404E+000 -0.146927558417282E+003 -0.146927558417282E+003
  0.155770904100082E+001  0.199449822511957E+001  0.753300471377325E+000  0.499374979472977E+000 -0.131028262406404E+000 -0.146925953794075E+003 -0.146925953794075E+003
  0.159359193218567E+001  0.199828981455961E+001  0.966441739993641E+000  0.499067216876068E+000 -0.131028262406404E+000 -0.146926347199045E+003 -0.146926347199045E+003
  0.155725593947871E+001  0.199712738468712E+001  0.722325755413049E+000  0.497919466897201E+000 -0.131028262406404E+000 -0.146925161328573E+003 -0.146925161328573E+003
  0.155546386133407E+001  0.199898914477078E+001  0.930399486060422E+000  0.497388756427232E+000 -0.131028262406404E+000 -0.146924300789138E+003 -0.146924300789138E+003
  0.159496256659443E+001  0.199771791251778E+001  0.649166771567408E+000  0.496733311951485E+000 -0.131028262406404E+000 -0.146928026153744E+003 -0.146928026153744E+003
  0.156423411718248E+001  0.199698431425489E+001  0.200956164740721E+000  0.495918982300613E+000 -0.131028262406404E+000 -0.146926778390171E+003 -0.146926778390171E+003
  0.155090727483256E+001  0.199886088512143E+001  0.217762906507895E+000  0.498687939182951E+000 -0.131028262406404E+000 -0.146923457765351E+003 -0.146923457765351E+003
  0.154871243295238E+001  0.199567159804639E+001  0.194266887279582E+000  0.495744019888586E+000 -0.131028262406404E+000 -0.146928065639217E+003 -0.146928065639217E+003
  0.153091857056333E+001  0.199936588532012E+001  0.695783552153558E+000  0.495186465543616E+000 -0.131028262406404E+000 -0.146927703444174E+003 -0.146927703444174E+003
  0.157117191940974E+001  0.199511145288091E+001  0.476677077758285E+000  0.496072474548420E+000 -0.131028262406404E+000 -0.146928197745563E+003 -0.146928197745563E+003
  0.158606902527474E+001  0.199768669514694E+001  0.529860668649621E+000  0.498873855570077E+000 -0.131028262406404E+000 -0.146925892922697E+003 -0.146925892922697E+003
  0.154640000918714E+001  0.199427562100186E+001  0.755824130300701E+000  0.499379831500506E+000 -0.131028262406404E+000 -0.146926124725859E+003 -0.146926124725859E+003
  0.159173785003707E+001  0.199950547324642E+001  0.459667972485693E+000  0.495237054433500E+000 -0.131028262406404E+000 -0.146927040655446E+003 -0.146927040655446E+003
  0.154185181267307E+001  0.199920915995193E+001  0.525792578180833E+000  0.495537493810132E+000 -0.131028262406404E+000 -0.146926350102676E+003 -0.146926350102676E+003
  0.156003236465164E+001  0.199505582032914E+001  0.940780595759473E-001  0.499661448636521E+000 -0.131028262406404E+000 -0.146925420081075E+003 -0.146925420081075E+003
  0.154033425361036E+001  0.199501031156087E+001  0.568749092886917E+000  0.497308345392536E+000 -0.131028262406404E+000 -0.146927615487824E+003 -0.146927615487824E+003
  0.155613402435597E+001  0.199664661590894E+001  0.158236246299361E+000  0.499914621824108E+000 -0.131028262406404E+000 -0.146924043081869E+003 -0.146924043081869E+003
  0.156349783720838E+001  0.199857919131772E+001  0.982756559110199E+000  0.497936263469892E+000 -0.131028262406404E+000 -0.146924217411187E+003 -0.146924217411187E+003
  0.157498651543722E+001  0.199962043166185E+001  0.906124260675772E+000  0.495798977750014E+000 -0.131028262406404E+000 -0.146925330575079E+003 -0.146925330575079E+003
  0.158245703176303E+001  0.199526429968572E+001  0.266121046156504E+000  0.497657444474188E+000 -0.131028262406404E+000 -0.146927942994162E+003 -0.146927942994162E+003
  0.153967232667915E+001  0.199844795155878E+001  0.224974078631050E+000  0.499056820016293E+000 -0.131028262406404E+000 -0.146923882315303E+003 -0.146923882315303E+003
  0.157053383759409E+001  0.199593082691045E+001  0.806855205950973E+000  0.498890743211448E+000 -0.131028262406404E+000 -0.146925773799588E+003 -0.146925773799588E+003
  0.153696561048245E+001  0.199891686972696E+001  0.398712931282644E+000  0.498624622634600E+000 -0.131028262406404E+000 -0.146924137014473E+003 -0.146924137014473E+003
  0.154985977846851E+001  0.199458519330198E+001  0.131159363333472E+000  0.496839724588418E+000 -0.131028262406404E+000 -0.146927848935720E+003 -0.146927848935720E+003
  0.151099828366551E+001  0.199748133060587E+001  0.260718014904390E+000  0.498914067419166E+000 -0.131028262406404E+000 -0.146927913709956E+003 -0.146927913709956E+003
  0.159475796924168E+001  0.199879715281343E+001  0.492812563044976E-001  0.499488659753095E+000 -0.131028262406404E+000 -0.146925957034475E+003 -0.146925957034475E+003
  0.158116038173958E+001  0.199340788045963E+001  0.597192887154322E+000  0.498509881171795E+000 -0.131028262406404E+000 -0.146928750522001E+003 -0.146928750522001E+003
  0.150836566162164E+001  0.199896983494451E+001  0.996513681573876E+000  0.499800199644892E+000 -0.131028262406404E+000 -0.146926532994977E+003 -0.146926532994977E+003
  0.155524784710949E+001  0.199673332190206E+001  0.910036488845003E+000  0.495665180627040E+000 -0.131028262406404E+000 -0.146927190813564E+003 -0.146927190813564E+003
  0.157364342500441E+001  0.199795821363557E+001  0.954750629640287E+000  0.494246168557770E+000 -0.131028262406404E+000 -0.146927499255444E+003 -0.146927499255444E+003
  0.154754613512407E+001  0.199789154431079E+001  0.377553229617203E+000  0.498268967687935E+000 -0.131028262406404E+000 -0.146924533124919E+003 -0.146924533124919E+003
  0.155425353232375E+001  0.199795786826493E+001  0.285195691812266E+000  0.499934528974032E+000 -0.131028262406404E+000 -0.146923106344153E+003 -0.146923106344153E+003
  0.159851287661679E+001  0.199628088831912E+001  0.424070199551960E+000  0.499377230283054E+000 -0.131028262406404E+000 -0.146928565622031E+003 -0.146928565622031E+003
  0.158649896606705E+001  0.199769617378807E+001  0.704562811341507E+000  0.493640339292033E+000 -0.131028262406404E+000 -0.146928796981332E+003 -0.146928796981332E+003
  0.158428987805809E+001  0.199833280072557E+001  0.573413400513163E+000  0.493845168327620E+000 -0.131028262406404E+000 -0.146928043926930E+003 -0.146928043926930E+003
  0.156093626654435E+001  0.199947062707003E+001  0.603241782838797E+000  0.499275773197258E+000 -0.131028262406404E+000 -0.146922613564038E+003 -0.146922613564038E+003
  0.154389395581843E+001  0.199864201166085E+001  0.947101877766346E+000  0.498936279608581E+000 -0.131028262406404E+000 -0.146923634410402E+003 -0.146923634410402E+003
  0.157728968410500E+001  0.199633228738257E+001  0.488085928622735E+000  0.498673995794657E+000 -0.131028262406404E+000 -0.146926108870691E+003 -0.146926108870691E+003
  0.154726790612199E+001  0.199307675755628E+001  0.645429003587936E+000  0.498725651623971E+000 -0.131028262406404E+000 -0.146927441962505E+003 -0.146927441962505E+003
  0.157498614544297E+001  0.199891200430499E+001  0.394276437086298E+000  0.493416420102063E+000 -0.131028262406404E+000 -0.146927447119178E+003 -0.146927447119178E+003
  0.155856027959819E+001  0.199683026316129E+001  0.528521393310684E+000  0.499829908011562E+000 -0.131028262406404E+000 -0.146924017033524E+003 -0.146924017033524E+003
  0.153747641000154E+001  0.199897551720287E+001  0.914812326519380E+000  0.495235592087800E+000 -0.131028262406404E+000 -0.146927170626994E+003 -0.146927170626994E+003
  0.155207533628594E+001  0.199583473484142E+001  0.555991730640508E+000  0.494533937232733E+000 -0.131028262406404E+000 -0.146928834278913E+003 -0.146928834278913E+003
  0.155344157458705E+001  0.199680890857472E+001  0.495259863886920E+000  0.498302853247560E+000 -0.131028262406404E+000 -0.146925108090808E+003 -0.146925108090808E+003
  0.151738995326340E+001  0.199652573725737E+001  0.631547793269810E-001  0.499305505231547E+000 -0.131028262406404E+000 -0.146927098879004E+003 -0.146927098879004E+003
  0.151291291740457E+001  0.199755149182182E+001  0.948468188178438E+000  0.498708038624291E+000 -0.131028262406404E+000 -0.146927771897656E+003 -0.146927771897656E+003
  0.159004764409821E+001  0.199978430449104E+001  0.727815907045025E+000  0.496966697145394E+000 -0.131028262406404E+000 -0.146925745909733E+003 -0.146925745909733E+003
  0.157038478973904E+001  0.199654721475007E+001  0.332228647468149E+000  0.499560140997074E+000 -0.131028262406404E+000 -0.146924911482985E+003 -0.146924911482985E+003
  0.156665646198665E+001  0.199964200658399E+001  0.699465515234151E+000  0.494055091440174E+000 -0.131028262406404E+000 -0.146926339184558E+003 -0.146926339184558E+003
  0.151539508637843E+001  0.199614472381875E+001  0.399821120820333E+000  0.499991163316484E+000 -0.131028262406404E+000 -0.146926921860250E+003 -0.146926921860250E+003
  0.155257969654461E+001  0.199342039509465E+001  0.739498584807437E+000  0.499977317067435E+000 -0.131028262406404E+000 -0.146926216051619E+003 -0.146926216051619E+003
  0.158746493517705E+001  0.199840291428067E+001  0.605244819700985E+000  0.495789758837072E+000 -0.131028262406404E+000 -0.146927121726174E+003 -0.146927121726174E+003
  0.157353766866605E+001  0.199987476359872E+001  0.397072218061350E-001  0.496939577108387E+000 -0.131028262406404E+000 -0.146924340034327E+003 -0.146924340034327E+003
  0.153469240113588E+001  0.199654693258816E+001  0.192692718342720E-001  0.498389112711577E+000 -0.131028262406404E+000 -0.146926054980285E+003 -0.146926054980285E+003
  0.150641100283867E+001  0.199716219006769E+001  0.876205063606480E-001  0.498980963749535E+000 -0.131028262406404E+000 -0.146928846220341E+003 -0.146928846220341E+003
  0.154153819138563E+001  0.199639901058993E+001  0.916161276160205E+000  0.498114126960368E+000 -0.131028262406404E+000 -0.146925926635540E+003 -0.146925926635540E+003
  0.157814771975713E+001  0.199421070537119E+001  0.337341939135252E+000  0.499741735733765E+000 -0.131028262406404E+000 -0.146927183419269E+003 -0.146927183419269E+003
  0.150856938580740E+001  0.199845882660906E+001  0.434036371841737E+000  0.499581490521976E+000 -0.131028262406404E+000 -0.146927034629143E+003 -0.146927034629143E+003
  0.158129025651461E+001  0.199437270849145E+001  0.422891591258788E+000  0.498602953057977E+000 -0.131028262406404E+000 -0.146927987578628E+003 -0.146927987578628E+003
  0.154574589854043E+001  0.199972305295336E+001  0.964032755604605E+000  0.494472350532655E+000 -0.131028262406404E+000 -0.146926689608840E+003 -0.146926689608840E+003
  0.152282951136473E+001  0.199312346973859E+001  0.316221264675511E+000  0.499144928369787E+000 -0.131028262406404E+000 -0.146928707267811E+003 -0.146928707267811E+003
  0.157923223639247E+001  0.199651799568752E+001  0.145304758768296E+000  0.494875556674253E+000 -0.131028262406404E+000 -0.146928385183510E+003 -0.146928385183510E+003
  0.158724451825851E+001  0.199978804735717E+001  0.195358016183763E+000  0.497166716854111E+000 -0.131028262406404E+000 -0.146925333003393E+003 -0.146925333003393E+003
  0.156231252215310E+001  0.199865734413378E+001  0.254055928723097E-001  0.495079874720274E+000 -0.131028262406404E+000 -0.146926239673270E+003 -0.146926239673270E+003
  0.155692596349070E+001  0.199986534954558E+001  0.594360531625211E+000  0.492716982915079E+000 -0.131028262406404E+000 -0.146927481091491E+003 -0.146927481091491E+003
  0.153512570836964E+001  0.199875985502700E+001  0.760309092228947E-002  0.494726922802442E+000 -0.131028262406404E+000 -0.146928043726068E+003 -0.146928043726068E+003
  0.155815539672948E+001  0.199848831884225E+001  0.813052316710692E+000  0.499126074513123E+000 -0.131028262406404E+000 -0.146923351809005E+003 -0.146923351809005E+003
  0.159200936542581E+001  0.199993316392772E+001  0.110216184662636E+000  0.494412832081950E+000 -0.131028262406404E+000 -0.146927197813881E+003 -0.146927197813881E+003
  0.158797456038763E+001  0.199941930995649E+001  0.505994385909992E+000  0.497538207652161E+000 -0.131028262406404E+000 -0.146925491481222E+003 -0.146925491481222E+003
  0.153443370114395E+001  0.199632695343299E+001  0.955587678760885E+000  0.498776214730277E+000 -0.131028262406404E+000 -0.146925870677407E+003 -0.146925870677407E+003
  0.156983067881530E+001  0.199278266583857E+001  0.674749073087242E+000  0.499068426318251E+000 -0.131028262406404E+000 -0.146927920474195E+003 -0.146927920474195E+003
  0.155601924571938E+001  0.199793618064750E+001  0.216515849476126E+000  0.499195078581865E+000 -0.131028262406404E+000 -0.146923665108953E+003 -0.146923665108953E+003
  0.154461236960497E+001  0.199992326212881E+001  0.101078147303774E+000  0.499195816037665E+000 -0.131028262406404E+000 -0.146922545651735E+003 -0.146922545651735E+003
  0.157930266449740E+001  0.199589937455087E+001  0.240602707487133E-001  0.499771096318142E+000 -0.131028262406404E+000 -0.146926023179283E+003 -0.146926023179283E+003
  0.160346805396827E+001  0.199770024790035E+001  0.316994175210924E+000  0.498783003526181E+000 -0.131028262406404E+000 -0.146928555267658E+003 -0.146928555267658E+003
  0.151461833068534E+001  0.199808856933806E+001  0.373531592263793E+000  0.499588502122514E+000 -0.131028262406404E+000 -0.146926258713658E+003 -0.146926258713658E+003
  0.152666003905519E+001  0.199607450997736E+001  0.860187547619343E+000  0.497236064407299E+000 -0.131028262406404E+000 -0.146928244348531E+003 -0.146928244348531E+003
  0.155377183422383E+001  0.199996310765617E+001  0.987363414770838E+000  0.495550219870084E+000 -0.131028262406404E+000 -0.146925156817493E+003 -0.146925156817493E+003
  0.155075320476439E+001  0.199917430413211E+001  0.759885334260391E+000  0.492331920427760E+000 -0.131028262406404E+000 -0.146928633308144E+003 -0.146928633308144E+003
  0.153561031797229E+001  0.199913848994822E+001  0.206216032950558E+000  0.496020691856476E+000 -0.131028262406404E+000 -0.146926505180607E+003 -0.146926505180607E+003
  0.151039325302698E+001  0.199668474018046E+001  0.962879250183579E+000  0.499816477239739E+000 -0.131028262406404E+000 -0.146927536723397E+003 -0.146927536723397E+003
  0.152849693996757E+001  0.199215919882776E+001  0.100810959906938E+000  0.499932584424491E+000 -0.131028262406404E+000 -0.146928037997834E+003 -0.146928037997834E+003
  0.153634837613077E+001  0.199931978413905E+001  0.511924427812364E-001  0.493715910845148E+000 -0.131028262406404E+000 -0.146928551669865E+003 -0.146928551669865E+003
  0.155119070618324E+001  0.199295606234587E+001  0.908345229682257E+000  0.497579569847199E+000 -0.131028262406404E+000 -0.146928348789223E+003 -0.146928348789223E+003
  0.154513115095041E+001  0.199525033857291E+001  0.260301702550959E+000  0.498485711347759E+000 -0.131028262406404E+000 -0.146926216739167E+003 -0.146926216739167E+003
  0.158172746587667E+001  0.199982265564979E+001  0.648566044341714E+000  0.498958701174971E+000 -0.131028262406404E+000 -0.146923796600440E+003 -0.146923796600440E+003
  0.157665821779944E+001  0.199845934062540E+001  0.171491392351938E-002  0.494468324316689E+000 -0.131028262406404E+000 -0.146927111842084E+003 -0.146927111842084E+003
  0.158569198887430E+001  0.199728204408350E+001  0.615783589535855E+000  0.496316706700313E+000 -0.131028262406404E+000 -0.146927489557423E+003 -0.146927489557423E+003
  0.158321463934965E+001  0.199863843930522E+001  0.735055157110523E+000  0.497799672255333E+000 -0.131028262406404E+000 -0.146925435658404E+003 -0.146925435658404E+003
  0.157637773561233E+001  0.199673935146332E+001  0.716996624164962E+000  0.497139815143121E+000 -0.131028262406404E+000 -0.146926637399918E+003 -0.146926637399918E+003
  0.154629292742039E+001  0.199573130559326E+001  0.287785663042230E+000  0.497392666484536E+000 -0.131028262406404E+000 -0.146926747510619E+003 -0.146926747510619E+003
  0.152419108928257E+001  0.199768837561749E+001  0.380947718988103E+000  0.499540157043517E+000 -0.131028262406404E+000 -0.146925279474422E+003 -0.146925279474422E+003
  0.158331193191022E+001  0.199931962774593E+001  0.238689463705222E+000  0.495099970593827E+000 -0.131028262406404E+000 -0.146926491785504E+003 -0.146926491785504E+003
  0.159654425817606E+001  0.199909008524919E+001  0.607906122265164E+000  0.499562216759560E+000 -0.131028262406404E+000 -0.146925984315587E+003 -0.146925984315587E+003
  0.154078848139712E+001  0.199933559861991E+001  0.606273246114330E+000  0.495056587908050E+000 -0.131028262406404E+000 -0.146926801963808E+003 -0.146926801963808E+003
  0.154031197838328E+001  0.199722050909531E+001  0.220223170404488E+000  0.496923395594923E+000 -0.131028262406404E+000 -0.146926504146653E+003 -0.146926504146653E+003
  0.155941929512336E+001  0.199354789219962E+001  0.132190764838182E+000  0.498864534717718E+000 -0.131028262406404E+000 -0.146927020005946E+003 -0.146927020005946E+003
  0.155213061037186E+001  0.199611976009443E+001  0.666247047404639E-001  0.496542741166162E+000 -0.131028262406404E+000 -0.146926980252198E+003 -0.146926980252198E+003
  0.157560135412882E+001  0.199763381579417E+001  0.309139925069973E+000  0.495390061114909E+000 -0.131028262406404E+000 -0.146927044230155E+003 -0.146927044230155E+003
  0.160217240585904E+001  0.199800686393674E+001  0.599983960039087E+000  0.498103182803866E+000 -0.131028262406404E+000 -0.146928333273597E+003 -0.146928333273597E+003
  0.155409409234399E+001  0.199541132732610E+001  0.173677015141140E+000  0.495197291623337E+000 -0.131028262406404E+000 -0.146928498987933E+003 -0.146928498987933E+003
  0.152066841134504E+001  0.199599037371324E+001  0.863118375704666E+000  0.497646035221071E+000 -0.131028262406404E+000 -0.146928658038767E+003 -0.146928658038767E+003
  0.159163500799000E+001  0.199488217986094E+001  0.592042889573043E+000  0.499107451561736E+000 -0.131028262406404E+000 -0.146928660897844E+003 -0.146928660897844E+003
  0.153903239095416E+001  0.199741626975242E+001  0.271005644009577E+000  0.496627886978381E+000 -0.131028262406404E+000 -0.146926738546183E+003 -0.146926738546183E+003
  0.153810895260695E+001  0.199296241300800E+001  0.793467135720745E+000  0.498287288660412E+000 -0.131028262406404E+000 -0.146928264817678E+003 -0.146928264817678E+003
  0.155971855481267E+001  0.199749277208104E+001  0.603807466011488E-001  0.497506486950645E+000 -0.131028262406404E+000 -0.146925222887384E+003 -0.146925222887384E+003
  0.154915508219139E+001  0.199908815461020E+001  0.359285713153743E+000  0.497686670935016E+000 -0.131028262406404E+000 -0.146924151973318E+003 -0.146924151973318E+003
  0.159487199947845E+001  0.199832926159861E+001  0.436823592305054E+000  0.499709553662128E+000 -0.131028262406404E+000 -0.146926243067667E+003 -0.146926243067667E+003
  0.153452129243028E+001  0.199761886376085E+001  0.153374312563756E+000  0.495813714427396E+000 -0.131028262406404E+000 -0.146927776914621E+003 -0.146927776914621E+003
  0.153961800654850E+001  0.199105523764836E+001  0.249256029936508E-002  0.499154337360874E+000 -0.131028262406404E+000 -0.146928737842703E+003 -0.146928737842703E+003
  0.154749318288207E+001  0.199973910792307E+001  0.494186822391314E+000  0.494240848044323E+000 -0.131028262406404E+000 -0.146926763287027E+003 -0.146926763287027E+003
  0.157597475108670E+001  0.199843848663443E+001  0.735116236166822E+000  0.498214963062588E+000 -0.131028262406404E+000 -0.146924732161439E+003 -0.146924732161439E+003
  0.154320360775658E+001  0.199944256359381E+001  0.585060406502528E+000  0.495657543201274E+000 -0.131028262406404E+000 -0.146925986614935E+003 -0.146925986614935E+003
  0.157710801931992E+001  0.199947403487852E+001  0.203829840951584E+000  0.496092842171937E+000 -0.131028262406404E+000 -0.146925358065360E+003 -0.146925358065360E+003
  0.154304787876812E+001  0.199560493518285E+001  0.355971893922215E+000  0.497058927122025E+000 -0.131028262406404E+000 -0.146927274308183E+003 -0.146927274308183E+003
  0.152206265564592E+001  0.199775594147040E+001  0.381397202775069E+000  0.498979536280486E+000 -0.131028262406404E+000 -0.146926039839372E+003 -0.146926039839372E+003
  0.159989947720558E+001  0.199834393077368E+001  0.582809143986186E+000  0.498369817870260E+000 -0.131028262406404E+000 -0.146927582436713E+003 -0.146927582436713E+003
  0.154630058861657E+001  0.199759563976822E+001  0.428873068694199E+000  0.499613849895985E+000 -0.131028262406404E+000 -0.146923693883417E+003 -0.146923693883417E+003
  0.154751915011870E+001  0.199515936265383E+001  0.663493938113527E+000  0.496757459888130E+000 -0.131028262406404E+000 -0.146927610401322E+003 -0.146927610401322E+003
  0.155479233655698E+001  0.199872713092834E+001  0.660027572701581E+000  0.496121248766760E+000 -0.131028262406404E+000 -0.146925487291576E+003 -0.146925487291576E+003
  0.158105876235383E+001  0.199830328118074E+001  0.126482494228394E+000  0.499755517750138E+000 -0.131028262406404E+000 -0.146924428124786E+003 -0.146924428124786E+003
  0.154417327765581E+001  0.199248495501719E+001  0.617196317868749E+000  0.499503791065319E+000 -0.131028262406404E+000 -0.146927310621357E+003 -0.146927310621357E+003
  0.157388346247515E+001  0.199443561396438E+001  0.325113277230825E-001  0.496686049593045E+000 -0.131028262406404E+000 -0.146928434484088E+003 -0.146928434484088E+003
  0.158392432804617E+001  0.199647623230547E+001  0.379559330205513E-001  0.497736358975956E+000 -0.131028262406404E+000 -0.146927144129870E+003 -0.146927144129870E+003
  0.154438302015124E+001  0.199703484283618E+001  0.202238224600657E+000  0.497410164944725E+000 -0.131028262406404E+000 -0.146925952413326E+003 -0.146925952413326E+003
  0.158308053734190E+001  0.199992719508747E+001  0.296669700280817E+000  0.497524051405299E+000 -0.131028262406404E+000 -0.146924629102677E+003 -0.146924629102677E+003
  0.153947950597331E+001  0.199910083010623E+001  0.614034157440843E+000  0.493926712411532E+000 -0.131028262406404E+000 -0.146928146380026E+003 -0.146928146380026E+003
  0.158233340211376E+001  0.199963873422452E+001  0.278730302133267E+000  0.491149132620207E+000 -0.131028262406404E+000 -0.146928770528285E+003 -0.146928770528285E+003
  0.150902118777153E+001  0.199689216828865E+001  0.870188314750969E+000  0.499660120001879E+000 -0.131028262406404E+000 -0.146927806625328E+003 -0.146927806625328E+003
  0.153315106870176E+001  0.199876854278072E+001  0.158288318582868E+000  0.497053769692574E+000 -0.131028262406404E+000 -0.146926005791405E+003 -0.146926005791405E+003
  0.153556495972574E+001  0.199363902346778E+001  0.838718786850991E+000  0.498868536181056E+000 -0.131028262406404E+000 -0.146927471129665E+003 -0.146927471129665E+003
  0.157658960807089E+001  0.199706972641269E+001  0.549394042759064E+000  0.498246238686171E+000 -0.131028262406404E+000 -0.146925755573784E+003 -0.146925755573784E+003
  0.152614416237605E+001  0.199787499708141E+001  0.320791866616229E+000  0.497590896643408E+000 -0.131028262406404E+000 -0.146926827593116E+003 -0.146926827593116E+003
  0.156267231650003E+001  0.199657906623060E+001  0.924236076457983E+000  0.494731066710519E+000 -0.131028262406404E+000 -0.146927936836514E+003 -0.146927936836514E+003
  0.155870180019724E+001  0.199562686455750E+001  0.715686147279786E+000  0.494642581014395E+000 -0.131028262406404E+000 -0.146928696949527E+003 -0.146928696949527E+003
  0.156314257651986E+001  0.199569434468224E+001  0.504008572012571E+000  0.499334569619059E+000 -0.131028262406404E+000 -0.146925290207902E+003 -0.146925290207902E+003
  0.159875772974164E+001  0.199655298248609E+001  0.989130652028041E+000  0.498190290797551E+000 -0.131028262406404E+000 -0.146928856748732E+003 -0.146928856748732E+003
  0.155649784181547E+001  0.199775401292177E+001  0.475956344095855E+000  0.496267506358822E+000 -0.131028262406404E+000 -0.146925995227440E+003 -0.146925995227440E+003
  0.155685373026801E+001  0.199693207240842E+001  0.706216075907595E+000  0.499217715910044E+000 -0.131028262406404E+000 -0.146924348847901E+003 -0.146924348847901E+003
  0.158907916680632E+001  0.199503777145516E+001  0.562760188817361E-001  0.498260573458296E+000 -0.131028262406404E+000 -0.146928570624475E+003 -0.146928570624475E+003
  0.158443139515265E+001  0.199955737285309E+001  0.936536774273118E+000  0.495960822509595E+000 -0.131028262406404E+000 -0.146925901059406E+003 -0.146925901059406E+003
  0.157216949997072E+001  0.199344595581189E+001  0.837209476742195E-001  0.499874697779845E+000 -0.131028262406404E+000 -0.146927131458770E+003 -0.146927131458770E+003
  0.158125492367579E+001  0.199697466111461E+001  0.268064772075983E+000  0.497959037706953E+000 -0.131028262406404E+000 -0.146926389703485E+003 -0.146926389703485E+003
  0.150241791561147E+001  0.199815597933512E+001  0.883656408289114E+000  0.499412820115437E+000 -0.131028262406404E+000 -0.146928553763389E+003 -0.146928553763389E+003
