  0.102268441740417E+000  0.199027902138679E+001  0.921230645478312E-001  0.492831246510497E+000 -0.131028262406404E+000 -0.145934355067054E+003 -0.145934355067054E+003
  0.105330335255597E+000  0.198955115361825E+001  0.336740643627057E-001  0.492732878485607E+000 -0.131028262406404E+000 -0.145935612328405E+003 -0.145935612328405E+003
  0.101861283734447E+000  0.199350026150200E+001  0.675800380051431E-001  0.498782021654599E+000 -0.131028262406404E+000 -0.145932612946548E+003 -0.145932612946548E+003
  0.103445365652275E+000  0.198773636461162E+001  0.103070090899428E+000  0.492229555571553E+000 -0.131028262406404E+000 -0.145935250673892E+003 -0.145935250673892E+003
  0.102051304002234E+000  0.199641638066450E+001  0.877970877550182E-002  0.489332328796342E+000 -0.131028262406404E+000 -0.145934132858385E+003 -0.145934132858385E+003
  0.106131078338677E+000  0.199623938506258E+001  0.998954567405880E-002  0.499148707738957E+000 -0.131028262406404E+000 -0.145933683456588E+003 -0.145933683456588E+003
  0.100973944782649E+000  0.198408379013156E+001  0.919976557359126E-001  0.489319136316592E+000 -0.131028262406404E+000 -0.145935367042280E+003 -0.145935367042280E+003
  0.100837247777057E+000  0.198151078984069E+001  0.137217187439640E+000  0.495730684604907E+000 -0.131028262406404E+000 -0.145934457770959E+003 -0.145934457770959E+003
  0.100751734356459E+000  0.198167212050898E+001  0.159797533569032E+000  0.491873879368473E+000 -0.131028262406404E+000 -0.145935127964948E+003 -0.145935127964948E+003
  0.100265598946357E+000  0.199684902369296E+001  0.107655506871136E+000  0.484562090209986E+000 -0.131028262406404E+000 -0.145934340135057E+003 -0.145934340135057E+003
