  0.101678269482052E+000  0.198913440748719E+001  0.500622883823482E+000  0.494639298722215E+000 -0.131028262406404E+000 -0.145933946028154E+003 -0.145933946028154E+003
  0.104545678938013E+000  0.198949362887024E+001  0.489561088459979E+000  0.497131710316520E+000 -0.131028262406404E+000 -0.145934459161331E+003 -0.145934459161331E+003
  0.100349510575319E+000  0.196988172904005E+001  0.494223779241128E+000  0.497317218783490E+000 -0.131028262406404E+000 -0.145935555994812E+003 -0.145935555994812E+003
  0.102307917783292E+000  0.198856698061309E+001  0.507451747437871E+000  0.488012949343336E+000 -0.131028262406404E+000 -0.145935517706779E+003 -0.145935517706779E+003
  0.105405785848025E+000  0.199654286329594E+001  0.506408346329009E+000  0.491335390470749E+000 -0.131028262406404E+000 -0.145934950200587E+003 -0.145934950200587E+003
  0.105424582114949E+000  0.199206827765507E+001  0.514449868556058E+000  0.491975491972843E+000 -0.131028262406404E+000 -0.145935447834043E+003 -0.145935447834043E+003
  0.105612073270180E+000  0.199684524096005E+001  0.425164498723786E+000  0.499813814979918E+000 -0.131028262406404E+000 -0.145933274073776E+003 -0.145933274073776E+003
  0.100494521024380E+000  0.197961238392084E+001  0.562796773129673E+000  0.490856184049741E+000 -0.131028262406404E+000 -0.145935493723835E+003 -0.145935493723835E+003
  0.102758333884709E+000  0.198966324133400E+001  0.460165376767873E+000  0.489700834546390E+000 -0.131028262406404E+000 -0.145935219111469E+003 -0.145935219111469E+003
  0.105187618125406E+000  0.199796973416093E+001  0.587971713706144E+000  0.490603051804004E+000 -0.131028262406404E+000 -0.145934819375098E+003 -0.145934819375098E+003
  0.100809984147232E+000  0.197221983030137E+001  0.586072282062669E+000  0.495746285237120E+000 -0.131028262406404E+000 -0.145935703086632E+003 -0.145935703086632E+003
  0.107962710509782E+000  0.199976735551892E+001  0.400131820635298E+000  0.496508497475557E+000 -0.131028262406404E+000 -0.145934394094205E+003 -0.145934394094205E+003
  0.103307893762545E+000  0.199864277035906E+001  0.449096949573144E+000  0.493097485841020E+000 -0.131028262406404E+000 -0.145933551350973E+003 -0.145933551350973E+003
