  0.104372775530630E+000  0.198654826748545E+001  0.358342489647906E+000  0.496683882141883E+000 -0.131028262406404E+000 -0.145934894838913E+003 -0.145934894838913E+003
  0.100846945950752E+000  0.199886889927161E+001  0.249705622414815E+000  0.486520731956688E+000 -0.131028262406404E+000 -0.145933919728646E+003 -0.145933919728646E+003
  0.105426706131967E+000  0.199432468667965E+001  0.302326718945564E+000  0.488544360046512E+000 -0.131028262406404E+000 -0.145935812486533E+003 -0.145935812486533E+003
  0.105738798228334E+000  0.199865175577760E+001  0.261775453812717E+000  0.498728552600313E+000 -0.131028262406404E+000 -0.145933286629525E+003 -0.145933286629525E+003
  0.102971168141238E+000  0.198178630962651E+001  0.244398882656424E+000  0.495256670543965E+000 -0.131028262406404E+000 -0.145935305994895E+003 -0.145935305994895E+003
  0.101062939028077E+000  0.199724869228966E+001  0.218472551473822E+000  0.484108155228091E+000 -0.131028262406404E+000 -0.145934662514049E+003 -0.145934662514049E+003
  0.102588208090162E+000  0.199615811108772E+001  0.235055466881309E+000  0.496350270636571E+000 -0.131028262406404E+000 -0.145932988317744E+003 -0.145932988317744E+003
  0.102018966497045E+000  0.198102745208626E+001  0.203232370021047E+000  0.493569264706834E+000 -0.131028262406404E+000 -0.145935371714207E+003 -0.145935371714207E+003
  0.106749685025309E+000  0.199855006098128E+001  0.263938573396846E+000  0.497937508658186E+000 -0.131028262406404E+000 -0.145933828557723E+003 -0.145933828557723E+003
  0.101530625734780E+000  0.199808058688903E+001  0.332909172623404E+000  0.498289284262897E+000 -0.131028262406404E+000 -0.145931975270577E+003 -0.145931975270577E+003
  0.105396021876618E+000  0.199041559294612E+001  0.362446996431407E+000  0.494813357523508E+000 -0.131028262406404E+000 -0.145935106101157E+003 -0.145935106101157E+003
  0.101304464272772E+000  0.197568009381863E+001  0.212797455499040E+000  0.494021970161938E+000 -0.131028262406404E+000 -0.145935741376755E+003 -0.145935741376755E+003
  0.110800205779099E+000  0.199536964128325E+001  0.236821490829481E+000  0.498452539429969E+000 -0.131028262406404E+000 -0.145935696726646E+003 -0.145935696726646E+003
