  0.199976589199489E+001  0.113567455820963E+001  0.827894204885347E+000  0.498106190145117E+000 -0.131028262406404E+000 -0.135502359816429E+003 -0.135502359816429E+003
  0.199173787844292E+001  0.115750192769211E+001  0.638972398768088E+000  0.499836941576158E+000 -0.131028262406404E+000 -0.135504575887284E+003 -0.135504575887284E+003
  0.199374443796118E+001  0.113480035524258E+001  0.864552284834390E+000  0.499623122921919E+000 -0.131028262406404E+000 -0.135504056867408E+003 -0.135504056867408E+003
  0.199997437655258E+001  0.114851308923507E+001  0.758053190131534E+000  0.499792275095385E+000 -0.131028262406404E+000 -0.135499284568406E+003 -0.135499284568406E+003
  0.199632428994681E+001  0.113686185510883E+001  0.736394958732357E+000  0.498927129470520E+000 -0.131028262406404E+000 -0.135503245439069E+003 -0.135503245439069E+003
  0.199978966124165E+001  0.114022817397518E+001  0.724235344278463E+000  0.498546629686640E+000 -0.131028262406404E+000 -0.135501377888401E+003 -0.135501377888401E+003
  0.199386903496769E+001  0.115799135989319E+001  0.657025226074654E+000  0.499161627976156E+000 -0.131028262406404E+000 -0.135504277626583E+003 -0.135504277626583E+003
  0.199842481948745E+001  0.114655593966397E+001  0.698256239444104E+000  0.498964233887022E+000 -0.131028262406404E+000 -0.135501423888262E+003 -0.135501423888262E+003
  0.199758236390885E+001  0.111912277228870E+001  0.836537515585061E+000  0.499281448131622E+000 -0.131028262406404E+000 -0.135504394271253E+003 -0.135504394271253E+003
  0.199945688953484E+001  0.116082888770979E+001  0.755449359686538E+000  0.498763613011188E+000 -0.131028262406404E+000 -0.135501668243326E+003 -0.135501668243326E+003
  0.199962646511828E+001  0.112957164992543E+001  0.802650721714127E+000  0.498034046782221E+000 -0.131028262406404E+000 -0.135503205414100E+003 -0.135503205414100E+003
  0.199906030854815E+001  0.115179830817457E+001  0.756162827188352E+000  0.497518708248159E+000 -0.131028262406404E+000 -0.135503213499847E+003 -0.135503213499847E+003
  0.199696982882175E+001  0.113705170711146E+001  0.578140547870406E+000  0.498312925651009E+000 -0.131028262406404E+000 -0.135503740049780E+003 -0.135503740049780E+003
  0.199519112971545E+001  0.114602280261362E+001  0.821423553802628E+000  0.499627770678449E+000 -0.131028262406404E+000 -0.135502480749454E+003 -0.135502480749454E+003
  0.199784650198540E+001  0.113825374582212E+001  0.625943869165182E+000  0.498965678347810E+000 -0.131028262406404E+000 -0.135502108576702E+003 -0.135502108576702E+003
  0.199660560529225E+001  0.115019998676947E+001  0.698711629691445E+000  0.498495392559125E+000 -0.131028262406404E+000 -0.135503260213289E+003 -0.135503260213289E+003
  0.199981259170724E+001  0.114540610985944E+001  0.850695287072015E+000  0.499855947945793E+000 -0.131028262406404E+000 -0.135499302034357E+003 -0.135499302034357E+003
  0.199952878572452E+001  0.113077374041378E+001  0.811766736536772E+000  0.499347285782224E+000 -0.131028262406404E+000 -0.135501171039045E+003 -0.135501171039045E+003
  0.199977764670982E+001  0.113898113272928E+001  0.782226975049639E+000  0.499165610180434E+000 -0.131028262406404E+000 -0.135500549771783E+003 -0.135500549771783E+003
  0.199407770516735E+001  0.113826345068629E+001  0.678309902920885E+000  0.499049027018631E+000 -0.131028262406404E+000 -0.135504410091189E+003 -0.135504410091189E+003
  0.199202164966630E+001  0.113760498126634E+001  0.670376268055382E+000  0.499865674301604E+000 -0.131028262406404E+000 -0.135504565352255E+003 -0.135504565352255E+003
  0.199594277601373E+001  0.115381329768622E+001  0.573084413831762E+000  0.499376547375487E+000 -0.131028262406404E+000 -0.135502463849786E+003 -0.135502463849786E+003
  0.199952606370868E+001  0.112726611529972E+001  0.755965124833659E+000  0.497938352760691E+000 -0.131028262406404E+000 -0.135503728547762E+003 -0.135503728547762E+003
  0.199622359894849E+001  0.115335638412248E+001  0.636980227383356E+000  0.499646582597114E+000 -0.131028262406404E+000 -0.135501882100619E+003 -0.135501882100619E+003
  0.199765755150569E+001  0.114490046983014E+001  0.709455722634642E+000  0.498118359455026E+000 -0.131028262406404E+000 -0.135503190218862E+003 -0.135503190218862E+003
  0.199802299931013E+001  0.115038001964303E+001  0.724517149909478E+000  0.498045148386108E+000 -0.131028262406404E+000 -0.135503045430132E+003 -0.135503045430132E+003
  0.199692888016329E+001  0.116757651460762E+001  0.834379590996526E+000  0.498645561905348E+000 -0.131028262406404E+000 -0.135504114662319E+003 -0.135504114662319E+003
  0.199925708453486E+001  0.113187951859933E+001  0.612078562248142E+000  0.499281103359318E+000 -0.131028262406404E+000 -0.135501314842559E+003 -0.135501314842559E+003
  0.199910573001366E+001  0.118307552936355E+001  0.817138264121569E+000  0.499882762702011E+000 -0.131028262406404E+000 -0.135504106793808E+003 -0.135504106793808E+003
  0.199997454867580E+001  0.117987675092660E+001  0.602917574897597E+000  0.499593069651883E+000 -0.131028262406404E+000 -0.135503248499589E+003 -0.135503248499589E+003
  0.199790763719838E+001  0.115181385290255E+001  0.766464537873324E+000  0.499826275177008E+000 -0.131028262406404E+000 -0.135500547246631E+003 -0.135500547246631E+003
  0.199848470839818E+001  0.117347724359513E+001  0.643830474100284E+000  0.498755357989926E+000 -0.131028262406404E+000 -0.135503957722438E+003 -0.135503957722438E+003
  0.199635571347777E+001  0.112895250431121E+001  0.726768534376581E+000  0.498989222909351E+000 -0.131028262406404E+000 -0.135503984739098E+003 -0.135503984739098E+003
  0.199727330770762E+001  0.113574159734775E+001  0.850810568061362E+000  0.499239665465854E+000 -0.131028262406404E+000 -0.135502263022251E+003 -0.135502263022251E+003
  0.199958543772226E+001  0.113251648029359E+001  0.816477661644656E+000  0.498929000768128E+000 -0.131028262406404E+000 -0.135501553124025E+003 -0.135501553124025E+003
  0.199283025065453E+001  0.115718039454871E+001  0.753776049301647E+000  0.499705691486472E+000 -0.131028262406404E+000 -0.135504070573836E+003 -0.135504070573836E+003
  0.199783841396766E+001  0.113863979173328E+001  0.617398216839335E+000  0.498190995453787E+000 -0.131028262406404E+000 -0.135503247446741E+003 -0.135503247446741E+003
  0.199857386734520E+001  0.113184848546933E+001  0.653952354251947E+000  0.499336175860570E+000 -0.131028262406404E+000 -0.135501673757705E+003 -0.135501673757705E+003
  0.199948195345279E+001  0.112301685595600E+001  0.719925712477146E+000  0.498789458967565E+000 -0.131028262406404E+000 -0.135503147649218E+003 -0.135503147649218E+003
  0.199857768839958E+001  0.117731407892674E+001  0.759815207903762E+000  0.498917396858493E+000 -0.131028262406404E+000 -0.135504411873889E+003 -0.135504411873889E+003
  0.199672632524385E+001  0.113050700272132E+001  0.856515901005510E+000  0.499758310416385E+000 -0.131028262406404E+000 -0.135502397087786E+003 -0.135502397087786E+003
  0.199983741749218E+001  0.111970093673122E+001  0.576059494659910E+000  0.499087186944771E+000 -0.131028262406404E+000 -0.135503081480830E+003 -0.135503081480830E+003
  0.199810246306097E+001  0.114833049405106E+001  0.786973216459331E+000  0.499419510840644E+000 -0.131028262406404E+000 -0.135500956461660E+003 -0.135500956461660E+003
  0.199521055436670E+001  0.113432241072267E+001  0.751874041614420E+000  0.498672307810117E+000 -0.131028262406404E+000 -0.135504585370632E+003 -0.135504585370632E+003
  0.199939624939085E+001  0.111622000944745E+001  0.740001682545093E+000  0.499771904626750E+000 -0.131028262406404E+000 -0.135503086268087E+003 -0.135503086268087E+003
  0.199942334798424E+001  0.114331232038708E+001  0.863358019732270E+000  0.498991676026021E+000 -0.131028262406404E+000 -0.135500827497493E+003 -0.135500827497493E+003
  0.199945670042020E+001  0.116864025060318E+001  0.574131925187797E+000  0.499470452044042E+000 -0.131028262406404E+000 -0.135501605685110E+003 -0.135501605685110E+003
  0.199780796471737E+001  0.115758036686458E+001  0.578053719628101E+000  0.499455817170485E+000 -0.131028262406404E+000 -0.135501411413258E+003 -0.135501411413258E+003
  0.199531641931326E+001  0.115744103107460E+001  0.841811295399500E+000  0.499917334106512E+000 -0.131028262406404E+000 -0.135502250421199E+003 -0.135502250421199E+003
  0.199468728997242E+001  0.116106196051680E+001  0.602886804744053E+000  0.499964186623196E+000 -0.131028262406404E+000 -0.135502840638575E+003 -0.135502840638575E+003
  0.199686224398905E+001  0.116465839413557E+001  0.703475024892522E+000  0.498113961911890E+000 -0.131028262406404E+000 -0.135504572250184E+003 -0.135504572250184E+003
