  0.441967419263084E+000  0.523609091215072E+000  0.981444065047873E+000  0.494699995693497E+000 -0.131028262406404E+000 -0.155760073835179E+003 -0.155760073835179E+003
  0.448586790923258E+000  0.531553507668216E+000  0.646237993708526E+000  0.498252202881053E+000 -0.131028262406404E+000 -0.155759863076427E+003 -0.155759863076427E+003
  0.394341334886131E+000  0.500757484454987E+000  0.902765716365467E+000  0.496962765877367E+000 -0.131028262406404E+000 -0.155759953348117E+003 -0.155759953348117E+003
  0.454179218044804E+000  0.518683590589550E+000  0.616777635894335E+000  0.495756099863412E+000 -0.131028262406404E+000 -0.155759915557924E+003 -0.155759915557924E+003
  0.418774663758879E+000  0.539218623723444E+000  0.572771360042894E+000  0.498183584652885E+000 -0.131028262406404E+000 -0.155759782503555E+003 -0.155759782503555E+003
  0.473757833988044E+000  0.512597491472287E+000  0.646918777512500E+000  0.499267334816502E+000 -0.131028262406404E+000 -0.155759922885658E+003 -0.155759922885658E+003
  0.436532223374778E+000  0.520315223504238E+000  0.977027205021353E+000  0.495043665154051E+000 -0.131028262406404E+000 -0.155759603656360E+003 -0.155759603656360E+003
  0.434781630991504E+000  0.510322879203303E+000  0.712235053255867E+000  0.496369523542484E+000 -0.131028262406404E+000 -0.155758521691442E+003 -0.155758521691442E+003
  0.429033620955888E+000  0.509645983232219E+000  0.714390730426741E+000  0.499620972213488E+000 -0.131028262406404E+000 -0.155757467176006E+003 -0.155757467176006E+003
  0.432756676786842E+000  0.507155033825197E+000  0.793601868021045E+000  0.494658830595586E+000 -0.131028262406404E+000 -0.155758880523690E+003 -0.155758880523690E+003
  0.472847432355987E+000  0.502282884348974E+000  0.839654419911653E+000  0.499614209334987E+000 -0.131028262406404E+000 -0.155758778935537E+003 -0.155758778935537E+003
  0.409246820398935E+000  0.509990460183532E+000  0.674291332179911E+000  0.496521144120211E+000 -0.131028262406404E+000 -0.155759184060432E+003 -0.155759184060432E+003
  0.435528969168265E+000  0.514624790190020E+000  0.664246311836402E+000  0.495877804447584E+000 -0.131028262406404E+000 -0.155758951492578E+003 -0.155758951492578E+003
  0.426917147955320E+000  0.506761275382658E+000  0.787347896989996E+000  0.492354600982788E+000 -0.131028262406404E+000 -0.155759675414651E+003 -0.155759675414651E+003
  0.452925888834294E+000  0.501420317322212E+000  0.825912400663003E+000  0.496442019868182E+000 -0.131028262406404E+000 -0.155758320284588E+003 -0.155758320284588E+003
  0.414924634362710E+000  0.543389769734842E+000  0.993038240448138E+000  0.499783454266306E+000 -0.131028262406404E+000 -0.155759574854484E+003 -0.155759574854484E+003
  0.398771177087066E+000  0.532727981744887E+000  0.785669704234301E+000  0.499283855668869E+000 -0.131028262406404E+000 -0.155759920580557E+003 -0.155759920580557E+003
  0.427452304147967E+000  0.500851501702894E+000  0.531366308947881E+000  0.491166267026819E+000 -0.131028262406404E+000 -0.155759736360960E+003 -0.155759736360960E+003
  0.459356145401626E+000  0.524348843696780E+000  0.797467661324004E+000  0.499873425892804E+000 -0.131028262406404E+000 -0.155759485877050E+003 -0.155759485877050E+003
  0.409730482859098E+000  0.508201427756852E+000  0.752472201607899E+000  0.496357330413704E+000 -0.131028262406404E+000 -0.155759134460311E+003 -0.155759134460311E+003
  0.453395395954454E+000  0.513759073879033E+000  0.802296903840264E+000  0.493605197585715E+000 -0.131028262406404E+000 -0.155760150941335E+003 -0.155760150941335E+003
  0.469223376515015E+000  0.521574530732291E+000  0.998838309687103E+000  0.499813547401863E+000 -0.131028262406404E+000 -0.155760147103470E+003 -0.155760147103470E+003
  0.462958711789558E+000  0.505007840173215E+000  0.715066598338952E+000  0.499571931965650E+000 -0.131028262406404E+000 -0.155758207745637E+003 -0.155758207745637E+003
  0.449089542409697E+000  0.529546550043508E+000  0.708528714854312E+000  0.498928799828352E+000 -0.131028262406404E+000 -0.155759515709233E+003 -0.155759515709233E+003
  0.405256285765372E+000  0.501952243115332E+000  0.668611232311287E+000  0.497642281157671E+000 -0.131028262406404E+000 -0.155758784932815E+003 -0.155758784932815E+003
  0.454304879904861E+000  0.515729154280914E+000  0.672950805019375E+000  0.499851979986050E+000 -0.131028262406404E+000 -0.155758420772483E+003 -0.155758420772483E+003
  0.459421940440932E+000  0.500139101534124E+000  0.922417659212122E+000  0.491583817527755E+000 -0.131028262406404E+000 -0.155760040780321E+003 -0.155760040780321E+003
  0.401019780908985E+000  0.504364854714548E+000  0.512840432361018E+000  0.494244142725792E+000 -0.131028262406404E+000 -0.155760323256949E+003 -0.155760323256949E+003
  0.428907046350621E+000  0.510341452108571E+000  0.554912616616226E+000  0.496859459858736E+000 -0.131028262406404E+000 -0.155758387776610E+003 -0.155758387776610E+003
  0.450458732808929E+000  0.509351579372336E+000  0.943123648964131E+000  0.498101406880621E+000 -0.131028262406404E+000 -0.155758277430919E+003 -0.155758277430919E+003
  0.447381815557441E+000  0.512872072275751E+000  0.751277300232009E+000  0.498424795709588E+000 -0.131028262406404E+000 -0.155758307887530E+003 -0.155758307887530E+003
  0.478067541741130E+000  0.505536213337532E+000  0.729378235951429E+000  0.499142845493806E+000 -0.131028262406404E+000 -0.155759748031125E+003 -0.155759748031125E+003
  0.445420069750086E+000  0.507506394453190E+000  0.830710745747822E+000  0.498946079201870E+000 -0.131028262406404E+000 -0.155757703846540E+003 -0.155757703846540E+003
  0.424397398507983E+000  0.523168470950285E+000  0.552553651035172E+000  0.499424396251031E+000 -0.131028262406404E+000 -0.155758348325170E+003 -0.155758348325170E+003
  0.409575160418719E+000  0.511743141636694E+000  0.738191266192720E+000  0.495351277419355E+000 -0.131028262406404E+000 -0.155759621847363E+003 -0.155759621847363E+003
  0.416316985530183E+000  0.533113429931662E+000  0.541059645019994E+000  0.499534451337661E+000 -0.131028262406404E+000 -0.155759026807438E+003 -0.155759026807438E+003
  0.452598964890780E+000  0.506347694431178E+000  0.911017882805167E+000  0.493169400221447E+000 -0.131028262406404E+000 -0.155759683785708E+003 -0.155759683785708E+003
  0.398899148593553E+000  0.500276720682504E+000  0.604348165719897E+000  0.495308311704705E+000 -0.131028262406404E+000 -0.155760031852862E+003 -0.155760031852862E+003
  0.441123439466967E+000  0.502650803207724E+000  0.638675563109681E+000  0.490460266275252E+000 -0.131028262406404E+000 -0.155759978635330E+003 -0.155759978635330E+003
  0.444795520887463E+000  0.509581827809105E+000  0.744202826748419E+000  0.493173409999741E+000 -0.131028262406404E+000 -0.155759641618148E+003 -0.155759641618148E+003
  0.400664904903261E+000  0.515099284505779E+000  0.670847607445233E+000  0.495956164263871E+000 -0.131028262406404E+000 -0.155760170270793E+003 -0.155760170270793E+003
  0.444092964636132E+000  0.512663916366750E+000  0.723186969607027E+000  0.495298656262550E+000 -0.131028262406404E+000 -0.155759163605324E+003 -0.155759163605324E+003
  0.430919171243680E+000  0.543781521954382E+000  0.934166969224673E+000  0.499302871268406E+000 -0.131028262406404E+000 -0.155759775369491E+003 -0.155759775369491E+003
  0.454417610368034E+000  0.502245244615593E+000  0.752180228073862E+000  0.494792404869767E+000 -0.131028262406404E+000 -0.155758955190999E+003 -0.155758955190999E+003
  0.418413619129992E+000  0.512082756923547E+000  0.867777500566334E+000  0.492378332709161E+000 -0.131028262406404E+000 -0.155760189943064E+003 -0.155760189943064E+003
  0.392473455537307E+000  0.509225510079390E+000  0.600186405101408E+000  0.498822492826520E+000 -0.131028262406404E+000 -0.155759772584078E+003 -0.155759772584078E+003
  0.430496227114040E+000  0.500524637640208E+000  0.524380032731827E+000  0.499558567297846E+000 -0.131028262406404E+000 -0.155756977675938E+003 -0.155756977675938E+003
  0.412198894001186E+000  0.504041293177390E+000  0.813809281189852E+000  0.497763382519041E+000 -0.131028262406404E+000 -0.155758361770132E+003 -0.155758361770132E+003
  0.443341795728936E+000  0.509319054786291E+000  0.967489547795927E+000  0.498536455698572E+000 -0.131028262406404E+000 -0.155757897206111E+003 -0.155757897206111E+003
  0.427387474054895E+000  0.509666258192602E+000  0.998199107943633E+000  0.498229303266410E+000 -0.131028262406404E+000 -0.155757931717821E+003 -0.155757931717821E+003
  0.401532537316494E+000  0.502682901749926E+000  0.521765751799892E+000  0.499160199802110E+000 -0.131028262406404E+000 -0.155758615260081E+003 -0.155758615260081E+003
  0.460673380914605E+000  0.502456455867089E+000  0.562973822232113E+000  0.492473009945494E+000 -0.131028262406404E+000 -0.155760017669833E+003 -0.155760017669833E+003
  0.426918353168645E+000  0.507508959181544E+000  0.877696248397615E+000  0.493184254720752E+000 -0.131028262406404E+000 -0.155759446412724E+003 -0.155759446412724E+003
  0.429993401298911E+000  0.520223656326661E+000  0.511313561229344E+000  0.499639298676154E+000 -0.131028262406404E+000 -0.155758074076461E+003 -0.155758074076461E+003
  0.431153360514072E+000  0.544985688636891E+000  0.839133352985052E+000  0.499303933524530E+000 -0.131028262406404E+000 -0.155759868961693E+003 -0.155759868961693E+003
  0.442386673576108E+000  0.501151269072945E+000  0.887197812370465E+000  0.494306502033031E+000 -0.131028262406404E+000 -0.155758674777964E+003 -0.155758674777964E+003
  0.461906449866639E+000  0.505983330976023E+000  0.826385861521212E+000  0.497851331566247E+000 -0.131028262406404E+000 -0.155758732838709E+003 -0.155758732838709E+003
  0.468706753614415E+000  0.501915537246593E+000  0.841808111787655E+000  0.495388375274794E+000 -0.131028262406404E+000 -0.155759645278777E+003 -0.155759645278777E+003
  0.431231248907037E+000  0.523100109079334E+000  0.753068488901673E+000  0.494876705871331E+000 -0.131028262406404E+000 -0.155759788709052E+003 -0.155759788709052E+003
  0.449304527953487E+000  0.528506253292259E+000  0.664950943791187E+000  0.497006287553336E+000 -0.131028262406404E+000 -0.155760044369211E+003 -0.155760044369211E+003
  0.430043284809362E+000  0.542734555431590E+000  0.982208417825099E+000  0.498876322367646E+000 -0.131028262406404E+000 -0.155759819217365E+003 -0.155759819217365E+003
  0.442733820969313E+000  0.530837417725760E+000  0.856025361604413E+000  0.499185982379152E+000 -0.131028262406404E+000 -0.155759221886968E+003 -0.155759221886968E+003
  0.447762852168000E+000  0.526202675857897E+000  0.822619597850739E+000  0.497701718496244E+000 -0.131028262406404E+000 -0.155759559284419E+003 -0.155759559284419E+003
  0.432910183665198E+000  0.513153946702220E+000  0.807835942632448E+000  0.495925674020272E+000 -0.131028262406404E+000 -0.155758831824946E+003 -0.155758831824946E+003
  0.414002347035241E+000  0.519665830354786E+000  0.592787102259256E+000  0.496523139246843E+000 -0.131028262406404E+000 -0.155759378839284E+003 -0.155759378839284E+003
  0.436399444319656E+000  0.523774186064980E+000  0.552023354074886E+000  0.497324560929109E+000 -0.131028262406404E+000 -0.155759106208918E+003 -0.155759106208918E+003
  0.456019024434090E+000  0.518083585430602E+000  0.574821587420052E+000  0.495542356387628E+000 -0.131028262406404E+000 -0.155760045355483E+003 -0.155760045355483E+003
  0.403296419070107E+000  0.516252796627523E+000  0.771239499286630E+000  0.495743952636428E+000 -0.131028262406404E+000 -0.155760087963396E+003 -0.155760087963396E+003
  0.405476703979748E+000  0.507260827352579E+000  0.811530673091951E+000  0.499032098484185E+000 -0.131028262406404E+000 -0.155758507306213E+003 -0.155758507306213E+003
  0.411054075881100E+000  0.530498345181471E+000  0.671481737817674E+000  0.498829396919740E+000 -0.131028262406404E+000 -0.155759287083644E+003 -0.155759287083644E+003
  0.415562523270168E+000  0.506127698949695E+000  0.793942769543790E+000  0.496959997566480E+000 -0.131028262406404E+000 -0.155758534227063E+003 -0.155758534227063E+003
  0.412636536296517E+000  0.516507606485673E+000  0.827264358820608E+000  0.499578004519007E+000 -0.131028262406404E+000 -0.155758291495938E+003 -0.155758291495938E+003
  0.422582799507833E+000  0.550224178172753E+000  0.655326149177664E+000  0.498584035399589E+000 -0.131028262406404E+000 -0.155760354669440E+003 -0.155760354669440E+003
  0.439883617031952E+000  0.507438556378185E+000  0.801809959055590E+000  0.499134525256084E+000 -0.131028262406404E+000 -0.155757517699269E+003 -0.155757517699269E+003
  0.399883182561182E+000  0.517201368448800E+000  0.526095222403090E+000  0.496349157518944E+000 -0.131028262406404E+000 -0.155760181356875E+003 -0.155760181356875E+003
  0.441133023278134E+000  0.511217010297532E+000  0.761326218740584E+000  0.497179423717814E+000 -0.131028262406404E+000 -0.155758398941360E+003 -0.155758398941360E+003
  0.403196168596464E+000  0.509595873486404E+000  0.650534842939686E+000  0.496606524126458E+000 -0.131028262406404E+000 -0.155759554241267E+003 -0.155759554241267E+003
  0.469916738664526E+000  0.512348405710512E+000  0.923177314949362E+000  0.499086502118764E+000 -0.131028262406404E+000 -0.155759568181870E+003 -0.155759568181870E+003
  0.450833029012328E+000  0.518597245055915E+000  0.707322953438541E+000  0.496891508911499E+000 -0.131028262406404E+000 -0.155759370359347E+003 -0.155759370359347E+003
  0.411420038713208E+000  0.502000142952142E+000  0.600416107638194E+000  0.494297488352133E+000 -0.131028262406404E+000 -0.155759452809922E+003 -0.155759452809922E+003
  0.421856516598473E+000  0.546642739280812E+000  0.830567936019941E+000  0.498445936101940E+000 -0.131028262406404E+000 -0.155760153184522E+003 -0.155760153184522E+003
  0.428138566832959E+000  0.533883518724753E+000  0.887901086405066E+000  0.498868396220034E+000 -0.131028262406404E+000 -0.155759185635669E+003 -0.155759185635669E+003
  0.416353475506337E+000  0.515852229221435E+000  0.681242378054908E+000  0.495671897399829E+000 -0.131028262406404E+000 -0.155759375103795E+003 -0.155759375103795E+003
  0.406827827741259E+000  0.500658722107279E+000  0.679602277142380E+000  0.493649611168002E+000 -0.131028262406404E+000 -0.155759925188899E+003 -0.155759925188899E+003
  0.418946451604777E+000  0.535004866569290E+000  0.673837157401414E+000  0.496226999011422E+000 -0.131028262406404E+000 -0.155760167627967E+003 -0.155760167627967E+003
  0.395851344694829E+000  0.501460923073309E+000  0.765795959768544E+000  0.498296705055813E+000 -0.131028262406404E+000 -0.155759382651116E+003 -0.155759382651116E+003
  0.417161088156769E+000  0.535203955370086E+000  0.797974435348154E+000  0.496610801093513E+000 -0.131028262406404E+000 -0.155760087751480E+003 -0.155760087751480E+003
  0.449157015284722E+000  0.527971220166363E+000  0.570313616977252E+000  0.496843286361920E+000 -0.131028262406404E+000 -0.155760043778069E+003 -0.155760043778069E+003
  0.412295523037346E+000  0.502389811248433E+000  0.686479906743163E+000  0.496643080306271E+000 -0.131028262406404E+000 -0.155758652271100E+003 -0.155758652271100E+003
  0.444256271609135E+000  0.508915673662273E+000  0.653470769052128E+000  0.497271947162597E+000 -0.131028262406404E+000 -0.155758289123068E+003 -0.155758289123068E+003
  0.468305787364252E+000  0.511569944785313E+000  0.959676588708528E+000  0.499641250494727E+000 -0.131028262406404E+000 -0.155759182475089E+003 -0.155759182475089E+003
  0.429486792486946E+000  0.502019672179084E+000  0.813220416918548E+000  0.494502076022308E+000 -0.131028262406404E+000 -0.155758679201796E+003 -0.155758679201796E+003
  0.413751981462277E+000  0.515465932753600E+000  0.854752928128391E+000  0.499482950762120E+000 -0.131028262406404E+000 -0.155758223469148E+003 -0.155758223469148E+003
  0.420870603327019E+000  0.525791675097759E+000  0.752424772340407E+000  0.498151068781371E+000 -0.131028262406404E+000 -0.155758964502307E+003 -0.155758964502307E+003
  0.457713622623085E+000  0.519578597481123E+000  0.680781875655790E+000  0.499378781705993E+000 -0.131028262406404E+000 -0.155759101983308E+003 -0.155759101983308E+003
  0.405114364146781E+000  0.520845049514483E+000  0.732928186752073E+000  0.499255483666627E+000 -0.131028262406404E+000 -0.155758998648624E+003 -0.155758998648624E+003
  0.458255655284930E+000  0.521679996744250E+000  0.982209153931384E+000  0.499153337684556E+000 -0.131028262406404E+000 -0.155759388939361E+003 -0.155759388939361E+003
  0.409615965690777E+000  0.505588577147448E+000  0.540970662822570E+000  0.495791467507392E+000 -0.131028262406404E+000 -0.155759220607660E+003 -0.155759220607660E+003
  0.395123284620862E+000  0.509470725729027E+000  0.685882631809281E+000  0.499236884414125E+000 -0.131028262406404E+000 -0.155759380673363E+003 -0.155759380673363E+003
  0.441716699235798E+000  0.516904410572856E+000  0.881604856082074E+000  0.498464943660014E+000 -0.131028262406404E+000 -0.155758394598789E+003 -0.155758394598789E+003
  0.418108042316930E+000  0.529201285134110E+000  0.873508691813196E+000  0.495753710424747E+000 -0.131028262406404E+000 -0.155760002130964E+003 -0.155760002130964E+003
  0.443532669007825E+000  0.510964263801912E+000  0.895423059686572E+000  0.497363694017930E+000 -0.131028262406404E+000 -0.155758380576178E+003 -0.155758380576178E+003
  0.417846103250674E+000  0.539749259019533E+000  0.514948931345343E+000  0.497464925474516E+000 -0.131028262406404E+000 -0.155760065242294E+003 -0.155760065242294E+003
  0.432268121731339E+000  0.526045160940031E+000  0.986255620511847E+000  0.494416605517230E+000 -0.131028262406404E+000 -0.155760137666082E+003 -0.155760137666082E+003
  0.452088784757602E+000  0.505898686806815E+000  0.942161867109429E+000  0.493396683368685E+000 -0.131028262406404E+000 -0.155759557668521E+003 -0.155759557668521E+003
  0.416687281233568E+000  0.534888296252401E+000  0.761574248956273E+000  0.498852431434485E+000 -0.131028262406404E+000 -0.155759342761240E+003 -0.155759342761240E+003
  0.453011775543382E+000  0.509276135878654E+000  0.615441948962050E+000  0.493918709160232E+000 -0.131028262406404E+000 -0.155759687828374E+003 -0.155759687828374E+003
  0.458193559246698E+000  0.522156386392976E+000  0.537324599105191E+000  0.499610054314696E+000 -0.131028262406404E+000 -0.155759285741277E+003 -0.155759285741277E+003
  0.415176337200298E+000  0.510544831319329E+000  0.835091515953865E+000  0.495309248985744E+000 -0.131028262406404E+000 -0.155759289274879E+003 -0.155759289274879E+003
  0.456412727837559E+000  0.501985501681194E+000  0.889381548630015E+000  0.491675298429151E+000 -0.131028262406404E+000 -0.155759999232977E+003 -0.155759999232977E+003
  0.415040100716559E+000  0.500752703833486E+000  0.950538388460672E+000  0.491899673067653E+000 -0.131028262406404E+000 -0.155759976809701E+003 -0.155759976809701E+003
  0.428687225939138E+000  0.549971078997090E+000  0.819310694879128E+000  0.499956365304226E+000 -0.131028262406404E+000 -0.155759971045910E+003 -0.155759971045910E+003
  0.412021293772098E+000  0.545082916648582E+000  0.852423490478534E+000  0.499082455721771E+000 -0.131028262406404E+000 -0.155759974293330E+003 -0.155759974293330E+003
  0.430490689461315E+000  0.505774013439702E+000  0.921997932043253E+000  0.496180932623010E+000 -0.131028262406404E+000 -0.155758332243907E+003 -0.155758332243907E+003
  0.408766190555346E+000  0.529268591175937E+000  0.557025142152526E+000  0.496837474165352E+000 -0.131028262406404E+000 -0.155759983270684E+003 -0.155759983270684E+003
  0.421622038806468E+000  0.520821479670828E+000  0.727079026674317E+000  0.498994992151087E+000 -0.131028262406404E+000 -0.155758398026146E+003 -0.155758398026146E+003
  0.424141637061807E+000  0.515518038988913E+000  0.935264576399409E+000  0.492296421372581E+000 -0.131028262406404E+000 -0.155760232502782E+003 -0.155760232502782E+003
  0.447469259088527E+000  0.510693814871302E+000  0.807586119144921E+000  0.494889770152441E+000 -0.131028262406404E+000 -0.155759260050961E+003 -0.155759260050961E+003
  0.403317271263364E+000  0.518328413830349E+000  0.578600361663467E+000  0.496287271115462E+000 -0.131028262406404E+000 -0.155759990760679E+003 -0.155759990760679E+003
  0.434110239177125E+000  0.509026306888574E+000  0.965480294454645E+000  0.497191458968709E+000 -0.131028262406404E+000 -0.155758180324787E+003 -0.155758180324787E+003
  0.410366892320894E+000  0.517978042098215E+000  0.607233532894396E+000  0.498436510009726E+000 -0.131028262406404E+000 -0.155758841601393E+003 -0.155758841601393E+003
  0.462195047957901E+000  0.502873254335271E+000  0.871833672156491E+000  0.492501222602218E+000 -0.131028262406404E+000 -0.155760136224839E+003 -0.155760136224839E+003
  0.407053292050354E+000  0.527490530587869E+000  0.706957723353998E+000  0.498858888629999E+000 -0.131028262406404E+000 -0.155759315364069E+003 -0.155759315364069E+003
  0.402024343162226E+000  0.507235130910696E+000  0.749831723861357E+000  0.495563017039942E+000 -0.131028262406404E+000 -0.155759904075734E+003 -0.155759904075734E+003
  0.463875313123278E+000  0.513535415203867E+000  0.794732457191405E+000  0.496736438664982E+000 -0.131028262406404E+000 -0.155759853605906E+003 -0.155759853605906E+003
  0.431763973749646E+000  0.512913523395168E+000  0.650964430756187E+000  0.494998214510320E+000 -0.131028262406404E+000 -0.155759115879942E+003 -0.155759115879942E+003
  0.410309225598912E+000  0.503517258721547E+000  0.621802565355556E+000  0.497956080435145E+000 -0.131028262406404E+000 -0.155758391419504E+003 -0.155758391419504E+003
  0.409466572585622E+000  0.522526009048075E+000  0.773691069592442E+000  0.495713396536885E+000 -0.131028262406404E+000 -0.155759994080688E+003 -0.155759994080688E+003
  0.401349327005992E+000  0.515875314257799E+000  0.603421251572185E+000  0.495562710986347E+000 -0.131028262406404E+000 -0.155760277163488E+003 -0.155760277163488E+003
  0.437782651463369E+000  0.531353265307638E+000  0.803917346332763E+000  0.498969960071868E+000 -0.131028262406404E+000 -0.155759151611812E+003 -0.155759151611812E+003
  0.421715769762991E+000  0.502226223183481E+000  0.651486426882027E+000  0.498792460001275E+000 -0.131028262406404E+000 -0.155757515679642E+003 -0.155757515679642E+003
  0.427107497168821E+000  0.501294522833028E+000  0.560297218533541E+000  0.494051740743539E+000 -0.131028262406404E+000 -0.155758833869790E+003 -0.155758833869790E+003
  0.484359450424756E+000  0.503511203282275E+000  0.758026353038845E+000  0.498999263705550E+000 -0.131028262406404E+000 -0.155760323291446E+003 -0.155760323291446E+003
  0.395753598599471E+000  0.501378392400493E+000  0.905279643886547E+000  0.496361541249671E+000 -0.131028262406404E+000 -0.155760023298940E+003 -0.155760023298940E+003
  0.408930505734957E+000  0.508485246246926E+000  0.568565121227566E+000  0.495038207388798E+000 -0.131028262406404E+000 -0.155759627670475E+003 -0.155759627670475E+003
  0.442360700241708E+000  0.535509526741760E+000  0.831383730419047E+000  0.496851540403115E+000 -0.131028262406404E+000 -0.155760309836535E+003 -0.155760309836535E+003
  0.417096651392258E+000  0.526787803902530E+000  0.956092807427921E+000  0.496384597087938E+000 -0.131028262406404E+000 -0.155759686552454E+003 -0.155759686552454E+003
  0.415473667669394E+000  0.539211222217830E+000  0.615018138820555E+000  0.498724260555118E+000 -0.131028262406404E+000 -0.155759663595200E+003 -0.155759663595200E+003
  0.399338354365138E+000  0.513799853894322E+000  0.940171310295811E+000  0.497485008917942E+000 -0.131028262406404E+000 -0.155759724246024E+003 -0.155759724246024E+003
  0.449808147978052E+000  0.506781989373834E+000  0.937132525286145E+000  0.498583199728884E+000 -0.131028262406404E+000 -0.155757916204334E+003 -0.155757916204334E+003
  0.459463545267951E+000  0.502491852608801E+000  0.948548701644811E+000  0.494216985273432E+000 -0.131028262406404E+000 -0.155759411024814E+003 -0.155759411024814E+003
  0.428172696154194E+000  0.500291570906019E+000  0.819917247321327E+000  0.495974195492392E+000 -0.131028262406404E+000 -0.155758142167178E+003 -0.155758142167178E+003
  0.443013992620823E+000  0.505048275491850E+000  0.539706140458807E+000  0.489970717287564E+000 -0.131028262406404E+000 -0.155760317852191E+003 -0.155760317852191E+003
  0.403280945377354E+000  0.534586515083072E+000  0.574244290067141E+000  0.499606076006619E+000 -0.131028262406404E+000 -0.155759610556223E+003 -0.155759610556223E+003
  0.416582734588030E+000  0.538128248088072E+000  0.720220565027257E+000  0.499682020960272E+000 -0.131028262406404E+000 -0.155759262108121E+003 -0.155759262108121E+003
  0.443983177816693E+000  0.528623105817150E+000  0.884322456422825E+000  0.496922572036025E+000 -0.131028262406404E+000 -0.155759819074096E+003 -0.155759819074096E+003
  0.393057505301191E+000  0.530299789309200E+000  0.627224831357685E+000  0.499951777175132E+000 -0.131028262406404E+000 -0.155760047620508E+003 -0.155760047620508E+003
  0.426806198095556E+000  0.507772809955814E+000  0.558661475328662E+000  0.499789122617680E+000 -0.131028262406404E+000 -0.155757342659593E+003 -0.155757342659593E+003
  0.403802850824828E+000  0.519818346456372E+000  0.793353558370620E+000  0.495427320961463E+000 -0.131028262406404E+000 -0.155760304426511E+003 -0.155760304426511E+003
  0.460739139731929E+000  0.524435670239101E+000  0.763779626545846E+000  0.498746520347821E+000 -0.131028262406404E+000 -0.155759949199668E+003 -0.155759949199668E+003
  0.413936759466056E+000  0.518989453952895E+000  0.851456137397347E+000  0.497726745751333E+000 -0.131028262406404E+000 -0.155758954533052E+003 -0.155758954533052E+003
  0.422527360850029E+000  0.531520729596797E+000  0.844817282734476E+000  0.496763060259459E+000 -0.131028262406404E+000 -0.155759730708273E+003 -0.155759730708273E+003
  0.456379173122352E+000  0.502188631045080E+000  0.672768391258885E+000  0.490895152373108E+000 -0.131028262406404E+000 -0.155760257132356E+003 -0.155760257132356E+003
  0.448831881226230E+000  0.533500171797017E+000  0.856550455813340E+000  0.499666258162356E+000 -0.131028262406404E+000 -0.155759596928075E+003 -0.155759596928075E+003
  0.445611084349912E+000  0.507433760629548E+000  0.631378948558697E+000  0.495758826874612E+000 -0.131028262406404E+000 -0.155758699528114E+003 -0.155758699528114E+003
  0.434077853118800E+000  0.506051801660980E+000  0.845117217393185E+000  0.493376408160579E+000 -0.131028262406404E+000 -0.155759222449519E+003 -0.155759222449519E+003
  0.397472475718163E+000  0.503451696578051E+000  0.693065530609808E+000  0.498410829847285E+000 -0.131028262406404E+000 -0.155759245701835E+003 -0.155759245701835E+003
  0.397650485138276E+000  0.512160849158184E+000  0.675334766745811E+000  0.499321648358079E+000 -0.131028262406404E+000 -0.155759207223839E+003 -0.155759207223839E+003
  0.438597791862923E+000  0.522928814326654E+000  0.889964840487992E+000  0.495080681068355E+000 -0.131028262406404E+000 -0.155759811139118E+003 -0.155759811139118E+003
  0.464070670500675E+000  0.502601245971974E+000  0.653655613836910E+000  0.494084942680865E+000 -0.131028262406404E+000 -0.155759751950904E+003 -0.155759751950904E+003
  0.444264771119281E+000  0.526967952366223E+000  0.826632174132996E+000  0.496135656879277E+000 -0.131028262406404E+000 -0.155759952832836E+003 -0.155759952832836E+003
  0.417995793384709E+000  0.516690360009312E+000  0.542099722929221E+000  0.493555987117395E+000 -0.131028262406404E+000 -0.155760051433368E+003 -0.155760051433368E+003
  0.409516362192806E+000  0.510912443243803E+000  0.963312010139863E+000  0.493419241485162E+000 -0.131028262406404E+000 -0.155760226542084E+003 -0.155760226542084E+003
  0.457836510145846E+000  0.511710474956903E+000  0.605485581874539E+000  0.495142802340912E+000 -0.131028262406404E+000 -0.155759761534842E+003 -0.155759761534842E+003
  0.417115473647255E+000  0.520346855760343E+000  0.664430749366167E+000  0.493783948228865E+000 -0.131028262406404E+000 -0.155760196663833E+003 -0.155760196663833E+003
  0.420291022265681E+000  0.523421612513596E+000  0.964374651284505E+000  0.495823557517076E+000 -0.131028262406404E+000 -0.155759602323522E+003 -0.155759602323522E+003
  0.436190917787099E+000  0.546600120625752E+000  0.947947057602116E+000  0.499591660728868E+000 -0.131028262406404E+000 -0.155760056747337E+003 -0.155760056747337E+003
  0.426407295500710E+000  0.506393914718843E+000  0.689036573387885E+000  0.493041020131760E+000 -0.131028262406404E+000 -0.155759443410275E+003 -0.155759443410275E+003
  0.427741556355484E+000  0.516087253438645E+000  0.739995067015736E+000  0.494984165713765E+000 -0.131028262406404E+000 -0.155759333713274E+003 -0.155759333713274E+003
  0.403142685119980E+000  0.526385050398074E+000  0.772005955727352E+000  0.499731661529364E+000 -0.131028262406404E+000 -0.155759204777586E+003 -0.155759204777586E+003
  0.426780002180977E+000  0.513892315302841E+000  0.940551307476221E+000  0.492607075869094E+000 -0.131028262406404E+000 -0.155759991943527E+003 -0.155759991943527E+003
  0.406488683592440E+000  0.525139445471011E+000  0.633850317354563E+000  0.497594616950235E+000 -0.131028262406404E+000 -0.155759654080500E+003 -0.155759654080500E+003
  0.461062366567693E+000  0.504068418750732E+000  0.999114071055813E+000  0.495200539725530E+000 -0.131028262406404E+000 -0.155759330272486E+003 -0.155759330272486E+003
  0.441418685376990E+000  0.515967551054893E+000  0.812579946386283E+000  0.499682191110288E+000 -0.131028262406404E+000 -0.155757940067255E+003 -0.155757940067255E+003
  0.428616911906381E+000  0.510927620995763E+000  0.875548243175129E+000  0.491843886981236E+000 -0.131028262406404E+000 -0.155760045273681E+003 -0.155760045273681E+003
  0.468430065348920E+000  0.511758962742404E+000  0.837382393461942E+000  0.498973990725775E+000 -0.131028262406404E+000 -0.155759409891386E+003 -0.155759409891386E+003
  0.429417985847661E+000  0.503780082222178E+000  0.567220968346259E+000  0.490403988179729E+000 -0.131028262406404E+000 -0.155760100819982E+003 -0.155760100819982E+003
  0.397481073408901E+000  0.519096466723933E+000  0.527142304802334E+000  0.497474813954235E+000 -0.131028262406404E+000 -0.155760074627382E+003 -0.155760074627382E+003
  0.459947884184975E+000  0.516290870163330E+000  0.656523814811241E+000  0.498436015729115E+000 -0.131028262406404E+000 -0.155759272683305E+003 -0.155759272683305E+003
  0.399476018180527E+000  0.538827359881500E+000  0.913287987816345E+000  0.499632220720678E+000 -0.131028262406404E+000 -0.155760030829226E+003 -0.155760030829226E+003
  0.410961820409450E+000  0.505734963951572E+000  0.731291096629255E+000  0.498086095342048E+000 -0.131028262406404E+000 -0.155758397773138E+003 -0.155758397773138E+003
  0.439122262981880E+000  0.523810773140523E+000  0.922031934811564E+000  0.499394980918362E+000 -0.131028262406404E+000 -0.155758513934120E+003 -0.155758513934120E+003
  0.430463905035473E+000  0.504770829596336E+000  0.931889155178672E+000  0.499144572057343E+000 -0.131028262406404E+000 -0.155757335388126E+003 -0.155757335388126E+003
  0.407711762228336E+000  0.551472887931840E+000  0.740321860502010E+000  0.499971581841689E+000 -0.131028262406404E+000 -0.155760180025234E+003 -0.155760180025234E+003
  0.403175996478129E+000  0.507519919997879E+000  0.801962094249125E+000  0.496739731660894E+000 -0.131028262406404E+000 -0.155759436346067E+003 -0.155759436346067E+003
  0.438189176517117E+000  0.513193692530362E+000  0.951359396296559E+000  0.494657455322117E+000 -0.131028262406404E+000 -0.155759278860919E+003 -0.155759278860919E+003
  0.424105409752152E+000  0.526596971601210E+000  0.779641556282422E+000  0.494535733230188E+000 -0.131028262406404E+000 -0.155760143288679E+003 -0.155760143288679E+003
  0.402875400065031E+000  0.506649048683522E+000  0.922564295712143E+000  0.496958693867474E+000 -0.131028262406404E+000 -0.155759357032367E+003 -0.155759357032367E+003
  0.419861806120271E+000  0.503225781547258E+000  0.582494096903265E+000  0.494662614150139E+000 -0.131028262406404E+000 -0.155758959559263E+003 -0.155758959559263E+003
  0.450566393313589E+000  0.521791819565078E+000  0.681289657647345E+000  0.496281686806271E+000 -0.131028262406404E+000 -0.155759798928262E+003 -0.155759798928262E+003
  0.460087040388286E+000  0.501490068205937E+000  0.985623314690749E+000  0.496145335232409E+000 -0.131028262406404E+000 -0.155758777800449E+003 -0.155758777800449E+003
  0.448438183917172E+000  0.530127571772920E+000  0.734219644680995E+000  0.496919422724071E+000 -0.131028262406404E+000 -0.155760156059130E+003 -0.155760156059130E+003
  0.436597390698732E+000  0.535804709637897E+000  0.998965686046688E+000  0.498356222025955E+000 -0.131028262406404E+000 -0.155759639698153E+003 -0.155759639698153E+003
  0.407430417305683E+000  0.507557745267159E+000  0.780770861024875E+000  0.494709621064500E+000 -0.131028262406404E+000 -0.155759796103361E+003 -0.155759796103361E+003
  0.444054091256323E+000  0.508962030163684E+000  0.954128938083517E+000  0.494139379867129E+000 -0.131028262406404E+000 -0.155759273626749E+003 -0.155759273626749E+003
  0.417053062093334E+000  0.525978178852821E+000  0.691632212002193E+000  0.498279695954255E+000 -0.131028262406404E+000 -0.155759023076314E+003 -0.155759023076314E+003
