  0.158156602185412E+001  0.507289516911208E+000  0.774711212986852E-001  0.104018890471531E+000 -0.131028262406404E+000 -0.139175569327345E+003 -0.139175569327345E+003
  0.162413414236159E+001  0.507018697355360E+000  0.459910415250613E+000  0.101338883005561E+000 -0.131028262406404E+000 -0.139175493440136E+003 -0.139175493440136E+003
  0.155073761487674E+001  0.500240365257589E+000  0.312798737137038E-001  0.107071286543281E+000 -0.131028262406404E+000 -0.139175550220585E+003 -0.139175550220585E+003
  0.160102546886843E+001  0.512246433092601E+000  0.435221011019960E+000  0.102888068572927E+000 -0.131028262406404E+000 -0.139175541381799E+003 -0.139175541381799E+003
  0.157335337293292E+001  0.511357181873435E+000  0.130059393065196E+000  0.106442770428093E+000 -0.131028262406404E+000 -0.139175549870086E+003 -0.139175549870086E+003
  0.162159710368413E+001  0.505280883117899E+000  0.483143889235488E+000  0.104463444169257E+000 -0.131028262406404E+000 -0.139175537588219E+003 -0.139175537588219E+003
  0.165337158220956E+001  0.554666819473347E+000  0.116473958951689E+000  0.101286713705856E+000 -0.131028262406404E+000 -0.139175598746092E+003 -0.139175598746092E+003
  0.164714272077938E+001  0.521785988634153E+000  0.488866999616073E+000  0.102487937992785E+000 -0.131028262406404E+000 -0.139175543616417E+003 -0.139175543616417E+003
  0.161924864970457E+001  0.503764028943556E+000  0.412384660622497E+000  0.102644101540804E+000 -0.131028262406404E+000 -0.139175452673967E+003 -0.139175452673967E+003
  0.155200913966612E+001  0.513619839358003E+000  0.157477123009838E+000  0.106968261167147E+000 -0.131028262406404E+000 -0.139175594176428E+003 -0.139175594176428E+003
  0.156973665615430E+001  0.500980278525864E+000  0.914956354590996E-001  0.105464273984769E+000 -0.131028262406404E+000 -0.139175532018138E+003 -0.139175532018138E+003
  0.165635590854604E+001  0.510954262802031E+000  0.372889406807276E+000  0.101893621637549E+000 -0.131028262406404E+000 -0.139175490359425E+003 -0.139175490359425E+003
  0.153720855924570E+001  0.502049390852215E+000  0.317067402911505E+000  0.108063834791351E+000 -0.131028262406404E+000 -0.139175578479690E+003 -0.139175578479690E+003
  0.160574588036965E+001  0.528586469552583E+000  0.200992827513411E+000  0.102570476408634E+000 -0.131028262406404E+000 -0.139175583443469E+003 -0.139175583443469E+003
  0.159817531761535E+001  0.504575998037425E+000  0.429127411071181E+000  0.105794884728612E+000 -0.131028262406404E+000 -0.139175542476327E+003 -0.139175542476327E+003
  0.164239847095460E+001  0.543123987445224E+000  0.352023080636278E+000  0.102038375428946E+000 -0.131028262406404E+000 -0.139175575461728E+003 -0.139175575461728E+003
  0.165286432564794E+001  0.542106879603787E+000  0.258663357982658E+000  0.101341945561468E+000 -0.131028262406404E+000 -0.139175555765522E+003 -0.139175555765522E+003
  0.157936140456879E+001  0.517932553716068E+000  0.240469217236159E+000  0.106458660695160E+000 -0.131028262406404E+000 -0.139175581567615E+003 -0.139175581567615E+003
  0.163790853309255E+001  0.504917845288612E+000  0.256031742471489E+000  0.101666232787658E+000 -0.131028262406404E+000 -0.139175430037230E+003 -0.139175430037230E+003
  0.160549996571455E+001  0.538500416502583E+000  0.476145752244817E+000  0.104074308294637E+000 -0.131028262406404E+000 -0.139175596575371E+003 -0.139175596575371E+003
  0.160417291247162E+001  0.519657388690221E+000  0.365810998488670E+000  0.104479697199686E+000 -0.131028262406404E+000 -0.139175540107105E+003 -0.139175540107105E+003
  0.169224105293603E+001  0.528601667567753E+000  0.512267041209582E+000  0.100037580904903E+000 -0.131028262406404E+000 -0.139175555762317E+003 -0.139175555762317E+003
  0.161814314543192E+001  0.500802788273977E+000  0.602983511970690E-001  0.103528695674691E+000 -0.131028262406404E+000 -0.139175451515295E+003 -0.139175451515295E+003
  0.166189594077069E+001  0.510656749219134E+000  0.212293081586615E+000  0.101222810448956E+000 -0.131028262406404E+000 -0.139175457950595E+003 -0.139175457950595E+003
  0.164182618971766E+001  0.529231291734957E+000  0.196693421347471E+000  0.102426901971641E+000 -0.131028262406404E+000 -0.139175546830830E+003 -0.139175546830830E+003
  0.164508605965176E+001  0.521185839566597E+000  0.480289645740610E+000  0.101242645560580E+000 -0.131028262406404E+000 -0.139175474749589E+003 -0.139175474749589E+003
  0.162858846581718E+001  0.526705795629189E+000  0.331361681824530E+000  0.101378881798312E+000 -0.131028262406404E+000 -0.139175528625888E+003 -0.139175528625888E+003
  0.163351130898957E+001  0.508088060511499E+000  0.264603916388112E+000  0.100667576674995E+000 -0.131028262406404E+000 -0.139175487564163E+003 -0.139175487564163E+003
  0.170187153376283E+001  0.511542271368197E+000  0.361605089372353E+000  0.100129349263679E+000 -0.131028262406404E+000 -0.139175571669902E+003 -0.139175571669902E+003
  0.162897150991552E+001  0.535084031375569E+000  0.384261952193917E+000  0.102751104026861E+000 -0.131028262406404E+000 -0.139175557772510E+003 -0.139175557772510E+003
  0.166458651168897E+001  0.533163638881412E+000  0.171114817006642E+000  0.101263130991542E+000 -0.131028262406404E+000 -0.139175554957717E+003 -0.139175554957717E+003
  0.166965704500353E+001  0.539522456922004E+000  0.163629444002050E+000  0.100909503349507E+000 -0.131028262406404E+000 -0.139175569246072E+003 -0.139175569246072E+003
  0.155374199464472E+001  0.507084414715397E+000  0.686684145215468E-001  0.106161096860151E+000 -0.131028262406404E+000 -0.139175600568091E+003 -0.139175600568091E+003
  0.161402782221872E+001  0.512033847088407E+000  0.252731964208729E+000  0.103611989821095E+000 -0.131028262406404E+000 -0.139175492095827E+003 -0.139175492095827E+003
  0.167695949012772E+001  0.538446933321031E+000  0.234312774167848E+000  0.100274900284068E+000 -0.131028262406404E+000 -0.139175540500010E+003 -0.139175540500010E+003
  0.163818803107474E+001  0.555199725314375E+000  0.236929554664196E+000  0.101344119092518E+000 -0.131028262406404E+000 -0.139175594740333E+003 -0.139175594740333E+003
  0.161836580705302E+001  0.517436277945904E+000  0.338843473298041E+000  0.102064283493390E+000 -0.131028262406404E+000 -0.139175514464351E+003 -0.139175514464351E+003
  0.158094350143312E+001  0.512488687814368E+000  0.500738716036207E+000  0.106131162199383E+000 -0.131028262406404E+000 -0.139175549165702E+003 -0.139175549165702E+003
  0.162399410390528E+001  0.531136700696954E+000  0.182652319372624E+000  0.101646873291516E+000 -0.131028262406404E+000 -0.139175550196730E+003 -0.139175550196730E+003
  0.158752151785344E+001  0.501405795135357E+000  0.168807807580821E+000  0.104013684148469E+000 -0.131028262406404E+000 -0.139175516644873E+003 -0.139175516644873E+003
  0.166300149213645E+001  0.532563471023148E+000  0.178644219534489E+000  0.101785433998288E+000 -0.131028262406404E+000 -0.139175597568964E+003 -0.139175597568964E+003
  0.162574501948861E+001  0.505758038861096E+000  0.122964102211207E-002  0.100530112808693E+000 -0.131028262406404E+000 -0.139175546854308E+003 -0.139175546854308E+003
  0.153896911134772E+001  0.506292851488367E+000  0.178245612659089E+000  0.109352502014203E+000 -0.131028262406404E+000 -0.139175596807416E+003 -0.139175596807416E+003
  0.165799427629856E+001  0.501669158084313E+000  0.905522644285168E-001  0.102413556144277E+000 -0.131028262406404E+000 -0.139175515609685E+003 -0.139175515609685E+003
  0.156161509089329E+001  0.511887431121318E+000  0.220872712285229E+000  0.107887683526644E+000 -0.131028262406404E+000 -0.139175592807109E+003 -0.139175592807109E+003
  0.158580103733463E+001  0.524380365995637E+000  0.345115744177713E+000  0.103918866418287E+000 -0.131028262406404E+000 -0.139175602027324E+003 -0.139175602027324E+003
  0.163774402226876E+001  0.511491400713235E+000  0.270357518239245E-001  0.103897461814447E+000 -0.131028262406404E+000 -0.139175600213657E+003 -0.139175600213657E+003
  0.163594486244359E+001  0.516516698670967E+000  0.227860538410517E+000  0.101467469290271E+000 -0.131028262406404E+000 -0.139175471984689E+003 -0.139175471984689E+003
  0.165760426681409E+001  0.503419663663487E+000  0.346384284880166E+000  0.102583505636117E+000 -0.131028262406404E+000 -0.139175540903327E+003 -0.139175540903327E+003
  0.164398172655561E+001  0.504204251351596E+000  0.275173088221491E+000  0.100548622569420E+000 -0.131028262406404E+000 -0.139175432619433E+003 -0.139175432619433E+003
  0.154820268838797E+001  0.506701037909428E+000  0.127234868143624E+000  0.107645658136397E+000 -0.131028262406404E+000 -0.139175568731589E+003 -0.139175568731589E+003
  0.163697497819621E+001  0.503947951262080E+000  0.456033851667241E+000  0.102705101096213E+000 -0.131028262406404E+000 -0.139175456690668E+003 -0.139175456690668E+003
  0.154610820132646E+001  0.507945941267903E+000  0.610683134145091E-001  0.107659943698124E+000 -0.131028262406404E+000 -0.139175578442504E+003 -0.139175578442504E+003
  0.157457810217348E+001  0.507214401332806E+000  0.715297147150505E-001  0.106283684091767E+000 -0.131028262406404E+000 -0.139175531147151E+003 -0.139175531147151E+003
  0.164113154503570E+001  0.538495429705050E+000  0.419189731631246E-001  0.102200777135100E+000 -0.131028262406404E+000 -0.139175564908476E+003 -0.139175564908476E+003
  0.164644009905254E+001  0.513452159945577E+000  0.253820514523941E+000  0.102141240974553E+000 -0.131028262406404E+000 -0.139175482897161E+003 -0.139175482897161E+003
  0.163782530454090E+001  0.508036929279990E+000  0.434126552791672E+000  0.101582639230026E+000 -0.131028262406404E+000 -0.139175440376229E+003 -0.139175440376229E+003
  0.157411847831428E+001  0.509792402903140E+000  0.445406834493721E+000  0.105606933658736E+000 -0.131028262406404E+000 -0.139175540826361E+003 -0.139175540826361E+003
  0.165615287772295E+001  0.532137736085353E+000  0.324821529045417E+000  0.101555417044500E+000 -0.131028262406404E+000 -0.139175542146376E+003 -0.139175542146376E+003
  0.160156281673442E+001  0.506792380807715E+000  0.204924688559492E+000  0.103300097945853E+000 -0.131028262406404E+000 -0.139175501254778E+003 -0.139175501254778E+003
  0.160018190449795E+001  0.506682312636022E+000  0.480187162405084E-001  0.104972287590849E+000 -0.131028262406404E+000 -0.139175506244183E+003 -0.139175506244183E+003
  0.164485361994516E+001  0.515127792966425E+000  0.426009088300423E+000  0.102670264166806E+000 -0.131028262406404E+000 -0.139175523714808E+003 -0.139175523714808E+003
  0.166442658115093E+001  0.522835720099191E+000  0.277027892287119E+000  0.100981709592787E+000 -0.131028262406404E+000 -0.139175493745045E+003 -0.139175493745045E+003
  0.166764933241506E+001  0.526260699789310E+000  0.269178924210021E+000  0.101390681929085E+000 -0.131028262406404E+000 -0.139175556088327E+003 -0.139175556088327E+003
  0.163651420176739E+001  0.516121158997694E+000  0.101087887571033E+000  0.101971012790454E+000 -0.131028262406404E+000 -0.139175471931213E+003 -0.139175471931213E+003
  0.159648844340855E+001  0.524200487853528E+000  0.280955739315389E+000  0.103833048034097E+000 -0.131028262406404E+000 -0.139175558990524E+003 -0.139175558990524E+003
  0.156036686333186E+001  0.504217051059237E+000  0.119604486160862E+000  0.106131934157838E+000 -0.131028262406404E+000 -0.139175557184996E+003 -0.139175557184996E+003
  0.156119107374987E+001  0.514098559366373E+000  0.601563341757532E-001  0.107394304889475E+000 -0.131028262406404E+000 -0.139175581218790E+003 -0.139175581218790E+003
  0.162791245010726E+001  0.531489979874273E+000  0.790724292646315E-001  0.101786104970777E+000 -0.131028262406404E+000 -0.139175534402849E+003 -0.139175534402849E+003
  0.162986752583186E+001  0.504003769223323E+000  0.381381884457781E+000  0.102115303755627E+000 -0.131028262406404E+000 -0.139175437740794E+003 -0.139175437740794E+003
  0.165500962017132E+001  0.549839361870012E+000  0.105893537954878E+000  0.100147817822649E+000 -0.131028262406404E+000 -0.139175552396716E+003 -0.139175552396716E+003
  0.163339646509472E+001  0.539859390961846E+000  0.173074217562122E+000  0.102750031494888E+000 -0.131028262406404E+000 -0.139175583546158E+003 -0.139175583546158E+003
  0.161783983308261E+001  0.513800292074273E+000  0.287722783646352E+000  0.101072486688763E+000 -0.131028262406404E+000 -0.139175576841345E+003 -0.139175576841345E+003
  0.161759970685370E+001  0.533469836601276E+000  0.179604913482635E+000  0.102893861636762E+000 -0.131028262406404E+000 -0.139175554069213E+003 -0.139175554069213E+003
  0.166171501989175E+001  0.525137452310761E+000  0.227265068828450E+000  0.100399357848792E+000 -0.131028262406404E+000 -0.139175469658702E+003 -0.139175469658702E+003
  0.158577947782063E+001  0.516297084106046E+000  0.149456747020933E+000  0.106164139236243E+000 -0.131028262406404E+000 -0.139175573750073E+003 -0.139175573750073E+003
  0.163469140818512E+001  0.507497875825679E+000  0.222010900994085E+000  0.100414237575885E+000 -0.131028262406404E+000 -0.139175497172974E+003 -0.139175497172974E+003
  0.159624122228627E+001  0.509227582992134E+000  0.251264720910574E+000  0.102816548413852E+000 -0.131028262406404E+000 -0.139175568181386E+003 -0.139175568181386E+003
  0.160016188359237E+001  0.514143446389692E+000  0.165324011267997E+000  0.102693414345787E+000 -0.131028262406404E+000 -0.139175565369473E+003 -0.139175565369473E+003
  0.167984501322202E+001  0.516635015737160E+000  0.224806671740441E+000  0.101270998171771E+000 -0.131028262406404E+000 -0.139175583424518E+003 -0.139175583424518E+003
  0.162860356617814E+001  0.518837999412665E+000  0.314722132050363E+000  0.104154903810967E+000 -0.131028262406404E+000 -0.139175600732800E+003 -0.139175600732800E+003
  0.155092089184347E+001  0.503169849922359E+000  0.185222173734268E+000  0.107812982890699E+000 -0.131028262406404E+000 -0.139175550782669E+003 -0.139175550782669E+003
  0.154780421327523E+001  0.500786218639593E+000  0.176574735659468E+000  0.109258035935475E+000 -0.131028262406404E+000 -0.139175589027339E+003 -0.139175589027339E+003
  0.164996671625571E+001  0.534897340316545E+000  0.302395943014111E+000  0.100987700977983E+000 -0.131028262406404E+000 -0.139175514866985E+003 -0.139175514866985E+003
  0.161431330268729E+001  0.534348606194163E+000  0.130734589567886E+000  0.102658735922332E+000 -0.131028262406404E+000 -0.139175564345723E+003 -0.139175564345723E+003
  0.163706886763141E+001  0.528443970630761E+000  0.336473065625920E-001  0.100299413387438E+000 -0.131028262406404E+000 -0.139175549936700E+003 -0.139175549936700E+003
  0.158536292553783E+001  0.516073126982147E+000  0.461642076083455E+000  0.105081246545560E+000 -0.131028262406404E+000 -0.139175542797598E+003 -0.139175542797598E+003
  0.158260540367900E+001  0.524376619691327E+000  0.365846865252825E+000  0.105280708051045E+000 -0.131028262406404E+000 -0.139175576219946E+003 -0.139175576219946E+003
  0.155395500059148E+001  0.507769128783162E+000  0.362462062223706E+000  0.106174198394370E+000 -0.131028262406404E+000 -0.139175600605630E+003 -0.139175600605630E+003
  0.162043502818860E+001  0.541123356605622E+000  0.117849076607705E+000  0.101595805418815E+000 -0.131028262406404E+000 -0.139175598698887E+003 -0.139175598698887E+003
  0.165497985240658E+001  0.502124483717523E+000  0.489814940603249E+000  0.102294122470805E+000 -0.131028262406404E+000 -0.139175486803653E+003 -0.139175486803653E+003
  0.163902980918444E+001  0.516245299700077E+000  0.214705349626620E+000  0.102511440148952E+000 -0.131028262406404E+000 -0.139175496083507E+003 -0.139175496083507E+003
  0.160990981613205E+001  0.506923435651255E+000  0.362713556122770E+000  0.101659708903713E+000 -0.131028262406404E+000 -0.139175563375096E+003 -0.139175563375096E+003
  0.162540373418223E+001  0.521546311451225E+000  0.606678885734076E-002  0.100674835561405E+000 -0.131028262406404E+000 -0.139175577742177E+003 -0.139175577742177E+003
  0.156781439537804E+001  0.500201542276925E+000  0.303535351037425E+000  0.105106881868032E+000 -0.131028262406404E+000 -0.139175560211588E+003 -0.139175560211588E+003
  0.161315691529222E+001  0.527029917995350E+000  0.419244470362517E+000  0.102063698937123E+000 -0.131028262406404E+000 -0.139175568224811E+003 -0.139175568224811E+003
  0.157470590769769E+001  0.524972347612850E+000  0.321544422022103E+000  0.105312017095908E+000 -0.131028262406404E+000 -0.139175596568928E+003 -0.139175596568928E+003
  0.158362254047525E+001  0.523703332310477E+000  0.176043475549126E-002  0.105310936387600E+000 -0.131028262406404E+000 -0.139175572741119E+003 -0.139175572741119E+003
  0.165251983478648E+001  0.520803131591789E+000  0.147738864031936E+000  0.102345257161596E+000 -0.131028262406404E+000 -0.139175552458180E+003 -0.139175552458180E+003
  0.160664876188175E+001  0.509680183486589E+000  0.315157532113996E+000  0.104594485967908E+000 -0.131028262406404E+000 -0.139175511485427E+003 -0.139175511485427E+003
  0.166483517601120E+001  0.535144836035274E+000  0.236661772650866E+000  0.101211900101128E+000 -0.131028262406404E+000 -0.139175558939623E+003 -0.139175558939623E+003
  0.158902951329998E+001  0.521994652860857E+000  0.220608122217003E+000  0.105727705866510E+000 -0.131028262406404E+000 -0.139175580141354E+003 -0.139175580141354E+003
  0.164030422747992E+001  0.522361409823803E+000  0.235095471094445E+000  0.102391606804383E+000 -0.131028262406404E+000 -0.139175514794728E+003 -0.139175514794728E+003
  0.166483522811636E+001  0.505697335172232E+000  0.466033099312945E+000  0.101751167686561E+000 -0.131028262406404E+000 -0.139175498519647E+003 -0.139175498519647E+003
  0.154962679087588E+001  0.506244578986631E+000  0.297748696562766E+000  0.107975437165154E+000 -0.131028262406404E+000 -0.139175564901904E+003 -0.139175564901904E+003
  0.162739073133396E+001  0.504972466658390E+000  0.867348997621274E-001  0.101194037395287E+000 -0.131028262406404E+000 -0.139175478681564E+003 -0.139175478681564E+003
  0.163392717016143E+001  0.518814496454013E+000  0.347851673047378E+000  0.101512642468779E+000 -0.131028262406404E+000 -0.139175483298318E+003 -0.139175483298318E+003
  0.158687127264831E+001  0.506054571273408E+000  0.481061673341502E+000  0.103460849942784E+000 -0.131028262406404E+000 -0.139175572681433E+003 -0.139175572681433E+003
  0.156048616281628E+001  0.514064843673399E+000  0.913420495007595E-001  0.106534236501078E+000 -0.131028262406404E+000 -0.139175577875240E+003 -0.139175577875240E+003
  0.167341888876326E+001  0.534674547984657E+000  0.306024592301506E+000  0.100665905602772E+000 -0.131028262406404E+000 -0.139175545567245E+003 -0.139175545567245E+003
  0.157890009223657E+001  0.508666516293131E+000  0.433296602140196E+000  0.107123301750782E+000 -0.131028262406404E+000 -0.139175584486219E+003 -0.139175584486219E+003
  0.163128377599072E+001  0.502820572151471E+000  0.231670660009136E-002  0.101770837192717E+000 -0.131028262406404E+000 -0.139175434340608E+003 -0.139175434340608E+003
  0.158198451818595E+001  0.521745624338858E+000  0.687653620450291E-001  0.104544085557140E+000 -0.131028262406404E+000 -0.139175582509791E+003 -0.139175582509791E+003
  0.160346819769752E+001  0.513035658564529E+000  0.485746591677853E+000  0.104251895796887E+000 -0.131028262406404E+000 -0.139175509072516E+003 -0.139175509072516E+003
  0.166827847629089E+001  0.548117091414263E+000  0.435359339677939E+000  0.100519580421781E+000 -0.131028262406404E+000 -0.139175565186680E+003 -0.139175565186680E+003
  0.162084253235831E+001  0.537480219994153E+000  0.426223018843058E-001  0.103010361622644E+000 -0.131028262406404E+000 -0.139175568736765E+003 -0.139175568736765E+003
  0.155760316572884E+001  0.500774548554869E+000  0.105616748523871E+000  0.106484407850788E+000 -0.131028262406404E+000 -0.139175544149733E+003 -0.139175544149733E+003
  0.158952736085040E+001  0.516347936849805E+000  0.384997128692372E+000  0.106085916246792E+000 -0.131028262406404E+000 -0.139175579710696E+003 -0.139175579710696E+003
  0.162304537990121E+001  0.515431063931988E+000  0.452621757646989E+000  0.103778071420027E+000 -0.131028262406404E+000 -0.139175527740566E+003 -0.139175527740566E+003
  0.164727994646756E+001  0.529667106751308E+000  0.470411153100646E+000  0.101352456000399E+000 -0.131028262406404E+000 -0.139175505519590E+003 -0.139175505519590E+003
  0.159844490935248E+001  0.523538564916841E+000  0.176931336958855E+000  0.103245417171461E+000 -0.131028262406404E+000 -0.139175569814133E+003 -0.139175569814133E+003
  0.160944049230996E+001  0.513006489616145E+000  0.254268846048008E+000  0.102469839966213E+000 -0.131028262406404E+000 -0.139175522847040E+003 -0.139175522847040E+003
  0.161040565605684E+001  0.537215224418452E+000  0.235889422522217E+000  0.102358295808146E+000 -0.131028262406404E+000 -0.139175597443398E+003 -0.139175597443398E+003
  0.166637390033345E+001  0.553549439599086E+000  0.306746088744205E-001  0.100776044319752E+000 -0.131028262406404E+000 -0.139175597210756E+003 -0.139175597210756E+003
  0.163689427178176E+001  0.531921266847300E+000  0.655397463624944E-001  0.101764958682522E+000 -0.131028262406404E+000 -0.139175522146996E+003 -0.139175522146996E+003
  0.169941346410278E+001  0.503029745957789E+000  0.452960598256345E+000  0.100374962142746E+000 -0.131028262406404E+000 -0.139175554251818E+003 -0.139175554251818E+003
  0.161584753289345E+001  0.501244978202475E+000  0.303022580797035E+000  0.101154674636587E+000 -0.131028262406404E+000 -0.139175551110372E+003 -0.139175551110372E+003
  0.162031518580496E+001  0.504144746782133E+000  0.394370415794241E+000  0.100529883669864E+000 -0.131028262406404E+000 -0.139175590427234E+003 -0.139175590427234E+003
  0.160739475085946E+001  0.529933723171203E+000  0.158787892309805E+000  0.104518542260210E+000 -0.131028262406404E+000 -0.139175585980380E+003 -0.139175585980380E+003
  0.170317860163185E+001  0.511066568607284E+000  0.609264594980260E-001  0.100112354611230E+000 -0.131028262406404E+000 -0.139175578287608E+003 -0.139175578287608E+003
  0.166756308388122E+001  0.537939475165454E+000  0.655780868936884E-001  0.101222453947482E+000 -0.131028262406404E+000 -0.139175583297615E+003 -0.139175583297615E+003
  0.165338049330552E+001  0.521834448738831E+000  0.495520301043307E+000  0.101628799785593E+000 -0.131028262406404E+000 -0.139175500591888E+003 -0.139175500591888E+003
  0.161506624188112E+001  0.518447489865668E+000  0.530605947216365E-002  0.101339370876552E+000 -0.131028262406404E+000 -0.139175585423831E+003 -0.139175585423831E+003
  0.163188365851449E+001  0.515736283167169E+000  0.107254683689640E+000  0.102350965192779E+000 -0.131028262406404E+000 -0.139175478534978E+003 -0.139175478534978E+003
  0.159431567956404E+001  0.512715489654931E+000  0.383276309102864E+000  0.104227568907277E+000 -0.131028262406404E+000 -0.139175519569507E+003 -0.139175519569507E+003
  0.159140937497714E+001  0.514101875395080E+000  0.295313659455893E+000  0.104798157599361E+000 -0.131028262406404E+000 -0.139175527020794E+003 -0.139175527020794E+003
  0.154923304162319E+001  0.502509655015398E+000  0.288255278693114E+000  0.107234790629932E+000 -0.131028262406404E+000 -0.139175558782818E+003 -0.139175558782818E+003
  0.155071928495606E+001  0.505080242995785E+000  0.478429321820158E+000  0.107788954642408E+000 -0.131028262406404E+000 -0.139175557960086E+003 -0.139175557960086E+003
  0.168106744403637E+001  0.540544492434259E+000  0.392536028334226E+000  0.100542723277923E+000 -0.131028262406404E+000 -0.139175593753822E+003 -0.139175593753822E+003
  0.158027036744590E+001  0.503748449523390E+000  0.368680928069729E+000  0.105971206058943E+000 -0.131028262406404E+000 -0.139175511564311E+003 -0.139175511564311E+003
  0.158797142393718E+001  0.504773885683862E+000  0.448829701550150E+000  0.105367284930261E+000 -0.131028262406404E+000 -0.139175502717529E+003 -0.139175502717529E+003
  0.166158794664228E+001  0.531461606269544E+000  0.320252016901512E+000  0.100252720445519E+000 -0.131028262406404E+000 -0.139175487452746E+003 -0.139175487452746E+003
  0.164991420480145E+001  0.503610599107892E+000  0.268342447758574E+000  0.100661762318491E+000 -0.131028262406404E+000 -0.139175410983823E+003 -0.139175410983823E+003
  0.161136294347327E+001  0.531091418032732E+000  0.424975699712339E+000  0.104258941697418E+000 -0.131028262406404E+000 -0.139175585068412E+003 -0.139175585068412E+003
  0.152563642596537E+001  0.501882537549341E+000  0.367715550247977E+000  0.109502113719178E+000 -0.131028262406404E+000 -0.139175587134094E+003 -0.139175587134094E+003
  0.162712576413657E+001  0.513311435061027E+000  0.116720904721152E-001  0.100394922074839E+000 -0.131028262406404E+000 -0.139175569592969E+003 -0.139175569592969E+003
  0.166141685133083E+001  0.551219448747102E+000  0.275089732714922E+000  0.100413195893128E+000 -0.131028262406404E+000 -0.139175558263271E+003 -0.139175558263271E+003
  0.166351976554306E+001  0.507670312936635E+000  0.355444951243067E+000  0.102119678559939E+000 -0.131028262406404E+000 -0.139175540959619E+003 -0.139175540959619E+003
  0.162967598019593E+001  0.508971439625482E+000  0.194586764042284E+000  0.103196027366788E+000 -0.131028262406404E+000 -0.139175485456830E+003 -0.139175485456830E+003
  0.166748940480602E+001  0.522089457671279E+000  0.411681173654903E+000  0.101105920226145E+000 -0.131028262406404E+000 -0.139175511891837E+003 -0.139175511891837E+003
  0.163719365967630E+001  0.512631902926237E+000  0.135225809121116E+000  0.101242617996929E+000 -0.131028262406404E+000 -0.139175460185746E+003 -0.139175460185746E+003
  0.165404398680432E+001  0.510477723985777E+000  0.102347461978146E+000  0.101327648142885E+000 -0.131028262406404E+000 -0.139175444724520E+003 -0.139175444724520E+003
  0.159795795375280E+001  0.524271271259461E+000  0.486184434889566E+000  0.104613627052625E+000 -0.131028262406404E+000 -0.139175557312998E+003 -0.139175557312998E+003
  0.158094941179107E+001  0.509524151451199E+000  0.488232104528260E+000  0.104830722343646E+000 -0.131028262406404E+000 -0.139175536765758E+003 -0.139175536765758E+003
  0.168444389000098E+001  0.543371233046128E+000  0.460676773829043E+000  0.100215393351545E+000 -0.131028262406404E+000 -0.139175587257910E+003 -0.139175587257910E+003
  0.165522215589582E+001  0.517443038995425E+000  0.519164924819607E+000  0.100158636193489E+000 -0.131028262406404E+000 -0.139175449698265E+003 -0.139175449698265E+003
