  0.198908558582760E+001  0.769139670129903E+000  0.409086894743813E+000  0.499787043421202E+000 -0.131028262406404E+000 -0.146710992729890E+003 -0.146710992729890E+003
  0.199276200773896E+001  0.751254968270481E+000  0.813891728708950E+000  0.499581031185734E+000 -0.131028262406404E+000 -0.146708788607143E+003 -0.146708788607143E+003
  0.199869471659262E+001  0.772216409589352E+000  0.237567805569852E+000  0.499052203139974E+000 -0.131028262406404E+000 -0.146705542219349E+003 -0.146705542219349E+003
  0.199882633692934E+001  0.739359310386071E+000  0.231902642905103E+000  0.499549968181306E+000 -0.131028262406404E+000 -0.146704329728361E+003 -0.146704329728361E+003
  0.199084463978247E+001  0.741440870619032E+000  0.564914712952616E+000  0.499815958855575E+000 -0.131028262406404E+000 -0.146711086011208E+003 -0.146711086011208E+003
  0.199726670991461E+001  0.783376400287736E+000  0.887041101142349E+000  0.499978817451162E+000 -0.131028262406404E+000 -0.146703762969640E+003 -0.146703762969640E+003
  0.199233054274098E+001  0.766526217522329E+000  0.798205079758208E+000  0.499303013174699E+000 -0.131028262406404E+000 -0.146710147605546E+003 -0.146710147605546E+003
  0.199527377259642E+001  0.789264285661301E+000  0.308535033906711E+000  0.499925178310628E+000 -0.131028262406404E+000 -0.146707217431614E+003 -0.146707217431614E+003
  0.199854737642023E+001  0.795548754455297E+000  0.762546552427266E+000  0.499683718493113E+000 -0.131028262406404E+000 -0.146707229173337E+003 -0.146707229173337E+003
  0.199734334001288E+001  0.763049506596725E+000  0.579263875518107E+000  0.499689615183432E+000 -0.131028262406404E+000 -0.146703020386248E+003 -0.146703020386248E+003
  0.198970405003573E+001  0.754721568467711E+000  0.858009815011389E+000  0.499787022278027E+000 -0.131028262406404E+000 -0.146710599572410E+003 -0.146710599572410E+003
  0.199934375963072E+001  0.775537438584619E+000  0.926053268397460E+000  0.498008047845909E+000 -0.131028262406404E+000 -0.146710774628651E+003 -0.146710774628651E+003
  0.199299501676541E+001  0.749115791075368E+000  0.460605906034336E+000  0.499919694575556E+000 -0.131028262406404E+000 -0.146707034351559E+003 -0.146707034351559E+003
  0.199906151460812E+001  0.787167572264745E+000  0.913998836484001E+000  0.499719768266093E+000 -0.131028262406404E+000 -0.146704263190592E+003 -0.146704263190592E+003
  0.199390094954608E+001  0.776589333452472E+000  0.926504938404328E+000  0.499201417690367E+000 -0.131028262406404E+000 -0.146709939173583E+003 -0.146709939173583E+003
  0.199808473247627E+001  0.780208685548108E+000  0.108647436542311E+000  0.498869615677054E+000 -0.131028262406404E+000 -0.146708188547664E+003 -0.146708188547664E+003
  0.199428014020866E+001  0.791302932949016E+000  0.822117291265723E+000  0.499634717033803E+000 -0.131028262406404E+000 -0.146710181127007E+003 -0.146710181127007E+003
  0.199835857378032E+001  0.748284959485457E+000  0.572049679974008E+000  0.498855888721146E+000 -0.131028262406404E+000 -0.146707023135274E+003 -0.146707023135274E+003
  0.199705782454055E+001  0.728448561087256E+000  0.305969441745709E+000  0.499586861328262E+000 -0.131028262406404E+000 -0.146708721580004E+003 -0.146708721580004E+003
  0.199798170331093E+001  0.792590904297351E+000  0.382901382931928E+000  0.499020394450307E+000 -0.131028262406404E+000 -0.146710332287534E+003 -0.146710332287534E+003
  0.199969319408475E+001  0.730543523915595E+000  0.747621613916794E+000  0.499312724522283E+000 -0.131028262406404E+000 -0.146706657635241E+003 -0.146706657635241E+003
  0.199409014674753E+001  0.766793914415103E+000  0.239761117949330E+000  0.499726531368742E+000 -0.131028262406404E+000 -0.146706182143292E+003 -0.146706182143292E+003
  0.199961535611925E+001  0.778676961890137E+000  0.898004463921294E-001  0.499984678413384E+000 -0.131028262406404E+000 -0.146700668398474E+003 -0.146700668398474E+003
  0.199613333665680E+001  0.746566815755601E+000  0.236876996779844E+000  0.498952747840627E+000 -0.131028262406404E+000 -0.146709063002315E+003 -0.146709063002315E+003
  0.199682546905558E+001  0.737241925587966E+000  0.777316097867517E+000  0.499053169979412E+000 -0.131028262406404E+000 -0.146709447602802E+003 -0.146709447602802E+003
  0.199384440589886E+001  0.792231013458799E+000  0.464689103531026E+000  0.499568429843229E+000 -0.131028262406404E+000 -0.146711181023247E+003 -0.146711181023247E+003
  0.199357235144928E+001  0.761859047122274E+000  0.453837712154473E+000  0.499516536645918E+000 -0.131028262406404E+000 -0.146707711390012E+003 -0.146707711390012E+003
  0.199180743355019E+001  0.757953055833732E+000  0.225313437171377E+000  0.499303657196213E+000 -0.131028262406404E+000 -0.146710726788058E+003 -0.146710726788058E+003
  0.199965414354696E+001  0.793604114369485E+000  0.615647864258207E+000  0.498645318846270E+000 -0.131028262406404E+000 -0.146711065405850E+003 -0.146711065405850E+003
  0.199727511014996E+001  0.772125057316464E+000  0.551917116253194E+000  0.499975678685234E+000 -0.131028262406404E+000 -0.146702112154635E+003 -0.146702112154635E+003
  0.199748499821925E+001  0.730647814512949E+000  0.622013502169286E+000  0.499126349827253E+000 -0.131028262406404E+000 -0.146709977823892E+003 -0.146709977823892E+003
  0.199310830828034E+001  0.766415136035465E+000  0.886241494594655E+000  0.499175477129331E+000 -0.131028262406404E+000 -0.146710027411453E+003 -0.146710027411453E+003
  0.199795210552751E+001  0.732885923988818E+000  0.646003722501051E+000  0.499544365434464E+000 -0.131028262406404E+000 -0.146706743839119E+003 -0.146706743839119E+003
  0.199996112351406E+001  0.765737967718342E+000  0.611269280578749E+000  0.498190211998781E+000 -0.131028262406404E+000 -0.146708304168177E+003 -0.146708304168177E+003
  0.199612386391969E+001  0.789327929259761E+000  0.437032226221589E+000  0.499270567878876E+000 -0.131028262406404E+000 -0.146709867252328E+003 -0.146709867252328E+003
  0.199910887320172E+001  0.756407388845691E+000  0.481966561386204E+000  0.498402433188579E+000 -0.131028262406404E+000 -0.146707994536949E+003 -0.146707994536949E+003
  0.199723607719367E+001  0.755876644547386E+000  0.573361651552547E+000  0.499165584073848E+000 -0.131028262406404E+000 -0.146705963880061E+003 -0.146705963880061E+003
  0.199480985852024E+001  0.760080319980427E+000  0.422244131508408E+000  0.499530256630041E+000 -0.131028262406404E+000 -0.146706403886537E+003 -0.146706403886537E+003
  0.199722056365509E+001  0.774201094243592E+000  0.946612595246008E+000  0.499948099408388E+000 -0.131028262406404E+000 -0.146702527980136E+003 -0.146702527980136E+003
  0.199158633399273E+001  0.767516759580637E+000  0.937281457934546E+000  0.499675815682632E+000 -0.131028262406404E+000 -0.146708984991583E+003 -0.146708984991583E+003
  0.199183604728180E+001  0.749685091408361E+000  0.485924547016695E+000  0.499809619204236E+000 -0.131028262406404E+000 -0.146708752373034E+003 -0.146708752373034E+003
  0.199762059729312E+001  0.769718482019242E+000  0.157322564719992E+000  0.498291745985696E+000 -0.131028262406404E+000 -0.146710344399414E+003 -0.146710344399414E+003
  0.199820382594020E+001  0.762134089548972E+000  0.134458465504432E+000  0.498950636484792E+000 -0.131028262406404E+000 -0.146705982583895E+003 -0.146705982583895E+003
  0.199918058391832E+001  0.729947894851411E+000  0.384447375576739E+000  0.499927670104211E+000 -0.131028262406404E+000 -0.146704248867477E+003 -0.146704248867477E+003
  0.199851888424162E+001  0.785909483754919E+000  0.367886099632231E+000  0.499301881094784E+000 -0.131028262406404E+000 -0.146706655684391E+003 -0.146706655684391E+003
  0.199912394296200E+001  0.733436345827693E+000  0.461075116681226E+000  0.499450309277922E+000 -0.131028262406404E+000 -0.146705823724356E+003 -0.146705823724356E+003
  0.199602310280514E+001  0.767445013478890E+000  0.270424433151462E+000  0.499519804587481E+000 -0.131028262406404E+000 -0.146705363209581E+003 -0.146705363209581E+003
  0.199430856531648E+001  0.749990432228702E+000  0.716145771285275E+000  0.499360642267339E+000 -0.131028262406404E+000 -0.146708446800756E+003 -0.146708446800756E+003
  0.199584159436757E+001  0.741759848725726E+000  0.266493436352268E-001  0.498946484146729E+000 -0.131028262406404E+000 -0.146710157197761E+003 -0.146710157197761E+003
  0.199459405309155E+001  0.737835649032401E+000  0.242697276732027E+000  0.499620865974337E+000 -0.131028262406404E+000 -0.146708801212105E+003 -0.146708801212105E+003
  0.199459799941754E+001  0.781174701134183E+000  0.273544971797114E+000  0.499990842589296E+000 -0.131028262406404E+000 -0.146705825122236E+003 -0.146705825122236E+003
  0.199588999208660E+001  0.753549147401255E+000  0.688713467980630E+000  0.499968815270469E+000 -0.131028262406404E+000 -0.146703334579978E+003 -0.146703334579978E+003
  0.199767694507952E+001  0.777912466024097E+000  0.838195554196629E+000  0.498297229067790E+000 -0.131028262406404E+000 -0.146711208327374E+003 -0.146711208327374E+003
  0.199979883528744E+001  0.751019768410070E+000  0.249919944207964E+000  0.498441045543422E+000 -0.131028262406404E+000 -0.146707411205759E+003 -0.146707411205759E+003
  0.199958633366427E+001  0.787528977666895E+000  0.256713486598942E+000  0.499478328409455E+000 -0.131028262406404E+000 -0.146705122445504E+003 -0.146705122445504E+003
  0.199947713561256E+001  0.750942671577948E+000  0.260071121860355E+000  0.499985726057603E+000 -0.131028262406404E+000 -0.146699781650657E+003 -0.146699781650657E+003
  0.199917561571474E+001  0.790183341105047E+000  0.580393561126388E+000  0.498577531511907E+000 -0.131028262406404E+000 -0.146710892882122E+003 -0.146710892882122E+003
  0.199944063622082E+001  0.774311352433006E+000  0.468471408630344E+000  0.498476120052261E+000 -0.131028262406404E+000 -0.146708066122001E+003 -0.146708066122001E+003
  0.199790179999191E+001  0.796866394603298E+000  0.680085049869759E+000  0.499762208508732E+000 -0.131028262406404E+000 -0.146707821012806E+003 -0.146707821012806E+003
  0.199966077115477E+001  0.725078276881460E+000  0.777408992669088E+000  0.499236508034607E+000 -0.131028262406404E+000 -0.146708689524386E+003 -0.146708689524386E+003
  0.199728851138405E+001  0.735884635604777E+000  0.516504028518549E+000  0.499188295305944E+000 -0.131028262406404E+000 -0.146708557710405E+003 -0.146708557710405E+003
  0.199269806815678E+001  0.782412636564781E+000  0.582378050942433E+000  0.499642585403430E+000 -0.131028262406404E+000 -0.146709682672260E+003 -0.146709682672260E+003
  0.199958550051374E+001  0.789481751512937E+000  0.236906481487698E-001  0.499768330968708E+000 -0.131028262406404E+000 -0.146704104248373E+003 -0.146704104248373E+003
  0.199940716782590E+001  0.777138908357319E+000  0.786921898506604E+000  0.499033737227877E+000 -0.131028262406404E+000 -0.146705571770383E+003 -0.146705571770383E+003
  0.199231979226655E+001  0.762560852357442E+000  0.819371032914227E+000  0.499316834257755E+000 -0.131028262406404E+000 -0.146710023849777E+003 -0.146710023849777E+003
  0.199849473800187E+001  0.809165749755721E+000  0.710817749803895E+000  0.499948067337432E+000 -0.131028262406404E+000 -0.146710990324085E+003 -0.146710990324085E+003
  0.199305280715804E+001  0.778866205477400E+000  0.301292673843503E+000  0.499389319708774E+000 -0.131028262406404E+000 -0.146710093178166E+003 -0.146710093178166E+003
  0.199913051214460E+001  0.740588466646171E+000  0.252525407493677E+000  0.499665820738221E+000 -0.131028262406404E+000 -0.146703184322080E+003 -0.146703184322080E+003
  0.199826610996299E+001  0.783953058063656E+000  0.454354914842894E+000  0.499638538848145E+000 -0.131028262406404E+000 -0.146704712609210E+003 -0.146704712609210E+003
  0.199880180732386E+001  0.748909872007977E+000  0.241623849426410E+000  0.499426878108309E+000 -0.131028262406404E+000 -0.146703547939245E+003 -0.146703547939245E+003
  0.199471779257690E+001  0.746342186092805E+000  0.911058102213548E+000  0.499679198357528E+000 -0.131028262406404E+000 -0.146706831518720E+003 -0.146706831518720E+003
  0.199451527406511E+001  0.730539418578049E+000  0.435659284615169E+000  0.499506791654732E+000 -0.131028262406404E+000 -0.146711308419217E+003 -0.146711308419217E+003
  0.199754920236509E+001  0.743820355585856E+000  0.282315243546554E+000  0.498800072705716E+000 -0.131028262406404E+000 -0.146708758411044E+003 -0.146708758411044E+003
  0.199809333360471E+001  0.805444246688601E+000  0.765718233531071E+000  0.499850542524937E+000 -0.131028262406404E+000 -0.146710292195946E+003 -0.146710292195946E+003
  0.199302195053853E+001  0.765147153237127E+000  0.804891273861685E+000  0.499894290039585E+000 -0.131028262406404E+000 -0.146706329346008E+003 -0.146706329346008E+003
  0.199293755576637E+001  0.772994308115116E+000  0.432442338911240E+000  0.499276509423456E+000 -0.131028262406404E+000 -0.146710091898639E+003 -0.146710091898639E+003
  0.199966294862625E+001  0.736841149985691E+000  0.288649103391864E+000  0.499500869258378E+000 -0.131028262406404E+000 -0.146704206124239E+003 -0.146704206124239E+003
  0.199301339410212E+001  0.779807269370262E+000  0.501613459099420E+000  0.499417795648431E+000 -0.131028262406404E+000 -0.146710124047141E+003 -0.146710124047141E+003
  0.199581187441964E+001  0.738225831797705E+000  0.142414712934256E+000  0.499202979117785E+000 -0.131028262406404E+000 -0.146709555357160E+003 -0.146709555357160E+003
  0.199577604467159E+001  0.737485574246729E+000  0.734149231861622E+000  0.499701775586009E+000 -0.131028262406404E+000 -0.146707192284756E+003 -0.146707192284756E+003
  0.199873230468302E+001  0.737208898952557E+000  0.222357505596632E+000  0.499812712936956E+000 -0.131028262406404E+000 -0.146703525567080E+003 -0.146703525567080E+003
  0.199733065380804E+001  0.788350516018018E+000  0.429656220427432E+000  0.499783799787006E+000 -0.131028262406404E+000 -0.146705819088946E+003 -0.146705819088946E+003
  0.199238390359136E+001  0.790748147700926E+000  0.410107705290625E-002  0.499864028127764E+000 -0.131028262406404E+000 -0.146710607355529E+003 -0.146710607355529E+003
  0.199687862738033E+001  0.751536282350776E+000  0.765731764421052E+000  0.499978161939145E+000 -0.131028262406404E+000 -0.146702435635537E+003 -0.146702435635537E+003
  0.199419840536740E+001  0.762574444076054E+000  0.402942568342345E-001  0.499493574309758E+000 -0.131028262406404E+000 -0.146707195391373E+003 -0.146707195391373E+003
  0.199737897961890E+001  0.779131410593674E+000  0.951411578439301E+000  0.499149806022561E+000 -0.131028262406404E+000 -0.146707216548003E+003 -0.146707216548003E+003
  0.199271779555472E+001  0.763523984234905E+000  0.661872136499598E+000  0.499377980615951E+000 -0.131028262406404E+000 -0.146709302611878E+003 -0.146709302611878E+003
  0.199417104971701E+001  0.780123067096056E+000  0.501670408726227E+000  0.499171334815131E+000 -0.131028262406404E+000 -0.146710347718439E+003 -0.146710347718439E+003
  0.199914168366816E+001  0.731775879658610E+000  0.970158168568257E+000  0.499826698881936E+000 -0.131028262406404E+000 -0.146704309471294E+003 -0.146704309471294E+003
  0.199955399167234E+001  0.758406826330083E+000  0.631479934368091E+000  0.498253297605706E+000 -0.131028262406404E+000 -0.146708264842697E+003 -0.146708264842697E+003
  0.199474832893830E+001  0.739427900046817E+000  0.780594056437165E+000  0.499953616055567E+000 -0.131028262406404E+000 -0.146706590849761E+003 -0.146706590849761E+003
  0.199531736954466E+001  0.776464660502937E+000  0.626601184650337E+000  0.499299930034764E+000 -0.131028262406404E+000 -0.146708028579355E+003 -0.146708028579355E+003
  0.199797524115794E+001  0.792711822473945E+000  0.335727214614972E+000  0.498910454080404E+000 -0.131028262406404E+000 -0.146710949669683E+003 -0.146710949669683E+003
  0.199472359022371E+001  0.763142819059674E+000  0.542279269621612E-001  0.499944131321024E+000 -0.131028262406404E+000 -0.146704328417402E+003 -0.146704328417402E+003
  0.199406424048050E+001  0.761025729576059E+000  0.824240155750979E+000  0.498814008427236E+000 -0.131028262406404E+000 -0.146710881748583E+003 -0.146710881748583E+003
  0.199686589700589E+001  0.764124115270599E+000  0.771387846875356E+000  0.499299985078290E+000 -0.131028262406404E+000 -0.146705540770807E+003 -0.146705540770807E+003
  0.199822762203553E+001  0.725827211038723E+000  0.402792284046627E+000  0.499137823664776E+000 -0.131028262406404E+000 -0.146710528092083E+003 -0.146710528092083E+003
  0.199142339742373E+001  0.758890249359650E+000  0.786002801033138E+000  0.499993717542645E+000 -0.131028262406404E+000 -0.146707492355356E+003 -0.146707492355356E+003
  0.199863568260397E+001  0.736329016538206E+000  0.764282084067305E+000  0.499004404316746E+000 -0.131028262406404E+000 -0.146707955572099E+003 -0.146707955572099E+003
  0.199919857048938E+001  0.785415828015868E+000  0.106629590726230E+000  0.499498973265116E+000 -0.131028262406404E+000 -0.146704882441038E+003 -0.146704882441038E+003
  0.199076061462107E+001  0.753110136620760E+000  0.293783416635443E+000  0.499662969569281E+000 -0.131028262406404E+000 -0.146710277813959E+003 -0.146710277813959E+003
  0.199356560320317E+001  0.761963916429188E+000  0.835921178928168E+000  0.499361283668012E+000 -0.131028262406404E+000 -0.146708526324654E+003 -0.146708526324654E+003
  0.199326122441196E+001  0.778741218844480E+000  0.719734794543338E+000  0.499731127124593E+000 -0.131028262406404E+000 -0.146708082792452E+003 -0.146708082792452E+003
  0.199731504064902E+001  0.792261051696323E+000  0.745720791615801E+000  0.499849386156431E+000 -0.131028262406404E+000 -0.146706513916654E+003 -0.146706513916654E+003
  0.199937922556625E+001  0.733002189684875E+000  0.871890117704363E+000  0.498457666210514E+000 -0.131028262406404E+000 -0.146710738161749E+003 -0.146710738161749E+003
  0.199499665540801E+001  0.766272354503244E+000  0.583047424790756E+000  0.499620997445458E+000 -0.131028262406404E+000 -0.146705805656388E+003 -0.146705805656388E+003
  0.199425300385347E+001  0.770250054378064E+000  0.817412762302510E-001  0.499461201422230E+000 -0.131028262406404E+000 -0.146707596973451E+003 -0.146707596973451E+003
  0.199414179019053E+001  0.776847636404273E+000  0.757233670001758E+000  0.499133901770411E+000 -0.131028262406404E+000 -0.146710092002607E+003 -0.146710092002607E+003
  0.199333921328707E+001  0.734825746544698E+000  0.103901096859272E+000  0.499884450983954E+000 -0.131028262406404E+000 -0.146709513715066E+003 -0.146709513715066E+003
  0.199944567022428E+001  0.741558736142020E+000  0.903428604732123E+000  0.498771735053311E+000 -0.131028262406404E+000 -0.146707270274198E+003 -0.146707270274198E+003
  0.199972530455030E+001  0.776700432897992E+000  0.556419532225746E+000  0.499739033725373E+000 -0.131028262406404E+000 -0.146701533832450E+003 -0.146701533832450E+003
  0.199705499646613E+001  0.729681968812616E+000  0.702598975240242E+000  0.499036981325555E+000 -0.131028262406404E+000 -0.146711174009586E+003 -0.146711174009586E+003
  0.199227443536660E+001  0.770207394628836E+000  0.918674457938785E+000  0.499707838435513E+000 -0.131028262406404E+000 -0.146708271357367E+003 -0.146708271357367E+003
  0.199577827207513E+001  0.764847230357980E+000  0.625347196707752E+000  0.498480798314781E+000 -0.131028262406404E+000 -0.146710926158376E+003 -0.146710926158376E+003
  0.199767713279516E+001  0.743524841617496E+000  0.639649174477865E+000  0.499073580916724E+000 -0.131028262406404E+000 -0.146707258288290E+003 -0.146707258288290E+003
  0.199911718575324E+001  0.725974496536511E+000  0.289522610262626E+000  0.499637658903449E+000 -0.131028262406404E+000 -0.146706965259430E+003 -0.146706965259430E+003
  0.199976335542924E+001  0.762551496408098E+000  0.570922731044156E+000  0.499704067867431E+000 -0.131028262406404E+000 -0.146700528143363E+003 -0.146700528143363E+003
  0.199814545772202E+001  0.798288255482037E+000  0.562197872055383E+000  0.499751027809667E+000 -0.131028262406404E+000 -0.146708128504387E+003 -0.146708128504387E+003
  0.199972855694931E+001  0.798454317543549E+000  0.617736559570054E+000  0.499353580296518E+000 -0.131028262406404E+000 -0.146708843197654E+003 -0.146708843197654E+003
  0.199920959989823E+001  0.795992375189403E+000  0.286325782065039E+000  0.499637807744807E+000 -0.131028262406404E+000 -0.146707010951485E+003 -0.146707010951485E+003
  0.198859059679142E+001  0.760285542062275E+000  0.435524131979710E+000  0.499914472340405E+000 -0.131028262406404E+000 -0.146710773830174E+003 -0.146710773830174E+003
  0.199655683718794E+001  0.760152208885343E+000  0.825657569398875E+000  0.498936500523973E+000 -0.131028262406404E+000 -0.146707717299757E+003 -0.146707717299757E+003
  0.199676399301305E+001  0.793501187937254E+000  0.992176925105852E+000  0.499694780502364E+000 -0.131028262406404E+000 -0.146708178706838E+003 -0.146708178706838E+003
  0.199673023573616E+001  0.745522329316235E+000  0.150039744037893E+000  0.499472913487900E+000 -0.131028262406404E+000 -0.146705895650248E+003 -0.146705895650248E+003
  0.199767422031646E+001  0.748831059432280E+000  0.509843901928486E+000  0.498379947122770E+000 -0.131028262406404E+000 -0.146710142916347E+003 -0.146710142916347E+003
  0.199766594719235E+001  0.780274305579536E+000  0.706669338529256E+000  0.498817229510769E+000 -0.131028262406404E+000 -0.146708874069737E+003 -0.146708874069737E+003
  0.199667314406554E+001  0.740149007169290E+000  0.457522703949233E+000  0.499768826976221E+000 -0.131028262406404E+000 -0.146705341197325E+003 -0.146705341197325E+003
  0.199479922314887E+001  0.766009558238177E+000  0.105506072368905E+000  0.499473669988164E+000 -0.131028262406404E+000 -0.146706760143045E+003 -0.146706760143045E+003
  0.199326418710812E+001  0.741148002814432E+000  0.699909910648647E+000  0.499965016020152E+000 -0.131028262406404E+000 -0.146707777225056E+003 -0.146707777225056E+003
  0.199846134023085E+001  0.778282179504114E+000  0.257395347221288E+000  0.498901196297791E+000 -0.131028262406404E+000 -0.146707344780400E+003 -0.146707344780400E+003
  0.199681652287502E+001  0.774041687892742E+000  0.688943747940017E+000  0.499651038675071E+000 -0.131028262406404E+000 -0.146704445216674E+003 -0.146704445216674E+003
  0.199719231159689E+001  0.771397372340187E+000  0.964519590908068E+000  0.499462550841443E+000 -0.131028262406404E+000 -0.146704790724770E+003 -0.146704790724770E+003
  0.199834094492016E+001  0.719159082285734E+000  0.652641284565151E+000  0.499510858083991E+000 -0.131028262406404E+000 -0.146710815397776E+003 -0.146710815397776E+003
  0.199645761503180E+001  0.798938162143855E+000  0.721795020736647E+000  0.499526540863490E+000 -0.131028262406404E+000 -0.146711041091413E+003 -0.146711041091413E+003
  0.199865420602120E+001  0.746996819365061E+000  0.350792514618807E+000  0.499148559228109E+000 -0.131028262406404E+000 -0.146705357093979E+003 -0.146705357093979E+003
  0.199957477099964E+001  0.750636478746236E+000  0.174113862723609E-001  0.499226728636052E+000 -0.131028262406404E+000 -0.146703611951832E+003 -0.146703611951832E+003
  0.199579676493333E+001  0.773913274296556E+000  0.167864036158967E+000  0.499616247248997E+000 -0.131028262406404E+000 -0.146705603805079E+003 -0.146705603805079E+003
  0.199286647772420E+001  0.772418128067798E+000  0.518176662065779E+000  0.499494674163486E+000 -0.131028262406404E+000 -0.146708967817976E+003 -0.146708967817976E+003
  0.199119236611098E+001  0.763434169333488E+000  0.241440670775916E+000  0.499856489623455E+000 -0.131028262406404E+000 -0.146708356808877E+003 -0.146708356808877E+003
  0.199895063879629E+001  0.773988620245710E+000  0.579388449892857E+000  0.498891547139764E+000 -0.131028262406404E+000 -0.146706329359814E+003 -0.146706329359814E+003
  0.199871979802100E+001  0.775503713982845E+000  0.684556842726050E-001  0.498255373036959E+000 -0.131028262406404E+000 -0.146710075215667E+003 -0.146710075215667E+003
  0.199931599293372E+001  0.754634155712190E+000  0.156859132868020E+000  0.498491272605438E+000 -0.131028262406404E+000 -0.146707400457944E+003 -0.146707400457944E+003
  0.199473201324304E+001  0.748777655310996E+000  0.358729599311294E+000  0.499611927111488E+000 -0.131028262406404E+000 -0.146706843702653E+003 -0.146706843702653E+003
  0.199468138366803E+001  0.732870100418242E+000  0.908307363273487E-001  0.499741866019752E+000 -0.131028262406404E+000 -0.146709285575124E+003 -0.146709285575124E+003
  0.199970079008515E+001  0.766185753107846E+000  0.590200635306043E+000  0.499361028361264E+000 -0.131028262406404E+000 -0.146702488794690E+003 -0.146702488794690E+003
  0.199495321116863E+001  0.732280377436917E+000  0.606105789421572E+000  0.499396959534048E+000 -0.131028262406404E+000 -0.146710911259944E+003 -0.146710911259944E+003
  0.199248791142691E+001  0.785529965470443E+000  0.800945889372678E+000  0.499554343150601E+000 -0.131028262406404E+000 -0.146710942852373E+003 -0.146710942852373E+003
  0.199622821864932E+001  0.761737261008221E+000  0.149065263318456E+000  0.498798621752766E+000 -0.131028262406404E+000 -0.146708761350162E+003 -0.146708761350162E+003
  0.199759710284578E+001  0.735096493066825E+000  0.371842680987971E+000  0.499930346746275E+000 -0.131028262406404E+000 -0.146704614607494E+003 -0.146704614607494E+003
  0.199337102617689E+001  0.761600461127041E+000  0.579808908348280E+000  0.499391668885812E+000 -0.131028262406404E+000 -0.146708568073910E+003 -0.146708568073910E+003
  0.199949381916422E+001  0.750632228611056E+000  0.231769591670865E+000  0.499985031070239E+000 -0.131028262406404E+000 -0.146699796141527E+003 -0.146699796141527E+003
  0.199728838219638E+001  0.794746435578886E+000  0.482544927457961E+000  0.499357769187016E+000 -0.131028262406404E+000 -0.146709831013869E+003 -0.146709831013869E+003
  0.199541282606594E+001  0.752066778359946E+000  0.163145055705463E+000  0.499172310180254E+000 -0.131028262406404E+000 -0.146708066685397E+003 -0.146708066685397E+003
  0.199901940137530E+001  0.731160006934237E+000  0.335119166791386E+000  0.499793265085447E+000 -0.131028262406404E+000 -0.146704774392036E+003 -0.146704774392036E+003
  0.199893125404083E+001  0.718613313349354E+000  0.993121580875764E+000  0.499622480577031E+000 -0.131028262406404E+000 -0.146709799844048E+003 -0.146709799844048E+003
  0.199860793495141E+001  0.792589878798063E+000  0.577735949390361E+000  0.499844278798339E+000 -0.131028262406404E+000 -0.146705451580321E+003 -0.146705451580321E+003
  0.199408461650074E+001  0.761410124862536E+000  0.240251024668149E+000  0.499264086853131E+000 -0.131028262406404E+000 -0.146708508608134E+003 -0.146708508608134E+003
  0.199582000004768E+001  0.794123722443683E+000  0.825857905585087E+000  0.499947386188858E+000 -0.131028262406404E+000 -0.146707903808452E+003 -0.146707903808452E+003
  0.199808720445616E+001  0.794026129893352E+000  0.502443543619632E+000  0.499243127358298E+000 -0.131028262406404E+000 -0.146709486327415E+003 -0.146709486327415E+003
  0.199784197092466E+001  0.760874437921697E+000  0.162851374164293E+000  0.499027725244297E+000 -0.131028262406404E+000 -0.146705939574244E+003 -0.146705939574244E+003
  0.199825309873237E+001  0.743877117797295E+000  0.808613465640265E+000  0.499276033459397E+000 -0.131028262406404E+000 -0.146705554570555E+003 -0.146705554570555E+003
  0.199420870557427E+001  0.747622284621553E+000  0.146843431690845E+000  0.499787533096203E+000 -0.131028262406404E+000 -0.146706632370318E+003 -0.146706632370318E+003
  0.199757983218812E+001  0.759864747331998E+000  0.583575251831440E+000  0.499238036326368E+000 -0.131028262406404E+000 -0.146705118516919E+003 -0.146705118516919E+003
  0.199365385960486E+001  0.745383773980439E+000  0.388115589298197E+000  0.499722397602567E+000 -0.131028262406404E+000 -0.146707874339880E+003 -0.146707874339880E+003
  0.199092670091144E+001  0.772080395715389E+000  0.154744406864810E+000  0.499715117255909E+000 -0.131028262406404E+000 -0.146709710522171E+003 -0.146709710522171E+003
  0.199627407226221E+001  0.763602804509849E+000  0.448501530746986E+000  0.498909619741004E+000 -0.131028262406404E+000 -0.146708155775570E+003 -0.146708155775570E+003
  0.199530078887429E+001  0.745936988913933E+000  0.432051099740679E+000  0.499534866534515E+000 -0.131028262406404E+000 -0.146707019780998E+003 -0.146707019780998E+003
  0.199518561251348E+001  0.787273248902439E+000  0.813560924679663E+000  0.499414176250478E+000 -0.131028262406404E+000 -0.146709501472904E+003 -0.146709501472904E+003
  0.199628725372343E+001  0.785463389533257E+000  0.359515281456188E+000  0.499170760905368E+000 -0.131028262406404E+000 -0.146709338002071E+003 -0.146709338002071E+003
  0.199785716500956E+001  0.725351080863954E+000  0.987117667699600E+000  0.499321098225209E+000 -0.131028262406404E+000 -0.146710154243395E+003 -0.146710154243395E+003
  0.199773174477470E+001  0.773044847737723E+000  0.149342322528539E+000  0.498758675930694E+000 -0.131028262406404E+000 -0.146708100595231E+003 -0.146708100595231E+003
  0.199666295487296E+001  0.743198040813968E+000  0.302178135682101E+000  0.498517180010751E+000 -0.131028262406404E+000 -0.146711258961070E+003 -0.146711258961070E+003
  0.199836169264637E+001  0.798132549671143E+000  0.498726707287136E+000  0.499313317035241E+000 -0.131028262406404E+000 -0.146710170847659E+003 -0.146710170847659E+003
  0.199542537689219E+001  0.742987361070442E+000  0.735610101635900E+000  0.498858541302382E+000 -0.131028262406404E+000 -0.146710842126698E+003 -0.146710842126698E+003
  0.199772560051906E+001  0.777277330504726E+000  0.796884546733974E+000  0.498364867411843E+000 -0.131028262406404E+000 -0.146710710822957E+003 -0.146710710822957E+003
  0.199854196553893E+001  0.789956522041533E+000  0.107861696369527E+000  0.499720300418796E+000 -0.131028262406404E+000 -0.146705437084347E+003 -0.146705437084347E+003
  0.199246752182086E+001  0.752718709990788E+000  0.448251780559481E+000  0.499978292791114E+000 -0.131028262406404E+000 -0.146706896342007E+003 -0.146706896342007E+003
  0.199797812311546E+001  0.763059821610858E+000  0.824933011027993E+000  0.498503708517837E+000 -0.131028262406404E+000 -0.146708552036771E+003 -0.146708552036771E+003
  0.199389955677583E+001  0.784023593357301E+000  0.991035972377958E+000  0.499579029511854E+000 -0.131028262406404E+000 -0.146709166266020E+003 -0.146709166266020E+003
  0.199558325410020E+001  0.779960765654927E+000  0.348627590666011E+000  0.499133071332893E+000 -0.131028262406404E+000 -0.146709161752676E+003 -0.146709161752676E+003
  0.199989302058593E+001  0.741458186829775E+000  0.546426285067321E+000  0.499747599915036E+000 -0.131028262406404E+000 -0.146701809817654E+003 -0.146701809817654E+003
  0.199853545799024E+001  0.765907661377346E+000  0.776493699768776E+000  0.498078967673796E+000 -0.131028262406404E+000 -0.146710311682249E+003 -0.146710311682249E+003
  0.199722413745399E+001  0.740144786553325E+000  0.284177134051161E+000  0.499401267478854E+000 -0.131028262406404E+000 -0.146706641538942E+003 -0.146706641538942E+003
  0.199516979271097E+001  0.771246081341048E+000  0.351325145666619E+000  0.498992002336765E+000 -0.131028262406404E+000 -0.146709220813077E+003 -0.146709220813077E+003
  0.199701369651400E+001  0.770843557532164E+000  0.550450260627915E+000  0.498336342271978E+000 -0.131028262406404E+000 -0.146710802794032E+003 -0.146710802794032E+003
  0.199637817759582E+001  0.785224497959580E+000  0.991636370314147E+000  0.499481172085400E+000 -0.131028262406404E+000 -0.146707575790086E+003 -0.146707575790086E+003
  0.199913085473436E+001  0.807042712012907E+000  0.201777674018622E+000  0.499901174324748E+000 -0.131028262406404E+000 -0.146709777332036E+003 -0.146709777332036E+003
  0.199339553408197E+001  0.765939926734487E+000  0.897026482152882E+000  0.499380180534242E+000 -0.131028262406404E+000 -0.146708653183014E+003 -0.146708653183014E+003
  0.199496174510476E+001  0.781801987444534E+000  0.451436142527335E+000  0.499964532547997E+000 -0.131028262406404E+000 -0.146705724462227E+003 -0.146705724462227E+003
  0.199711037666058E+001  0.747860888361745E+000  0.960613663476712E+000  0.499130559778379E+000 -0.131028262406404E+000 -0.146706954074193E+003 -0.146706954074193E+003
  0.199989308080254E+001  0.719922246386917E+000  0.855440952540001E+000  0.499200917110323E+000 -0.131028262406404E+000 -0.146710374448170E+003 -0.146710374448170E+003
  0.199857748402190E+001  0.752570685963313E+000  0.879115139582012E+000  0.498593601455188E+000 -0.131028262406404E+000 -0.146707756494323E+003 -0.146707756494323E+003
  0.199972358109156E+001  0.731622132556167E+000  0.378675799252392E+000  0.499313605660447E+000 -0.131028262406404E+000 -0.146706334426479E+003 -0.146706334426479E+003
  0.199406888709943E+001  0.771191910454365E+000  0.116440683584481E+000  0.499418587509467E+000 -0.131028262406404E+000 -0.146708073490739E+003 -0.146708073490739E+003
  0.199121066358148E+001  0.765565633230136E+000  0.263031121090892E+000  0.499506018346466E+000 -0.131028262406404E+000 -0.146710191472834E+003 -0.146710191472834E+003
  0.199620475537759E+001  0.733421642820769E+000  0.778303661595605E+000  0.499986323858578E+000 -0.131028262406404E+000 -0.146706241034684E+003 -0.146706241034684E+003
  0.199140573231878E+001  0.785949285594030E+000  0.751067846278030E+000  0.499988658792550E+000 -0.131028262406404E+000 -0.146709782384844E+003 -0.146709782384844E+003
  0.199958740882370E+001  0.738164733145328E+000  0.445650853926632E+000  0.498785711103580E+000 -0.131028262406404E+000 -0.146707676760545E+003 -0.146707676760545E+003
  0.199444730641405E+001  0.762017322162122E+000  0.455013925976459E+000  0.499705474490506E+000 -0.131028262406404E+000 -0.146705841878447E+003 -0.146705841878447E+003
  0.199891486847055E+001  0.728384593963679E+000  0.242212532898720E-001  0.498989858391569E+000 -0.131028262406404E+000 -0.146709755027542E+003 -0.146709755027542E+003
  0.199284599518623E+001  0.767778373396258E+000  0.857940894982167E+000  0.499044331539868E+000 -0.131028262406404E+000 -0.146711033412243E+003 -0.146711033412243E+003
  0.199564206826556E+001  0.744905336821775E+000  0.408939490676338E+000  0.499149932277435E+000 -0.131028262406404E+000 -0.146708799013740E+003 -0.146708799013740E+003
  0.199600835200620E+001  0.726934989179136E+000  0.956493437818332E+000  0.499475835173140E+000 -0.131028262406404E+000 -0.146710900806115E+003 -0.146710900806115E+003
  0.199350266583271E+001  0.745248401016638E+000  0.586780012261585E+000  0.499237825808103E+000 -0.131028262406404E+000 -0.146710559030280E+003 -0.146710559030280E+003
  0.199967727065299E+001  0.782793892191933E+000  0.870176311106099E+000  0.499889266912004E+000 -0.131028262406404E+000 -0.146701850937299E+003 -0.146701850937299E+003
  0.199849541771211E+001  0.774211592812085E+000  0.713446452374455E+000  0.498525772460522E+000 -0.131028262406404E+000 -0.146708710280937E+003 -0.146708710280937E+003
  0.199972655725139E+001  0.732117566247992E+000  0.305074015690771E+000  0.499275060339352E+000 -0.131028262406404E+000 -0.146706400049045E+003 -0.146706400049045E+003
  0.199900178940473E+001  0.752592377694727E+000  0.984523551171631E-001  0.498016009269615E+000 -0.131028262406404E+000 -0.146710321683103E+003 -0.146710321683103E+003
  0.199269618420394E+001  0.787933245068307E+000  0.688512377740240E+000  0.499610316108014E+000 -0.131028262406404E+000 -0.146710970745463E+003 -0.146710970745463E+003
  0.199984707490797E+001  0.722774447871095E+000  0.907774682382028E-001  0.499588681806331E+000 -0.131028262406404E+000 -0.146707458384448E+003 -0.146707458384448E+003
  0.199639055900920E+001  0.774392658185711E+000  0.564842682628478E+000  0.499134686350322E+000 -0.131028262406404E+000 -0.146707592704106E+003 -0.146707592704106E+003
  0.199999432184792E+001  0.765034185622513E+000  0.552900614191100E+000  0.499438035957097E+000 -0.131028262406404E+000 -0.146701747773431E+003 -0.146701747773431E+003
  0.199788538882353E+001  0.741660712409075E+000  0.949621088340436E+000  0.498946383526632E+000 -0.131028262406404E+000 -0.146708003232343E+003 -0.146708003232343E+003
  0.199901824509630E+001  0.763391026927940E+000  0.809446673438231E+000  0.499320167210573E+000 -0.131028262406404E+000 -0.146703272054272E+003 -0.146703272054272E+003
  0.199806207845280E+001  0.792177898048219E+000  0.390240794280285E+000  0.499924706372689E+000 -0.131028262406404E+000 -0.146705414093203E+003 -0.146705414093203E+003
  0.199271822075233E+001  0.764907181175478E+000  0.297322968756441E+000  0.499144214897390E+000 -0.131028262406404E+000 -0.146710542829588E+003 -0.146710542829588E+003
  0.199326363728295E+001  0.776150474923243E+000  0.559140479293151E+000  0.499570800349608E+000 -0.131028262406404E+000 -0.146708571738262E+003 -0.146708571738262E+003
  0.199708897463028E+001  0.770295329282521E+000  0.258183047382657E+000  0.498346414251279E+000 -0.131028262406404E+000 -0.146710629186469E+003 -0.146710629186469E+003
  0.199390802225042E+001  0.732173558757245E+000  0.644033104091316E+000  0.499571909889389E+000 -0.131028262406404E+000 -0.146711186120271E+003 -0.146711186120271E+003
  0.199734062111682E+001  0.730850127477400E+000  0.775932182986514E+000  0.499901380667925E+000 -0.131028262406404E+000 -0.146706125771126E+003 -0.146706125771126E+003
  0.199743321570547E+001  0.771300328680836E+000  0.295573224980543E+000  0.498591960014067E+000 -0.131028262406404E+000 -0.146709090805547E+003 -0.146709090805547E+003
  0.199594371606775E+001  0.727568932289236E+000  0.907751795947833E+000  0.499996388250024E+000 -0.131028262406404E+000 -0.146708125953697E+003 -0.146708125953697E+003
  0.199965171372151E+001  0.744224713840061E+000  0.735490992270009E+000  0.498969243334017E+000 -0.131028262406404E+000 -0.146705614667094E+003 -0.146705614667094E+003
  0.199547397344918E+001  0.770434481517928E+000  0.755809874499227E+000  0.498791729078518E+000 -0.131028262406404E+000 -0.146709902671854E+003 -0.146709902671854E+003
  0.199099483127242E+001  0.765967271514713E+000  0.458856225453092E+000  0.499639834650205E+000 -0.131028262406404E+000 -0.146709719997792E+003 -0.146709719997792E+003
  0.199886819008585E+001  0.793762010029100E+000  0.772971873055716E+000  0.499159445327807E+000 -0.131028262406404E+000 -0.146709133534136E+003 -0.146709133534136E+003
  0.199461356735658E+001  0.775433420866519E+000  0.302784065141165E+000  0.499478816201373E+000 -0.131028262406404E+000 -0.146707648415698E+003 -0.146707648415698E+003
  0.199761429111750E+001  0.765967005097247E+000  0.759041999349783E+000  0.499627935356226E+000 -0.131028262406404E+000 -0.146703154787015E+003 -0.146703154787015E+003
  0.199960856465302E+001  0.792993444012036E+000  0.492345773483390E+000  0.499583867557696E+000 -0.131028262406404E+000 -0.146706015134954E+003 -0.146706015134954E+003
  0.199925709306645E+001  0.784022060192170E+000  0.831826016817528E+000  0.499450595786030E+000 -0.131028262406404E+000 -0.146704777962164E+003 -0.146704777962164E+003
  0.199872689119725E+001  0.796273823114209E+000  0.650573750122690E+000  0.499937740169013E+000 -0.131028262406404E+000 -0.146705971657232E+003 -0.146705971657232E+003
  0.199968368165353E+001  0.741958833591781E+000  0.777699847531681E-001  0.497918900016045E+000 -0.131028262406404E+000 -0.146711358682443E+003 -0.146711358682443E+003
  0.199847808694874E+001  0.731274344076201E+000  0.375185017501201E+000  0.498702060589695E+000 -0.131028262406404E+000 -0.146710901507211E+003 -0.146710901507211E+003
  0.199616400751108E+001  0.727443857064997E+000  0.132377620338743E+000  0.499990680353960E+000 -0.131028262406404E+000 -0.146707951810675E+003 -0.146707951810675E+003
  0.199684759138871E+001  0.762613069223166E+000  0.260158798662645E+000  0.499196216609587E+000 -0.131028262406404E+000 -0.146706071926491E+003 -0.146706071926491E+003
  0.199730630926324E+001  0.742573967121393E+000  0.566796484959478E+000  0.499744608875149E+000 -0.131028262406404E+000 -0.146704355214814E+003 -0.146704355214814E+003
  0.199717125042556E+001  0.773365030693603E+000  0.245404112997265E+000  0.498923712724753E+000 -0.131028262406404E+000 -0.146707818987272E+003 -0.146707818987272E+003
  0.199475272563698E+001  0.787819830938572E+000  0.362107607296341E+000  0.499877581688792E+000 -0.131028262406404E+000 -0.146707607975396E+003 -0.146707607975396E+003
  0.199454169111242E+001  0.748813267584877E+000  0.866119891984057E+000  0.499209260566083E+000 -0.131028262406404E+000 -0.146709121659632E+003 -0.146709121659632E+003
  0.199721443108950E+001  0.761013106515814E+000  0.579638572966281E+000  0.499193985800228E+000 -0.131028262406404E+000 -0.146705707570747E+003 -0.146705707570747E+003
  0.199267732699760E+001  0.766473198792776E+000  0.221726333666684E+000  0.499352882167085E+000 -0.131028262406404E+000 -0.146709535770057E+003 -0.146709535770057E+003
  0.199335441476620E+001  0.748767401620344E+000  0.251201776742136E+000  0.499950157381048E+000 -0.131028262406404E+000 -0.146706543083437E+003 -0.146706543083437E+003
  0.199923784856441E+001  0.777141171242673E+000  0.650654091687427E+000  0.499420179975408E+000 -0.131028262406404E+000 -0.146703720355762E+003 -0.146703720355762E+003
  0.199352533563489E+001  0.749341917573958E+000  0.675172435952078E+000  0.499574844798335E+000 -0.131028262406404E+000 -0.146708232729468E+003 -0.146708232729468E+003
  0.199893270506233E+001  0.720649862650963E+000  0.694378603916729E+000  0.499985310022115E+000 -0.131028262406404E+000 -0.146707211587828E+003 -0.146707211587828E+003
  0.199417099346627E+001  0.743718813415514E+000  0.346665558097021E+000  0.499695866806399E+000 -0.131028262406404E+000 -0.146707730485239E+003 -0.146707730485239E+003
  0.199504702849011E+001  0.797963089483837E+000  0.830211479698154E+000  0.499728218191031E+000 -0.131028262406404E+000 -0.146710939094675E+003 -0.146710939094675E+003
  0.199814488051246E+001  0.786647866490861E+000  0.298467092687304E-001  0.499301953802996E+000 -0.131028262406404E+000 -0.146707173108247E+003 -0.146707173108247E+003
  0.199330560555745E+001  0.750395580984182E+000  0.948404126595609E+000  0.499622347464342E+000 -0.131028262406404E+000 -0.146708097081546E+003 -0.146708097081546E+003
  0.199572868982532E+001  0.750949343587920E+000  0.572224297589685E+000  0.499880459638148E+000 -0.131028262406404E+000 -0.146704182462213E+003 -0.146704182462213E+003
  0.199337890444453E+001  0.773927998648938E+000  0.370973156250108E+000  0.499696969264308E+000 -0.131028262406404E+000 -0.146707549295170E+003 -0.146707549295170E+003
  0.199780915932856E+001  0.730750622520581E+000  0.884306249410754E-001  0.498830454763934E+000 -0.131028262406404E+000 -0.146711111653363E+003 -0.146711111653363E+003
  0.199885498429184E+001  0.771063102771060E+000  0.648836190358282E+000  0.498536251691896E+000 -0.131028262406404E+000 -0.146707966441820E+003 -0.146707966441820E+003
  0.199710493704403E+001  0.740970955276421E+000  0.322969963348747E+000  0.499659891076041E+000 -0.131028262406404E+000 -0.146705286129547E+003 -0.146705286129547E+003
  0.199864670298992E+001  0.767720782154005E+000  0.447594644593650E+000  0.499225099266372E+000 -0.131028262406404E+000 -0.146704318639073E+003 -0.146704318639073E+003
  0.199674170190939E+001  0.745539330893142E+000  0.594898335745412E+000  0.499039754327120E+000 -0.131028262406404E+000 -0.146708115414735E+003 -0.146708115414735E+003
  0.199760867300365E+001  0.749356953778380E+000  0.109173500318369E-001  0.498160581245216E+000 -0.131028262406404E+000 -0.146711296259978E+003 -0.146711296259978E+003
  0.199708808336957E+001  0.759419288025756E+000  0.920783513386420E-002  0.499434261557229E+000 -0.131028262406404E+000 -0.146704604319277E+003 -0.146704604319277E+003
  0.199857528238977E+001  0.732587322350848E+000  0.647670150326645E+000  0.498647258101542E+000 -0.131028262406404E+000 -0.146710737690192E+003 -0.146710737690192E+003
  0.199928583117735E+001  0.734625908042164E+000  0.779281024080814E+000  0.499736715249241E+000 -0.131028262406404E+000 -0.146703903452086E+003 -0.146703903452086E+003
  0.199428863299539E+001  0.754714454462844E+000  0.830252303358349E+000  0.499743276009659E+000 -0.131028262406404E+000 -0.146706065105988E+003 -0.146706065105988E+003
  0.199724570204543E+001  0.756744236915539E+000  0.133427011172164E+000  0.498389773162171E+000 -0.131028262406404E+000 -0.146709950542676E+003 -0.146709950542676E+003
  0.199635912582345E+001  0.730017515195731E+000  0.719250525370019E+000  0.499391967891489E+000 -0.131028262406404E+000 -0.146710024488695E+003 -0.146710024488695E+003
  0.199839839518536E+001  0.756150578705200E+000  0.339828925848412E+000  0.499881097356256E+000 -0.131028262406404E+000 -0.146701070718283E+003 -0.146701070718283E+003
  0.199980529115885E+001  0.764776797523872E+000  0.982526468056031E+000  0.499853670043836E+000 -0.131028262406404E+000 -0.146699775133886E+003 -0.146699775133886E+003
  0.199801502059337E+001  0.780895427638910E+000  0.176127682068148E+000  0.498705771474634E+000 -0.131028262406404E+000 -0.146709234844311E+003 -0.146709234844311E+003
  0.199674767353789E+001  0.791596248245493E+000  0.169632781742766E-001  0.499322812521010E+000 -0.131028262406404E+000 -0.146709606408502E+003 -0.146709606408502E+003
  0.199776499698087E+001  0.738816207079547E+000  0.530600714706949E+000  0.498656446981849E+000 -0.131028262406404E+000 -0.146710156368774E+003 -0.146710156368774E+003
  0.199975720838807E+001  0.749377910348219E+000  0.414851282282205E+000  0.499259244862403E+000 -0.131028262406404E+000 -0.146703375998022E+003 -0.146703375998022E+003
  0.199911020167839E+001  0.758389182810841E+000  0.418955014059253E+000  0.498979900309589E+000 -0.131028262406404E+000 -0.146704936165298E+003 -0.146704936165298E+003
  0.199790624136528E+001  0.738291270832336E+000  0.959797282740349E+000  0.499966530117574E+000 -0.131028262406404E+000 -0.146703391188657E+003 -0.146703391188657E+003
  0.199963409119986E+001  0.800342201438428E+000  0.968932419089564E+000  0.499545062534469E+000 -0.131028262406404E+000 -0.146708589252020E+003 -0.146708589252020E+003
  0.199896644409083E+001  0.778736182306347E+000  0.529671953466212E+000  0.499388372033532E+000 -0.131028262406404E+000 -0.146704392177498E+003 -0.146704392177498E+003
  0.199794640804640E+001  0.742708175770074E+000  0.889557629729349E+000  0.499818987083209E+000 -0.131028262406404E+000 -0.146703277344039E+003 -0.146703277344039E+003
  0.199993260040617E+001  0.802388010848929E+000  0.180698481836730E+000  0.499820978425701E+000 -0.131028262406404E+000 -0.146707640584511E+003 -0.146707640584511E+003
  0.199692856850706E+001  0.750616867467116E+000  0.341420115158344E+000  0.499927820992499E+000 -0.131028262406404E+000 -0.146702730054643E+003 -0.146702730054643E+003
  0.198921123254115E+001  0.754601676005076E+000  0.890111554493150E+000  0.499983432073661E+000 -0.131028262406404E+000 -0.146710104238398E+003 -0.146710104238398E+003
  0.199546159574583E+001  0.788715400652029E+000  0.576580596258619E+000  0.499181739474021E+000 -0.131028262406404E+000 -0.146710801526904E+003 -0.146710801526904E+003
  0.199949365236482E+001  0.744849342768941E+000  0.755809775188963E+000  0.499023907415517E+000 -0.131028262406404E+000 -0.146705408746576E+003 -0.146705408746576E+003
  0.199998356044232E+001  0.768191042365591E+000  0.875585977336525E+000  0.498974436247838E+000 -0.131028262406404E+000 -0.146704339982066E+003 -0.146704339982066E+003
  0.199987077750307E+001  0.761646572787589E+000  0.920803079146462E+000  0.499160123392161E+000 -0.131028262406404E+000 -0.146703222480293E+003 -0.146703222480293E+003
  0.199476272107538E+001  0.742085880529519E+000  0.892043876701351E+000  0.499348071556693E+000 -0.131028262406404E+000 -0.146709176633318E+003 -0.146709176633318E+003
  0.199707454381078E+001  0.785938531964383E+000  0.222611880474134E+000  0.499460248334405E+000 -0.131028262406404E+000 -0.146707186085019E+003 -0.146707186085019E+003
  0.199393473240213E+001  0.754785994981666E+000  0.426747876774266E+000  0.498927082662419E+000 -0.131028262406404E+000 -0.146710664709668E+003 -0.146710664709668E+003
  0.199465836029512E+001  0.735361858756659E+000  0.806783731475126E+000  0.499791474036791E+000 -0.131028262406404E+000 -0.146708426993226E+003 -0.146708426993226E+003
  0.199711991655715E+001  0.743282427465186E+000  0.484138092377224E+000  0.499013600025348E+000 -0.131028262406404E+000 -0.146708194719651E+003 -0.146708194719651E+003
  0.199847683357164E+001  0.779353767442920E+000  0.407729063359778E+000  0.498902370055419E+000 -0.131028262406404E+000 -0.146707497458449E+003 -0.146707497458449E+003
  0.199427325378853E+001  0.761817865552141E+000  0.819597924602057E+000  0.499588614131851E+000 -0.131028262406404E+000 -0.146706625808181E+003 -0.146706625808181E+003
  0.199733392846923E+001  0.792342947130709E+000  0.540431269868554E+000  0.499587670492889E+000 -0.131028262406404E+000 -0.146707886422105E+003 -0.146707886422105E+003
  0.199651176724573E+001  0.760776314973778E+000  0.900751621822995E+000  0.499042452915051E+000 -0.131028262406404E+000 -0.146707205934060E+003 -0.146707205934060E+003
  0.199763099259008E+001  0.789371482602445E+000  0.281189234468409E+000  0.498948694427293E+000 -0.131028262406404E+000 -0.146710163776361E+003 -0.146710163776361E+003
  0.199214708105357E+001  0.749730758078462E+000  0.625248291145121E+000  0.499932401517463E+000 -0.131028262406404E+000 -0.146707784773523E+003 -0.146707784773523E+003
  0.199215395141307E+001  0.743721918965432E+000  0.160293293415473E+000  0.499709962606034E+000 -0.131028262406404E+000 -0.146709805471072E+003 -0.146709805471072E+003
  0.199877534369030E+001  0.762526023394948E+000  0.840909986466749E+000  0.499542226895953E+000 -0.131028262406404E+000 -0.146702346913283E+003 -0.146702346913283E+003
  0.199991047874952E+001  0.758331277711701E+000  0.443793833643724E+000  0.498832897402300E+000 -0.131028262406404E+000 -0.146704892176550E+003 -0.146704892176550E+003
  0.199966716284994E+001  0.745475919515656E+000  0.390694727354805E+000  0.499173137141138E+000 -0.131028262406404E+000 -0.146704372812366E+003 -0.146704372812366E+003
  0.199599639165168E+001  0.727826677220474E+000  0.485019274038460E+000  0.499484948979194E+000 -0.131028262406404E+000 -0.146710592254792E+003 -0.146710592254792E+003
  0.199448509328989E+001  0.760442523128183E+000  0.183205279984491E+000  0.498858044933066E+000 -0.131028262406404E+000 -0.146710229461881E+003 -0.146710229461881E+003
  0.199716029952560E+001  0.728965676363162E+000  0.941146515008189E+000  0.499850271439528E+000 -0.131028262406404E+000 -0.146707117007985E+003 -0.146707117007985E+003
  0.199403075359377E+001  0.793822428177967E+000  0.785326091327874E+000  0.499962249669654E+000 -0.131028262406404E+000 -0.146709384175814E+003 -0.146709384175814E+003
