  0.525746911852707E+000  0.120907520057756E+001  0.637814919086813E+000  0.498881601996168E+000 -0.131028262406404E+000 -0.166596488181372E+003 -0.166596488181372E+003
  0.540898142581924E+000  0.123399807324211E+001  0.671421501082070E+000  0.498353031080515E+000 -0.131028262406404E+000 -0.166596116269628E+003 -0.166596116269628E+003
  0.521519081111822E+000  0.125810285063576E+001  0.609886328670263E+000  0.499404251089996E+000 -0.131028262406404E+000 -0.166596261936944E+003 -0.166596261936944E+003
  0.539427037261838E+000  0.122908893252547E+001  0.530154685523803E+000  0.497941902141078E+000 -0.131028262406404E+000 -0.166596161450217E+003 -0.166596161450217E+003
  0.544047797111555E+000  0.120740658325408E+001  0.576391598341163E+000  0.499889593859660E+000 -0.131028262406404E+000 -0.166596226469905E+003 -0.166596226469905E+003
  0.541420900896137E+000  0.123528629064306E+001  0.567758275209915E+000  0.498003221108983E+000 -0.131028262406404E+000 -0.166596177180802E+003 -0.166596177180802E+003
  0.520620602421291E+000  0.124074122325113E+001  0.657895969527129E+000  0.499991227123469E+000 -0.131028262406404E+000 -0.166596180492585E+003 -0.166596180492585E+003
  0.544081189461233E+000  0.123128003442175E+001  0.575783458815223E+000  0.498859653852051E+000 -0.131028262406404E+000 -0.166596142694933E+003 -0.166596142694933E+003
  0.515144408928518E+000  0.123758067109449E+001  0.585092236910399E+000  0.499779808786673E+000 -0.131028262406404E+000 -0.166596624674129E+003 -0.166596624674129E+003
  0.547952350874363E+000  0.122973934192168E+001  0.527422603307974E+000  0.497461757018436E+000 -0.131028262406404E+000 -0.166596479233197E+003 -0.166596479233197E+003
  0.531846450407054E+000  0.123348985241211E+001  0.666539494971444E+000  0.496515387755266E+000 -0.131028262406404E+000 -0.166596410149770E+003 -0.166596410149770E+003
  0.549160041673758E+000  0.125393042314916E+001  0.671946102120890E+000  0.497791760787502E+000 -0.131028262406404E+000 -0.166596651812442E+003 -0.166596651812442E+003
  0.535301086963932E+000  0.124542533811167E+001  0.651650646787743E+000  0.497718135886376E+000 -0.131028262406404E+000 -0.166596172684205E+003 -0.166596172684205E+003
  0.544960291684483E+000  0.119747357988423E+001  0.653238328522813E+000  0.499857081646716E+000 -0.131028262406404E+000 -0.166596434823901E+003 -0.166596434823901E+003
  0.520916448010857E+000  0.122401468481052E+001  0.666023842556013E+000  0.499581205341867E+000 -0.131028262406404E+000 -0.166596389562261E+003 -0.166596389562261E+003
  0.551377870471358E+000  0.124630350589847E+001  0.619529667739659E+000  0.499990666851710E+000 -0.131028262406404E+000 -0.166596452407783E+003 -0.166596452407783E+003
  0.545088289374322E+000  0.122110336778862E+001  0.660889570226961E+000  0.497132163864256E+000 -0.131028262406404E+000 -0.166596432978938E+003 -0.166596432978938E+003
  0.539048932126296E+000  0.125782942682852E+001  0.671963871530260E+000  0.495970091433149E+000 -0.131028262406404E+000 -0.166596603862258E+003 -0.166596603862258E+003
  0.536248942091996E+000  0.124996837917859E+001  0.589361299751864E+000  0.498169208661988E+000 -0.131028262406404E+000 -0.166596123080107E+003 -0.166596123080107E+003
  0.527887549324106E+000  0.121306742789695E+001  0.533302798195064E+000  0.497068350006199E+000 -0.131028262406404E+000 -0.166596623828069E+003 -0.166596623828069E+003
  0.546444466668736E+000  0.121888718451031E+001  0.539221883077228E+000  0.496802676948366E+000 -0.131028262406404E+000 -0.166596531786433E+003 -0.166596531786433E+003
  0.527098442037325E+000  0.125712388082643E+001  0.604886557974061E+000  0.498930917071111E+000 -0.131028262406404E+000 -0.166596132791391E+003 -0.166596132791391E+003
  0.529832001467565E+000  0.122892284239219E+001  0.666565844915501E+000  0.496964255119933E+000 -0.131028262406404E+000 -0.166596403748605E+003 -0.166596403748605E+003
  0.530587083149840E+000  0.128463927852897E+001  0.571263345219219E+000  0.498586975309935E+000 -0.131028262406404E+000 -0.166596564609068E+003 -0.166596564609068E+003
