  0.604219922029452E+000  0.199476393541297E+001  0.969195971134105E-001  0.496681351747646E+000 -0.131028262406404E+000 -0.148548795694297E+003 -0.148548795694297E+003 -0.148560386303033E+003
  0.620329469167890E+000  0.199103279139013E+001  0.247674153673099E+000  0.493861513029191E+000 -0.131028262406404E+000 -0.148551308628221E+003 -0.148551308628221E+003 -0.148552976483346E+003
  0.636808796613456E+000  0.199387740056315E+001  0.315496812358855E+000  0.496335656103050E+000 -0.131028262406404E+000 -0.148547425693401E+003 -0.148547425693401E+003 -0.148561482460788E+003
  0.694803948482673E+000  0.199800819941438E+001  0.656814720490745E+000  0.495955042008470E+000 -0.131028262406404E+000 -0.148551234684788E+003 -0.148551234684788E+003 -0.148563121934592E+003
  0.610737841156179E+000  0.199336548317147E+001  0.866907264905108E+000  0.494004100356121E+000 -0.131028262406404E+000 -0.148550789019333E+003 -0.148550789019333E+003 -0.148569134457903E+003
  0.621809824502776E+000  0.198954219162958E+001  0.680513369248195E+000  0.496214831944005E+000 -0.131028262406404E+000 -0.148550344299713E+003 -0.148550344299713E+003 -0.148555793879347E+003
  0.659996677913137E+000  0.199297576248454E+001  0.956461484820806E+000  0.496175806819293E+000 -0.131028262406404E+000 -0.148549054430866E+003 -0.148549054430866E+003 -0.148553539903153E+003
  0.669917454804309E+000  0.199148163558862E+001  0.717708894632613E+000  0.495741113358906E+000 -0.131028262406404E+000 -0.148551302639238E+003 -0.148551302639238E+003 -0.148578583429005E+003
  0.629312453456195E+000  0.199495031269375E+001  0.332845186366216E+000  0.498593676918057E+000 -0.131028262406404E+000 -0.148545344215429E+003 -0.148545344215429E+003 -0.148567605860371E+003
  0.679748357428879E+000  0.199454298620139E+001  0.118048276545629E-001  0.493485090305817E+000 -0.131028262406404E+000 -0.148552118108499E+003 -0.148552118108499E+003 -0.148558979603711E+003
  0.626584353114325E+000  0.199477977229373E+001  0.981708013267501E+000  0.494619087890042E+000 -0.131028262406404E+000 -0.148548380233723E+003 -0.148548380233723E+003 -0.148562773094209E+003
  0.618786759231770E+000  0.199136378001920E+001  0.335166191986591E+000  0.496386952679592E+000 -0.131028262406404E+000 -0.148549406968858E+003 -0.148549406968858E+003 -0.148563629450778E+003
  0.602315490980961E+000  0.199448813033642E+001  0.579872504305111E+000  0.498295803496395E+000 -0.131028262406404E+000 -0.148547950908615E+003 -0.148547950908615E+003 -0.148553439694114E+003
  0.674884698792083E+000  0.199237272618369E+001  0.611407606417516E-001  0.494998191219665E+000 -0.131028262406404E+000 -0.148551861196675E+003 -0.148551861196675E+003 -0.148557173596639E+003
  0.662381201607004E+000  0.199955103998106E+001  0.404885011021471E+000  0.488998329702557E+000 -0.131028262406404E+000 -0.148549970245430E+003 -0.148549970245430E+003 -0.148553256819441E+003
  0.648213458108237E+000  0.198606782067636E+001  0.755904481583294E+000  0.497538950940014E+000 -0.131028262406404E+000 -0.148551486052800E+003 -0.148551486052800E+003 -0.148553399938387E+003
  0.633081179390571E+000  0.199505892060254E+001  0.484950223054097E+000  0.498116922354717E+000 -0.131028262406404E+000 -0.148545542251100E+003 -0.148545542251100E+003 -0.148566636655208E+003
  0.658414626000860E+000  0.199367383028260E+001  0.261375044151141E+000  0.498673626925228E+000 -0.131028262406404E+000 -0.148546904214857E+003 -0.148546904214857E+003 -0.148556215923900E+003
  0.574315576832380E+000  0.199949578321247E+001  0.352341031541075E+000  0.497820193527484E+000 -0.131028262406404E+000 -0.148551122490701E+003 -0.148551122490701E+003 -0.148557898930108E+003
  0.675404395072671E+000  0.199438997719950E+001  0.654865887454371E+000  0.498961158616237E+000 -0.131028262406404E+000 -0.148548307822859E+003 -0.148548307822859E+003 -0.148552822604286E+003
  0.592607153369908E+000  0.199519612393104E+001  0.725496350209120E-001  0.496056087832628E+000 -0.131028262406404E+000 -0.148550805145475E+003 -0.148550805145475E+003 -0.148561309172628E+003
  0.639697292849349E+000  0.199779333284411E+001  0.676689871332360E-001  0.493991447279717E+000 -0.131028262406404E+000 -0.148546839210445E+003 -0.148546839210445E+003 -0.148552769275484E+003
  0.663980641457937E+000  0.199711778293029E+001  0.678597537817265E+000  0.498615172451320E+000 -0.131028262406404E+000 -0.148545360994080E+003 -0.148545360994080E+003 -0.148552817805286E+003
  0.622896017233232E+000  0.199940245802331E+001  0.677552499721200E+000  0.492143306355801E+000 -0.131028262406404E+000 -0.148547921072818E+003 -0.148547921072818E+003 -0.148570615426812E+003
  0.628732248375000E+000  0.199824803148745E+001  0.395308644011635E+000  0.494828046365432E+000 -0.131028262406404E+000 -0.148546238398113E+003 -0.148546238398113E+003 -0.148556482643832E+003
  0.618177976329699E+000  0.198484922140872E+001  0.357493315580852E+000  0.498715665706308E+000 -0.131028262406404E+000 -0.148551361496232E+003 -0.148551361496232E+003 -0.148555080024785E+003
  0.617850664573673E+000  0.199452960649552E+001  0.251608694883409E+000  0.490234579992649E+000 -0.131028262406404E+000 -0.148552296010530E+003 -0.148552296010530E+003 -0.148552606127935E+003
  0.649339922335689E+000  0.198933459348731E+001  0.164431301875760E+000  0.494219579448499E+000 -0.131028262406404E+000 -0.148551753060518E+003 -0.148551753060518E+003 -0.148566925242539E+003
  0.625874623623921E+000  0.199437217840075E+001  0.640558996410519E+000  0.498694008658458E+000 -0.131028262406404E+000 -0.148545711062307E+003 -0.148545711062307E+003 -0.148552893460067E+003
  0.622680249872686E+000  0.199471735580541E+001  0.693307296746023E+000  0.490205697219233E+000 -0.131028262406404E+000 -0.148551836536794E+003 -0.148551836536794E+003 -0.148560410255421E+003
  0.655966287230963E+000  0.198910286558637E+001  0.309261181343099E+000  0.497666624606477E+000 -0.131028262406404E+000 -0.148550115980460E+003 -0.148550115980460E+003 -0.148558659663842E+003
  0.612214242485368E+000  0.199526091410716E+001  0.556225532056304E+000  0.496486941160891E+000 -0.131028262406404E+000 -0.148547783076042E+003 -0.148547783076042E+003 -0.148554480870648E+003
  0.596015524547148E+000  0.198988680265083E+001  0.746788736598046E+000  0.497131041710522E+000 -0.131028262406404E+000 -0.148552109640234E+003 -0.148552109640234E+003 -0.148559109812590E+003
  0.649028928315890E+000  0.199033864448487E+001  0.818636983210486E+000  0.497036069370752E+000 -0.131028262406404E+000 -0.148549313773815E+003 -0.148549313773815E+003 -0.148555120322020E+003
  0.648554568643812E+000  0.198771143537279E+001  0.517054557689545E+000  0.498325865170540E+000 -0.131028262406404E+000 -0.148550017624297E+003 -0.148550017624297E+003 -0.148553518556143E+003
  0.687187057410990E+000  0.199957298947220E+001  0.607831989317633E+000  0.490180229621025E+000 -0.131028262406404E+000 -0.148552108614226E+003 -0.148552108614226E+003 -0.148557671576646E+003
  0.655836156135291E+000  0.198927286345040E+001  0.856252160082635E+000  0.498237617167751E+000 -0.131028262406404E+000 -0.148549642009996E+003 -0.148549642009996E+003 -0.148554741905414E+003
  0.635167341277742E+000  0.198176885506769E+001  0.183605537097389E+000  0.499993844521222E+000 -0.131028262406404E+000 -0.148551951956962E+003 -0.148551951956962E+003 -0.148560362857733E+003
  0.667954133170879E+000  0.199872400368539E+001  0.442600326695115E+000  0.497748277060616E+000 -0.131028262406404E+000 -0.148545349881654E+003 -0.148545349881654E+003 -0.148557726646243E+003
  0.616494176431099E+000  0.199939259754576E+001  0.491287357791664E+000  0.495740719741853E+000 -0.131028262406404E+000 -0.148545753953836E+003 -0.148545753953836E+003 -0.148553203624543E+003
  0.576913088292086E+000  0.199957477322153E+001  0.628074044038176E+000  0.498460614935658E+000 -0.131028262406404E+000 -0.148549929637200E+003 -0.148549929637200E+003 -0.148563115906963E+003
  0.640594311975715E+000  0.199845585025732E+001  0.212434758441617E+000  0.499018347978659E+000 -0.131028262406404E+000 -0.148542959170419E+003 -0.148542959170419E+003 -0.148555672101084E+003
  0.628331432846299E+000  0.199572004588373E+001  0.691917602411776E+000  0.494964806404384E+000 -0.131028262406404E+000 -0.148547541588953E+003 -0.148547541588953E+003 -0.148556040280313E+003
  0.639115603742190E+000  0.199622414877380E+001  0.312385223868554E+000  0.491175124394147E+000 -0.131028262406404E+000 -0.148549682865164E+003 -0.148549682865164E+003 -0.148553236963739E+003
  0.623506240345466E+000  0.199948959044810E+001  0.430562621365415E+000  0.492721446735618E+000 -0.131028262406404E+000 -0.148547403454525E+003 -0.148547403454525E+003 -0.148567752720349E+003
  0.662740018101650E+000  0.199673974393804E+001  0.111966824067749E+000  0.491249157579998E+000 -0.131028262406404E+000 -0.148550180078621E+003 -0.148550180078621E+003 -0.148557427375641E+003
  0.696769209192200E+000  0.199773500706420E+001  0.300718657613534E+000  0.496105292800786E+000 -0.131028262406404E+000 -0.148551755518768E+003 -0.148551755518768E+003 -0.148553673850134E+003
  0.641374374186686E+000  0.199501634385833E+001  0.173972336232934E+000  0.488362461556083E+000 -0.131028262406404E+000 -0.148552284585575E+003 -0.148552284585575E+003 -0.148557176117801E+003
  0.648839021675085E+000  0.199316136940798E+001  0.338126802658522E+000  0.492542275653041E+000 -0.131028262406404E+000 -0.148550613403542E+003 -0.148550613403542E+003 -0.148554060900105E+003
  0.647361873272615E+000  0.199879903456745E+001  0.443772822178103E+000  0.493727857387989E+000 -0.131028262406404E+000 -0.148546537719613E+003 -0.148546537719613E+003 -0.148553051497804E+003
  0.695860073754906E+000  0.199640206432429E+001  0.689566010038517E-001  0.499446547707891E+000 -0.131028262406404E+000 -0.148550606529365E+003 -0.148550606529365E+003 -0.148569862506742E+003
  0.647621984044567E+000  0.199767743927926E+001  0.117314401324584E+000  0.498385642416208E+000 -0.131028262406404E+000 -0.148544022885695E+003 -0.148544022885695E+003 -0.148561412621264E+003
  0.634728967743263E+000  0.198958533168314E+001  0.575602463653661E+000  0.499316287748496E+000 -0.131028262406404E+000 -0.148547836614397E+003 -0.148547836614397E+003 -0.148556407373248E+003
  0.681591189794159E+000  0.199975453759430E+001  0.400531230715108E+000  0.499383806445093E+000 -0.131028262406404E+000 -0.148545611687059E+003 -0.148545611687059E+003 -0.148555533247049E+003
  0.645591513519463E+000  0.199088566967406E+001  0.580429420613304E+000  0.499650894028000E+000 -0.131028262406404E+000 -0.148547108153151E+003 -0.148547108153151E+003 -0.148568258090512E+003
  0.597148896759378E+000  0.199917171850127E+001  0.219974687757545E+000  0.495878356154406E+000 -0.131028262406404E+000 -0.148548190727534E+003 -0.148548190727534E+003 -0.148557169025731E+003
  0.593613187567574E+000  0.199491347136467E+001  0.542710736129555E+000  0.494127438095232E+000 -0.131028262406404E+000 -0.148552287517871E+003 -0.148552287517871E+003 -0.148557451687537E+003
  0.654015860165762E+000  0.199551626424514E+001  0.425008043411255E+000  0.494977695009802E+000 -0.131028262406404E+000 -0.148547876960941E+003 -0.148547876960941E+003 -0.148591388610706E+003
  0.665068443905444E+000  0.199901643064660E+001  0.179172118993948E-001  0.492233899679339E+000 -0.131028262406404E+000 -0.148548396221842E+003 -0.148548396221842E+003 -0.148556985001757E+003
  0.622264863139874E+000  0.199883051684717E+001  0.879285527278086E+000  0.495262995960644E+000 -0.131028262406404E+000 -0.148545959681670E+003 -0.148545959681670E+003 -0.148555534676347E+003
  0.588285968835365E+000  0.199093426141575E+001  0.304774356401138E+000  0.498744946190491E+000 -0.131028262406404E+000 -0.148551601709567E+003 -0.148551601709567E+003 -0.148562508770188E+003
  0.567505739202777E+000  0.199923642181508E+001  0.457716496700922E+000  0.499683179860794E+000 -0.131028262406404E+000 -0.148551448689634E+003 -0.148551448689634E+003 -0.148552501732370E+003
  0.613747462610826E+000  0.199664752417838E+001  0.755854696397198E+000  0.498192203168871E+000 -0.131028262406404E+000 -0.148545622281387E+003 -0.148545622281387E+003 -0.148557757672363E+003
  0.581504851522494E+000  0.199271584981576E+001  0.480134905871942E+000  0.499710641283601E+000 -0.131028262406404E+000 -0.148551251371061E+003 -0.148551251371061E+003 -0.148556392849486E+003
  0.648312367745758E+000  0.199030714564963E+001  0.756761449945983E+000  0.494837032642014E+000 -0.131028262406404E+000 -0.148550734436594E+003 -0.148550734436594E+003 -0.148554888394348E+003
  0.669119462406286E+000  0.199521174268299E+001  0.390317912416120E+000  0.496479966397580E+000 -0.131028262406404E+000 -0.148548444485812E+003 -0.148548444485812E+003 -0.148557787520532E+003
  0.642220855808847E+000  0.199622430024642E+001  0.163942001520203E+000  0.499784166009776E+000 -0.131028262406404E+000 -0.148543755312511E+003 -0.148543755312511E+003 -0.148562407951871E+003
  0.627616442931831E+000  0.199811253834347E+001  0.783104995175140E+000  0.494587251657428E+000 -0.131028262406404E+000 -0.148546537205251E+003 -0.148546537205251E+003 -0.148556362515791E+003
  0.604365329010983E+000  0.199325326769587E+001  0.600275417704512E+000  0.493004237665399E+000 -0.131028262406404E+000 -0.148552356725711E+003 -0.148552356725711E+003 -0.148571417240153E+003
  0.647160060489869E+000  0.199089619875215E+001  0.886400483598057E+000  0.492714851416305E+000 -0.131028262406404E+000 -0.148551744031118E+003 -0.148551744031118E+003 -0.148567836377125E+003
  0.642800629942861E+000  0.198583590060355E+001  0.222137389475369E+000  0.496098978189977E+000 -0.131028262406404E+000 -0.148552311407963E+003 -0.148552311407963E+003 -0.148555568807968E+003
  0.656647596203258E+000  0.199716547474175E+001  0.523457915206743E+000  0.498959545592795E+000 -0.131028262406404E+000 -0.148544457948603E+003 -0.148544457948603E+003 -0.148555776787826E+003
  0.660293872079998E+000  0.198781684237514E+001  0.237984379022726E+000  0.496797685765680E+000 -0.131028262406404E+000 -0.148551832144462E+003 -0.148551832144462E+003 -0.148552862966219E+003
  0.621650246393896E+000  0.198835111578545E+001  0.525877578994967E+000  0.495735953185868E+000 -0.131028262406404E+000 -0.148551346989240E+003 -0.148551346989240E+003 -0.148555958659598E+003
  0.663288006933534E+000  0.199639421823012E+001  0.777564115622873E+000  0.499961829694646E+000 -0.131028262406404E+000 -0.148544880445858E+003 -0.148544880445858E+003 -0.148558981672787E+003
  0.684076402010829E+000  0.199781587208132E+001  0.468893548757063E-002  0.492607556706273E+000 -0.131028262406404E+000 -0.148551269567904E+003 -0.148551269567904E+003 -0.148554904755559E+003
  0.643620774589481E+000  0.199660335215917E+001  0.668696675649298E+000  0.498532996513531E+000 -0.131028262406404E+000 -0.148544424128112E+003 -0.148544424128112E+003 -0.148554304442210E+003
  0.638329522040010E+000  0.199947695845342E+001  0.232607893654387E+000  0.499895485558029E+000 -0.131028262406404E+000 -0.148541739240001E+003 -0.148541739240001E+003 -0.148555156126815E+003
  0.664715728388713E+000  0.199960495961579E+001  0.581003721053366E+000  0.487697636182310E+000 -0.131028262406404E+000 -0.148550951652395E+003 -0.148550951652395E+003 -0.148560172559935E+003
  0.608032669466254E+000  0.199949132731962E+001  0.311202685730776E+000  0.493841020290128E+000 -0.131028262406404E+000 -0.148548056120460E+003 -0.148548056120460E+003 -0.148554320547648E+003
  0.602937150523411E+000  0.199756170683318E+001  0.156492018047974E+000  0.493028203264275E+000 -0.131028262406404E+000 -0.148550348485685E+003 -0.148550348485685E+003 -0.148559453666683E+003
  0.680273839381930E+000  0.199272409208802E+001  0.898903244814565E+000  0.499098341426473E+000 -0.131028262406404E+000 -0.148550089521681E+003 -0.148550089521681E+003 -0.148555232354831E+003
  0.620339385986986E+000  0.198924842493130E+001  0.598352133342300E+000  0.495207824331627E+000 -0.131028262406404E+000 -0.148551307029685E+003 -0.148551307029685E+003 -0.148558381727164E+003
  0.642426004013068E+000  0.198790447946051E+001  0.189870189528900E+000  0.498762323174107E+000 -0.131028262406404E+000 -0.148549336740915E+003 -0.148549336740915E+003 -0.148554767601607E+003
  0.598565323386027E+000  0.199417840622512E+001  0.936403218520744E+000  0.498940630657599E+000 -0.131028262406404E+000 -0.148548131379868E+003 -0.148548131379868E+003 -0.148570513538080E+003
  0.650631141101664E+000  0.199144199031973E+001  0.151658914751021E+000  0.493702812039724E+000 -0.131028262406404E+000 -0.148550920471694E+003 -0.148550920471694E+003 -0.148565629478039E+003
  0.603889443911667E+000  0.199712184240950E+001  0.839361211397604E-001  0.494438315883311E+000 -0.131028262406404E+000 -0.148549347503025E+003 -0.148549347503025E+003 -0.148562950446206E+003
  0.660582530009477E+000  0.198993785610825E+001  0.794166149390921E+000  0.495373127874801E+000 -0.131028262406404E+000 -0.148551449793525E+003 -0.148551449793525E+003 -0.148555153744833E+003
  0.647340754863467E+000  0.198751662172822E+001  0.563065146552392E-001  0.498335335479267E+000 -0.131028262406404E+000 -0.148550060936647E+003 -0.148550060936647E+003 -0.148554994961252E+003
  0.658881545027813E+000  0.199474454026585E+001  0.257613989354000E+000  0.489283761587992E+000 -0.131028262406404E+000 -0.148552334852758E+003 -0.148552334852758E+003 -0.148553569427033E+003
  0.636465684443488E+000  0.198657679632196E+001  0.275622875222694E+000  0.496273672735846E+000 -0.131028262406404E+000 -0.148551637856121E+003 -0.148551637856121E+003 -0.148557495216836E+003
  0.642227125646987E+000  0.199556318086740E+001  0.690358244200449E+000  0.497587255260246E+000 -0.131028262406404E+000 -0.148545644217234E+003 -0.148545644217234E+003 -0.148573787167732E+003
  0.654735888793959E+000  0.199528083068602E+001  0.462153322334282E-001  0.493434374703027E+000 -0.131028262406404E+000 -0.148549069955736E+003 -0.148549069955736E+003 -0.148554946583918E+003
  0.656001641426849E+000  0.199235749474482E+001  0.180828720452374E+000  0.498509827849085E+000 -0.131028262406404E+000 -0.148547608777684E+003 -0.148547608777684E+003 -0.148553717826575E+003
  0.675723701736286E+000  0.199778584365559E+001  0.990832094409330E+000  0.496089537382127E+000 -0.131028262406404E+000 -0.148547942853343E+003 -0.148547942853343E+003 -0.148552798586238E+003
  0.677828050805110E+000  0.199819285402166E+001  0.844035054966897E+000  0.498798759651829E+000 -0.131028262406404E+000 -0.148546355005661E+003 -0.148546355005661E+003 -0.148557826290356E+003
  0.599738945746374E+000  0.199653311862172E+001  0.905137995890727E+000  0.497752867788824E+000 -0.131028262406404E+000 -0.148547666219755E+003 -0.148547666219755E+003 -0.148556435495103E+003
  0.641435408826680E+000  0.199555757465524E+001  0.511176055981255E+000  0.499934078964845E+000 -0.131028262406404E+000 -0.148544024960939E+003 -0.148544024960939E+003 -0.148554760689086E+003
  0.599940342625763E+000  0.198784092017786E+001  0.618973673676175E+000  0.497630005554870E+000 -0.131028262406404E+000 -0.148552237256511E+003 -0.148552237256511E+003 -0.148566611159563E+003
  0.697458720815752E+000  0.199488886037595E+001  0.613885910539386E+000  0.499364623380767E+000 -0.131028262406404E+000 -0.148552040519831E+003 -0.148552040519831E+003 -0.148558003017098E+003
  0.667393522885617E+000  0.199387538840609E+001  0.398352521109613E+000  0.499837329377873E+000 -0.131028262406404E+000 -0.148546996987403E+003 -0.148546996987403E+003 -0.148568353852990E+003
  0.621087410186824E+000  0.199068088841413E+001  0.668242998115883E+000  0.498489249991782E+000 -0.131028262406404E+000 -0.148548130198354E+003 -0.148548130198354E+003 -0.148569416309226E+003
  0.610078448773008E+000  0.199499170778550E+001  0.381746108989504E+000  0.495208304409812E+000 -0.131028262406404E+000 -0.148549105134708E+003 -0.148549105134708E+003 -0.148562019704938E+003
  0.631913585622183E+000  0.198967799887854E+001  0.931560194061320E+000  0.493878049400164E+000 -0.131028262406404E+000 -0.148551542167922E+003 -0.148551542167922E+003 -0.148553543834618E+003
  0.638467718793322E+000  0.199173675623192E+001  0.867109574187141E-001  0.494529439739815E+000 -0.131028262406404E+000 -0.148549883664282E+003 -0.148549883664282E+003 -0.148555496203493E+003
  0.584321945483634E+000  0.199594122825327E+001  0.827688706057098E+000  0.496945961668474E+000 -0.131028262406404E+000 -0.148551294177896E+003 -0.148551294177896E+003 -0.148553398987084E+003
  0.626895201914122E+000  0.199995291192327E+001  0.135965882388133E-002  0.494209311243389E+000 -0.131028262406404E+000 -0.148545851121779E+003 -0.148545851121779E+003 -0.148559518990853E+003
  0.583738791493399E+000  0.199544253867354E+001  0.423997931828383E+000  0.496815583149432E+000 -0.131028262406404E+000 -0.148551762785642E+003 -0.148551762785642E+003 -0.148554781359891E+003
  0.636922854650613E+000  0.199356775782442E+001  0.416651505271110E+000  0.493165795554626E+000 -0.131028262406404E+000 -0.148549794691957E+003 -0.148549794691957E+003 -0.148553569631744E+003
  0.621160003242614E+000  0.199027792282416E+001  0.813181436213783E+000  0.497403320248070E+000 -0.131028262406404E+000 -0.148549126052430E+003 -0.148549126052430E+003 -0.148553005272633E+003
  0.664847464136427E+000  0.199805036777270E+001  0.908161085616868E+000  0.493405785165652E+000 -0.131028262406404E+000 -0.148548200650229E+003 -0.148548200650229E+003 -0.148554731511419E+003
  0.607235967848460E+000  0.198578011738876E+001  0.241217300287200E+000  0.498488401725860E+000 -0.131028262406404E+000 -0.148551853884078E+003 -0.148551853884078E+003 -0.148555132251652E+003
  0.647545675865516E+000  0.198625230181222E+001  0.782982612075870E+000  0.499888119831736E+000 -0.131028262406404E+000 -0.148549832962431E+003 -0.148549832962431E+003 -0.148552630024796E+003
  0.605231859834445E+000  0.199969268290419E+001  0.962000234631684E+000  0.489134531926774E+000 -0.131028262406404E+000 -0.148551980989029E+003 -0.148551980989029E+003 -0.148583275585813E+003
  0.643960564041232E+000  0.199738246492593E+001  0.394810326535548E+000  0.490250103495654E+000 -0.131028262406404E+000 -0.148549675119971E+003 -0.148549675119971E+003 -0.148571545939097E+003
  0.673689034106447E+000  0.199860435962134E+001  0.685912617291583E+000  0.497991959293214E+000 -0.131028262406404E+000 -0.148545985859633E+003 -0.148545985859633E+003 -0.148558703774585E+003
  0.655501443477273E+000  0.199672786929046E+001  0.697930165316041E+000  0.496397358340706E+000 -0.131028262406404E+000 -0.148546318897566E+003 -0.148546318897566E+003 -0.148553382028775E+003
  0.623191101173846E+000  0.199592772508040E+001  0.741336538232557E+000  0.490593449511762E+000 -0.131028262406404E+000 -0.148550878699802E+003 -0.148550878699802E+003 -0.148556489577086E+003
  0.624991667275364E+000  0.199411728118507E+001  0.237297451707537E+000  0.499531541862278E+000 -0.131028262406404E+000 -0.148545288200116E+003 -0.148545288200116E+003 -0.148565964204238E+003
  0.633796989873605E+000  0.199408407169248E+001  0.953460454090402E+000  0.498952924291504E+000 -0.131028262406404E+000 -0.148545503207434E+003 -0.148545503207434E+003 -0.148555476499405E+003
  0.594445712896261E+000  0.199821776898894E+001  0.419138398531608E+000  0.492425745704635E+000 -0.131028262406404E+000 -0.148551855257632E+003 -0.148551855257632E+003 -0.148552745095316E+003
  0.659597092585190E+000  0.199541080098385E+001  0.950347533290485E+000  0.497298476664017E+000 -0.131028262406404E+000 -0.148546831384253E+003 -0.148546831384253E+003 -0.148563237856188E+003
  0.662516193374517E+000  0.199295691705219E+001  0.840275295153178E+000  0.496954676815904E+000 -0.131028262406404E+000 -0.148548810807788E+003 -0.148548810807788E+003 -0.148557153469551E+003
  0.676194785376952E+000  0.199035658097219E+001  0.124429303939781E+000  0.496775694555323E+000 -0.131028262406404E+000 -0.148552281910196E+003 -0.148552281910196E+003 -0.148559629045736E+003
  0.613703158338423E+000  0.199953279771451E+001  0.274602618794342E+000  0.499695831225315E+000 -0.131028262406404E+000 -0.148542945700957E+003 -0.148542945700957E+003 -0.148569815689300E+003
  0.597564609706862E+000  0.198789172579532E+001  0.581550857369549E+000  0.498339151492156E+000 -0.131028262406404E+000 -0.148551998426025E+003 -0.148551998426025E+003 -0.148553172570553E+003
  0.611246620593916E+000  0.199733948152996E+001  0.190405523139378E+000  0.489335981566193E+000 -0.131028262406404E+000 -0.148552210327553E+003 -0.148552210327553E+003 -0.148555411331150E+003
  0.663733615731520E+000  0.199905400151780E+001  0.822517767637344E+000  0.496180597802033E+000 -0.131028262406404E+000 -0.148545714595752E+003 -0.148545714595752E+003 -0.148562454494495E+003
  0.679487053276669E+000  0.199461500092924E+001  0.404142537018488E+000  0.497156823589949E+000 -0.131028262406404E+000 -0.148549873259329E+003 -0.148549873259329E+003 -0.148560949505227E+003
  0.634978850108122E+000  0.199624140054553E+001  0.661519912281836E+000  0.497400519280316E+000 -0.131028262406404E+000 -0.148545353355286E+003 -0.148545353355286E+003 -0.148553918574233E+003
  0.667360594716362E+000  0.198796779797997E+001  0.955453657635121E+000  0.497142320488714E+000 -0.131028262406404E+000 -0.148552324821694E+003 -0.148552324821694E+003 -0.148561975316286E+003
  0.655493753112155E+000  0.198540551690234E+001  0.667846094117796E+000  0.498097232745739E+000 -0.131028262406404E+000 -0.148552059240014E+003 -0.148552059240014E+003 -0.148553597297283E+003
  0.652595837566456E+000  0.199834025654271E+001  0.525033835502959E+000  0.494023367254769E+000 -0.131028262406404E+000 -0.148546786001292E+003 -0.148546786001292E+003 -0.148575016842794E+003
  0.684805061592553E+000  0.199273603330596E+001  0.675255402573687E+000  0.499042099685674E+000 -0.131028262406404E+000 -0.148550940047667E+003 -0.148550940047667E+003 -0.148553024863338E+003
  0.672506861993513E+000  0.199393486980668E+001  0.871573883127960E+000  0.495053580472496E+000 -0.131028262406404E+000 -0.148550530937163E+003 -0.148550530937163E+003 -0.148561376469599E+003
  0.620540283703205E+000  0.199038259437549E+001  0.746798913842337E+000  0.494255406798433E+000 -0.131028262406404E+000 -0.148551362198720E+003 -0.148551362198720E+003 -0.148586171302554E+003
  0.606047747575312E+000  0.199965734261038E+001  0.660938459353159E+000  0.499676003764426E+000 -0.131028262406404E+000 -0.148543712201653E+003 -0.148543712201653E+003 -0.148552583559318E+003
  0.606255760031152E+000  0.199929816389201E+001  0.429395363591151E+000  0.498698801804793E+000 -0.131028262406404E+000 -0.148544629601261E+003 -0.148544629601261E+003 -0.148572623293178E+003
  0.682305445999923E+000  0.199934804450689E+001  0.211122675762924E+000  0.488665537450952E+000 -0.131028262406404E+000 -0.148552398599955E+003 -0.148552398599955E+003 -0.148559227068707E+003
  0.626126640800033E+000  0.199360512701349E+001  0.521743935534666E+000  0.496481191499349E+000 -0.131028262406404E+000 -0.148547710892658E+003 -0.148547710892658E+003 -0.148554177228127E+003
  0.669917591236604E+000  0.199788131169132E+001  0.992913911769803E+000  0.494326006405899E+000 -0.131028262406404E+000 -0.148548238155082E+003 -0.148548238155082E+003 -0.148572433342074E+003
  0.664330813374264E+000  0.199535567654207E+001  0.647972636385556E-001  0.493822607845680E+000 -0.131028262406404E+000 -0.148549503367790E+003 -0.148549503367790E+003 -0.148552728431945E+003
  0.603774311663474E+000  0.199982177036386E+001  0.189213744371831E+000  0.492230601577620E+000 -0.131028262406404E+000 -0.148549712677234E+003 -0.148549712677234E+003 -0.148559248985736E+003
  0.627606467970751E+000  0.199686340813368E+001  0.348221280392728E+000  0.490641133355112E+000 -0.131028262406404E+000 -0.148550074976552E+003 -0.148550074976552E+003 -0.148556475029497E+003
  0.662016617864066E+000  0.198877608087518E+001  0.447287024963257E+000  0.497324940973298E+000 -0.131028262406404E+000 -0.148551094582704E+003 -0.148551094582704E+003 -0.148553032868783E+003
  0.624448545578509E+000  0.199833136883965E+001  0.803579940054515E+000  0.492032080475341E+000 -0.131028262406404E+000 -0.148548464860518E+003 -0.148548464860518E+003 -0.148560918423472E+003
  0.653248089548399E+000  0.198637493313261E+001  0.433479288065087E+000  0.499715242388562E+000 -0.131028262406404E+000 -0.148550269455080E+003 -0.148550269455080E+003 -0.148558448577136E+003
  0.615432555347551E+000  0.199240652181392E+001  0.825644494433646E+000  0.495086592392299E+000 -0.131028262406404E+000 -0.148550047552957E+003 -0.148550047552957E+003 -0.148554221180122E+003
  0.601639110678214E+000  0.199868740012653E+001  0.719016873711827E+000  0.493209934319594E+000 -0.131028262406404E+000 -0.148549830516268E+003 -0.148549830516268E+003 -0.148556898945170E+003
  0.660762636438916E+000  0.199984850184540E+001  0.596450422302714E-001  0.490504951305675E+000 -0.131028262406404E+000 -0.148548702060471E+003 -0.148548702060471E+003 -0.148571703927359E+003
  0.619096656052931E+000  0.199633262662024E+001  0.244125998062302E+000  0.499775513161395E+000 -0.131028262406404E+000 -0.148544197760742E+003 -0.148544197760742E+003 -0.148568555734984E+003
  0.569763449048935E+000  0.199987755662418E+001  0.220143514822330E+000  0.499507413529460E+000 -0.131028262406404E+000 -0.148550694192352E+003 -0.148550694192352E+003 -0.148554068273147E+003
  0.620773087177064E+000  0.199133352493421E+001  0.745398071946507E+000  0.494385006087741E+000 -0.131028262406404E+000 -0.148550740159690E+003 -0.148550740159690E+003 -0.148554988754784E+003
  0.607919546490735E+000  0.198894924090343E+001  0.297882713300208E+000  0.498193968214796E+000 -0.131028262406404E+000 -0.148550301713657E+003 -0.148550301713657E+003 -0.148553995520780E+003
  0.637180711308865E+000  0.199255942952640E+001  0.688188279105691E+000  0.497453723968731E+000 -0.131028262406404E+000 -0.148547407454109E+003 -0.148547407454109E+003 -0.148552893823193E+003
  0.638900533169860E+000  0.199461570596721E+001  0.775516522205214E+000  0.492616668300876E+000 -0.131028262406404E+000 -0.148549577467103E+003 -0.148549577467103E+003 -0.148561125292510E+003
  0.686042843945011E+000  0.199865434048223E+001  0.918165441344404E-005  0.491246580432525E+000 -0.131028262406404E+000 -0.148551866279350E+003 -0.148551866279350E+003 -0.148554438216577E+003
  0.658550740578796E+000  0.199794256176115E+001  0.998553322796914E+000  0.490770966705910E+000 -0.131028262406404E+000 -0.148549492922143E+003 -0.148549492922143E+003 -0.148559609071357E+003
  0.657306692759925E+000  0.199951927252763E+001  0.232596966457139E+000  0.496674973978146E+000 -0.131028262406404E+000 -0.148544596357681E+003 -0.148544596357681E+003 -0.148553514126894E+003
  0.620090327914651E+000  0.199687466161955E+001  0.723230283337877E+000  0.498074131956770E+000 -0.131028262406404E+000 -0.148545088720567E+003 -0.148545088720567E+003 -0.148552516917870E+003
  0.667440740724247E+000  0.199835839214031E+001  0.241488867699726E+000  0.496109156972438E+000 -0.131028262406404E+000 -0.148546553023407E+003 -0.148546553023407E+003 -0.148564332433859E+003
  0.630110590094996E+000  0.199478958398678E+001  0.592453170640065E+000  0.491667041445893E+000 -0.131028262406404E+000 -0.148550337219149E+003 -0.148550337219149E+003 -0.148557174088623E+003
  0.600969599589993E+000  0.199620733689568E+001  0.683370421590559E+000  0.499455058274530E+000 -0.131028262406404E+000 -0.148546343530267E+003 -0.148546343530267E+003 -0.148555040488207E+003
  0.651131819648779E+000  0.199184927136923E+001  0.534645052284409E+000  0.495110859988663E+000 -0.131028262406404E+000 -0.148549787705165E+003 -0.148549787705165E+003 -0.148552686037240E+003
  0.606553976128773E+000  0.198707591646525E+001  0.483253170587504E+000  0.499847177654105E+000 -0.131028262406404E+000 -0.148550228430964E+003 -0.148550228430964E+003 -0.148554812385021E+003
  0.637179649024203E+000  0.199667390911708E+001  0.608024314258936E+000  0.496263630648178E+000 -0.131028262406404E+000 -0.148545889551128E+003 -0.148545889551128E+003 -0.148554744983716E+003
  0.638414092504655E+000  0.198471579239332E+001  0.895778438349603E-001  0.496978094233801E+000 -0.131028262406404E+000 -0.148552272337011E+003 -0.148552272337011E+003 -0.148567813134662E+003
  0.636964941424343E+000  0.199917854006764E+001  0.190349660575855E+000  0.485614372896522E+000 -0.131028262406404E+000 -0.148552052174397E+003 -0.148552052174397E+003 -0.148556012351826E+003
  0.594563999789850E+000  0.199321483183910E+001  0.493227504265186E+000  0.496470080266702E+000 -0.131028262406404E+000 -0.148551149944743E+003 -0.148551149944743E+003 -0.148579002781180E+003
  0.605934916286921E+000  0.198620658403252E+001  0.447927022962576E-001  0.498685470735796E+000 -0.131028262406404E+000 -0.148551612417953E+003 -0.148551612417953E+003 -0.148554772150372E+003
  0.600774612146367E+000  0.199254356387582E+001  0.518196342299658E+000  0.494910446135401E+000 -0.131028262406404E+000 -0.148551753894233E+003 -0.148551753894233E+003 -0.148558551784965E+003
  0.599090639381008E+000  0.199255733648077E+001  0.336837969397158E+000  0.497353989532809E+000 -0.131028262406404E+000 -0.148550114263316E+003 -0.148550114263316E+003 -0.148553804108538E+003
  0.596137527445496E+000  0.199464662594208E+001  0.922368388104785E+000  0.499347606246214E+000 -0.131028262406404E+000 -0.148547934588056E+003 -0.148547934588056E+003 -0.148552557706905E+003
  0.590913931846624E+000  0.199994289383345E+001  0.149107238409223E+000  0.494049799263655E+000 -0.131028262406404E+000 -0.148550363923311E+003 -0.148550363923311E+003 -0.148563949127073E+003
  0.663174578326944E+000  0.199618584174441E+001  0.961558362414978E+000  0.495757846336407E+000 -0.131028262406404E+000 -0.148547667047592E+003 -0.148547667047592E+003 -0.148583785855886E+003
  0.636030182553907E+000  0.198894240019784E+001  0.498551053553117E+000  0.495967986561125E+000 -0.131028262406404E+000 -0.148550487407321E+003 -0.148550487407321E+003 -0.148561624438901E+003
  0.627630966640782E+000  0.199333896141483E+001  0.810085779397711E+000  0.491714149659515E+000 -0.131028262406404E+000 -0.148551195471334E+003 -0.148551195471334E+003 -0.148597352794605E+003
  0.619970566173069E+000  0.199788238434577E+001  0.172952401686991E+000  0.487585938970651E+000 -0.131028262406404E+000 -0.148552340347885E+003 -0.148552340347885E+003 -0.148556618895430E+003
  0.623133314119333E+000  0.199189056662168E+001  0.270233551091412E+000  0.491632825761663E+000 -0.131028262406404E+000 -0.148552274956027E+003 -0.148552274956027E+003 -0.148560501115569E+003
  0.638730498308411E+000  0.199766841844324E+001  0.301966280268304E+000  0.497701416994951E+000 -0.131028262406404E+000 -0.148544316816527E+003 -0.148544316816527E+003 -0.148553007743206E+003
  0.590555192417385E+000  0.199489032619072E+001  0.509149177191533E+000  0.498552918065440E+000 -0.131028262406404E+000 -0.148549351373570E+003 -0.148549351373570E+003 -0.148573765830396E+003
  0.629567804184975E+000  0.199058786628537E+001  0.389742994585334E+000  0.493044710320862E+000 -0.131028262406404E+000 -0.148551679248978E+003 -0.148551679248978E+003 -0.148559195785153E+003
  0.627025155154316E+000  0.199201412306911E+001  0.522639648231276E+000  0.493700658755811E+000 -0.131028262406404E+000 -0.148550528712052E+003 -0.148550528712052E+003 -0.148556658284590E+003
  0.653908230205824E+000  0.199064435797846E+001  0.418479046285516E+000  0.493882886486430E+000 -0.131028262406404E+000 -0.148551452931780E+003 -0.148551452931780E+003 -0.148558817529358E+003
  0.600591220273633E+000  0.199931101031503E+001  0.324779833824601E+000  0.494594739830243E+000 -0.131028262406404E+000 -0.148548590833064E+003 -0.148548590833064E+003 -0.148553648649969E+003
  0.623738828392499E+000  0.199954638100948E+001  0.929652980010363E+000  0.496302152472522E+000 -0.131028262406404E+000 -0.148544711119613E+003 -0.148544711119613E+003 -0.148557016133204E+003
  0.622541329012448E+000  0.198742235212886E+001  0.233735889525789E+000  0.497062155547787E+000 -0.131028262406404E+000 -0.148550878797453E+003 -0.148550878797453E+003 -0.148553385899334E+003
  0.675107544162828E+000  0.199359749370706E+001  0.455614652967320E+000  0.493621540714121E+000 -0.131028262406404E+000 -0.148551950406048E+003 -0.148551950406048E+003 -0.148559211888932E+003
  0.625749266861411E+000  0.199488192838615E+001  0.871648897885234E+000  0.493181828975295E+000 -0.131028262406404E+000 -0.148549400937303E+003 -0.148549400937303E+003 -0.148554604180644E+003
  0.655901525697333E+000  0.198901508728069E+001  0.379749691733856E+000  0.499789275039034E+000 -0.131028262406404E+000 -0.148548828120512E+003 -0.148548828120512E+003 -0.148552492457996E+003
  0.661625634530802E+000  0.199524438599386E+001  0.264049782991315E-001  0.499005619245986E+000 -0.131028262406404E+000 -0.148546028080971E+003 -0.148546028080971E+003 -0.148559671714102E+003
  0.628279546129588E+000  0.199095192803936E+001  0.577254207648145E+000  0.497675425460493E+000 -0.131028262406404E+000 -0.148548268922294E+003 -0.148548268922294E+003 -0.148557590984536E+003
  0.677600831466275E+000  0.199829675143636E+001  0.333720913579056E+000  0.490558097314935E+000 -0.131028262406404E+000 -0.148551249613284E+003 -0.148551249613284E+003 -0.148562425797831E+003
  0.612217447552646E+000  0.198811452970659E+001  0.339419114337276E+000  0.496208400498035E+000 -0.131028262406404E+000 -0.148551798631897E+003 -0.148551798631897E+003 -0.148554463508097E+003
  0.636482128890066E+000  0.198613866740773E+001  0.884015249213879E+000  0.499699635296088E+000 -0.131028262406404E+000 -0.148549602250760E+003 -0.148549602250760E+003 -0.148556982566221E+003
  0.633469570205706E+000  0.199780116118471E+001  0.642263014614302E+000  0.491327324733188E+000 -0.131028262406404E+000 -0.148548824310394E+003 -0.148548824310394E+003 -0.148557301972848E+003
  0.706841795362577E+000  0.199963997700357E+001  0.918181520059253E+000  0.497342383214969E+000 -0.131028262406404E+000 -0.148552230754542E+003 -0.148552230754542E+003 -0.148563583071879E+003
  0.679516199676614E+000  0.199771861831141E+001  0.683643111455988E+000  0.493386243937778E+000 -0.131028262406404E+000 -0.148550162534558E+003 -0.148550162534558E+003 -0.148569408727489E+003
  0.614124356659697E+000  0.198730910566009E+001  0.935184670162318E+000  0.497867624015328E+000 -0.131028262406404E+000 -0.148550875954881E+003 -0.148550875954881E+003 -0.148556661955342E+003
  0.644156499127879E+000  0.199843740796116E+001  0.712243895710982E+000  0.498066764821292E+000 -0.131028262406404E+000 -0.148543690640149E+003 -0.148543690640149E+003 -0.148565316637532E+003
  0.629343537161423E+000  0.199427861147950E+001  0.397214929809783E+000  0.491592706640357E+000 -0.131028262406404E+000 -0.148550698284262E+003 -0.148550698284262E+003 -0.148558859300172E+003
  0.637505013088396E+000  0.199778795182751E+001  0.225872100455782E+000  0.495391694754338E+000 -0.131028262406404E+000 -0.148545871121013E+003 -0.148545871121013E+003 -0.148564824325102E+003
  0.617330240257538E+000  0.199443863610104E+001  0.147436084888533E+000  0.493956398299268E+000 -0.131028262406404E+000 -0.148549640390607E+003 -0.148549640390607E+003 -0.148555148384858E+003
  0.572932704759768E+000  0.199981525274572E+001  0.771197956939332E+000  0.498003409348922E+000 -0.131028262406404E+000 -0.148551163597445E+003 -0.148551163597445E+003 -0.148553408718991E+003
  0.606765478285123E+000  0.198822353286633E+001  0.902089239354683E+000  0.499745465763921E+000 -0.131028262406404E+000 -0.148549663293162E+003 -0.148549663293162E+003 -0.148553810569350E+003
  0.595415187107349E+000  0.199912631923418E+001  0.520439824454116E+000  0.492295205936916E+000 -0.131028262406404E+000 -0.148551342992386E+003 -0.148551342992386E+003 -0.148554651430663E+003
  0.651185970355285E+000  0.199365178660735E+001  0.534995198108494E+000  0.492838640695599E+000 -0.131028262406404E+000 -0.148550229010661E+003 -0.148550229010661E+003 -0.148578443488927E+003
  0.572212156322821E+000  0.199935810940618E+001  0.505047300677385E+000  0.497457235690710E+000 -0.131028262406404E+000 -0.148552015986849E+003 -0.148552015986849E+003 -0.148559528658437E+003
  0.589688666929833E+000  0.199934128983267E+001  0.589773632643730E+000  0.496403524227628E+000 -0.131028262406404E+000 -0.148549000748247E+003 -0.148549000748247E+003 -0.148578864471383E+003
  0.645385569547255E+000  0.199991990194457E+001  0.246695877419018E-001  0.489050478147600E+000 -0.131028262406404E+000 -0.148549106356803E+003 -0.148549106356803E+003 -0.148553440168898E+003
  0.588372857628782E+000  0.199955895967263E+001  0.510644602868271E+000  0.497867490963440E+000 -0.131028262406404E+000 -0.148547967578152E+003 -0.148547967578152E+003 -0.148564502883137E+003
  0.607706700463059E+000  0.199212846085785E+001  0.109942746759485E+000  0.495233869320580E+000 -0.131028262406404E+000 -0.148550845625351E+003 -0.148550845625351E+003 -0.148554163687240E+003
  0.655117853877543E+000  0.199415560924581E+001  0.598635035984170E+000  0.490657555181416E+000 -0.131028262406404E+000 -0.148551562627623E+003 -0.148551562627623E+003 -0.148556797164679E+003
  0.635046584015295E+000  0.199206886152906E+001  0.116729171721566E+000  0.494218453987143E+000 -0.131028262406404E+000 -0.148549922585916E+003 -0.148549922585916E+003 -0.148552591086319E+003
  0.633328962368069E+000  0.199869260408317E+001  0.175318186780797E+000  0.485813273634100E+000 -0.131028262406404E+000 -0.148552310286843E+003 -0.148552310286843E+003 -0.148553647222135E+003
  0.678808244098791E+000  0.199084416877808E+001  0.787187939728790E+000  0.497018428189468E+000 -0.131028262406404E+000 -0.148552249947995E+003 -0.148552249947995E+003 -0.148552504034730E+003
  0.663209910899859E+000  0.199759187488317E+001  0.998308224801849E+000  0.489291029927402E+000 -0.131028262406404E+000 -0.148550977079317E+003 -0.148550977079317E+003 -0.148556069884724E+003
  0.665139603732011E+000  0.199665057016154E+001  0.950082606741052E+000  0.493282665170162E+000 -0.131028262406404E+000 -0.148549144118134E+003 -0.148549144118134E+003 -0.148555550615010E+003
  0.643124297245043E+000  0.198517869485513E+001  0.385234251882710E+000  0.498605932656432E+000 -0.131028262406404E+000 -0.148551079255586E+003 -0.148551079255586E+003 -0.148557802771516E+003
  0.671294396208376E+000  0.199992322831311E+001  0.555697580960379E+000  0.496443559047470E+000 -0.131028262406404E+000 -0.148545821773071E+003 -0.148545821773071E+003 -0.148556182547901E+003
  0.635680922575620E+000  0.199380647535351E+001  0.890027835970640E-001  0.493301507577914E+000 -0.131028262406404E+000 -0.148549580507996E+003 -0.148549580507996E+003 -0.148577406160079E+003
  0.611337841376376E+000  0.198691487731262E+001  0.810607899535025E+000  0.496398369452865E+000 -0.131028262406404E+000 -0.148552381714513E+003 -0.148552381714513E+003 -0.148552490207855E+003
  0.681258833105115E+000  0.199458004435873E+001  0.800974357390247E-001  0.494699897984264E+000 -0.131028262406404E+000 -0.148551621240904E+003 -0.148551621240904E+003 -0.148554561343857E+003
  0.608395831174633E+000  0.199590963814502E+001  0.682846973796124E-001  0.496713880718601E+000 -0.131028262406404E+000 -0.148547671990934E+003 -0.148547671990934E+003 -0.148566206978330E+003
  0.627013227043203E+000  0.199261989035839E+001  0.257985963512347E+000  0.492960773949763E+000 -0.131028262406404E+000 -0.148550724839755E+003 -0.148550724839755E+003 -0.148553632416631E+003
  0.610557790891376E+000  0.199586455258815E+001  0.531702564522120E+000  0.496513133225753E+000 -0.131028262406404E+000 -0.148547612172411E+003 -0.148547612172411E+003 -0.148552733622167E+003
  0.610385817380473E+000  0.199225155937532E+001  0.787272159690847E-002  0.494659061716495E+000 -0.131028262406404E+000 -0.148550920366667E+003 -0.148550920366667E+003 -0.148560747472223E+003
  0.624438010391625E+000  0.199446414809268E+001  0.580768757999366E+000  0.497489646294883E+000 -0.131028262406404E+000 -0.148546588203278E+003 -0.148546588203278E+003 -0.148555484247237E+003
  0.642529676142994E+000  0.199450587675964E+001  0.866133258452884E+000  0.493980879817339E+000 -0.131028262406404E+000 -0.148548719799774E+003 -0.148548719799774E+003 -0.148556738028694E+003
  0.666304335595276E+000  0.199640324997190E+001  0.966500861124901E+000  0.492191102127045E+000 -0.131028262406404E+000 -0.148550093591921E+003 -0.148550093591921E+003 -0.148553063464874E+003
  0.682943266858445E+000  0.199828049928469E+001  0.585730791776740E+000  0.499714788567763E+000 -0.131028262406404E+000 -0.148546599637419E+003 -0.148546599637419E+003 -0.148568774894681E+003
  0.621978730519519E+000  0.199284907098204E+001  0.111525934736631E+000  0.495794237948136E+000 -0.131028262406404E+000 -0.148548827472312E+003 -0.148548827472312E+003 -0.148553555579712E+003
  0.680251360225374E+000  0.199406121013689E+001  0.106757150238905E+000  0.499237287835644E+000 -0.131028262406404E+000 -0.148549140382822E+003 -0.148549140382822E+003 -0.148556247696687E+003
  0.635594574282070E+000  0.199815024454104E+001  0.683728701238791E+000  0.497943748016568E+000 -0.131028262406404E+000 -0.148543882981216E+003 -0.148543882981216E+003 -0.148554483188320E+003
  0.608295438296291E+000  0.199779039428361E+001  0.993913770062440E+000  0.493711260043564E+000 -0.131028262406404E+000 -0.148548995779513E+003 -0.148548995779513E+003 -0.148552889695003E+003
  0.595106604095238E+000  0.199589920468931E+001  0.206116366333271E+000  0.493575526068805E+000 -0.131028262406404E+000 -0.148551976212722E+003 -0.148551976212722E+003 -0.148557444391843E+003
  0.578424550236694E+000  0.199801402586821E+001  0.682416051273797E+000  0.499632707092973E+000 -0.131028262406404E+000 -0.148549373590631E+003 -0.148549373590631E+003 -0.148554256249143E+003
  0.577150251351266E+000  0.199773677385028E+001  0.355826877515383E+000  0.497223893707241E+000 -0.131028262406404E+000 -0.148551771468928E+003 -0.148551771468928E+003 -0.148555600043247E+003
  0.691250148888846E+000  0.199594800977547E+001  0.749943271664506E+000  0.495414840067583E+000 -0.131028262406404E+000 -0.148552147137524E+003 -0.148552147137524E+003 -0.148552570524095E+003
  0.619330974027133E+000  0.199583642729430E+001  0.516659783155988E+000  0.492054029699616E+000 -0.131028262406404E+000 -0.148550142362326E+003 -0.148550142362326E+003 -0.148553660635030E+003
  0.609847091542148E+000  0.199353273634109E+001  0.962933102412065E+000  0.493796984207376E+000 -0.131028262406404E+000 -0.148550952778221E+003 -0.148550952778221E+003 -0.148553906762985E+003
  0.685366539809701E+000  0.199958584803631E+001  0.876664850352545E+000  0.495720225350860E+000 -0.131028262406404E+000 -0.148548536074784E+003 -0.148548536074784E+003 -0.148567342781853E+003
  0.621006047462968E+000  0.198985151722887E+001  0.415688749342691E+000  0.496211995426372E+000 -0.131028262406404E+000 -0.148550220732988E+003 -0.148550220732988E+003 -0.148554470461300E+003
  0.691473661564893E+000  0.199532696439532E+001  0.713581133445350E+000  0.495825653457218E+000 -0.131028262406404E+000 -0.148552366631570E+003 -0.148552366631570E+003 -0.148558751596966E+003
  0.633734025600211E+000  0.199123437749048E+001  0.394654181487053E+000  0.491391059520969E+000 -0.131028262406404E+000 -0.148552366218629E+003 -0.148552366218629E+003 -0.148558443704981E+003
  0.666976202591384E+000  0.199942452185250E+001  0.207013188196599E+000  0.499218922455346E+000 -0.131028262406404E+000 -0.148543875993170E+003 -0.148543875993170E+003 -0.148552896915536E+003
  0.605692184866702E+000  0.199312207649860E+001  0.705519888440748E+000  0.495375198742399E+000 -0.131028262406404E+000 -0.148550457671425E+003 -0.148550457671425E+003 -0.148552890921102E+003
  0.699677344637168E+000  0.199572809798081E+001  0.769505068950280E+000  0.498912578894353E+000 -0.131028262406404E+000 -0.148552247993138E+003 -0.148552247993138E+003 -0.148577260639053E+003
  0.643194235409676E+000  0.199752767338251E+001  0.943455090158629E+000  0.489278273433922E+000 -0.131028262406404E+000 -0.148550264287353E+003 -0.148550264287353E+003 -0.148552915717764E+003
  0.669384102692503E+000  0.199572281833605E+001  0.734972293005684E+000  0.490085102395203E+000 -0.131028262406404E+000 -0.148552126968402E+003 -0.148552126968402E+003 -0.148558591861445E+003
  0.652363037360444E+000  0.199509158778812E+001  0.657816818523882E+000  0.497021521641532E+000 -0.131028262406404E+000 -0.148546687519680E+003 -0.148546687519680E+003 -0.148556838356637E+003
  0.656027896810060E+000  0.199965217589746E+001  0.333914538381625E+000  0.495970681937410E+000 -0.131028262406404E+000 -0.148544901544721E+003 -0.148544901544721E+003 -0.148559026973519E+003
  0.660652247028757E+000  0.199807693869717E+001  0.256010725270439E+000  0.498838231191286E+000 -0.131028262406404E+000 -0.148544312582213E+003 -0.148544312582213E+003 -0.148553847010384E+003
  0.616568553784784E+000  0.199921093738699E+001  0.159184368645342E+000  0.490259517477771E+000 -0.131028262406404E+000 -0.148549974548609E+003 -0.148549974548609E+003 -0.148568973337868E+003
  0.698945522817193E+000  0.199849496464060E+001  0.529008888461966E+000  0.497529820020783E+000 -0.131028262406404E+000 -0.148550963137733E+003 -0.148550963137733E+003 -0.148553985697899E+003
  0.646943598168802E+000  0.198560566202617E+001  0.897278660065388E-001  0.496743614883024E+000 -0.131028262406404E+000 -0.148552202535981E+003 -0.148552202535981E+003 -0.148554181529672E+003
  0.660882653980800E+000  0.199469079755587E+001  0.952277459923252E+000  0.495430151460826E+000 -0.131028262406404E+000 -0.148548571127041E+003 -0.148548571127041E+003 -0.148555186378134E+003
  0.612603687625184E+000  0.199953697259996E+001  0.541011185134174E+000  0.493847269246954E+000 -0.131028262406404E+000 -0.148547495545986E+003 -0.148547495545986E+003 -0.148555995012812E+003
  0.642505344322994E+000  0.199655161049156E+001  0.280174727087177E-001  0.499957624670387E+000 -0.131028262406404E+000 -0.148543451653229E+003 -0.148543451653229E+003 -0.148553152235319E+003
  0.588423987272611E+000  0.199555077843339E+001  0.216106298791419E+000  0.498602950346530E+000 -0.131028262406404E+000 -0.148549365141152E+003 -0.148549365141152E+003 -0.148552586419721E+003
  0.644440264296493E+000  0.199544264970034E+001  0.490689199369675E+000  0.495448211818710E+000 -0.131028262406404E+000 -0.148547219001069E+003 -0.148547219001069E+003 -0.148557661566806E+003
  0.623601664492630E+000  0.198978052873039E+001  0.390339334773501E+000  0.498342233183954E+000 -0.131028262406404E+000 -0.148548616603158E+003 -0.148548616603158E+003 -0.148565133808142E+003
  0.593404183819246E+000  0.199083138301139E+001  0.661766398819516E+000  0.497173590655238E+000 -0.131028262406404E+000 -0.148552002293895E+003 -0.148552002293895E+003 -0.148552491635849E+003
  0.637023226291797E+000  0.198689575677737E+001  0.409022889429993E+000  0.496084471424026E+000 -0.131028262406404E+000 -0.148551586052988E+003 -0.148551586052988E+003 -0.148556985431813E+003
  0.634057330277247E+000  0.199561433432166E+001  0.529155919935175E+000  0.492256625697224E+000 -0.131028262406404E+000 -0.148549343207574E+003 -0.148549343207574E+003 -0.148562180466644E+003
  0.635716715984322E+000  0.199256150087052E+001  0.930300965258322E-001  0.493813539117218E+000 -0.131028262406404E+000 -0.148549919881129E+003 -0.148549919881129E+003 -0.148565435728233E+003
  0.684306471676804E+000  0.199777147829742E+001  0.500266431678155E+000  0.493709422133665E+000 -0.131028262406404E+000 -0.148550687780024E+003 -0.148550687780024E+003 -0.148559576577485E+003
  0.593010699827721E+000  0.199842795725789E+001  0.226116698349325E+000  0.499049943707593E+000 -0.131028262406404E+000 -0.148546744702732E+003 -0.148546744702732E+003 -0.148565762344415E+003
  0.645050177755483E+000  0.199933616796973E+001  0.495208512021677E-001  0.486162300214518E+000 -0.131028262406404E+000 -0.148551435411309E+003 -0.148551435411309E+003 -0.148553533778381E+003
  0.617069139183719E+000  0.198755803877221E+001  0.329238527939019E+000  0.497300332744369E+000 -0.131028262406404E+000 -0.148550939013492E+003 -0.148550939013492E+003 -0.148555025501981E+003
  0.645214204766337E+000  0.199325294670322E+001  0.139924684799637E+000  0.490727855464162E+000 -0.131028262406404E+000 -0.148551677662772E+003 -0.148551677662772E+003 -0.148560495074451E+003
  0.621601675037551E+000  0.198870245579444E+001  0.869258977399406E+000  0.496454876030226E+000 -0.131028262406404E+000 -0.148550646243420E+003 -0.148550646243420E+003 -0.148554465335898E+003
  0.608963951879254E+000  0.198949047073722E+001  0.159141829348382E+000  0.498717563906487E+000 -0.131028262406404E+000 -0.148549521456282E+003 -0.148549521456282E+003 -0.148554051223800E+003
  0.622299138682151E+000  0.199944046388714E+001  0.354832629618368E-001  0.497431998845251E+000 -0.131028262406404E+000 -0.148544022745631E+003 -0.148544022745631E+003 -0.148555323846083E+003
  0.611899730359992E+000  0.199432055061845E+001  0.460555713716866E+000  0.496214650723664E+000 -0.131028262406404E+000 -0.148548515826295E+003 -0.148548515826295E+003 -0.148554378384182E+003
  0.595315758757771E+000  0.199872799624258E+001  0.955847161035309E-001  0.494661855091023E+000 -0.131028262406404E+000 -0.148549679409221E+003 -0.148549679409221E+003 -0.148563157560352E+003
  0.651156084140669E+000  0.199083704088853E+001  0.717432381865497E+000  0.494482566869132E+000 -0.131028262406404E+000 -0.148550793103157E+003 -0.148550793103157E+003 -0.148554503853682E+003
  0.610602242520195E+000  0.199462781477855E+001  0.733440540854410E-001  0.495483481093885E+000 -0.131028262406404E+000 -0.148549033186846E+003 -0.148549033186846E+003 -0.148562793051252E+003
  0.631349134371893E+000  0.199110038883376E+001  0.459839865847263E+000  0.494987252040215E+000 -0.131028262406404E+000 -0.148549990441352E+003 -0.148549990441352E+003 -0.148554736052914E+003
  0.683467299572535E+000  0.199639330904778E+001  0.137678810304455E+000  0.495661705550490E+000 -0.131028262406404E+000 -0.148550277462708E+003 -0.148550277462708E+003 -0.148555741927238E+003
  0.630344014492603E+000  0.198902108260369E+001  0.883839239930128E+000  0.497493018012523E+000 -0.131028262406404E+000 -0.148549440305238E+003 -0.148549440305238E+003 -0.148565127335036E+003
  0.623839796172563E+000  0.199434427252840E+001  0.966676456230020E+000  0.499107590256224E+000 -0.131028262406404E+000 -0.148545516500440E+003 -0.148545516500440E+003 -0.148557475121269E+003
  0.632520040906036E+000  0.199897958579920E+001  0.680476246137236E+000  0.498362784112305E+000 -0.131028262406404E+000 -0.148543164338685E+003 -0.148543164338685E+003 -0.148575696602424E+003
  0.648639406299343E+000  0.198658892671515E+001  0.709050976738721E+000  0.498217793549125E+000 -0.131028262406404E+000 -0.148550764598530E+003 -0.148550764598530E+003 -0.148554253041843E+003
  0.608984633866318E+000  0.199605061759223E+001  0.592918628693880E+000  0.496736549288545E+000 -0.131028262406404E+000 -0.148547515005411E+003 -0.148547515005411E+003 -0.148556768425788E+003
  0.641591207152725E+000  0.199455104019827E+001  0.487237850881475E+000  0.489340906664713E+000 -0.131028262406404E+000 -0.148551866468953E+003 -0.148551866468953E+003 -0.148552901747584E+003
  0.681986304062904E+000  0.199350871766251E+001  0.804484512437228E+000  0.495110428300871E+000 -0.131028262406404E+000 -0.148552181791902E+003 -0.148552181791902E+003 -0.148558401732767E+003
  0.620040452841758E+000  0.198826668223501E+001  0.268003759724960E+000  0.495201240693381E+000 -0.131028262406404E+000 -0.148551864309200E+003 -0.148551864309200E+003 -0.148565197325120E+003
  0.607868631688011E+000  0.199077663401458E+001  0.235241714885669E-001  0.496059965973127E+000 -0.131028262406404E+000 -0.148550919751990E+003 -0.148550919751990E+003 -0.148558600614428E+003
  0.631176033611321E+000  0.199813355545845E+001  0.175585721055878E+000  0.488880311075084E+000 -0.131028262406404E+000 -0.148550492674751E+003 -0.148550492674751E+003 -0.148557606011811E+003
  0.656483188680463E+000  0.199090434507322E+001  0.920080586844229E+000  0.493683028206556E+000 -0.131028262406404E+000 -0.148551599158364E+003 -0.148551599158364E+003 -0.148557168472039E+003
  0.618353544889255E+000  0.199082938492581E+001  0.172604216744393E+000  0.496844528367592E+000 -0.131028262406404E+000 -0.148549395561226E+003 -0.148549395561226E+003 -0.148556027593897E+003
  0.647524938960137E+000  0.198934467148764E+001  0.562611764781263E+000  0.497950456135151E+000 -0.131028262406404E+000 -0.148549231137185E+003 -0.148549231137185E+003 -0.148555205352947E+003
  0.616723833001839E+000  0.198717259568774E+001  0.678286111011715E+000  0.495500703351739E+000 -0.131028262406404E+000 -0.148552461213916E+003 -0.148552461213916E+003 -0.148554573933657E+003
  0.610093587147869E+000  0.199557016146550E+001  0.663200775148231E+000  0.499061933964912E+000 -0.131028262406404E+000 -0.148545895470423E+003 -0.148545895470423E+003 -0.148563274273939E+003
  0.674846491981035E+000  0.199743580928728E+001  0.655281305409677E+000  0.497804677186938E+000 -0.131028262406404E+000 -0.148546994713305E+003 -0.148546994713305E+003 -0.148568127506926E+003
  0.666597996121859E+000  0.199605111111278E+001  0.403810096231404E+000  0.493689066098653E+000 -0.131028262406404E+000 -0.148549390888550E+003 -0.148549390888550E+003 -0.148554600946509E+003
  0.616478194407504E+000  0.199983348925291E+001  0.122670466835835E-001  0.499359549896726E+000 -0.131028262406404E+000 -0.148542795589575E+003 -0.148542795589575E+003 -0.148557156235885E+003
  0.622214583446645E+000  0.198515567438314E+001  0.357550869420868E+000  0.496928342444247E+000 -0.131028262406404E+000 -0.148552246538557E+003 -0.148552246538557E+003 -0.148566764620306E+003
  0.696100266431386E+000  0.199848290473694E+001  0.923564787938844E+000  0.498994617315617E+000 -0.131028262406404E+000 -0.148549517813665E+003 -0.148549517813665E+003 -0.148552486526588E+003
