  0.101933927213770E+000  0.198775346379234E+001  0.664890782406107E-001  0.486898515503704E+000 -0.131028262406404E+000 -0.137742289128976E+003 -0.137742289128976E+003
  0.104166708793543E+000  0.198162643315861E+001  0.472402928020405E-001  0.495940843039815E+000 -0.131028262406404E+000 -0.137741331523774E+003 -0.137741331523774E+003
  0.100663796411332E+000  0.199624922678079E+001  0.335445324885036E-002  0.479382702081356E+000 -0.131028262406404E+000 -0.137742677754467E+003 -0.137742677754467E+003
  0.107051309066703E+000  0.199590217272036E+001  0.408189322177344E-001  0.490721681466233E+000 -0.131028262406404E+000 -0.137741874351171E+003 -0.137741874351171E+003
  0.104777006359155E+000  0.197496387484942E+001  0.147180968729953E+000  0.499389978790896E+000 -0.131028262406404E+000 -0.137741791135610E+003 -0.137741791135610E+003
  0.108699810464039E+000  0.199140359316085E+001  0.203512227772322E+000  0.499547566711231E+000 -0.131028262406404E+000 -0.137740122993695E+003 -0.137740122993695E+003
  0.101119305066880E+000  0.199399492645534E+001  0.371383215261993E+000  0.495057029189724E+000 -0.131028262406404E+000 -0.137737372400123E+003 -0.137737372400123E+003
  0.105673721786127E+000  0.198040217334735E+001  0.249727825290600E+000  0.496248758133292E+000 -0.131028262406404E+000 -0.137742323844343E+003 -0.137742323844343E+003
  0.101938250780687E+000  0.198694977347921E+001  0.274711560000857E+000  0.489556141102477E+000 -0.131028262406404E+000 -0.137741440371831E+003 -0.137741440371831E+003
  0.101517322849664E+000  0.198308264532306E+001  0.284166220926089E+000  0.488177330010016E+000 -0.131028262406404E+000 -0.137742546676571E+003 -0.137742546676571E+003
  0.108924014423668E+000  0.199843758889914E+001  0.294124348914745E+000  0.499714961307170E+000 -0.131028262406404E+000 -0.137738551151688E+003 -0.137738551151688E+003
  0.102148328960586E+000  0.199032090951303E+001  0.396969598099456E+000  0.489446444576615E+000 -0.131028262406404E+000 -0.137740887627961E+003 -0.137740887627961E+003
  0.112705134602858E+000  0.199605355641441E+001  0.402329992395311E+000  0.499898101798883E+000 -0.131028262406404E+000 -0.137741045734827E+003 -0.137741045734827E+003
  0.105140520023986E+000  0.198716804721386E+001  0.336295924095832E+000  0.494756003735817E+000 -0.131028262406404E+000 -0.137741116809795E+003 -0.137741116809795E+003
  0.102154422005222E+000  0.199569415091821E+001  0.311697876038875E+000  0.490957373856713E+000 -0.131028262406404E+000 -0.137739169798545E+003 -0.137739169798545E+003
  0.103923373893214E+000  0.198000795635617E+001  0.108435740704483E+000  0.499443288596253E+000 -0.131028262406404E+000 -0.137740163041766E+003 -0.137740163041766E+003
  0.102131704659558E+000  0.197344363749307E+001  0.145634637555297E+000  0.493531047828978E+000 -0.131028262406404E+000 -0.137742916846926E+003 -0.137742916846926E+003
  0.101142490215941E+000  0.199368924110217E+001  0.977681677200310E-001  0.483718265950153E+000 -0.131028262406404E+000 -0.137741829964705E+003 -0.137741829964705E+003
  0.101008673177829E+000  0.199751793473434E+001  0.263633822063028E+000  0.491827591826367E+000 -0.131028262406404E+000 -0.137737843236585E+003 -0.137737843236585E+003
  0.102070108074525E+000  0.198414366802167E+001  0.677979724664113E-001  0.495271458827239E+000 -0.131028262406404E+000 -0.137739893881927E+003 -0.137739893881927E+003
  0.103454070577202E+000  0.198678141225344E+001  0.121800524528969E-001  0.497811554137280E+000 -0.131028262406404E+000 -0.137739062050540E+003 -0.137739062050540E+003
  0.105362327594083E+000  0.199581682561602E+001  0.971067849543549E-001  0.495296862922343E+000 -0.131028262406404E+000 -0.137739109825690E+003 -0.137739109825690E+003
  0.102242130860556E+000  0.199826238881870E+001  0.267345838268258E+000  0.498857392443306E+000 -0.131028262406404E+000 -0.137735523780111E+003 -0.137735523780111E+003
  0.115465452663605E+000  0.199766992199506E+001  0.204677609554031E+000  0.499206062961487E+000 -0.131028262406404E+000 -0.137742472969046E+003 -0.137742472969046E+003
  0.108894186974015E+000  0.198547693086769E+001  0.390885196863914E+000  0.497907892779080E+000 -0.131028262406404E+000 -0.137742289503144E+003 -0.137742289503144E+003
  0.104311957060539E+000  0.198722159008380E+001  0.284341672237688E+000  0.498606199574011E+000 -0.131028262406404E+000 -0.137739104099375E+003 -0.137739104099375E+003
  0.111538728311428E+000  0.199625302868302E+001  0.243579913150622E+000  0.499098450403692E+000 -0.131028262406404E+000 -0.137740715553578E+003 -0.137740715553578E+003
  0.101202858914325E+000  0.196749331577885E+001  0.116992957735080E+000  0.499846167360455E+000 -0.131028262406404E+000 -0.137741274537222E+003 -0.137741274537222E+003
  0.103130451943310E+000  0.197218131384021E+001  0.265445495851896E-001  0.496208761413731E+000 -0.131028262406404E+000 -0.137742733748962E+003 -0.137742733748962E+003
  0.100691126809970E+000  0.199965355990885E+001  0.311145060138755E+000  0.497316300797644E+000 -0.131028262406404E+000 -0.137735071699774E+003 -0.137735071699774E+003
  0.106787209166633E+000  0.198903029467445E+001  0.138960711077174E+000  0.493481056047588E+000 -0.131028262406404E+000 -0.137742129594559E+003 -0.137742129594559E+003
  0.107957263903551E+000  0.198496903346448E+001  0.267811081860134E+000  0.496447972512836E+000 -0.131028262406404E+000 -0.137742487667990E+003 -0.137742487667990E+003
  0.112435665919881E+000  0.199705780286536E+001  0.556417984050590E-001  0.498076718737642E+000 -0.131028262406404E+000 -0.137741456778387E+003 -0.137741456778387E+003
  0.101745202228198E+000  0.197473628196915E+001  0.657839121254587E-001  0.494625559383013E+000 -0.131028262406404E+000 -0.137741997316284E+003 -0.137741997316284E+003
  0.101417307717224E+000  0.197508185395912E+001  0.364273499575114E-001  0.492743754132714E+000 -0.131028262406404E+000 -0.137742455066789E+003 -0.137742455066789E+003
  0.103951064145553E+000  0.197834785355937E+001  0.279113895220688E+000  0.499158170143633E+000 -0.131028262406404E+000 -0.137740662780348E+003 -0.137740662780348E+003
  0.103401650258758E+000  0.199431093562222E+001  0.201520889824036E+000  0.493493693598600E+000 -0.131028262406404E+000 -0.137739123798204E+003 -0.137739123798204E+003
  0.110210989663307E+000  0.198955556980847E+001  0.116193304224542E+000  0.498798707476424E+000 -0.131028262406404E+000 -0.137741693721208E+003 -0.137741693721208E+003
  0.106654505790024E+000  0.199670722146841E+001  0.703533254290185E-002  0.495599362578485E+000 -0.131028262406404E+000 -0.137739474964850E+003 -0.137739474964850E+003
  0.100206262292380E+000  0.199168201649259E+001  0.287192314566269E+000  0.481552632146826E+000 -0.131028262406404E+000 -0.137742527031933E+003 -0.137742527031933E+003
  0.103810581542458E+000  0.197972154301251E+001  0.780559753573406E-001  0.494298554066995E+000 -0.131028262406404E+000 -0.137742200923802E+003 -0.137742200923802E+003
  0.101303123693188E+000  0.196854841389689E+001  0.861017759753501E-001  0.495791730315950E+000 -0.131028262406404E+000 -0.137742646028587E+003 -0.137742646028587E+003
  0.101034058556294E+000  0.199633730343767E+001  0.281656287091633E+000  0.481156998539389E+000 -0.131028262406404E+000 -0.137742200937167E+003 -0.137742200937167E+003
  0.104515094436506E+000  0.198354802351305E+001  0.159520472626599E+000  0.494981551487435E+000 -0.131028262406404E+000 -0.137741481330404E+003 -0.137741481330404E+003
  0.100420019474751E+000  0.199049762521586E+001  0.213258117848777E+000  0.499250172593648E+000 -0.131028262406404E+000 -0.137736104113993E+003 -0.137736104113993E+003
  0.113562482267619E+000  0.199620303622022E+001  0.121303606977198E+000  0.499394960141529E+000 -0.131028262406404E+000 -0.137741698395363E+003 -0.137741698395363E+003
  0.105174308289521E+000  0.199010772966418E+001  0.149988148686403E+000  0.498140890766533E+000 -0.131028262406404E+000 -0.137739111812724E+003 -0.137739111812724E+003
  0.105072905114476E+000  0.199562380676273E+001  0.375626877979461E+000  0.499521567943860E+000 -0.131028262406404E+000 -0.137737266844484E+003 -0.137737266844484E+003
  0.104545224408133E+000  0.199855751440212E+001  0.214954879173349E+000  0.484799404287024E+000 -0.131028262406404E+000 -0.137742292742070E+003 -0.137742292742070E+003
  0.104404277254705E+000  0.199737008736859E+001  0.339491087924765E+000  0.492159152584237E+000 -0.131028262406404E+000 -0.137739534697369E+003 -0.137739534697369E+003
  0.100454796145548E+000  0.198460204087724E+001  0.221700827182124E+000  0.497691436210147E+000 -0.131028262406404E+000 -0.137737987023266E+003 -0.137737987023266E+003
  0.110424667303727E+000  0.199224424980017E+001  0.327486380060191E+000  0.494858884286182E+000 -0.131028262406404E+000 -0.137742855207331E+003 -0.137742855207331E+003
  0.101894686489078E+000  0.197523101399204E+001  0.161625630765506E+000  0.494340043740938E+000 -0.131028262406404E+000 -0.137742084083555E+003 -0.137742084083555E+003
  0.105349535576410E+000  0.199404055626530E+001  0.392562013906261E-001  0.490002224067540E+000 -0.131028262406404E+000 -0.137741634663927E+003 -0.137741634663927E+003
  0.106989750025584E+000  0.197791445678709E+001  0.135551225597667E+000  0.498319477075555E+000 -0.131028262406404E+000 -0.137742796248345E+003 -0.137742796248345E+003
  0.106080805167999E+000  0.199356488769022E+001  0.118495144343250E+000  0.489428545260750E+000 -0.131028262406404E+000 -0.137742374134317E+003 -0.137742374134317E+003
  0.112111643802563E+000  0.199853365839081E+001  0.164441531423054E+000  0.499834252535605E+000 -0.131028262406404E+000 -0.137740164195238E+003 -0.137740164195238E+003
  0.100771149671896E+000  0.198180380912230E+001  0.140853152091840E+000  0.491640203895588E+000 -0.131028262406404E+000 -0.137741080208084E+003 -0.137741080208084E+003
  0.100858906972856E+000  0.198663754091034E+001  0.123106556442310E+000  0.488411217729780E+000 -0.131028262406404E+000 -0.137741344268534E+003 -0.137741344268534E+003
  0.100689387793800E+000  0.199857809958370E+001  0.851394642715102E-001  0.498464849335038E+000 -0.131028262406404E+000 -0.137734840190584E+003 -0.137734840190584E+003
  0.105016432414669E+000  0.199027283319777E+001  0.780397313869478E-001  0.494044249738102E+000 -0.131028262406404E+000 -0.137740650541783E+003 -0.137740650541783E+003
  0.105390287073268E+000  0.198724350302056E+001  0.151540002443318E+000  0.497847185484744E+000 -0.131028262406404E+000 -0.137739986503543E+003 -0.137739986503543E+003
  0.105532360296697E+000  0.197755991823253E+001  0.857037953913730E-001  0.498457662007347E+000 -0.131028262406404E+000 -0.137741999702725E+003 -0.137741999702725E+003
  0.102503554025536E+000  0.199896992359676E+001  0.313476873024580E+000  0.480355476173215E+000 -0.131028262406404E+000 -0.137742794533338E+003 -0.137742794533338E+003
  0.103033983944317E+000  0.198818558066812E+001  0.194569745980617E+000  0.487517421099836E+000 -0.131028262406404E+000 -0.137742579193613E+003 -0.137742579193613E+003
  0.106556791824539E+000  0.198556511872032E+001  0.217051251543498E+000  0.499675802747046E+000 -0.131028262406404E+000 -0.137740249661751E+003 -0.137740249661751E+003
  0.100772660014798E+000  0.198869839051058E+001  0.163999309340123E+000  0.497466479855207E+000 -0.131028262406404E+000 -0.137737368816402E+003 -0.137737368816402E+003
  0.109497749326979E+000  0.199802474087474E+001  0.384142197878248E+000  0.492028717357471E+000 -0.131028262406404E+000 -0.137742208330141E+003 -0.137742208330141E+003
  0.107513664981554E+000  0.198781325250850E+001  0.223110885172753E+000  0.499135548516388E+000 -0.131028262406404E+000 -0.137740479406602E+003 -0.137740479406602E+003
  0.108673174929243E+000  0.199476228976334E+001  0.406677693924424E+000  0.496533312632970E+000 -0.131028262406404E+000 -0.137740607223626E+003 -0.137740607223626E+003
  0.103612684896560E+000  0.199748976836508E+001  0.167547898099150E+000  0.497737233672979E+000 -0.131028262406404E+000 -0.137736838168545E+003 -0.137736838168545E+003
  0.101143696023419E+000  0.197496808632946E+001  0.358713437033788E+000  0.495361471041128E+000 -0.131028262406404E+000 -0.137741327034207E+003 -0.137741327034207E+003
  0.111178885746942E+000  0.199995461713806E+001  0.324542856855554E+000  0.495004766456659E+000 -0.131028262406404E+000 -0.137741424133566E+003 -0.137741424133566E+003
  0.101759233542208E+000  0.198928626125479E+001  0.399382674218383E+000  0.495526972663864E+000 -0.131028262406404E+000 -0.137738523011200E+003 -0.137738523011200E+003
  0.109997525676203E+000  0.199886185960384E+001  0.333115466562742E+000  0.497194293965291E+000 -0.131028262406404E+000 -0.137740099589866E+003 -0.137740099589866E+003
  0.104750698279728E+000  0.199851780203383E+001  0.300905174959468E+000  0.497138294217611E+000 -0.131028262406404E+000 -0.137737443473983E+003 -0.137737443473983E+003
  0.104591911781973E+000  0.198179762756758E+001  0.299822565503512E+000  0.497613417940838E+000 -0.131028262406404E+000 -0.137740861815930E+003 -0.137740861815930E+003
  0.103286132252052E+000  0.199708869258161E+001  0.329048515069469E+000  0.484055477346065E+000 -0.131028262406404E+000 -0.137742192168451E+003 -0.137742192168451E+003
  0.107258523407982E+000  0.199622564077162E+001  0.325322320783820E+000  0.492463481376680E+000 -0.131028262406404E+000 -0.137741201974060E+003 -0.137741201974060E+003
  0.101884751841700E+000  0.198751663841075E+001  0.246774137433429E+000  0.490692614318469E+000 -0.131028262406404E+000 -0.137740852276956E+003 -0.137740852276956E+003
  0.104506429160882E+000  0.199753468437186E+001  0.391110080630573E+000  0.489489477846048E+000 -0.131028262406404E+000 -0.137740625446421E+003 -0.137740625446421E+003
  0.100123843437945E+000  0.199710910891758E+001  0.400403397891065E+000  0.485435199642343E+000 -0.131028262406404E+000 -0.137739922854032E+003 -0.137739922854032E+003
  0.108078298190396E+000  0.198988360620631E+001  0.168611179115712E+000  0.498716902833184E+000 -0.131028262406404E+000 -0.137740485833221E+003 -0.137740485833221E+003
  0.100108323501480E+000  0.197454788761887E+001  0.152843154063683E+000  0.497537381250445E+000 -0.131028262406404E+000 -0.137740012181256E+003 -0.137740012181256E+003
  0.101040462811935E+000  0.198809429428221E+001  0.184939769185196E+000  0.489763769946604E+000 -0.131028262406404E+000 -0.137740624309070E+003 -0.137740624309070E+003
  0.100985663931722E+000  0.199807718514603E+001  0.236503899698302E+000  0.493416263311881E+000 -0.131028262406404E+000 -0.137737091972098E+003 -0.137737091972098E+003
  0.104191509267802E+000  0.198727565849115E+001  0.855478411885988E-001  0.497867462298699E+000 -0.131028262406404E+000 -0.137739325571019E+003 -0.137739325571019E+003
  0.105141966115449E+000  0.199347908106426E+001  0.379500703047723E-001  0.490636330716346E+000 -0.131028262406404E+000 -0.137741388002318E+003 -0.137741388002318E+003
  0.112509516254185E+000  0.199509874221340E+001  0.353382503642193E+000  0.497268124294667E+000 -0.131028262406404E+000 -0.137742313211222E+003 -0.137742313211222E+003
  0.100690589265128E+000  0.198477829569034E+001  0.293121493429296E+000  0.494795181607103E+000 -0.131028262406404E+000 -0.137739196926352E+003 -0.137739196926352E+003
  0.102007326674232E+000  0.199313632684881E+001  0.116017890120132E+000  0.493841089071852E+000 -0.131028262406404E+000 -0.137738497685777E+003 -0.137738497685777E+003
  0.105523206292788E+000  0.198530605970437E+001  0.198220874975508E+000  0.492429635533124E+000 -0.131028262406404E+000 -0.137742673936861E+003 -0.137742673936861E+003
  0.104169265165374E+000  0.198066765908360E+001  0.126978027478801E+000  0.494427784396625E+000 -0.131028262406404E+000 -0.137742143471284E+003 -0.137742143471284E+003
  0.105851268628861E+000  0.199445710265218E+001  0.245467262388678E+000  0.498169415012044E+000 -0.131028262406404E+000 -0.137738489312378E+003 -0.137738489312378E+003
  0.113728106396340E+000  0.199916484211881E+001  0.245660536100203E+000  0.499094122973265E+000 -0.131028262406404E+000 -0.137741210623711E+003 -0.137741210623711E+003
  0.103747449484046E+000  0.198580562903667E+001  0.237363964615492E+000  0.492702265200413E+000 -0.131028262406404E+000 -0.137741463590894E+003 -0.137741463590894E+003
  0.100275369026907E+000  0.198724079400823E+001  0.198095669654808E+000  0.496105235157781E+000 -0.131028262406404E+000 -0.137737947663491E+003 -0.137737947663491E+003
  0.100673176841804E+000  0.199330229453952E+001  0.185667020530045E+000  0.496373276231609E+000 -0.131028262406404E+000 -0.137736770818312E+003 -0.137736770818312E+003
  0.103718899272117E+000  0.199075564767514E+001  0.356174969340502E+000  0.493073164969823E+000 -0.131028262406404E+000 -0.137740228120358E+003 -0.137740228120358E+003
  0.101933634112722E+000  0.199788038677760E+001  0.165292318230514E+000  0.480307967102580E+000 -0.131028262406404E+000 -0.137742714346938E+003 -0.137742714346938E+003
  0.100377158484482E+000  0.196233250849780E+001  0.787920085174964E-001  0.499722596400015E+000 -0.131028262406404E+000 -0.137741989794578E+003 -0.137741989794578E+003
  0.103971085457433E+000  0.198514699895490E+001  0.264013871174497E-001  0.497015444941828E+000 -0.131028262406404E+000 -0.137740018427244E+003 -0.137740018427244E+003
  0.101465046817973E+000  0.198602025259546E+001  0.350081276033005E+000  0.498085752536999E+000 -0.131028262406404E+000 -0.137738062357631E+003 -0.137738062357631E+003
  0.106132606938759E+000  0.198663199462757E+001  0.282523306284720E+000  0.498819476963646E+000 -0.131028262406404E+000 -0.137740129053980E+003 -0.137740129053980E+003
  0.103536498320614E+000  0.198391240433157E+001  0.296366582014996E+000  0.493786172831721E+000 -0.131028262406404E+000 -0.137741331636086E+003 -0.137741331636086E+003
  0.108264356308480E+000  0.199731265024444E+001  0.722167893997517E-001  0.491709456717478E+000 -0.131028262406404E+000 -0.137741822291764E+003 -0.137741822291764E+003
  0.104423489116983E+000  0.199349656006006E+001  0.344092615667249E+000  0.494912949041421E+000 -0.131028262406404E+000 -0.137739274719117E+003 -0.137739274719117E+003
  0.101279719356387E+000  0.199255526775272E+001  0.111658674164569E+000  0.495936073922605E+000 -0.131028262406404E+000 -0.137737414316075E+003 -0.137737414316075E+003
  0.103381447432199E+000  0.198198451478216E+001  0.203295522095634E+000  0.496049031697240E+000 -0.131028262406404E+000 -0.137740775647316E+003 -0.137740775647316E+003
  0.101541423218229E+000  0.196818746664045E+001  0.195247549828639E+000  0.495716683412329E+000 -0.131028262406404E+000 -0.137742890248187E+003 -0.137742890248187E+003
  0.104120761053786E+000  0.198812042331686E+001  0.952531357460604E-001  0.490464540522450E+000 -0.131028262406404E+000 -0.137742051629795E+003 -0.137742051629795E+003
  0.103624178526894E+000  0.198544781467375E+001  0.156684847206099E-001  0.497938067103392E+000 -0.131028262406404E+000 -0.137739395892736E+003 -0.137739395892736E+003
  0.101318213539331E+000  0.197228309165728E+001  0.190951625549347E+000  0.496936754916804E+000 -0.131028262406404E+000 -0.137741404194771E+003 -0.137741404194771E+003
  0.110698313918280E+000  0.199362833967441E+001  0.794411977191651E-001  0.497725430951648E+000 -0.131028262406404E+000 -0.137741465858699E+003 -0.137741465858699E+003
  0.100276607644810E+000  0.198497947555664E+001  0.138443266940588E-001  0.495464649650874E+000 -0.131028262406404E+000 -0.137738674020424E+003 -0.137738674020424E+003
  0.109977995576243E+000  0.199990092762769E+001  0.204116360425946E+000  0.494584707251762E+000 -0.131028262406404E+000 -0.137740964313270E+003 -0.137740964313270E+003
  0.100923502034602E+000  0.196780166573541E+001  0.242514680395073E+000  0.496768581165471E+000 -0.131028262406404E+000 -0.137742221226657E+003 -0.137742221226657E+003
  0.108043847636262E+000  0.199342334169984E+001  0.286756986381058E+000  0.493685402614614E+000 -0.131028262406404E+000 -0.137741755343989E+003 -0.137741755343989E+003
  0.100392883524588E+000  0.198633948988347E+001  0.368748411468816E+000  0.489402196002554E+000 -0.131028262406404E+000 -0.137740771749276E+003 -0.137740771749276E+003
  0.105955360876960E+000  0.199257364844593E+001  0.255471969046476E+000  0.496342562235217E+000 -0.131028262406404E+000 -0.137739715629321E+003 -0.137739715629321E+003
  0.106859500881686E+000  0.199444896770757E+001  0.226345883381074E+000  0.492784551472119E+000 -0.131028262406404E+000 -0.137741246584737E+003 -0.137741246584737E+003
  0.101977808348324E+000  0.199771321969122E+001  0.186043494536518E+000  0.491088972423800E+000 -0.131028262406404E+000 -0.137738600515309E+003 -0.137738600515309E+003
  0.100270738174514E+000  0.199667154779015E+001  0.116745303608191E+000  0.483954557139546E+000 -0.131028262406404E+000 -0.137740653220322E+003 -0.137740653220322E+003
  0.100675564582268E+000  0.199856037721032E+001  0.187968272730308E+000  0.496640740584892E+000 -0.131028262406404E+000 -0.137735561124456E+003 -0.137735561124456E+003
