  0.869139213435179E+000  0.156470898009424E+001  0.565378124293436E+000  0.499765255108226E+000 -0.131028262406404E+000 -0.143893776303842E+003 -0.143893776303842E+003
  0.936218386106915E+000  0.158146591434420E+001  0.585703192993818E+000  0.499099629650007E+000 -0.131028262406404E+000 -0.143895236645762E+003 -0.143895236645762E+003
  0.875163197488142E+000  0.153201342528566E+001  0.365566051733566E+000  0.498573082162337E+000 -0.131028262406404E+000 -0.143895136724098E+003 -0.143895136724098E+003
  0.915515813351342E+000  0.150458557286727E+001  0.653138081430214E+000  0.499906062818736E+000 -0.131028262406404E+000 -0.143894841483068E+003 -0.143894841483068E+003
  0.892212514532959E+000  0.154066077380444E+001  0.410682304749092E+000  0.499769472233467E+000 -0.131028262406404E+000 -0.143891961485137E+003 -0.143891961485137E+003
  0.901236315421232E+000  0.149935168107282E+001  0.281102882588428E+000  0.499950213996852E+000 -0.131028262406404E+000 -0.143894837786743E+003 -0.143894837786743E+003
  0.886124202622239E+000  0.157136542372994E+001  0.635909941266417E+000  0.497983579599927E+000 -0.131028262406404E+000 -0.143894317346969E+003 -0.143894317346969E+003
  0.925096200615855E+000  0.158264101820592E+001  0.186971523341048E+000  0.499447146581793E+000 -0.131028262406404E+000 -0.143893560484502E+003 -0.143893560484502E+003
  0.908193857463993E+000  0.156617454764289E+001  0.385393462660392E+000  0.497117400131262E+000 -0.131028262406404E+000 -0.143894625749556E+003 -0.143894625749556E+003
  0.885100612812457E+000  0.156334463674225E+001  0.751332693340341E+000  0.496963638002212E+000 -0.131028262406404E+000 -0.143895516822424E+003 -0.143895516822424E+003
  0.888044896734550E+000  0.160339124039700E+001  0.410145109795850E+000  0.498645010394239E+000 -0.131028262406404E+000 -0.143895214224054E+003 -0.143895214224054E+003
  0.913518588309789E+000  0.152482722418469E+001  0.230649837866907E+000  0.498156188742411E+000 -0.131028262406404E+000 -0.143894854524560E+003 -0.143894854524560E+003
  0.898295671055197E+000  0.159668005843121E+001  0.138351676492054E+000  0.498299569726018E+000 -0.131028262406404E+000 -0.143894606305071E+003 -0.143894606305071E+003
  0.897577320485353E+000  0.156359348591829E+001  0.596807394340109E-001  0.496715590407375E+000 -0.131028262406404E+000 -0.143895125777150E+003 -0.143895125777150E+003
  0.888535854940050E+000  0.158912219172419E+001  0.498849706037075E+000  0.497504582581503E+000 -0.131028262406404E+000 -0.143895471444529E+003 -0.143895471444529E+003
  0.877263900008385E+000  0.156621268885025E+001  0.810077668466884E-001  0.498400977617675E+000 -0.131028262406404E+000 -0.143894514003601E+003 -0.143894514003601E+003
  0.904261643976546E+000  0.152409122504556E+001  0.220088265416510E+000  0.497537487807474E+000 -0.131028262406404E+000 -0.143895350428341E+003 -0.143895350428341E+003
  0.897668645699650E+000  0.150545625431541E+001  0.305340786172558E+000  0.498936978464351E+000 -0.131028262406404E+000 -0.143895362382434E+003 -0.143895362382434E+003
  0.879328411502688E+000  0.151735766046136E+001  0.671904384337827E+000  0.499557918095307E+000 -0.131028262406404E+000 -0.143894414695217E+003 -0.143894414695217E+003
  0.921081748677176E+000  0.157428651394338E+001  0.959029898818860E+000  0.499446742941607E+000 -0.131028262406404E+000 -0.143892885953738E+003 -0.143892885953738E+003
  0.918405865464613E+000  0.159464555020695E+001  0.733345717415726E+000  0.497704059843658E+000 -0.131028262406404E+000 -0.143895507098095E+003 -0.143895507098095E+003
  0.895647964173119E+000  0.153216681311753E+001  0.870826659314180E+000  0.498832960171835E+000 -0.131028262406404E+000 -0.143893367940880E+003 -0.143893367940880E+003
  0.900444220116869E+000  0.154413052704087E+001  0.853128581297127E+000  0.497112358535614E+000 -0.131028262406404E+000 -0.143894830727926E+003 -0.143894830727926E+003
  0.876215803012051E+000  0.159502560582958E+001  0.878564797872786E-001  0.499203550465132E+000 -0.131028262406404E+000 -0.143894938729160E+003 -0.143894938729160E+003
  0.888512571830702E+000  0.152922271206559E+001  0.377356604289188E+000  0.497840617960873E+000 -0.131028262406404E+000 -0.143895052369911E+003 -0.143895052369911E+003
  0.893333502041673E+000  0.152084410100830E+001  0.303713386729757E+000  0.497907217331911E+000 -0.131028262406404E+000 -0.143895305319118E+003 -0.143895305319118E+003
  0.926510556915811E+000  0.155839797667002E+001  0.653223326549559E+000  0.498491331278757E+000 -0.131028262406404E+000 -0.143894222784019E+003 -0.143894222784019E+003
  0.899759880425714E+000  0.155842212262565E+001  0.988220710852147E+000  0.498399441301578E+000 -0.131028262406404E+000 -0.143893080452151E+003 -0.143893080452151E+003
  0.875131256737155E+000  0.157995749032322E+001  0.190044528593823E+000  0.498486907532813E+000 -0.131028262406404E+000 -0.143895065260176E+003 -0.143895065260176E+003
  0.919120129924042E+000  0.155853140532293E+001  0.964098045510693E+000  0.499818549128528E+000 -0.131028262406404E+000 -0.143892124574321E+003 -0.143892124574321E+003
  0.879223879516801E+000  0.151674151894161E+001  0.501920639698578E+000  0.499914030145703E+000 -0.131028262406404E+000 -0.143894019938010E+003 -0.143894019938010E+003
  0.888352449548810E+000  0.159510397506222E+001  0.751537209957293E+000  0.498745132979468E+000 -0.131028262406404E+000 -0.143894408073494E+003 -0.143894408073494E+003
  0.900026355008764E+000  0.157229521270349E+001  0.778068161476477E+000  0.497141421267141E+000 -0.131028262406404E+000 -0.143894704845672E+003 -0.143894704845672E+003
  0.902460662293706E+000  0.155671257835450E+001  0.225080945702510E+000  0.498327279708794E+000 -0.131028262406404E+000 -0.143893154772978E+003 -0.143893154772978E+003
  0.900896117702394E+000  0.152224363429273E+001  0.848503723996102E+000  0.499295631959870E+000 -0.131028262406404E+000 -0.143893386039872E+003 -0.143893386039872E+003
  0.929778841255489E+000  0.157197153414975E+001  0.355923725788068E+000  0.497989420714775E+000 -0.131028262406404E+000 -0.143895215894316E+003 -0.143895215894316E+003
  0.931482576716382E+000  0.158545567491013E+001  0.423191473808202E+000  0.498835046912281E+000 -0.131028262406404E+000 -0.143895032961996E+003 -0.143895032961996E+003
  0.885889481120257E+000  0.158233255761885E+001  0.410683640550077E+000  0.497885364996728E+000 -0.131028262406404E+000 -0.143894847071922E+003 -0.143894847071922E+003
  0.877442815909639E+000  0.157692501985374E+001  0.112830472305250E+000  0.499994430033504E+000 -0.131028262406404E+000 -0.143892801847669E+003 -0.143892801847669E+003
  0.918261103358672E+000  0.154028944594482E+001  0.150573043891002E+000  0.498370556557891E+000 -0.131028262406404E+000 -0.143894040306610E+003 -0.143894040306610E+003
  0.915435671644903E+000  0.157986991980622E+001  0.354330497781389E+000  0.499032128525109E+000 -0.131028262406404E+000 -0.143893123865389E+003 -0.143893123865389E+003
  0.875729898744111E+000  0.155087665142480E+001  0.499760961519758E+000  0.499716833457051E+000 -0.131028262406404E+000 -0.143892994487854E+003 -0.143892994487854E+003
  0.871492665828128E+000  0.154364761061757E+001  0.681429305544429E+000  0.499435186357461E+000 -0.131028262406404E+000 -0.143894010439288E+003 -0.143894010439288E+003
  0.902116142325301E+000  0.154870786481615E+001  0.116467777662714E+000  0.498070132312901E+000 -0.131028262406404E+000 -0.143893565610579E+003 -0.143893565610579E+003
  0.882924683606812E+000  0.159230770558828E+001  0.619812789710521E+000  0.499478994264824E+000 -0.131028262406404E+000 -0.143893741473638E+003 -0.143893741473638E+003
  0.873960808155096E+000  0.159312174314708E+001  0.387598358518332E+000  0.498823636260455E+000 -0.131028262406404E+000 -0.143895540869604E+003 -0.143895540869604E+003
  0.884151088391237E+000  0.151061275913936E+001  0.752312710794517E+000  0.499389061973697E+000 -0.131028262406404E+000 -0.143894835981882E+003 -0.143894835981882E+003
  0.903044904352379E+000  0.160825258378539E+001  0.617879414860275E+000  0.498659582524604E+000 -0.131028262406404E+000 -0.143895133204378E+003 -0.143895133204378E+003
  0.908543863585300E+000  0.160524674772299E+001  0.828851671087357E+000  0.499676473810929E+000 -0.131028262406404E+000 -0.143893814404224E+003 -0.143893814404224E+003
  0.883232156203440E+000  0.159948246295250E+001  0.764671633784271E-001  0.499546038434151E+000 -0.131028262406404E+000 -0.143894178997927E+003 -0.143894178997927E+003
  0.890392321720545E+000  0.152257995454326E+001  0.383083773555313E+000  0.499620760147337E+000 -0.131028262406404E+000 -0.143893189663468E+003 -0.143893189663468E+003
  0.929249838766189E+000  0.157837065643701E+001  0.421529677012766E-001  0.499127759583908E+000 -0.131028262406404E+000 -0.143894168996379E+003 -0.143894168996379E+003
  0.918706677505438E+000  0.158138749166896E+001  0.889313515740270E+000  0.497592259643779E+000 -0.131028262406404E+000 -0.143894931114845E+003 -0.143894931114845E+003
  0.896735959127217E+000  0.159773285972388E+001  0.793769471942084E+000  0.498581469411268E+000 -0.131028262406404E+000 -0.143894405074178E+003 -0.143894405074178E+003
  0.913491820019393E+000  0.155916550912944E+001  0.297322921092058E-001  0.498468196161567E+000 -0.131028262406404E+000 -0.143893248809381E+003 -0.143893248809381E+003
  0.915217943080283E+000  0.155519019240306E+001  0.556484915155380E+000  0.498289992948036E+000 -0.131028262406404E+000 -0.143893560369482E+003 -0.143893560369482E+003
  0.906166072994406E+000  0.151027746347391E+001  0.907116433089360E+000  0.498418824551080E+000 -0.131028262406404E+000 -0.143895521824699E+003 -0.143895521824699E+003
  0.881110122637049E+000  0.159368495933023E+001  0.266519958377114E+000  0.498311569117633E+000 -0.131028262406404E+000 -0.143895409047466E+003 -0.143895409047466E+003
  0.908025039777104E+000  0.160879131251798E+001  0.638575679912683E+000  0.499085591687052E+000 -0.131028262406404E+000 -0.143894771799360E+003 -0.143894771799360E+003
  0.918309785262149E+000  0.151542760499816E+001  0.488861250556362E-001  0.499669376240277E+000 -0.131028262406404E+000 -0.143894221562112E+003 -0.143894221562112E+003
  0.880911441250968E+000  0.157346587959546E+001  0.198312353109577E+000  0.497416158252335E+000 -0.131028262406404E+000 -0.143895525802896E+003 -0.143895525802896E+003
  0.877686726662827E+000  0.160181234798601E+001  0.187678236194595E+000  0.499121868313072E+000 -0.131028262406404E+000 -0.143895421444441E+003 -0.143895421444441E+003
  0.885200196197719E+000  0.153753773562582E+001  0.150155679885917E+000  0.498559622782002E+000 -0.131028262406404E+000 -0.143893954522411E+003 -0.143893954522411E+003
  0.890921010358141E+000  0.158455080125508E+001  0.773775710581787E+000  0.497788572072895E+000 -0.131028262406404E+000 -0.143894736272158E+003 -0.143894736272158E+003
  0.897201282459517E+000  0.160855508246925E+001  0.530644754654484E+000  0.498392055053533E+000 -0.131028262406404E+000 -0.143895548948077E+003 -0.143895548948077E+003
  0.888906918095183E+000  0.151300423407505E+001  0.352014663996379E-001  0.499165945052280E+000 -0.131028262406404E+000 -0.143894604614360E+003 -0.143894604614360E+003
  0.876505066212473E+000  0.156497427263702E+001  0.713637327976496E-001  0.499521025344959E+000 -0.131028262406404E+000 -0.143893169688942E+003 -0.143893169688942E+003
  0.897714370099402E+000  0.152300474972994E+001  0.939719325846321E-002  0.499172350702492E+000 -0.131028262406404E+000 -0.143893496838051E+003 -0.143893496838051E+003
  0.893020585480794E+000  0.155860814508273E+001  0.468575054025334E+000  0.496590347148687E+000 -0.131028262406404E+000 -0.143895441315131E+003 -0.143895441315131E+003
  0.868242373766685E+000  0.152920573844334E+001  0.189614708038512E+000  0.499890051720309E+000 -0.131028262406404E+000 -0.143894455334323E+003 -0.143894455334323E+003
  0.916620320179438E+000  0.156170267408171E+001  0.402598786919312E+000  0.499311084558804E+000 -0.131028262406404E+000 -0.143892498189212E+003 -0.143892498189212E+003
  0.897758756195938E+000  0.157746325232770E+001  0.193396549740758E+000  0.497744796084176E+000 -0.131028262406404E+000 -0.143894205436647E+003 -0.143894205436647E+003
  0.925054801213593E+000  0.156229886566220E+001  0.480601812129066E+000  0.498990003177617E+000 -0.131028262406404E+000 -0.143893543643576E+003 -0.143893543643576E+003
  0.924372945397939E+000  0.153617199453911E+001  0.900908501011009E+000  0.499719341461055E+000 -0.131028262406404E+000 -0.143893284593216E+003 -0.143893284593216E+003
  0.880436995352157E+000  0.157532289600128E+001  0.590534740419508E+000  0.499219908520685E+000 -0.131028262406404E+000 -0.143893400751538E+003 -0.143893400751538E+003
  0.919839271684258E+000  0.155778567744500E+001  0.902260362607965E-001  0.498255231450394E+000 -0.131028262406404E+000 -0.143893878900245E+003 -0.143893878900245E+003
  0.887159571154675E+000  0.151684033909656E+001  0.436111035111360E-001  0.499495670284178E+000 -0.131028262406404E+000 -0.143893953412964E+003 -0.143893953412964E+003
  0.930404547191456E+000  0.153924721248419E+001  0.112330178257772E+000  0.499119875406935E+000 -0.131028262406404E+000 -0.143894477478294E+003 -0.143894477478294E+003
  0.917274685095342E+000  0.155678621264492E+001  0.813035222635132E+000  0.498952773799988E+000 -0.131028262406404E+000 -0.143892941370890E+003 -0.143892941370890E+003
  0.902909569480147E+000  0.159443509503926E+001  0.203670741273815E+000  0.497404480329734E+000 -0.131028262406404E+000 -0.143895390741691E+003 -0.143895390741691E+003
  0.883146839142665E+000  0.152865040832030E+001  0.433074170966367E+000  0.499856884677214E+000 -0.131028262406404E+000 -0.143892927590254E+003 -0.143892927590254E+003
  0.910216942836673E+000  0.157929741479988E+001  0.268586038880139E+000  0.497681995985164E+000 -0.131028262406404E+000 -0.143894359640561E+003 -0.143894359640561E+003
  0.929801881028363E+000  0.154175442982764E+001  0.406895992706217E+000  0.499146345169961E+000 -0.131028262406404E+000 -0.143894271055173E+003 -0.143894271055173E+003
  0.921704961503100E+000  0.157539595993641E+001  0.835403891161266E+000  0.497325860534356E+000 -0.131028262406404E+000 -0.143895220793549E+003 -0.143895220793549E+003
  0.920798609126468E+000  0.151355183661360E+001  0.142786205189732E+000  0.499750012549410E+000 -0.131028262406404E+000 -0.143894518241079E+003 -0.143894518241079E+003
  0.886641971142110E+000  0.155318582969403E+001  0.711059306690682E+000  0.497780154427434E+000 -0.131028262406404E+000 -0.143894404636312E+003 -0.143894404636312E+003
  0.880733484856670E+000  0.154302351588422E+001  0.204322315533068E+000  0.499254977684644E+000 -0.131028262406404E+000 -0.143893247126146E+003 -0.143893247126146E+003
  0.919345488795439E+000  0.159047284320165E+001  0.737586818274869E+000  0.499976440444267E+000 -0.131028262406404E+000 -0.143892919481115E+003 -0.143892919481115E+003
  0.918688345391714E+000  0.152950435232582E+001  0.187009193664056E+000  0.498880934450700E+000 -0.131028262406404E+000 -0.143894057796543E+003 -0.143894057796543E+003
  0.879680782232014E+000  0.154023332036492E+001  0.799996569893256E+000  0.498781694591804E+000 -0.131028262406404E+000 -0.143894034192895E+003 -0.143894034192895E+003
  0.885743533100701E+000  0.155920301522619E+001  0.338037817422161E+000  0.497674343934216E+000 -0.131028262406404E+000 -0.143894569323587E+003 -0.143894569323587E+003
  0.892231064339173E+000  0.153120443237209E+001  0.276105360520856E+000  0.497901563796310E+000 -0.131028262406404E+000 -0.143894671235662E+003 -0.143894671235662E+003
  0.908585255226494E+000  0.157063697954948E+001  0.765606829078348E+000  0.498080519991972E+000 -0.131028262406404E+000 -0.143893617154995E+003 -0.143893617154995E+003
  0.908546536900834E+000  0.155607514175365E+001  0.303098385346931E+000  0.497139840263012E+000 -0.131028262406404E+000 -0.143894593561146E+003 -0.143894593561146E+003
  0.935237775500022E+000  0.155529957149135E+001  0.899689165098805E+000  0.499304263595402E+000 -0.131028262406404E+000 -0.143894507346701E+003 -0.143894507346701E+003
  0.884641189214908E+000  0.160340615368567E+001  0.427573785821462E+000  0.499811297463769E+000 -0.131028262406404E+000 -0.143894093423013E+003 -0.143894093423013E+003
  0.931683797439531E+000  0.155620816931555E+001  0.217763184742776E+000  0.499229325758969E+000 -0.131028262406404E+000 -0.143894079747546E+003 -0.143894079747546E+003
  0.934035948723468E+000  0.152677457851803E+001  0.935936059846978E-001  0.499311534736466E+000 -0.131028262406404E+000 -0.143895475910568E+003 -0.143895475910568E+003
  0.910841136126557E+000  0.151412430668169E+001  0.962540068284420E+000  0.499723628679092E+000 -0.131028262406404E+000 -0.143893802763237E+003 -0.143893802763237E+003
  0.917123568622379E+000  0.152700601023056E+001  0.956184592705769E+000  0.498949223925907E+000 -0.131028262406404E+000 -0.143894028109218E+003 -0.143894028109218E+003
  0.895625395917995E+000  0.156034690002504E+001  0.830477672425047E+000  0.497868563652793E+000 -0.131028262406404E+000 -0.143893799975386E+003 -0.143893799975386E+003
  0.903806829437548E+000  0.157409232591433E+001  0.254438897595413E+000  0.498925164071420E+000 -0.131028262406404E+000 -0.143892677416138E+003 -0.143892677416138E+003
  0.886790239544086E+000  0.156058241931429E+001  0.185820097694894E+000  0.498856268605392E+000 -0.131028262406404E+000 -0.143893045706259E+003 -0.143893045706259E+003
  0.927427519592461E+000  0.154205757437447E+001  0.902373765748728E-002  0.499193150030488E+000 -0.131028262406404E+000 -0.143893926837869E+003 -0.143893926837869E+003
  0.885338424469545E+000  0.157288527845619E+001  0.439411790980700E+000  0.497346843332023E+000 -0.131028262406404E+000 -0.143895196122787E+003 -0.143895196122787E+003
  0.929390570359386E+000  0.155551243980797E+001  0.618048295569402E+000  0.498463821202660E+000 -0.131028262406404E+000 -0.143894595827361E+003 -0.143894595827361E+003
  0.904234735828470E+000  0.159539643155890E+001  0.654106180138138E+000  0.499897249375715E+000 -0.131028262406404E+000 -0.143892683125258E+003 -0.143892683125258E+003
  0.914436326328766E+000  0.154292525383936E+001  0.998777542722532E+000  0.497060529107283E+000 -0.131028262406404E+000 -0.143895178282940E+003 -0.143895178282940E+003
  0.887683533267241E+000  0.160173410410313E+001  0.997270019482487E+000  0.498258252847577E+000 -0.131028262406404E+000 -0.143895547637908E+003 -0.143895547637908E+003
  0.872691246649312E+000  0.151394723928759E+001  0.487045925589651E+000  0.499540211518522E+000 -0.131028262406404E+000 -0.143895426971523E+003 -0.143895426971523E+003
  0.915141512737097E+000  0.156523489234381E+001  0.152027492787242E-001  0.498886041816365E+000 -0.131028262406404E+000 -0.143892898715520E+003 -0.143892898715520E+003
  0.892043979491361E+000  0.161068384291760E+001  0.628109602059721E+000  0.499003517959068E+000 -0.131028262406404E+000 -0.143895270348878E+003 -0.143895270348878E+003
  0.897714275979151E+000  0.152753865826387E+001  0.268703087380698E+000  0.498177225281189E+000 -0.131028262406404E+000 -0.143894386129349E+003 -0.143894386129349E+003
  0.877384825996634E+000  0.152037888642921E+001  0.270087336068445E+000  0.499856674469831E+000 -0.131028262406404E+000 -0.143893981659659E+003 -0.143893981659659E+003
  0.932313610644731E+000  0.153167617791440E+001  0.532946319621103E+000  0.499573386622359E+000 -0.131028262406404E+000 -0.143894644429342E+003 -0.143894644429342E+003
  0.909591167471655E+000  0.160658387853809E+001  0.538103142326630E-001  0.499296707181997E+000 -0.131028262406404E+000 -0.143894374042166E+003 -0.143894374042166E+003
  0.917439476034246E+000  0.157766731528240E+001  0.323072076556697E+000  0.497878658660768E+000 -0.131028262406404E+000 -0.143894405540692E+003 -0.143894405540692E+003
  0.903829674474985E+000  0.150283369901403E+001  0.151245316733982E+000  0.499530121383036E+000 -0.131028262406404E+000 -0.143894961046735E+003 -0.143894961046735E+003
  0.898150958150122E+000  0.154101131361392E+001  0.814009611738763E+000  0.499318357990969E+000 -0.131028262406404E+000 -0.143892342241097E+003 -0.143892342241097E+003
  0.916160828187554E+000  0.159630532472014E+001  0.797652148013831E+000  0.498555597664743E+000 -0.131028262406404E+000 -0.143894590799685E+003 -0.143894590799685E+003
  0.872377372029172E+000  0.158864452021395E+001  0.507679845040132E+000  0.499543472788500E+000 -0.131028262406404E+000 -0.143894552313423E+003 -0.143894552313423E+003
  0.894921978603283E+000  0.155030305242765E+001  0.528418175413137E-001  0.498611842620590E+000 -0.131028262406404E+000 -0.143893010428032E+003 -0.143893010428032E+003
  0.877180331489051E+000  0.156346043632902E+001  0.547170730581164E+000  0.499876484380482E+000 -0.131028262406404E+000 -0.143892630546105E+003 -0.143892630546105E+003
  0.870291077635753E+000  0.152273822378882E+001  0.195785790540955E+000  0.499199228133340E+000 -0.131028262406404E+000 -0.143895487816543E+003 -0.143895487816543E+003
  0.916895240519569E+000  0.155496791769970E+001  0.134393000883156E-001  0.497640652282246E+000 -0.131028262406404E+000 -0.143894378853048E+003 -0.143894378853048E+003
  0.880452280183407E+000  0.158275919084663E+001  0.228247329004865E-001  0.499982105742450E+000 -0.131028262406404E+000 -0.143892782366359E+003 -0.143892782366359E+003
  0.930649005308758E+000  0.156486480736422E+001  0.183136499238930E+000  0.498832692615482E+000 -0.131028262406404E+000 -0.143894349154623E+003 -0.143894349154623E+003
  0.901572434873562E+000  0.159341360522095E+001  0.373526568620740E+000  0.499186858745532E+000 -0.131028262406404E+000 -0.143893326505831E+003 -0.143893326505831E+003
  0.920339204555861E+000  0.157125683795933E+001  0.452370077546154E+000  0.497044119476384E+000 -0.131028262406404E+000 -0.143895323146067E+003 -0.143895323146067E+003
  0.882644721517189E+000  0.153046045779928E+001  0.347768573004508E+000  0.498004876984154E+000 -0.131028262406404E+000 -0.143895198743467E+003 -0.143895198743467E+003
  0.893173741329215E+000  0.154886709128793E+001  0.999493247074154E+000  0.496890641195572E+000 -0.131028262406404E+000 -0.143895184696081E+003 -0.143895184696081E+003
  0.878161133909616E+000  0.158250024396560E+001  0.280965473018434E+000  0.499116625311392E+000 -0.131028262406404E+000 -0.143894057517314E+003 -0.143894057517314E+003
  0.936537373549178E+000  0.154278872129668E+001  0.772988109830800E+000  0.499983536388388E+000 -0.131028262406404E+000 -0.143894317274375E+003 -0.143894317274375E+003
  0.875525328897783E+000  0.160680413882777E+001  0.298829767933102E+000  0.499735686150740E+000 -0.131028262406404E+000 -0.143895388067210E+003 -0.143895388067210E+003
  0.911588815625346E+000  0.153951003793205E+001  0.672683803056726E+000  0.498522815982604E+000 -0.131028262406404E+000 -0.143893523620447E+003 -0.143893523620447E+003
  0.930139494326770E+000  0.159725339676863E+001  0.224023496805697E+000  0.499520327046124E+000 -0.131028262406404E+000 -0.143894906632768E+003 -0.143894906632768E+003
  0.934917178499614E+000  0.157474267804694E+001  0.939074140139702E+000  0.498516631785041E+000 -0.131028262406404E+000 -0.143895401998823E+003 -0.143895401998823E+003
  0.930809614634859E+000  0.154804766808195E+001  0.235308175841287E+000  0.499263282617178E+000 -0.131028262406404E+000 -0.143894074357940E+003 -0.143894074357940E+003
  0.896172665448831E+000  0.156715207573414E+001  0.412790536966385E+000  0.499897308350930E+000 -0.131028262406404E+000 -0.143891452308788E+003 -0.143891452308788E+003
  0.897758524699293E+000  0.157139580745864E+001  0.914316105683582E+000  0.499223052970400E+000 -0.131028262406404E+000 -0.143892298499938E+003 -0.143892298499938E+003
  0.901679756740682E+000  0.159119989711956E+001  0.371834112822319E+000  0.497110044925669E+000 -0.131028262406404E+000 -0.143895526352410E+003 -0.143895526352410E+003
  0.888327456012111E+000  0.151635736356302E+001  0.921564416533051E+000  0.499618086199585E+000 -0.131028262406404E+000 -0.143893778015622E+003 -0.143893778015622E+003
  0.936604679585943E+000  0.159119790585571E+001  0.293958642797337E+000  0.499867467558842E+000 -0.131028262406404E+000 -0.143895040991646E+003 -0.143895040991646E+003
  0.867370808651368E+000  0.158668865981274E+001  0.366849419458902E+000  0.499790052139226E+000 -0.131028262406404E+000 -0.143894824831300E+003 -0.143894824831300E+003
  0.906605982426065E+000  0.157353824659864E+001  0.287252375552816E+000  0.499384364186512E+000 -0.131028262406404E+000 -0.143892179119422E+003 -0.143892179119422E+003
  0.908558032116228E+000  0.157770367407644E+001  0.128327178260148E+000  0.497927599411502E+000 -0.131028262406404E+000 -0.143893986440427E+003 -0.143893986440427E+003
  0.897490876487281E+000  0.157280581262984E+001  0.363293213696668E-001  0.499975858216203E+000 -0.131028262406404E+000 -0.143891465761439E+003 -0.143891465761439E+003
  0.888396360058380E+000  0.157587919258001E+001  0.833782104554317E+000  0.497634715145432E+000 -0.131028262406404E+000 -0.143894712240179E+003 -0.143894712240179E+003
  0.941982347668501E+000  0.154317857236147E+001  0.683109518085567E+000  0.499756371773823E+000 -0.131028262406404E+000 -0.143895450675446E+003 -0.143895450675446E+003
  0.914027350417706E+000  0.157104351265561E+001  0.913005849379443E+000  0.499180096816868E+000 -0.131028262406404E+000 -0.143892611331364E+003 -0.143892611331364E+003
  0.877470403791888E+000  0.156174663315077E+001  0.304986338552723E-001  0.499706596485208E+000 -0.131028262406404E+000 -0.143892795672886E+003 -0.143892795672886E+003
  0.902638109866282E+000  0.159956079871990E+001  0.585838569455378E+000  0.498981801071068E+000 -0.131028262406404E+000 -0.143894009119738E+003 -0.143894009119738E+003
  0.899568624529083E+000  0.156592122352024E+001  0.548503641212937E+000  0.498316662045363E+000 -0.131028262406404E+000 -0.143893221827834E+003 -0.143893221827834E+003
  0.901158405465103E+000  0.157758933671344E+001  0.434917480027204E+000  0.498408989205954E+000 -0.131028262406404E+000 -0.143893384571635E+003 -0.143893384571635E+003
  0.918683764142261E+000  0.157625796854053E+001  0.818595481054723E+000  0.498326647109409E+000 -0.131028262406404E+000 -0.143893957260924E+003 -0.143893957260924E+003
  0.860369720775864E+000  0.156973439777444E+001  0.701915474288672E+000  0.499903828446820E+000 -0.131028262406404E+000 -0.143895102890406E+003 -0.143895102890406E+003
  0.928367420580071E+000  0.155276935119082E+001  0.250762928572109E+000  0.498267170667882E+000 -0.131028262406404E+000 -0.143894722545139E+003 -0.143894722545139E+003
  0.888983444425024E+000  0.156203480089926E+001  0.683996857976764E+000  0.498981099757425E+000 -0.131028262406404E+000 -0.143892766483330E+003 -0.143892766483330E+003
  0.889183104389026E+000  0.155042339371701E+001  0.862498432176955E+000  0.496913954441313E+000 -0.131028262406404E+000 -0.143895342905122E+003 -0.143895342905122E+003
  0.927989066808636E+000  0.157838700430226E+001  0.936192039490860E+000  0.498251016362883E+000 -0.131028262406404E+000 -0.143894925254771E+003 -0.143894925254771E+003
  0.893490574107621E+000  0.158490163002720E+001  0.752195559360196E+000  0.497853320062850E+000 -0.131028262406404E+000 -0.143894548814729E+003 -0.143894548814729E+003
  0.879186431272466E+000  0.152910365782360E+001  0.674899074083974E+000  0.499860762341327E+000 -0.131028262406404E+000 -0.143893227437400E+003 -0.143893227437400E+003
  0.899493830893576E+000  0.156045208372021E+001  0.307920587438835E+000  0.497906778563695E+000 -0.131028262406404E+000 -0.143893662606414E+003 -0.143893662606414E+003
  0.882222510225756E+000  0.156549600099976E+001  0.950519343503137E+000  0.499683899058318E+000 -0.131028262406404E+000 -0.143892422130648E+003 -0.143892422130648E+003
  0.887912271071553E+000  0.155370280448352E+001  0.371094297164886E+000  0.499228862778241E+000 -0.131028262406404E+000 -0.143892535757895E+003 -0.143892535757895E+003
  0.885475205834251E+000  0.154970637865049E+001  0.149715927724192E+000  0.499208327433677E+000 -0.131028262406404E+000 -0.143892771026797E+003 -0.143892771026797E+003
  0.879491222739452E+000  0.159436910786249E+001  0.771816872628816E+000  0.499265192094391E+000 -0.131028262406404E+000 -0.143894462444780E+003 -0.143894462444780E+003
  0.903859378035036E+000  0.156910233927735E+001  0.592373977997018E+000  0.498767784369422E+000 -0.131028262406404E+000 -0.143892735437663E+003 -0.143892735437663E+003
  0.899461617510914E+000  0.157081311699658E+001  0.596608973482979E+000  0.497604960847275E+000 -0.131028262406404E+000 -0.143894140072701E+003 -0.143894140072701E+003
  0.900381004874457E+000  0.150539660255253E+001  0.504138563081370E+000  0.499170735327737E+000 -0.131028262406404E+000 -0.143895072006691E+003 -0.143895072006691E+003
  0.899723197712973E+000  0.159681955813008E+001  0.505645456313757E+000  0.499559523748492E+000 -0.131028262406404E+000 -0.143893168834920E+003 -0.143893168834920E+003
  0.883580790657809E+000  0.152009577885760E+001  0.140324410100915E+000  0.499509770746782E+000 -0.131028262406404E+000 -0.143893909748284E+003 -0.143893909748284E+003
  0.896912555795360E+000  0.157498836071211E+001  0.690873404606438E+000  0.498970674432838E+000 -0.131028262406404E+000 -0.143892713371254E+003 -0.143892713371254E+003
  0.891523013210094E+000  0.153540626608002E+001  0.420294074704258E+000  0.498925854362894E+000 -0.131028262406404E+000 -0.143893232266769E+003 -0.143893232266769E+003
  0.897246120987526E+000  0.157180000412504E+001  0.576800987163745E+000  0.496603704043353E+000 -0.131028262406404E+000 -0.143895392542957E+003 -0.143895392542957E+003
  0.866655024597284E+000  0.154564427984609E+001  0.329424671865421E+000  0.499169518201171E+000 -0.131028262406404E+000 -0.143894986345114E+003 -0.143894986345114E+003
  0.887076274897125E+000  0.160993001589247E+001  0.147095645038858E+000  0.499974784206333E+000 -0.131028262406404E+000 -0.143894363894645E+003 -0.143894363894645E+003
  0.934762944259270E+000  0.157516822651781E+001  0.807148753503507E+000  0.499553336088314E+000 -0.131028262406404E+000 -0.143894358048430E+003 -0.143894358048430E+003
  0.902553557831130E+000  0.156614321519668E+001  0.663515795107968E+000  0.496980503150650E+000 -0.131028262406404E+000 -0.143894749855025E+003 -0.143894749855025E+003
  0.909110768434670E+000  0.159746634709365E+001  0.169869714369438E+000  0.499043754946705E+000 -0.131028262406404E+000 -0.143893861094260E+003 -0.143893861094260E+003
  0.921045739617991E+000  0.159228996176337E+001  0.210668420273186E-001  0.499670113700616E+000 -0.131028262406404E+000 -0.143893488086112E+003 -0.143893488086112E+003
  0.921574124338259E+000  0.151655740896551E+001  0.768567715359434E+000  0.498735499071741E+000 -0.131028262406404E+000 -0.143895432745253E+003 -0.143895432745253E+003
  0.938042795800360E+000  0.156860599181735E+001  0.959596384598083E+000  0.499425571934237E+000 -0.131028262406404E+000 -0.143894836819393E+003 -0.143894836819393E+003
  0.919379296489960E+000  0.159347945797980E+001  0.251215880066218E+000  0.497723495151057E+000 -0.131028262406404E+000 -0.143895472317010E+003 -0.143895472317010E+003
  0.889998060647302E+000  0.157513715403328E+001  0.276101671202847E+000  0.498528763845705E+000 -0.131028262406404E+000 -0.143893515282861E+003 -0.143893515282861E+003
  0.918095600655895E+000  0.152995349405661E+001  0.262184943730390E+000  0.499490267848635E+000 -0.131028262406404E+000 -0.143893309018976E+003 -0.143893309018976E+003
  0.927470873355105E+000  0.155881234253733E+001  0.924604544837476E+000  0.497532344511700E+000 -0.131028262406404E+000 -0.143895333754874E+003 -0.143895333754874E+003
  0.867758387893367E+000  0.155887053408831E+001  0.405464753622315E+000  0.499560583619753E+000 -0.131028262406404E+000 -0.143894183305162E+003 -0.143894183305162E+003
  0.893720020391613E+000  0.155598566526351E+001  0.871889885761028E+000  0.498163159040944E+000 -0.131028262406404E+000 -0.143893524461088E+003 -0.143893524461088E+003
  0.914885230297579E+000  0.157276620871833E+001  0.925157152108531E+000  0.496897634198025E+000 -0.131028262406404E+000 -0.143895200007821E+003 -0.143895200007821E+003
  0.908913422986339E+000  0.153510801464444E+001  0.108469909664538E+000  0.496859357172380E+000 -0.131028262406404E+000 -0.143895546204544E+003 -0.143895546204544E+003
  0.896459668251446E+000  0.155844869777188E+001  0.808927538304440E+000  0.497631227920632E+000 -0.131028262406404E+000 -0.143894057087240E+003 -0.143894057087240E+003
  0.899152457037233E+000  0.152955410523960E+001  0.528114810010220E+000  0.497810335502548E+000 -0.131028262406404E+000 -0.143894679857338E+003 -0.143894679857338E+003
  0.877599536551701E+000  0.153644831371629E+001  0.144842653622216E+000  0.498713497320948E+000 -0.131028262406404E+000 -0.143894478355404E+003 -0.143894478355404E+003
  0.894077965054154E+000  0.159530159912327E+001  0.215068245458800E+000  0.498779525713287E+000 -0.131028262406404E+000 -0.143894086790398E+003 -0.143894086790398E+003
  0.899901037295937E+000  0.156849232067798E+001  0.995358542165594E+000  0.497922497747227E+000 -0.131028262406404E+000 -0.143893716507741E+003 -0.143893716507741E+003
  0.930232530351806E+000  0.153706761828867E+001  0.374685279089044E+000  0.498211762938857E+000 -0.131028262406404E+000 -0.143895512784874E+003 -0.143895512784874E+003
  0.893095409938741E+000  0.154909508697078E+001  0.922111066841030E+000  0.497340418771636E+000 -0.131028262406404E+000 -0.143894636801711E+003 -0.143894636801711E+003
  0.898906770790387E+000  0.155755627124938E+001  0.173539282028400E+000  0.498625297197008E+000 -0.131028262406404E+000 -0.143892828544744E+003 -0.143892828544744E+003
  0.881307859924333E+000  0.160557478575021E+001  0.900496858364226E+000  0.499404322015324E+000 -0.131028262406404E+000 -0.143895058652763E+003 -0.143895058652763E+003
  0.877707758673328E+000  0.156021467254434E+001  0.711327163274145E+000  0.499259874392414E+000 -0.131028262406404E+000 -0.143893321915762E+003 -0.143893321915762E+003
  0.924486488271899E+000  0.155481124891887E+001  0.868752210783469E+000  0.497822635245244E+000 -0.131028262406404E+000 -0.143894764551143E+003 -0.143894764551143E+003
  0.922804509801107E+000  0.152522477834080E+001  0.335798972265412E+000  0.498687369281580E+000 -0.131028262406404E+000 -0.143894906170401E+003 -0.143894906170401E+003
  0.917491929742060E+000  0.154000847786564E+001  0.902552097070328E+000  0.496983742059067E+000 -0.131028262406404E+000 -0.143895544407521E+003 -0.143895544407521E+003
  0.876103451288804E+000  0.157286977555513E+001  0.208543475832182E+000  0.497855330200235E+000 -0.131028262406404E+000 -0.143895484023200E+003 -0.143895484023200E+003
  0.913317496433659E+000  0.158314641691340E+001  0.548592620462190E+000  0.499618710365174E+000 -0.131028262406404E+000 -0.143892519950884E+003 -0.143892519950884E+003
  0.923253757688468E+000  0.154237278220937E+001  0.697746260887132E+000  0.498686370773348E+000 -0.131028262406404E+000 -0.143894024530464E+003 -0.143894024530464E+003
  0.889485566627885E+000  0.158599400948866E+001  0.219566724617182E+000  0.498374684672498E+000 -0.131028262406404E+000 -0.143894199188034E+003 -0.143894199188034E+003
  0.880855954446631E+000  0.156627598195649E+001  0.726961109444438E-001  0.498921356514322E+000 -0.131028262406404E+000 -0.143893498794154E+003 -0.143893498794154E+003
  0.918821922193436E+000  0.155606059519243E+001  0.651855297942230E+000  0.497316967050357E+000 -0.131028262406404E+000 -0.143894845687912E+003 -0.143894845687912E+003
  0.907178288902100E+000  0.154995231484414E+001  0.292768570577585E+000  0.498297517732069E+000 -0.131028262406404E+000 -0.143893323875635E+003 -0.143893323875635E+003
  0.912815516980511E+000  0.157348309102713E+001  0.825410297985530E+000  0.497055015615612E+000 -0.131028262406404E+000 -0.143894957712287E+003 -0.143894957712287E+003
  0.917220514481000E+000  0.153661607049014E+001  0.852993453694288E+000  0.498902090276905E+000 -0.131028262406404E+000 -0.143893538937436E+003 -0.143893538937436E+003
  0.920221917946008E+000  0.158096003294305E+001  0.321641814771006E+000  0.499461588435710E+000 -0.131028262406404E+000 -0.143893035122871E+003 -0.143893035122871E+003
  0.911075135110995E+000  0.153061752440621E+001  0.211042609151249E+000  0.498996632491542E+000 -0.131028262406404E+000 -0.143893405136440E+003 -0.143893405136440E+003
  0.867505177890504E+000  0.153411596675933E+001  0.375582535592008E+000  0.499982665782641E+000 -0.131028262406404E+000 -0.143894188786899E+003 -0.143894188786899E+003
  0.906856943689737E+000  0.155575381807160E+001  0.545516403759837E+000  0.497292391430830E+000 -0.131028262406404E+000 -0.143894391151637E+003 -0.143894391151637E+003
  0.885237490330630E+000  0.157960641569014E+001  0.587111118662401E+000  0.499891005663282E+000 -0.131028262406404E+000 -0.143892352811717E+003 -0.143892352811717E+003
  0.896484465053247E+000  0.151444888359855E+001  0.324410925442337E-001  0.499531549579990E+000 -0.131028262406404E+000 -0.143893773519282E+003 -0.143893773519282E+003
  0.925971273634906E+000  0.151959458562888E+001  0.753944520932316E-001  0.498823868938621E+000 -0.131028262406404E+000 -0.143895512946232E+003 -0.143895512946232E+003
  0.915145605236190E+000  0.150520809508817E+001  0.411172195694101E+000  0.499195926557807E+000 -0.131028262406404E+000 -0.143895549693349E+003 -0.143895549693349E+003
  0.886649222801126E+000  0.151627124666680E+001  0.587896555295305E+000  0.498549544072972E+000 -0.131028262406404E+000 -0.143895214338345E+003 -0.143895214338345E+003
  0.925762149902153E+000  0.157146976614632E+001  0.853655100000244E+000  0.497399302814267E+000 -0.131028262406404E+000 -0.143895397121146E+003 -0.143895397121146E+003
  0.914112981602283E+000  0.157643647329027E+001  0.882675922758999E+000  0.497218569231645E+000 -0.131028262406404E+000 -0.143894912307406E+003 -0.143894912307406E+003
  0.908885053653797E+000  0.156733415530275E+001  0.380838406212287E+000  0.497056496300540E+000 -0.131028262406404E+000 -0.143894722831574E+003 -0.143894722831574E+003
  0.904104551678691E+000  0.155976738577135E+001  0.549158020423401E+000  0.499898800976888E+000 -0.131028262406404E+000 -0.143891343957218E+003 -0.143891343957218E+003
  0.875192236266216E+000  0.152313243139428E+001  0.705613354007743E+000  0.499479158049147E+000 -0.131028262406404E+000 -0.143894499249192E+003 -0.143894499249192E+003
  0.911806681843611E+000  0.153925223649674E+001  0.674606717936154E+000  0.496991663421395E+000 -0.131028262406404E+000 -0.143895288766488E+003 -0.143895288766488E+003
  0.920424971545244E+000  0.159361211846704E+001  0.327287653933220E+000  0.499382064061838E+000 -0.131028262406404E+000 -0.143893823864208E+003 -0.143893823864208E+003
  0.888577620670184E+000  0.153681383830914E+001  0.761011220526512E+000  0.499738240942059E+000 -0.131028262406404E+000 -0.143892313639630E+003 -0.143892313639630E+003
  0.901553813188489E+000  0.157372799605614E+001  0.497625518879258E+000  0.497633202454190E+000 -0.131028262406404E+000 -0.143894151249125E+003 -0.143894151249125E+003
  0.879414662626814E+000  0.155418958277952E+001  0.154714965168883E-001  0.499119068002592E+000 -0.131028262406404E+000 -0.143893333810842E+003 -0.143893333810842E+003
  0.910248046418553E+000  0.160412719508524E+001  0.298733645119436E-001  0.499070245637907E+000 -0.131028262406404E+000 -0.143894412056318E+003 -0.143894412056318E+003
  0.894741881924158E+000  0.151031275980285E+001  0.861694056402385E+000  0.499761574891912E+000 -0.131028262406404E+000 -0.143893914428862E+003 -0.143893914428862E+003
  0.912150241436695E+000  0.159101358607810E+001  0.712472948762945E+000  0.498139238919195E+000 -0.131028262406404E+000 -0.143894499276708E+003 -0.143894499276708E+003
  0.878434635197475E+000  0.155215073059861E+001  0.534050337342047E+000  0.498929162351767E+000 -0.131028262406404E+000 -0.143893689974281E+003 -0.143893689974281E+003
  0.874660863284648E+000  0.157746276043933E+001  0.872699758475916E+000  0.498721586880106E+000 -0.131028262406404E+000 -0.143894724983720E+003 -0.143894724983720E+003
  0.894761220232726E+000  0.153009078990273E+001  0.383323477679071E+000  0.499495739172396E+000 -0.131028262406404E+000 -0.143892704756418E+003 -0.143892704756418E+003
  0.928355272423305E+000  0.156217734540945E+001  0.422111511663796E+000  0.498474743653772E+000 -0.131028262406404E+000 -0.143894435620402E+003 -0.143894435620402E+003
  0.888487543453847E+000  0.152923250402088E+001  0.206873048526616E-001  0.498313219912860E+000 -0.131028262406404E+000 -0.143894466179088E+003 -0.143894466179088E+003
  0.908363647582734E+000  0.156050881525984E+001  0.520412010745923E+000  0.499787475699687E+000 -0.131028262406404E+000 -0.143891567129692E+003 -0.143891567129692E+003
  0.933854641672987E+000  0.158246655862101E+001  0.796123186631222E+000  0.498977596835985E+000 -0.131028262406404E+000 -0.143895063820492E+003 -0.143895063820492E+003
  0.915574387183399E+000  0.157616507196222E+001  0.796995503745792E+000  0.497230773618327E+000 -0.131028262406404E+000 -0.143894958481919E+003 -0.143894958481919E+003
  0.871062718981002E+000  0.154605073885593E+001  0.316635977644318E+000  0.498729506314557E+000 -0.131028262406404E+000 -0.143894921481295E+003 -0.143894921481295E+003
  0.897680106379158E+000  0.155622908408377E+001  0.218686715825608E+000  0.499223921910395E+000 -0.131028262406404E+000 -0.143892148234326E+003 -0.143892148234326E+003
  0.915578738438371E+000  0.154849095783656E+001  0.836628167562169E+000  0.496780204262932E+000 -0.131028262406404E+000 -0.143895382092942E+003 -0.143895382092942E+003
  0.930263696297715E+000  0.156777898931087E+001  0.176126276631744E+000  0.499223947202130E+000 -0.131028262406404E+000 -0.143893931423122E+003 -0.143893931423122E+003
  0.876433731757060E+000  0.159274538777105E+001  0.747487171605770E+000  0.499734235257539E+000 -0.131028262406404E+000 -0.143894099379030E+003 -0.143894099379030E+003
  0.892462107478147E+000  0.152494841483649E+001  0.650598795701688E+000  0.498276174356348E+000 -0.131028262406404E+000 -0.143894589337887E+003 -0.143894589337887E+003
  0.899047075594007E+000  0.158751233469294E+001  0.885593987930786E+000  0.498662069047788E+000 -0.131028262406404E+000 -0.143893580190946E+003 -0.143893580190946E+003
  0.905602537540372E+000  0.153651558709129E+001  0.511350821951131E+000  0.496878888426683E+000 -0.131028262406404E+000 -0.143895398589392E+003 -0.143895398589392E+003
  0.894831157162737E+000  0.156429539758191E+001  0.623855911676503E+000  0.499814663295339E+000 -0.131028262406404E+000 -0.143891541534495E+003 -0.143891541534495E+003
  0.890103409358814E+000  0.152126560657616E+001  0.984557112121372E+000  0.498897122531346E+000 -0.131028262406404E+000 -0.143894191639119E+003 -0.143894191639119E+003
  0.930906639522015E+000  0.157100778689665E+001  0.894711581108492E+000  0.498219832055405E+000 -0.131028262406404E+000 -0.143895093152936E+003 -0.143895093152936E+003
  0.912023891313824E+000  0.152948033501181E+001  0.266502414453406E+000  0.499299045684463E+000 -0.131028262406404E+000 -0.143893172313107E+003 -0.143893172313107E+003
  0.866441555798477E+000  0.155085163078907E+001  0.577082910768102E+000  0.499148050800744E+000 -0.131028262406404E+000 -0.143894954419610E+003 -0.143894954419610E+003
  0.915104723874699E+000  0.154610802350616E+001  0.452840659859772E+000  0.497995577688417E+000 -0.131028262406404E+000 -0.143894059049271E+003 -0.143894059049271E+003
  0.906946213833244E+000  0.153419444640799E+001  0.206583866449088E+000  0.499175669056414E+000 -0.131028262406404E+000 -0.143892860965275E+003 -0.143892860965275E+003
  0.896355317667464E+000  0.152707144361430E+001  0.156407573188471E+000  0.499996294088026E+000 -0.131028262406404E+000 -0.143892250335426E+003 -0.143892250335426E+003
  0.877653142169635E+000  0.155106201362904E+001  0.654277992340757E+000  0.497794691380984E+000 -0.131028262406404E+000 -0.143895225770192E+003 -0.143895225770192E+003
  0.912213307673643E+000  0.159964989297235E+001  0.693250581097262E+000  0.499751287225524E+000 -0.131028262406404E+000 -0.143893380901744E+003 -0.143893380901744E+003
  0.910507089321486E+000  0.156513008619446E+001  0.347988013369589E+000  0.497826835328332E+000 -0.131028262406404E+000 -0.143893870659321E+003 -0.143893870659321E+003
  0.892204556710472E+000  0.153395206925542E+001  0.309355217136962E+000  0.498303506552553E+000 -0.131028262406404E+000 -0.143894034655314E+003 -0.143894034655314E+003
  0.906884224985743E+000  0.160777060528603E+001  0.621125244950980E+000  0.499973709142665E+000 -0.131028262406404E+000 -0.143893695416316E+003 -0.143893695416316E+003
  0.902464363618216E+000  0.154681037686379E+001  0.730543259693500E+000  0.496948722281753E+000 -0.131028262406404E+000 -0.143894929025085E+003 -0.143894929025085E+003
  0.928334786058814E+000  0.160644853746773E+001  0.925952265039770E+000  0.499644960365970E+000 -0.131028262406404E+000 -0.143895333358040E+003 -0.143895333358040E+003
  0.883116629757465E+000  0.153784899114692E+001  0.355394421008092E+000  0.499191692898690E+000 -0.131028262406404E+000 -0.143893308099725E+003 -0.143893308099725E+003
  0.927178330063855E+000  0.151940097586536E+001  0.155361230887522E+000  0.499210733966815E+000 -0.131028262406404E+000 -0.143895247815359E+003 -0.143895247815359E+003
  0.904028921249532E+000  0.152234003324163E+001  0.646852982921716E+000  0.499456590933210E+000 -0.131028262406404E+000 -0.143893215072116E+003 -0.143893215072116E+003
  0.897706150220389E+000  0.158237630252051E+001  0.455204892769334E+000  0.499047867735592E+000 -0.131028262406404E+000 -0.143892897616217E+003 -0.143892897616217E+003
  0.909587236094093E+000  0.153783689391123E+001  0.916141804626152E+000  0.499907310471084E+000 -0.131028262406404E+000 -0.143891935669794E+003 -0.143891935669794E+003
  0.915701354286414E+000  0.151406313330860E+001  0.565231100504017E+000  0.499508079234973E+000 -0.131028262406404E+000 -0.143894334139214E+003 -0.143894334139214E+003
  0.926277954978413E+000  0.156984304478821E+001  0.696075453805341E+000  0.498615981552488E+000 -0.131028262406404E+000 -0.143894142097875E+003 -0.143894142097875E+003
  0.932104496718280E+000  0.153838609161887E+001  0.113962128139220E+000  0.498879108739664E+000 -0.131028262406404E+000 -0.143894989706061E+003 -0.143894989706061E+003
  0.898663072040141E+000  0.156182874078461E+001  0.669487632397003E+000  0.499757621908713E+000 -0.131028262406404E+000 -0.143891510476697E+003 -0.143891510476697E+003
  0.913667793995974E+000  0.159939876801626E+001  0.726306777310141E+000  0.497799580581117E+000 -0.131028262406404E+000 -0.143895503544939E+003 -0.143895503544939E+003
  0.883170577495047E+000  0.155867803349184E+001  0.664540495894811E+000  0.497388048740541E+000 -0.131028262406404E+000 -0.143895135663995E+003 -0.143895135663995E+003
  0.872598314056554E+000  0.155097859561382E+001  0.155082610618414E-001  0.498899098161508E+000 -0.131028262406404E+000 -0.143894412113019E+003 -0.143894412113019E+003
  0.892825259398262E+000  0.155972282735706E+001  0.473587092485652E+000  0.499455966137141E+000 -0.131028262406404E+000 -0.143892001483134E+003 -0.143892001483134E+003
  0.911728058737659E+000  0.159620933685867E+001  0.566269244575305E+000  0.498498594761906E+000 -0.131028262406404E+000 -0.143894440832068E+003 -0.143894440832068E+003
  0.926467783860381E+000  0.156122023860969E+001  0.824322839363547E+000  0.499434826233816E+000 -0.131028262406404E+000 -0.143893220676644E+003 -0.143893220676644E+003
  0.877999437429918E+000  0.157772617238397E+001  0.650837065671567E+000  0.499960349384882E+000 -0.131028262406404E+000 -0.143892818325166E+003 -0.143892818325166E+003
  0.882273096915237E+000  0.156922034873784E+001  0.170143994960747E+000  0.498211125683270E+000 -0.131028262406404E+000 -0.143894304703767E+003 -0.143894304703767E+003
  0.872679089367783E+000  0.153786731311566E+001  0.397130991737085E-001  0.498551712270452E+000 -0.131028262406404E+000 -0.143895197790678E+003 -0.143895197790678E+003
  0.893113007002423E+000  0.153028201358507E+001  0.275631831687620E+000  0.499732746310379E+000 -0.131028262406404E+000 -0.143892454102122E+003 -0.143892454102122E+003
  0.877722032977610E+000  0.152604577850476E+001  0.316522897178042E+000  0.499946193662225E+000 -0.131028262406404E+000 -0.143893442367149E+003 -0.143893442367149E+003
  0.903588643547517E+000  0.152911596481684E+001  0.161139052107146E+000  0.497563414182570E+000 -0.131028262406404E+000 -0.143894980912515E+003 -0.143894980912515E+003
  0.914494176096139E+000  0.154849229098183E+001  0.366159126284799E+000  0.497852874231353E+000 -0.131028262406404E+000 -0.143894123991821E+003 -0.143894123991821E+003
  0.884299217578863E+000  0.158440853124647E+001  0.982140249968697E+000  0.499571504703487E+000 -0.131028262406404E+000 -0.143893039105098E+003 -0.143893039105098E+003
  0.901609249988974E+000  0.154289220388594E+001  0.365031924535189E+000  0.496837621852019E+000 -0.131028262406404E+000 -0.143895185087716E+003 -0.143895185087716E+003
  0.909539831836992E+000  0.149703250876007E+001  0.709520725468338E+000  0.499893664879658E+000 -0.131028262406404E+000 -0.143895411921446E+003 -0.143895411921446E+003
  0.911025966818791E+000  0.158553938060816E+001  0.569905710820113E+000  0.497654647762116E+000 -0.131028262406404E+000 -0.143894686744114E+003 -0.143894686744114E+003
  0.903229055398657E+000  0.152389752537789E+001  0.798845212204137E+000  0.498519189909297E+000 -0.131028262406404E+000 -0.143894196192293E+003 -0.143894196192293E+003
  0.897431454296364E+000  0.150236922685647E+001  0.303284968052746E+000  0.499193670865358E+000 -0.131028262406404E+000 -0.143895397535088E+003 -0.143895397535088E+003
  0.898871929002957E+000  0.155396992769727E+001  0.743063423457756E+000  0.498569232466834E+000 -0.131028262406404E+000 -0.143892919849784E+003 -0.143892919849784E+003
  0.908070631754509E+000  0.154928605635909E+001  0.409975964403005E+000  0.497069243666223E+000 -0.131028262406404E+000 -0.143894769550788E+003 -0.143894769550788E+003
  0.882684072308585E+000  0.158943615738452E+001  0.355189502076084E+000  0.498016962633468E+000 -0.131028262406404E+000 -0.143895339555493E+003 -0.143895339555493E+003
  0.881464320026450E+000  0.157103633886523E+001  0.444796214299505E+000  0.499550680636830E+000 -0.131028262406404E+000 -0.143892767956136E+003 -0.143892767956136E+003
  0.915134582692100E+000  0.154863307727655E+001  0.106896283113239E+000  0.498773932005420E+000 -0.131028262406404E+000 -0.143893126495520E+003 -0.143893126495520E+003
  0.931942427373771E+000  0.155986139282876E+001  0.319128820460496E+000  0.498055324062916E+000 -0.131028262406404E+000 -0.143895300380423E+003 -0.143895300380423E+003
