  0.101279833920509E+000  0.165057893431407E+001  0.674796501465979E+000  0.495830491789714E+000 -0.131028262406404E+000 -0.142583671385943E+003 -0.142583671385943E+003
  0.104381722181934E+000  0.157557015361690E+001  0.642865973957784E+000  0.499808903443825E+000 -0.131028262406404E+000 -0.142583835686734E+003 -0.142583835686734E+003
  0.101448563498499E+000  0.158823208064860E+001  0.482127876583732E+000  0.492880118996246E+000 -0.131028262406404E+000 -0.142583644944761E+003 -0.142583644944761E+003
  0.101534229335414E+000  0.151406088399266E+001  0.695275411731326E+000  0.496317996260477E+000 -0.131028262406404E+000 -0.142583561893469E+003 -0.142583561893469E+003
  0.101260144133977E+000  0.161836972991320E+001  0.247083470852769E+000  0.496831008508996E+000 -0.131028262406404E+000 -0.142583551646501E+003 -0.142583551646501E+003
  0.100299248389801E+000  0.154297022375248E+001  0.637504141381198E+000  0.495827131305885E+000 -0.131028262406404E+000 -0.142583387738049E+003 -0.142583387738049E+003
  0.100217625552918E+000  0.163035792249051E+001  0.968501356972627E+000  0.490465189999325E+000 -0.131028262406404E+000 -0.142583627987581E+003 -0.142583627987581E+003
  0.100100339346946E+000  0.153042760318864E+001  0.621329314841405E+000  0.480110654775829E+000 -0.131028262406404E+000 -0.142583829904257E+003 -0.142583829904257E+003
  0.100415686663455E+000  0.142397240612561E+001  0.420992452664242E+000  0.491455156665567E+000 -0.131028262406404E+000 -0.142583815122214E+003 -0.142583815122214E+003
  0.100381028077913E+000  0.140051978885535E+001  0.684966202245635E+000  0.498088329365331E+000 -0.131028262406404E+000 -0.142583737188653E+003 -0.142583737188653E+003
  0.100973457541095E+000  0.153014510281943E+001  0.740669996300008E+000  0.491237438580658E+000 -0.131028262406404E+000 -0.142583624303559E+003 -0.142583624303559E+003
  0.100332064977284E+000  0.166932236487155E+001  0.318383042356173E+000  0.490731054548815E+000 -0.131028262406404E+000 -0.142583750929959E+003 -0.142583750929959E+003
  0.100243224505722E+000  0.161978124709056E+001  0.814826680603014E+000  0.498723187919726E+000 -0.131028262406404E+000 -0.142583363937182E+003 -0.142583363937182E+003
  0.100033421651187E+000  0.154161017280461E+001  0.273733300002589E+000  0.489489217140312E+000 -0.131028262406404E+000 -0.142583548060878E+003 -0.142583548060878E+003
  0.100494104054762E+000  0.169192666264166E+001  0.954795553163398E+000  0.498135366261159E+000 -0.131028262406404E+000 -0.142583669090140E+003 -0.142583669090140E+003
  0.100987180201722E+000  0.144949259022979E+001  0.115980713008368E+000  0.499259586649510E+000 -0.131028262406404E+000 -0.142583561942306E+003 -0.142583561942306E+003
  0.100008767703404E+000  0.154808644702712E+001  0.695267816580913E+000  0.491690420790412E+000 -0.131028262406404E+000 -0.142583476637648E+003 -0.142583476637648E+003
  0.102678251969693E+000  0.156145605057918E+001  0.918099041197786E+000  0.493616393262959E+000 -0.131028262406404E+000 -0.142583772938709E+003 -0.142583772938709E+003
  0.101769586115016E+000  0.155122600088634E+001  0.862676449221125E+000  0.487610005109261E+000 -0.131028262406404E+000 -0.142583824959178E+003 -0.142583824959178E+003
  0.100561214224473E+000  0.152895937237332E+001  0.752826793907193E-001  0.490125110682501E+000 -0.131028262406404E+000 -0.142583604862501E+003 -0.142583604862501E+003
  0.101830973320194E+000  0.158289316354039E+001  0.375616690997017E+000  0.496768993309549E+000 -0.131028262406404E+000 -0.142583573516120E+003 -0.142583573516120E+003
  0.103449656612047E+000  0.148712527353283E+001  0.340785521159020E+000  0.497498732476039E+000 -0.131028262406404E+000 -0.142583845051277E+003 -0.142583845051277E+003
  0.102333310063427E+000  0.160068766359058E+001  0.396557455477921E+000  0.496953082456030E+000 -0.131028262406404E+000 -0.142583659811612E+003 -0.142583659811612E+003
  0.100714034332024E+000  0.161386219583183E+001  0.520058985252540E+000  0.496899166083018E+000 -0.131028262406404E+000 -0.142583467792294E+003 -0.142583467792294E+003
  0.101088794810377E+000  0.149954440972219E+001  0.279888513352548E+000  0.499202357648732E+000 -0.131028262406404E+000 -0.142583435122304E+003 -0.142583435122304E+003
  0.102112292606377E+000  0.150999364428574E+001  0.526701976412276E+000  0.495086354802757E+000 -0.131028262406404E+000 -0.142583684795794E+003 -0.142583684795794E+003
  0.101312394334054E+000  0.144801854257701E+001  0.136614814161987E+000  0.495421948683633E+000 -0.131028262406404E+000 -0.142583726631674E+003 -0.142583726631674E+003
  0.100073116486824E+000  0.154492154944842E+001  0.792844582163261E-001  0.494351424759272E+000 -0.131028262406404E+000 -0.142583404047605E+003 -0.142583404047605E+003
  0.100907345678277E+000  0.145571231402168E+001  0.739152287791030E+000  0.490272830281748E+000 -0.131028262406404E+000 -0.142583794886221E+003 -0.142583794886221E+003
  0.100144254819361E+000  0.146678155180681E+001  0.975648664673667E+000  0.485824187265644E+000 -0.131028262406404E+000 -0.142583788250555E+003 -0.142583788250555E+003
  0.101875789576973E+000  0.150651347929497E+001  0.411519602522643E-001  0.488979354590844E+000 -0.131028262406404E+000 -0.142583839233853E+003 -0.142583839233853E+003
  0.100725596426659E+000  0.155109025704195E+001  0.100430442779742E+000  0.491444166727783E+000 -0.131028262406404E+000 -0.142583575508125E+003 -0.142583575508125E+003
  0.100290601693141E+000  0.170882524630171E+001  0.268087151903407E+000  0.494932620587702E+000 -0.131028262406404E+000 -0.142583807331313E+003 -0.142583807331313E+003
  0.100026283645284E+000  0.164372183396287E+001  0.424047819950744E-001  0.487296941347897E+000 -0.131028262406404E+000 -0.142583724269200E+003 -0.142583724269200E+003
  0.100797877281283E+000  0.156114072030679E+001  0.305634757334895E+000  0.486865177018866E+000 -0.131028262406404E+000 -0.142583718957010E+003 -0.142583718957010E+003
  0.101705248481211E+000  0.159971498059046E+001  0.742224062284478E+000  0.496990492426479E+000 -0.131028262406404E+000 -0.142583571262274E+003 -0.142583571262274E+003
  0.102639387616407E+000  0.148444876056427E+001  0.146224394273367E+000  0.496052340556377E+000 -0.131028262406404E+000 -0.142583779839399E+003 -0.142583779839399E+003
  0.100028905056211E+000  0.161248714383289E+001  0.589793311415046E+000  0.499399555893229E+000 -0.131028262406404E+000 -0.142583299130450E+003 -0.142583299130450E+003
  0.101059577576585E+000  0.158572641596401E+001  0.593319199203968E+000  0.484143483238273E+000 -0.131028262406404E+000 -0.142583840675300E+003 -0.142583840675300E+003
  0.102711899339873E+000  0.159017742989159E+001  0.350293381840362E+000  0.496944838268432E+000 -0.131028262406404E+000 -0.142583697712591E+003 -0.142583697712591E+003
  0.101415644467146E+000  0.158324331894476E+001  0.550715106244300E+000  0.494553596386975E+000 -0.131028262406404E+000 -0.142583585402147E+003 -0.142583585402147E+003
  0.100007872092028E+000  0.155544403191820E+001  0.616275222366629E+000  0.488589819341193E+000 -0.131028262406404E+000 -0.142583568168947E+003 -0.142583568168947E+003
  0.100548017404555E+000  0.155431607132299E+001  0.920201503761903E+000  0.495057235416065E+000 -0.131028262406404E+000 -0.142583441850540E+003 -0.142583441850540E+003
  0.102381947031178E+000  0.151033671060747E+001  0.700771697498531E+000  0.495357516678892E+000 -0.131028262406404E+000 -0.142583713256931E+003 -0.142583713256931E+003
  0.102696310358115E+000  0.158874620253560E+001  0.694635115863983E+000  0.492841182531951E+000 -0.131028262406404E+000 -0.142583815926746E+003 -0.142583815926746E+003
  0.100224561515315E+000  0.165021097998557E+001  0.928382156168690E+000  0.489749333201454E+000 -0.131028262406404E+000 -0.142583701299613E+003 -0.142583701299613E+003
  0.102410568487294E+000  0.146925064958263E+001  0.186789910620984E+000  0.499708702280924E+000 -0.131028262406404E+000 -0.142583677628617E+003 -0.142583677628617E+003
  0.101217789956949E+000  0.152616333334711E+001  0.143241909854852E+000  0.487248885076808E+000 -0.131028262406404E+000 -0.142583776731185E+003 -0.142583776731185E+003
  0.100459978621443E+000  0.163160745599488E+001  0.678462872796370E+000  0.488359692704367E+000 -0.131028262406404E+000 -0.142583720031304E+003 -0.142583720031304E+003
  0.100551089673747E+000  0.148212650958112E+001  0.982261952396653E+000  0.487030730829924E+000 -0.131028262406404E+000 -0.142583767967185E+003 -0.142583767967185E+003
  0.102285253972936E+000  0.158247397750535E+001  0.920429951621732E-001  0.490524220733266E+000 -0.131028262406404E+000 -0.142583820689590E+003 -0.142583820689590E+003
  0.100241271324258E+000  0.155231801085405E+001  0.220210511573493E+000  0.490136202525833E+000 -0.131028262406404E+000 -0.142583552165270E+003 -0.142583552165270E+003
  0.100186747383884E+000  0.157406020626152E+001  0.606464158501756E+000  0.499546096268228E+000 -0.131028262406404E+000 -0.142583259959239E+003 -0.142583259959239E+003
  0.101389575657897E+000  0.156989632248272E+001  0.829775199738899E+000  0.488851546566254E+000 -0.131028262406404E+000 -0.142583741246304E+003 -0.142583741246304E+003
  0.101185313326059E+000  0.154062921334769E+001  0.320289639874740E+000  0.485812577334824E+000 -0.131028262406404E+000 -0.142583802895005E+003 -0.142583802895005E+003
  0.101710700651768E+000  0.154085768184133E+001  0.312411001761777E-002  0.493389372840163E+000 -0.131028262406404E+000 -0.142583650451638E+003 -0.142583650451638E+003
  0.100613746095701E+000  0.154506236459713E+001  0.754925304599410E+000  0.496532095671634E+000 -0.131028262406404E+000 -0.142583405765430E+003 -0.142583405765430E+003
  0.100452559964049E+000  0.156823931600174E+001  0.838807863092629E+000  0.488999672652522E+000 -0.131028262406404E+000 -0.142583614813709E+003 -0.142583614813709E+003
  0.101863367234480E+000  0.156623116117719E+001  0.877543712444455E+000  0.493929621943833E+000 -0.131028262406404E+000 -0.142583653174068E+003 -0.142583653174068E+003
  0.100420121210321E+000  0.154074424951980E+001  0.648470960439691E+000  0.495764531251018E+000 -0.131028262406404E+000 -0.142583406341733E+003 -0.142583406341733E+003
  0.102026065163380E+000  0.161210778948359E+001  0.964133277590956E+000  0.491549090614593E+000 -0.131028262406404E+000 -0.142583795647111E+003 -0.142583795647111E+003
  0.101600193867602E+000  0.158840622856662E+001  0.534392766662535E+000  0.494311273653337E+000 -0.131028262406404E+000 -0.142583622751702E+003 -0.142583622751702E+003
  0.101129811535246E+000  0.163750220502460E+001  0.454663357364151E+000  0.498958317393466E+000 -0.131028262406404E+000 -0.142583520251074E+003 -0.142583520251074E+003
  0.100247468873107E+000  0.144390867090278E+001  0.475314701246155E+000  0.497572344617656E+000 -0.131028262406404E+000 -0.142583535611558E+003 -0.142583535611558E+003
  0.100594916337689E+000  0.161767484945828E+001  0.794954333346934E+000  0.497794115663965E+000 -0.131028262406404E+000 -0.142583433256545E+003 -0.142583433256545E+003
  0.101211765104156E+000  0.158172122632193E+001  0.360686658710523E+000  0.497291316081128E+000 -0.131028262406404E+000 -0.142583472808046E+003 -0.142583472808046E+003
  0.100642349345038E+000  0.167233286510191E+001  0.749182837646346E+000  0.494029958179586E+000 -0.131028262406404E+000 -0.142583714370843E+003 -0.142583714370843E+003
  0.102163737180611E+000  0.143736071560590E+001  0.164007245751335E+000  0.497455176686914E+000 -0.131028262406404E+000 -0.142583825650140E+003 -0.142583825650140E+003
  0.101070900412780E+000  0.159793141252021E+001  0.947360766165972E+000  0.497696060746070E+000 -0.131028262406404E+000 -0.142583461794953E+003 -0.142583461794953E+003
  0.102487254805113E+000  0.153239309060018E+001  0.148720720553151E+000  0.496555288915875E+000 -0.131028262406404E+000 -0.142583665294502E+003 -0.142583665294502E+003
  0.102774731310943E+000  0.150728116176042E+001  0.865629502313113E+000  0.493174204469799E+000 -0.131028262406404E+000 -0.142583838611513E+003 -0.142583838611513E+003
  0.103826536537961E+000  0.152472295909168E+001  0.262107070089723E-001  0.497800991027127E+000 -0.131028262406404E+000 -0.142583824782652E+003 -0.142583824782652E+003
  0.100029578118117E+000  0.161307885109742E+001  0.355306830358679E+000  0.481295006716368E+000 -0.131028262406404E+000 -0.142583820455658E+003 -0.142583820455658E+003
  0.101842867181299E+000  0.163007303742311E+001  0.287362587108766E-001  0.491238702579715E+000 -0.131028262406404E+000 -0.142583817472483E+003 -0.142583817472483E+003
  0.100788421657744E+000  0.151091939520102E+001  0.597776970183821E-001  0.488337516352246E+000 -0.131028262406404E+000 -0.142583707487978E+003 -0.142583707487978E+003
  0.101819593040440E+000  0.152527254153493E+001  0.243760504497520E+000  0.498766610571079E+000 -0.131028262406404E+000 -0.142583509978159E+003 -0.142583509978159E+003
  0.100370784645297E+000  0.153212356368713E+001  0.348403043024881E+000  0.491917610334285E+000 -0.131028262406404E+000 -0.142583523947627E+003 -0.142583523947627E+003
  0.102093596061542E+000  0.156835244376950E+001  0.881750700468895E+000  0.495536576665748E+000 -0.131028262406404E+000 -0.142583636588638E+003 -0.142583636588638E+003
  0.100111983088996E+000  0.149948661732208E+001  0.379156042573675E+000  0.492008538164286E+000 -0.131028262406404E+000 -0.142583530166856E+003 -0.142583530166856E+003
  0.100549271823657E+000  0.154177507061723E+001  0.796079884423053E+000  0.481998072210241E+000 -0.131028262406404E+000 -0.142583827253889E+003 -0.142583827253889E+003
  0.100702104654006E+000  0.144701774918313E+001  0.987552122896240E-001  0.493735461311543E+000 -0.131028262406404E+000 -0.142583697820105E+003 -0.142583697820105E+003
  0.100710310500727E+000  0.152456633419276E+001  0.326882941147731E+000  0.486092588252441E+000 -0.131028262406404E+000 -0.142583745579257E+003 -0.142583745579257E+003
  0.101937158585241E+000  0.151631351792441E+001  0.953258728805451E+000  0.494161640806317E+000 -0.131028262406404E+000 -0.142583679898549E+003 -0.142583679898549E+003
  0.100133241013915E+000  0.159654875299446E+001  0.154926425086434E+000  0.485128826981897E+000 -0.131028262406404E+000 -0.142583707051305E+003 -0.142583707051305E+003
  0.100996071201058E+000  0.152971820436634E+001  0.634282522231595E+000  0.490631719330358E+000 -0.131028262406404E+000 -0.142583645689928E+003 -0.142583645689928E+003
  0.104393865515945E+000  0.152756096779048E+001  0.971338596757085E-001  0.499580059620038E+000 -0.131028262406404E+000 -0.142583850088137E+003 -0.142583850088137E+003
  0.101318335082316E+000  0.153415113629074E+001  0.670196241219701E+000  0.492583087189706E+000 -0.131028262406404E+000 -0.142583626312759E+003 -0.142583626312759E+003
  0.101304441186145E+000  0.154923055181479E+001  0.810590181138062E+000  0.486187706051663E+000 -0.131028262406404E+000 -0.142583804553401E+003 -0.142583804553401E+003
  0.102458154199783E+000  0.159497729262298E+001  0.430421072888657E+000  0.495363965646358E+000 -0.131028262406404E+000 -0.142583716231945E+003 -0.142583716231945E+003
  0.100819917034675E+000  0.152979532641721E+001  0.833491064015301E+000  0.493893240440946E+000 -0.131028262406404E+000 -0.142583523925991E+003 -0.142583523925991E+003
  0.101908919294904E+000  0.158909389553013E+001  0.315006392398942E+000  0.497907831144932E+000 -0.131028262406404E+000 -0.142583555933066E+003 -0.142583555933066E+003
  0.101529941562898E+000  0.165681595203777E+001  0.660988168016859E+000  0.494968129493454E+000 -0.131028262406404E+000 -0.142583749522268E+003 -0.142583749522268E+003
  0.101927800398931E+000  0.156900239559526E+001  0.518075083452315E+000  0.491561989297849E+000 -0.131028262406404E+000 -0.142583733564870E+003 -0.142583733564870E+003
  0.101273063870705E+000  0.160839634019422E+001  0.771990079867351E-001  0.490145982291412E+000 -0.131028262406404E+000 -0.142583728858856E+003 -0.142583728858856E+003
  0.102181255650566E+000  0.152024940159514E+001  0.126070921905360E+000  0.493367419460785E+000 -0.131028262406404E+000 -0.142583732364702E+003 -0.142583732364702E+003
  0.100111335526284E+000  0.153647926113990E+001  0.593274473934472E+000  0.485974226833465E+000 -0.131028262406404E+000 -0.142583663325023E+003 -0.142583663325023E+003
  0.100570481963673E+000  0.170413465222245E+001  0.767986460219923E-004  0.496913587417269E+000 -0.131028262406404E+000 -0.142583770285333E+003 -0.142583770285333E+003
  0.101361625265451E+000  0.162390432335224E+001  0.797923147458001E+000  0.496462020866925E+000 -0.131028262406404E+000 -0.142583588879387E+003 -0.142583588879387E+003
  0.100156405250860E+000  0.147157331564702E+001  0.841705315817940E+000  0.484419523089782E+000 -0.131028262406404E+000 -0.142583815987244E+003 -0.142583815987244E+003
  0.100104561543289E+000  0.139713858751387E+001  0.586523625467226E+000  0.493682303197452E+000 -0.131028262406404E+000 -0.142583839650885E+003 -0.142583839650885E+003
  0.100172586281617E+000  0.145749873072975E+001  0.500751498433226E+000  0.485800796750315E+000 -0.131028262406404E+000 -0.142583819003686E+003 -0.142583819003686E+003
  0.102338713204718E+000  0.156349698920477E+001  0.326748951099759E+000  0.497632933903328E+000 -0.131028262406404E+000 -0.142583603788650E+003 -0.142583603788650E+003
  0.100279831896304E+000  0.159948273004095E+001  0.194929703255134E+000  0.496256291521304E+000 -0.131028262406404E+000 -0.142583404902599E+003 -0.142583404902599E+003
  0.101013983230462E+000  0.156753092582010E+001  0.272943182597029E+000  0.484713152596985E+000 -0.131028262406404E+000 -0.142583808857086E+003 -0.142583808857086E+003
  0.100928408050251E+000  0.142209100113477E+001  0.434071729745361E+000  0.498395180684689E+000 -0.131028262406404E+000 -0.142583694592488E+003 -0.142583694592488E+003
  0.100471740752966E+000  0.139867027690143E+001  0.405030900419818E+000  0.496118557936240E+000 -0.131028262406404E+000 -0.142583813935817E+003 -0.142583813935817E+003
  0.101612732375286E+000  0.162618068061264E+001  0.324089224557001E+000  0.490747691254852E+000 -0.131028262406404E+000 -0.142583791447422E+003 -0.142583791447422E+003
  0.103316641662197E+000  0.152947884879539E+001  0.528620001540707E+000  0.498780978865355E+000 -0.131028262406404E+000 -0.142583715762821E+003 -0.142583715762821E+003
  0.103083657594799E+000  0.149770843259452E+001  0.778587184939608E+000  0.499505303566924E+000 -0.131028262406404E+000 -0.142583706644229E+003 -0.142583706644229E+003
  0.100410855888612E+000  0.150951377070985E+001  0.275032162833676E-002  0.482046621649622E+000 -0.131028262406404E+000 -0.142583838728358E+003 -0.142583838728358E+003
  0.101254102036387E+000  0.145820824774473E+001  0.611661292229540E-001  0.497066032811652E+000 -0.131028262406404E+000 -0.142583634026243E+003 -0.142583634026243E+003
  0.101564062359785E+000  0.153558466794993E+001  0.635363453009936E+000  0.490126040135848E+000 -0.131028262406404E+000 -0.142583731244412E+003 -0.142583731244412E+003
  0.100626244979297E+000  0.144610558380512E+001  0.502489808121758E+000  0.498457727032803E+000 -0.131028262406404E+000 -0.142583550644563E+003 -0.142583550644563E+003
  0.100992430021248E+000  0.166647082887221E+001  0.543032994329475E+000  0.498568403520501E+000 -0.131028262406404E+000 -0.142583612871542E+003 -0.142583612871542E+003
  0.101983588975213E+000  0.153439313763549E+001  0.382582401106878E+000  0.498666937736162E+000 -0.131028262406404E+000 -0.142583527753950E+003 -0.142583527753950E+003
  0.101642813675439E+000  0.153157707934192E+001  0.410338079732160E+000  0.496821182353118E+000 -0.131028262406404E+000 -0.142583541501747E+003 -0.142583541501747E+003
  0.101584449116333E+000  0.154437112491272E+001  0.262819430666582E+000  0.497106262941220E+000 -0.131028262406404E+000 -0.142583517252409E+003 -0.142583517252409E+003
  0.101360040216331E+000  0.148685528130201E+001  0.911039284400604E+000  0.489994274738765E+000 -0.131028262406404E+000 -0.142583778339992E+003 -0.142583778339992E+003
  0.101456850723845E+000  0.163266155976419E+001  0.744833788085701E+000  0.491328862124108E+000 -0.131028262406404E+000 -0.142583769882729E+003 -0.142583769882729E+003
  0.100839849013980E+000  0.165699407801236E+001  0.817354107083008E+000  0.488796802421346E+000 -0.131028262406404E+000 -0.142583825649847E+003 -0.142583825649847E+003
  0.102253808628059E+000  0.159149240987056E+001  0.229727134808283E+000  0.495129851126978E+000 -0.131028262406404E+000 -0.142583690556664E+003 -0.142583690556664E+003
  0.101892358947486E+000  0.165187407896163E+001  0.555087950635007E+000  0.497900551740863E+000 -0.131028262406404E+000 -0.142583699489006E+003 -0.142583699489006E+003
  0.101633988336111E+000  0.162624160398584E+001  0.889181417318236E-002  0.498622581292871E+000 -0.131028262406404E+000 -0.142583567030514E+003 -0.142583567030514E+003
  0.101290750056495E+000  0.153785735531079E+001  0.803541142721229E+000  0.492344403459598E+000 -0.131028262406404E+000 -0.142583627452855E+003 -0.142583627452855E+003
  0.101775466573973E+000  0.155582213397661E+001  0.477497536302687E+000  0.489390899376893E+000 -0.131028262406404E+000 -0.142583773989270E+003 -0.142583773989270E+003
  0.100496046564303E+000  0.161608041743854E+001  0.822751161847422E+000  0.492824897522764E+000 -0.131028262406404E+000 -0.142583564896396E+003 -0.142583564896396E+003
  0.101150419014855E+000  0.160157189548823E+001  0.788479398102749E+000  0.488390468296913E+000 -0.131028262406404E+000 -0.142583752008974E+003 -0.142583752008974E+003
  0.102763596053560E+000  0.148009346094161E+001  0.465922072396532E+000  0.494920235484082E+000 -0.131028262406404E+000 -0.142583842237603E+003 -0.142583842237603E+003
  0.100596939159998E+000  0.162240336752589E+001  0.752865049322485E+000  0.492442107971389E+000 -0.131028262406404E+000 -0.142583602209297E+003 -0.142583602209297E+003
  0.100201041141877E+000  0.146079931722527E+001  0.601331923110783E-001  0.492360046675345E+000 -0.131028262406404E+000 -0.142583626328912E+003 -0.142583626328912E+003
  0.100208960393877E+000  0.162364105124683E+001  0.791979173305234E+000  0.488193373157138E+000 -0.131028262406404E+000 -0.142583675359784E+003 -0.142583675359784E+003
  0.101338535841090E+000  0.162984121666306E+001  0.852919656494975E+000  0.496482631405221E+000 -0.131028262406404E+000 -0.142583599950156E+003 -0.142583599950156E+003
  0.101527435418247E+000  0.164573060864980E+001  0.206705536008894E+000  0.496088466397046E+000 -0.131028262406404E+000 -0.142583681777418E+003 -0.142583681777418E+003
  0.100468200735512E+000  0.168718497689910E+001  0.818102920983700E+000  0.490276472852273E+000 -0.131028262406404E+000 -0.142583848167258E+003 -0.142583848167258E+003
  0.101227425681990E+000  0.157772189971134E+001  0.222351516068374E+000  0.490315180652672E+000 -0.131028262406404E+000 -0.142583681815503E+003 -0.142583681815503E+003
  0.102012785313043E+000  0.165602467208956E+001  0.454702557779298E+000  0.494720051821499E+000 -0.131028262406404E+000 -0.142583818719826E+003 -0.142583818719826E+003
  0.100212138250066E+000  0.151826986857506E+001  0.874055550189440E+000  0.496167973750456E+000 -0.131028262406404E+000 -0.142583385841602E+003 -0.142583385841602E+003
  0.102119671364327E+000  0.150918062029163E+001  0.661724924401050E-002  0.499694533244577E+000 -0.131028262406404E+000 -0.142583543272099E+003 -0.142583543272099E+003
  0.100175964513188E+000  0.152027925967023E+001  0.925146310339852E+000  0.493860231023398E+000 -0.131028262406404E+000 -0.142583450771570E+003 -0.142583450771570E+003
  0.100321430512776E+000  0.152295330983580E+001  0.874621729533510E+000  0.480922012867436E+000 -0.131028262406404E+000 -0.142583842062834E+003 -0.142583842062834E+003
  0.100015629399293E+000  0.161133674462752E+001  0.153546218897633E+000  0.494535600313417E+000 -0.131028262406404E+000 -0.142583443672687E+003 -0.142583443672687E+003
  0.100918135707797E+000  0.145939822836822E+001  0.237090277896127E+000  0.489182089878713E+000 -0.131028262406404E+000 -0.142583815617554E+003 -0.142583815617554E+003
  0.100802600150751E+000  0.149617947175787E+001  0.470790411548219E+000  0.499680306504216E+000 -0.131028262406404E+000 -0.142583388200262E+003 -0.142583388200262E+003
  0.102055736833972E+000  0.158186107610901E+001  0.989525754529758E+000  0.495783637847393E+000 -0.131028262406404E+000 -0.142583633269409E+003 -0.142583633269409E+003
  0.101126078120962E+000  0.149289237100505E+001  0.768938524173069E+000  0.494128046024630E+000 -0.131028262406404E+000 -0.142583611583928E+003 -0.142583611583928E+003
  0.100561684879973E+000  0.153741740712690E+001  0.109962127289736E+000  0.496945100477222E+000 -0.131028262406404E+000 -0.142583389324835E+003 -0.142583389324835E+003
  0.100723202658859E+000  0.152483895824375E+001  0.860370424359518E+000  0.496300395954263E+000 -0.131028262406404E+000 -0.142583441005266E+003 -0.142583441005266E+003
  0.101122821660527E+000  0.149661228864737E+001  0.679809233379588E+000  0.499984271765922E+000 -0.131028262406404E+000 -0.142583420562883E+003 -0.142583420562883E+003
  0.101517780163484E+000  0.151817172059031E+001  0.924761616867241E+000  0.491360783535435E+000 -0.131028262406404E+000 -0.142583705048704E+003 -0.142583705048704E+003
  0.100637250403053E+000  0.149489702480188E+001  0.846555740074579E+000  0.498962071232397E+000 -0.131028262406404E+000 -0.142583391862950E+003 -0.142583391862950E+003
  0.100492090922336E+000  0.165321595899087E+001  0.957180903747290E+000  0.499135593448579E+000 -0.131028262406404E+000 -0.142583481569012E+003 -0.142583481569012E+003
  0.103032746762383E+000  0.164042461871257E+001  0.787168377149548E+000  0.499099805699318E+000 -0.131028262406404E+000 -0.142583786572952E+003 -0.142583786572952E+003
  0.100887861733259E+000  0.144432081921279E+001  0.703724780841426E+000  0.494294519847716E+000 -0.131028262406404E+000 -0.142583716104605E+003 -0.142583716104605E+003
  0.100495364578224E+000  0.163432145446071E+001  0.700083932018596E+000  0.490343617165046E+000 -0.131028262406404E+000 -0.142583676333275E+003 -0.142583676333275E+003
  0.100376849051059E+000  0.153310012149254E+001  0.843853600401090E+000  0.483345601416856E+000 -0.131028262406404E+000 -0.142583773404002E+003 -0.142583773404002E+003
  0.100138631739892E+000  0.160094027389278E+001  0.427651451621890E+000  0.487891547025460E+000 -0.131028262406404E+000 -0.142583635815303E+003 -0.142583635815303E+003
  0.100399098134365E+000  0.150459925634168E+001  0.280464693141490E+000  0.483970082029661E+000 -0.131028262406404E+000 -0.142583791351964E+003 -0.142583791351964E+003
  0.101688732387695E+000  0.159362534182479E+001  0.774286279434652E+000  0.497271266157013E+000 -0.131028262406404E+000 -0.142583551469065E+003 -0.142583551469065E+003
  0.101435694672384E+000  0.164490354425857E+001  0.565350997038879E+000  0.493339930565791E+000 -0.131028262406404E+000 -0.142583744276901E+003 -0.142583744276901E+003
  0.103138590326287E+000  0.154333917596078E+001  0.644756316737832E+000  0.493943064517869E+000 -0.131028262406404E+000 -0.142583829643159E+003 -0.142583829643159E+003
  0.100550852323891E+000  0.157883973312932E+001  0.930271785729321E+000  0.491101252670973E+000 -0.131028262406404E+000 -0.142583571564531E+003 -0.142583571564531E+003
  0.101937673544147E+000  0.161479532638790E+001  0.754842127172331E+000  0.498712958114094E+000 -0.131028262406404E+000 -0.142583578710368E+003 -0.142583578710368E+003
  0.101214609688667E+000  0.164128270525582E+001  0.862909092530451E+000  0.492471276391389E+000 -0.131028262406404E+000 -0.142583728821204E+003 -0.142583728821204E+003
  0.101863352662215E+000  0.156020687999585E+001  0.251240265088480E+000  0.497256631918410E+000 -0.131028262406404E+000 -0.142583549275817E+003 -0.142583549275817E+003
  0.104160990412189E+000  0.157687085263004E+001  0.695782329543401E+000  0.498446772078302E+000 -0.131028262406404E+000 -0.142583846032435E+003 -0.142583846032435E+003
  0.102898195369243E+000  0.161595213912512E+001  0.711670574957056E+000  0.497328654010260E+000 -0.131028262406404E+000 -0.142583755875501E+003 -0.142583755875501E+003
  0.101323200009825E+000  0.165308583232340E+001  0.646640334844501E+000  0.497120059892424E+000 -0.131028262406404E+000 -0.142583648983820E+003 -0.142583648983820E+003
  0.101229222161363E+000  0.168942231837530E+001  0.996464034126917E+000  0.499182519866100E+000 -0.131028262406404E+000 -0.142583726539901E+003 -0.142583726539901E+003
  0.100337626996980E+000  0.141095347068618E+001  0.169433211562127E-001  0.497562680726330E+000 -0.131028262406404E+000 -0.142583692719821E+003 -0.142583692719821E+003
  0.100350418363363E+000  0.159907152879646E+001  0.603174660910788E+000  0.481991009341411E+000 -0.131028262406404E+000 -0.142583822617842E+003 -0.142583822617842E+003
  0.102020564104364E+000  0.152762711789782E+001  0.143670775258300E+000  0.496191153961896E+000 -0.131028262406404E+000 -0.142583616163848E+003 -0.142583616163848E+003
  0.100267801492767E+000  0.164730121702352E+001  0.945441494458390E+000  0.493666596148855E+000 -0.131028262406404E+000 -0.142583590046155E+003 -0.142583590046155E+003
  0.101640505088360E+000  0.153227978559753E+001  0.842649198138080E+000  0.497321048165291E+000 -0.131028262406404E+000 -0.142583524935538E+003 -0.142583524935538E+003
  0.100810108896981E+000  0.145858446693737E+001  0.187216930488148E+000  0.495113236767662E+000 -0.131028262406404E+000 -0.142583631822174E+003 -0.142583631822174E+003
  0.100430938942798E+000  0.146642204223177E+001  0.385410760399443E+000  0.489721271117778E+000 -0.131028262406404E+000 -0.142583716007176E+003 -0.142583716007176E+003
  0.100499425440930E+000  0.143220065861514E+001  0.833734693675191E+000  0.498761344795857E+000 -0.131028262406404E+000 -0.142583580886856E+003 -0.142583580886856E+003
  0.102051641744114E+000  0.159449345015341E+001  0.544608321854117E+000  0.497414535196447E+000 -0.131028262406404E+000 -0.142583597733147E+003 -0.142583597733147E+003
  0.101078995439304E+000  0.158466635710800E+001  0.348350197717870E-002  0.494146638853937E+000 -0.131028262406404E+000 -0.142583554419416E+003 -0.142583554419416E+003
  0.100565782064708E+000  0.146760268699742E+001  0.940809205400918E+000  0.494327122522629E+000 -0.131028262406404E+000 -0.142583595055320E+003 -0.142583595055320E+003
  0.100020200227196E+000  0.151413928362490E+001  0.583210632749005E+000  0.492856116911652E+000 -0.131028262406404E+000 -0.142583469371034E+003 -0.142583469371034E+003
  0.100357006884300E+000  0.153705682927394E+001  0.454986310273861E-001  0.490995725929127E+000 -0.131028262406404E+000 -0.142583546643084E+003 -0.142583546643084E+003
  0.103797884999704E+000  0.150813735636475E+001  0.767876733470659E+000  0.497762876284129E+000 -0.131028262406404E+000 -0.142583844635085E+003 -0.142583844635085E+003
  0.100220156146875E+000  0.148193880493181E+001  0.691652345014045E+000  0.494918424802615E+000 -0.131028262406404E+000 -0.142583493234852E+003 -0.142583493234852E+003
  0.100723814650347E+000  0.162501633942534E+001  0.652664777715380E+000  0.489221213107491E+000 -0.131028262406404E+000 -0.142583715237177E+003 -0.142583715237177E+003
  0.102112304832839E+000  0.162069063338109E+001  0.475988308439201E+000  0.493722455419332E+000 -0.131028262406404E+000 -0.142583762436978E+003 -0.142583762436978E+003
  0.100817109699096E+000  0.167563098721137E+001  0.796952947744792E+000  0.495719846528004E+000 -0.131028262406404E+000 -0.142583704717028E+003 -0.142583704717028E+003
  0.101377619294722E+000  0.164431923183523E+001  0.474873797381266E+000  0.496680776578837E+000 -0.131028262406404E+000 -0.142583640437951E+003 -0.142583640437951E+003
  0.101817063789828E+000  0.148290370914684E+001  0.765739849114048E+000  0.492005182827243E+000 -0.131028262406404E+000 -0.142583790340274E+003 -0.142583790340274E+003
  0.101328577835943E+000  0.150649638161881E+001  0.866068853757926E+000  0.489120929707836E+000 -0.131028262406404E+000 -0.142583762149865E+003 -0.142583762149865E+003
  0.102564779748103E+000  0.155103845319709E+001  0.387903685178531E+000  0.491253172717170E+000 -0.131028262406404E+000 -0.142583827139948E+003 -0.142583827139948E+003
  0.100333239866873E+000  0.156324770180569E+001  0.783425189293083E-001  0.488110257815812E+000 -0.131028262406404E+000 -0.142583624066744E+003 -0.142583624066744E+003
  0.102871888515699E+000  0.160530074635495E+001  0.123340184449257E+000  0.499978766479709E+000 -0.131028262406404E+000 -0.142583650982054E+003 -0.142583650982054E+003
  0.100480238205039E+000  0.163013257204732E+001  0.691597455011728E-001  0.490206054015405E+000 -0.131028262406404E+000 -0.142583668119724E+003 -0.142583668119724E+003
  0.101325174859849E+000  0.164158975840801E+001  0.845847186398073E+000  0.498273223190227E+000 -0.131028262406404E+000 -0.142583578875496E+003 -0.142583578875496E+003
  0.100813677067489E+000  0.146193628300558E+001  0.595144182070125E+000  0.491320822000073E+000 -0.131028262406404E+000 -0.142583733105491E+003 -0.142583733105491E+003
  0.102953003464304E+000  0.153338002102402E+001  0.558244106522774E+000  0.497245395904454E+000 -0.131028262406404E+000 -0.142583708553224E+003 -0.142583708553224E+003
  0.103221632961040E+000  0.155074589999397E+001  0.552858172437095E+000  0.496216082716215E+000 -0.131028262406404E+000 -0.142583770458220E+003 -0.142583770458220E+003
  0.100981959685247E+000  0.159718146085449E+001  0.366259346354946E+000  0.489586535351817E+000 -0.131028262406404E+000 -0.142583690231367E+003 -0.142583690231367E+003
  0.102784608102934E+000  0.157102140876967E+001  0.884146667084205E+000  0.494421205114475E+000 -0.131028262406404E+000 -0.142583767096238E+003 -0.142583767096238E+003
  0.102747646147654E+000  0.152066825076940E+001  0.328671401928804E-002  0.498767665582183E+000 -0.131028262406404E+000 -0.142583644415042E+003 -0.142583644415042E+003
  0.100948946808944E+000  0.162188491343423E+001  0.760746382025986E+000  0.498592159177382E+000 -0.131028262406404E+000 -0.142583465368786E+003 -0.142583465368786E+003
  0.101127168365553E+000  0.163152291544284E+001  0.143958270692114E-001  0.488795764342604E+000 -0.131028262406404E+000 -0.142583793647076E+003 -0.142583793647076E+003
  0.101278794563897E+000  0.145627610279488E+001  0.704917706537587E-001  0.496861264772750E+000 -0.131028262406404E+000 -0.142583650095597E+003 -0.142583650095597E+003
  0.100874628507721E+000  0.155687303307445E+001  0.397044652043706E+000  0.485613428326885E+000 -0.131028262406404E+000 -0.142583764159859E+003 -0.142583764159859E+003
  0.100484522198740E+000  0.159271702048354E+001  0.787562434682140E+000  0.486291639744179E+000 -0.131028262406404E+000 -0.142583714470365E+003 -0.142583714470365E+003
  0.100185918322842E+000  0.145660195596152E+001  0.270861960028333E+000  0.499706866553560E+000 -0.131028262406404E+000 -0.142583415450629E+003 -0.142583415450629E+003
  0.102364299213572E+000  0.155632451305553E+001  0.843657067667346E-001  0.494082129184057E+000 -0.131028262406404E+000 -0.142583714982333E+003 -0.142583714982333E+003
  0.100802112823514E+000  0.163613634198760E+001  0.625007746024214E+000  0.492222283308543E+000 -0.131028262406404E+000 -0.142583667982789E+003 -0.142583667982789E+003
  0.100886330681364E+000  0.149183309506918E+001  0.389807247330641E-001  0.490353975738520E+000 -0.131028262406404E+000 -0.142583694631609E+003 -0.142583694631609E+003
  0.100942899049950E+000  0.141378491906231E+001  0.322761776642400E+000  0.495455707556031E+000 -0.131028262406404E+000 -0.142583819703786E+003 -0.142583819703786E+003
  0.101443471722597E+000  0.148460339522006E+001  0.909425519564029E+000  0.498896668725309E+000 -0.131028262406404E+000 -0.142583526038614E+003 -0.142583526038614E+003
  0.102079510420962E+000  0.154695598150424E+001  0.650485240267917E+000  0.495251579367515E+000 -0.131028262406404E+000 -0.142583641445671E+003 -0.142583641445671E+003
  0.101951173341853E+000  0.151912565590710E+001  0.327503510597686E+000  0.499148695320939E+000 -0.131028262406404E+000 -0.142583522968467E+003 -0.142583522968467E+003
  0.101416978734031E+000  0.143246365477461E+001  0.370320329224006E+000  0.495813819676648E+000 -0.131028262406404E+000 -0.142583790295592E+003 -0.142583790295592E+003
  0.100373032545470E+000  0.157296575076140E+001  0.954910740142821E+000  0.483103571762669E+000 -0.131028262406404E+000 -0.142583774093787E+003 -0.142583774093787E+003
  0.100825875197495E+000  0.156354331218367E+001  0.435014549207404E-001  0.492910252784766E+000 -0.131028262406404E+000 -0.142583545169876E+003 -0.142583545169876E+003
  0.101977411468871E+000  0.161629211604214E+001  0.241114375580987E+000  0.499174698380183E+000 -0.131028262406404E+000 -0.142583573420437E+003 -0.142583573420437E+003
  0.100647130584043E+000  0.159109334056808E+001  0.901068447215134E+000  0.483541532727650E+000 -0.131028262406404E+000 -0.142583809401121E+003 -0.142583809401121E+003
  0.103192591638437E+000  0.158693857105357E+001  0.385219411443939E+000  0.495071918247506E+000 -0.131028262406404E+000 -0.142583817695917E+003 -0.142583817695917E+003
  0.101665623916852E+000  0.146361251323231E+001  0.936856951015810E+000  0.492747956197712E+000 -0.131028262406404E+000 -0.142583800613069E+003 -0.142583800613069E+003
  0.101573892549459E+000  0.164387867979847E+001  0.882504305504838E+000  0.499089147006105E+000 -0.131028262406404E+000 -0.142583595618906E+003 -0.142583595618906E+003
  0.100161157622143E+000  0.143938486657749E+001  0.164523168826495E+000  0.487230272304838E+000 -0.131028262406404E+000 -0.142583837943362E+003 -0.142583837943362E+003
  0.100430165299816E+000  0.147572603521886E+001  0.657416819689738E-001  0.484644263238780E+000 -0.131028262406404E+000 -0.142583834240477E+003 -0.142583834240477E+003
  0.100208382705481E+000  0.150880015087887E+001  0.727355960894084E+000  0.484145437698380E+000 -0.131028262406404E+000 -0.142583756057230E+003 -0.142583756057230E+003
  0.100006543157672E+000  0.148813978213744E+001  0.679197539077915E-001  0.487674743091421E+000 -0.131028262406404E+000 -0.142583666836841E+003 -0.142583666836841E+003
  0.101208268897657E+000  0.159440449974694E+001  0.328381942537697E-001  0.490198688242535E+000 -0.131028262406404E+000 -0.142583698671787E+003 -0.142583698671787E+003
  0.102134273126454E+000  0.147145834935970E+001  0.550200028649118E+000  0.496143778750632E+000 -0.131028262406404E+000 -0.142583741224584E+003 -0.142583741224584E+003
  0.101519214028919E+000  0.154836718919766E+001  0.416173345631688E+000  0.496733867564562E+000 -0.131028262406404E+000 -0.142583518979087E+003 -0.142583518979087E+003
  0.100731496084351E+000  0.168421005629724E+001  0.795387070391908E+000  0.494166479877217E+000 -0.131028262406404E+000 -0.142583770200566E+003 -0.142583770200566E+003
  0.100728473338454E+000  0.154625730310275E+001  0.301472098107175E+000  0.491726870717379E+000 -0.131028262406404E+000 -0.142583568470395E+003 -0.142583568470395E+003
  0.102013441177840E+000  0.144569184984606E+001  0.950615099257428E+000  0.495501486783076E+000 -0.131028262406404E+000 -0.142583829012309E+003 -0.142583829012309E+003
  0.100566818238808E+000  0.168873142995897E+001  0.211010005502150E+000  0.497498747542195E+000 -0.131028262406404E+000 -0.142583680702541E+003 -0.142583680702541E+003
  0.102061504937077E+000  0.155097933796352E+001  0.907986834490640E+000  0.491912499596875E+000 -0.131028262406404E+000 -0.142583738912221E+003 -0.142583738912221E+003
  0.100608310991945E+000  0.144085715390596E+001  0.457392719510542E+000  0.491667538365790E+000 -0.131028262406404E+000 -0.142583767348777E+003 -0.142583767348777E+003
  0.100423469967125E+000  0.163221533366818E+001  0.494782847083162E+000  0.486603298890310E+000 -0.131028262406404E+000 -0.142583764495707E+003 -0.142583764495707E+003
  0.101445015070367E+000  0.149399283017827E+001  0.471802702534880E+000  0.495504274247293E+000 -0.131028262406404E+000 -0.142583610131225E+003 -0.142583610131225E+003
  0.100592404024836E+000  0.148547266570159E+001  0.516773566002763E+000  0.485819775584901E+000 -0.131028262406404E+000 -0.142583799928076E+003 -0.142583799928076E+003
  0.100753012058153E+000  0.150612457971468E+001  0.377699234813971E+000  0.494726385519343E+000 -0.131028262406404E+000 -0.142583519031235E+003 -0.142583519031235E+003
  0.102290482752381E+000  0.155165375613956E+001  0.148890753406800E+000  0.498699200189474E+000 -0.131028262406404E+000 -0.142583562278607E+003 -0.142583562278607E+003
  0.100005851586972E+000  0.150331321752812E+001  0.393988983543001E+000  0.493499242688388E+000 -0.131028262406404E+000 -0.142583464447166E+003 -0.142583464447166E+003
  0.102204004655096E+000  0.156941630239243E+001  0.587030550393425E+000  0.499605149075941E+000 -0.131028262406404E+000 -0.142583525736973E+003 -0.142583525736973E+003
  0.102503991419889E+000  0.159485829095068E+001  0.262592098680026E+000  0.497346813230429E+000 -0.131028262406404E+000 -0.142583662739993E+003 -0.142583662739993E+003
  0.103119321353744E+000  0.161748952833471E+001  0.186754697942749E+000  0.499775577263422E+000 -0.131028262406404E+000 -0.142583717524882E+003 -0.142583717524882E+003
  0.100014149732296E+000  0.151249237085671E+001  0.823056728423086E-001  0.493412647115003E+000 -0.131028262406404E+000 -0.142583453803670E+003 -0.142583453803670E+003
  0.100151058068296E+000  0.153359040863010E+001  0.363846427222934E+000  0.482687516952134E+000 -0.131028262406404E+000 -0.142583763085497E+003 -0.142583763085497E+003
  0.101355475665034E+000  0.160117482553330E+001  0.952053363345567E+000  0.497928172787002E+000 -0.131028262406404E+000 -0.142583497823916E+003 -0.142583497823916E+003
  0.101325202570930E+000  0.169231500250787E+001  0.951069711646509E+000  0.495554357872719E+000 -0.131028262406404E+000 -0.142583847952560E+003 -0.142583847952560E+003
  0.102380443718451E+000  0.164103709721359E+001  0.808331408443843E+000  0.494263626319159E+000 -0.131028262406404E+000 -0.142583834890145E+003 -0.142583834890145E+003
  0.100607052399476E+000  0.158326360054032E+001  0.370461516666946E+000  0.484854964453456E+000 -0.131028262406404E+000 -0.142583761338462E+003 -0.142583761338462E+003
  0.100754826715282E+000  0.142501078171213E+001  0.430033071491910E+000  0.495589162578781E+000 -0.131028262406404E+000 -0.142583739228804E+003 -0.142583739228804E+003
  0.102045686722732E+000  0.166056819392276E+001  0.279436950721214E+000  0.498348390110438E+000 -0.131028262406404E+000 -0.142583738645690E+003 -0.142583738645690E+003
  0.100587709347640E+000  0.148760996163377E+001  0.560547587120556E+000  0.485356064414366E+000 -0.131028262406404E+000 -0.142583807748463E+003 -0.142583807748463E+003
  0.101847354901366E+000  0.147492951913561E+001  0.468236625414180E+000  0.497407698866607E+000 -0.131028262406404E+000 -0.142583653258466E+003 -0.142583653258466E+003
  0.100311783944483E+000  0.159757985484838E+001  0.796108622075455E-001  0.499458906805131E+000 -0.131028262406404E+000 -0.142583306381933E+003 -0.142583306381933E+003
  0.100781411077055E+000  0.146392811880353E+001  0.117810917689506E+000  0.489133676715392E+000 -0.131028262406404E+000 -0.142583785546361E+003 -0.142583785546361E+003
  0.100527549320581E+000  0.165035900857070E+001  0.828752082898436E+000  0.493396809884431E+000 -0.131028262406404E+000 -0.142583640367751E+003 -0.142583640367751E+003
  0.102094018260057E+000  0.151747324945195E+001  0.625663240684383E-001  0.496226954579263E+000 -0.131028262406404E+000 -0.142583636555948E+003 -0.142583636555948E+003
  0.103289680239099E+000  0.155538633215285E+001  0.700559318034286E+000  0.497840310704762E+000 -0.131028262406404E+000 -0.142583729848791E+003 -0.142583729848791E+003
  0.101758282268388E+000  0.161168858910068E+001  0.663920406227047E+000  0.494578678015391E+000 -0.131028262406404E+000 -0.142583671340376E+003 -0.142583671340376E+003
  0.103074598877349E+000  0.159164349136449E+001  0.317384068247093E+000  0.496494956020268E+000 -0.131028262406404E+000 -0.142583764079085E+003 -0.142583764079085E+003
  0.102048567187988E+000  0.163118089851076E+001  0.504311847408490E+000  0.497952541976775E+000 -0.131028262406404E+000 -0.142583656358953E+003 -0.142583656358953E+003
  0.102471124821367E+000  0.149079851261563E+001  0.615155133724223E+000  0.495501581696796E+000 -0.131028262406404E+000 -0.142583758072720E+003 -0.142583758072720E+003
  0.101796433787474E+000  0.156103774363474E+001  0.292605804031846E+000  0.489430764633346E+000 -0.131028262406404E+000 -0.142583775945852E+003 -0.142583775945852E+003
  0.100331302278967E+000  0.156337978843573E+001  0.589180386744492E+000  0.491488871912668E+000 -0.131028262406404E+000 -0.142583524019433E+003 -0.142583524019433E+003
  0.100802203327060E+000  0.157774058561266E+001  0.475779019090384E+000  0.486137287204608E+000 -0.131028262406404E+000 -0.142583746472210E+003 -0.142583746472210E+003
  0.100297139238283E+000  0.148982954275245E+001  0.467015694232709E+000  0.494344820284316E+000 -0.131028262406404E+000 -0.142583502442297E+003 -0.142583502442297E+003
  0.100010111405278E+000  0.150990197614377E+001  0.579796300849283E+000  0.496668665786709E+000 -0.131028262406404E+000 -0.142583355505303E+003 -0.142583355505303E+003
  0.100131846538747E+000  0.166549221420921E+001  0.469774354386980E+000  0.488782430393819E+000 -0.131028262406404E+000 -0.142583763384809E+003 -0.142583763384809E+003
  0.102248704341106E+000  0.155799837138537E+001  0.716751283682548E+000  0.492780911340387E+000 -0.131028262406404E+000 -0.142583738247554E+003 -0.142583738247554E+003
  0.100035890104213E+000  0.152312522953301E+001  0.354269585788939E+000  0.486180043029894E+000 -0.131028262406404E+000 -0.142583658889221E+003 -0.142583658889221E+003
  0.103793904665321E+000  0.160051258977757E+001  0.948946162278459E+000  0.498752050562276E+000 -0.131028262406404E+000 -0.142583811976026E+003 -0.142583811976026E+003
  0.101000318248739E+000  0.148488135545694E+001  0.407148665820306E-001  0.491455202052581E+000 -0.131028262406404E+000 -0.142583692450148E+003 -0.142583692450148E+003
  0.102125449435287E+000  0.160917972712634E+001  0.569179645996938E+000  0.492284235545477E+000 -0.131028262406404E+000 -0.142583782894408E+003 -0.142583782894408E+003
  0.100037964891859E+000  0.154995037241435E+001  0.264202175574595E+000  0.493644839967203E+000 -0.131028262406404E+000 -0.142583420210289E+003 -0.142583420210289E+003
  0.100526527058242E+000  0.150028107486093E+001  0.867919471645732E+000  0.494543504736120E+000 -0.131028262406404E+000 -0.142583505163464E+003 -0.142583505163464E+003
  0.101178221910634E+000  0.160678107214348E+001  0.388903205467033E+000  0.488597358339711E+000 -0.131028262406404E+000 -0.142583757543277E+003 -0.142583757543277E+003
  0.100504729859971E+000  0.142288067215645E+001  0.237248615751467E+000  0.493210171094964E+000 -0.131028262406404E+000 -0.142583782704687E+003 -0.142583782704687E+003
  0.102076054073045E+000  0.163519613960386E+001  0.923201335731801E+000  0.498531767750326E+000 -0.131028262406404E+000 -0.142583654235013E+003 -0.142583654235013E+003
  0.100347693296951E+000  0.147494109761607E+001  0.936795456201050E-001  0.498743467375311E+000 -0.131028262406404E+000 -0.142583409484958E+003 -0.142583409484958E+003
  0.101119896951652E+000  0.141896518079742E+001  0.684176796029588E+000  0.496076637505231E+000 -0.131028262406404E+000 -0.142583801812671E+003 -0.142583801812671E+003
  0.101390005068418E+000  0.160746335756065E+001  0.557055978880098E+000  0.497699297038555E+000 -0.131028262406404E+000 -0.142583520547221E+003 -0.142583520547221E+003
  0.102358445771815E+000  0.161455161158037E+001  0.953123662012308E-001  0.496735881400073E+000 -0.131028262406404E+000 -0.142583695289911E+003 -0.142583695289911E+003
  0.101878770383181E+000  0.155931593535361E+001  0.289644616181023E+000  0.494997448888151E+000 -0.131028262406404E+000 -0.142583621040006E+003 -0.142583621040006E+003
  0.100862691839033E+000  0.166341463115028E+001  0.351618277069484E+000  0.493306807052988E+000 -0.131028262406404E+000 -0.142583729645422E+003 -0.142583729645422E+003
  0.100156409346992E+000  0.153589416392806E+001  0.978923762171390E+000  0.479978647343628E+000 -0.131028262406404E+000 -0.142583836513987E+003 -0.142583836513987E+003
  0.101017232624453E+000  0.152610086883609E+001  0.760785356336268E+000  0.495353894050459E+000 -0.131028262406404E+000 -0.142583508204185E+003 -0.142583508204185E+003
  0.100113293532561E+000  0.140297035202052E+001  0.530160893106102E+000  0.498168599003925E+000 -0.131028262406404E+000 -0.142583686329443E+003 -0.142583686329443E+003
  0.100219378864334E+000  0.161811134802483E+001  0.636872126568526E+000  0.486886878216398E+000 -0.131028262406404E+000 -0.142583701900518E+003 -0.142583701900518E+003
  0.100773681531152E+000  0.144078875841926E+001  0.644175885569513E+000  0.498562715546248E+000 -0.131028262406404E+000 -0.142583587977146E+003 -0.142583587977146E+003
  0.101663042444749E+000  0.152958695344293E+001  0.701729277859354E+000  0.497535608797349E+000 -0.131028262406404E+000 -0.142583523466671E+003 -0.142583523466671E+003
  0.104134953337349E+000  0.157055118286623E+001  0.757104035246800E+000  0.499517052446335E+000 -0.131028262406404E+000 -0.142583804927007E+003 -0.142583804927007E+003
  0.100430445736417E+000  0.164758401753046E+001  0.402913298319629E+000  0.485359197878357E+000 -0.131028262406404E+000 -0.142583836267192E+003 -0.142583836267192E+003
  0.100149506160829E+000  0.171284945880011E+001  0.651371977574169E+000  0.495705000834972E+000 -0.131028262406404E+000 -0.142583790625672E+003 -0.142583790625672E+003
  0.100027985885537E+000  0.160267545811780E+001  0.271409468836382E+000  0.486753586004105E+000 -0.131028262406404E+000 -0.142583656462930E+003 -0.142583656462930E+003
  0.102475188805284E+000  0.164120843159591E+001  0.962230408478337E+000  0.497315757151036E+000 -0.131028262406404E+000 -0.142583762211909E+003 -0.142583762211909E+003
  0.103567712025001E+000  0.157734053563901E+001  0.853144477325388E+000  0.498106896674895E+000 -0.131028262406404E+000 -0.142583770579533E+003 -0.142583770579533E+003
  0.101566036984657E+000  0.153916735609251E+001  0.696613151368399E+000  0.494481398714293E+000 -0.131028262406404E+000 -0.142583598555604E+003 -0.142583598555604E+003
  0.103476293259021E+000  0.151550126395540E+001  0.913425148304493E+000  0.496397440469103E+000 -0.131028262406404E+000 -0.142583828598040E+003 -0.142583828598040E+003
  0.102268295511995E+000  0.151035271154924E+001  0.711056211604070E+000  0.494074557667861E+000 -0.131028262406404E+000 -0.142583736453622E+003 -0.142583736453622E+003
  0.100791877133580E+000  0.168220785821146E+001  0.406469010266513E+000  0.495401739434625E+000 -0.131028262406404E+000 -0.142583737135345E+003 -0.142583737135345E+003
