  0.199342631474663E+001  0.741652446946911E+000  0.159119672694470E+000  0.245888629110281E+000 -0.131028262406404E+000 -0.145772282597244E+003 -0.145772282597244E+003
  0.198779427773599E+001  0.748314196458238E+000  0.561526971870672E+000  0.246271826179404E+000 -0.131028262406404E+000 -0.145772412908996E+003 -0.145772412908996E+003
  0.197958270000643E+001  0.752394085515921E+000  0.954829515166815E+000  0.248106847156085E+000 -0.131028262406404E+000 -0.145772569990888E+003 -0.145772569990888E+003
  0.198320647852772E+001  0.725880689172734E+000  0.224213086843783E+000  0.250833554458427E+000 -0.131028262406404E+000 -0.145772679501600E+003 -0.145772679501600E+003
  0.198263386953415E+001  0.724236361892760E+000  0.452211167161334E+000  0.250106687486069E+000 -0.131028262406404E+000 -0.145772615994575E+003 -0.145772615994575E+003
  0.198940462940836E+001  0.745677500432092E+000  0.588882030018282E+000  0.250176697739522E+000 -0.131028262406404E+000 -0.145772634822803E+003 -0.145772634822803E+003
  0.199421803328166E+001  0.791617949729934E+000  0.718635472262280E+000  0.245147842403428E+000 -0.131028262406404E+000 -0.145772541876328E+003 -0.145772541876328E+003
  0.198195934579377E+001  0.762459983882065E+000  0.110315369757891E+000  0.249342922141700E+000 -0.131028262406404E+000 -0.145772642748747E+003 -0.145772642748747E+003
  0.199896985709930E+001  0.801279737130945E+000  0.987030217707322E+000  0.243152992617955E+000 -0.131028262406404E+000 -0.145772600967769E+003 -0.145772600967769E+003
  0.199877577262586E+001  0.731472341124681E+000  0.773755938497978E+000  0.249097032078414E+000 -0.131028262406404E+000 -0.145772376935304E+003 -0.145772376935304E+003
  0.197498883272970E+001  0.734683850301520E+000  0.764386151595908E+000  0.248871131731093E+000 -0.131028262406404E+000 -0.145772719018486E+003 -0.145772719018486E+003
  0.198641393272581E+001  0.707689484335550E+000  0.705514555834782E+000  0.247008064773908E+000 -0.131028262406404E+000 -0.145772668150115E+003 -0.145772668150115E+003
  0.198497163430439E+001  0.758474087337847E+000  0.197392264732816E+000  0.247833746913779E+000 -0.131028262406404E+000 -0.145772479969710E+003 -0.145772479969710E+003
  0.199551085181333E+001  0.685645002474912E+000  0.399096114868713E+000  0.248373409528716E+000 -0.131028262406404E+000 -0.145772534134374E+003 -0.145772534134374E+003
  0.199996718431946E+001  0.753055548304552E+000  0.104990223773994E+000  0.245162311353674E+000 -0.131028262406404E+000 -0.145772161919832E+003 -0.145772161919832E+003
  0.199302229942831E+001  0.759509089295846E+000  0.527042772877500E+000  0.246458368960830E+000 -0.131028262406404E+000 -0.145772320697399E+003 -0.145772320697399E+003
  0.199836242671411E+001  0.695951405933282E+000  0.436684527424749E+000  0.245312213014889E+000 -0.131028262406404E+000 -0.145772493570531E+003 -0.145772493570531E+003
  0.198936551604197E+001  0.724694522185224E+000  0.388142871821981E+000  0.244549890517607E+000 -0.131028262406404E+000 -0.145772689688334E+003 -0.145772689688334E+003
  0.199268784141132E+001  0.731073474117957E+000  0.853120795997401E+000  0.250833506480462E+000 -0.131028262406404E+000 -0.145772678883303E+003 -0.145772678883303E+003
  0.197776796300441E+001  0.725277587984924E+000  0.303501419445771E+000  0.250281111979447E+000 -0.131028262406404E+000 -0.145772709952610E+003 -0.145772709952610E+003
  0.199211732146810E+001  0.804832528022891E+000  0.634483052548750E+000  0.243865810962407E+000 -0.131028262406404E+000 -0.145772734243297E+003 -0.145772734243297E+003
  0.199770296602712E+001  0.737272730774014E+000  0.797395391981157E+000  0.243063789656736E+000 -0.131028262406404E+000 -0.145772460425569E+003 -0.145772460425569E+003
  0.199214646807127E+001  0.701869228170466E+000  0.974058677752327E+000  0.249100854134009E+000 -0.131028262406404E+000 -0.145772482135462E+003 -0.145772482135462E+003
  0.197856585480589E+001  0.756529393616086E+000  0.430914151525482E+000  0.246439645052984E+000 -0.131028262406404E+000 -0.145772674777665E+003 -0.145772674777665E+003
  0.198505936257570E+001  0.771943754982990E+000  0.405580455545780E+000  0.246874623573370E+000 -0.131028262406404E+000 -0.145772522332299E+003 -0.145772522332299E+003
  0.199813334795998E+001  0.764725029340444E+000  0.890111057291039E+000  0.242822289607138E+000 -0.131028262406404E+000 -0.145772411221099E+003 -0.145772411221099E+003
  0.199004236432322E+001  0.741998164580844E+000  0.213272491164879E+000  0.244909468072505E+000 -0.131028262406404E+000 -0.145772474029054E+003 -0.145772474029054E+003
  0.198911095796555E+001  0.751904764276166E+000  0.715131456069883E+000  0.250192161998631E+000 -0.131028262406404E+000 -0.145772687552382E+003 -0.145772687552382E+003
  0.199767927002778E+001  0.806509251531894E+000  0.439534338594575E-001  0.243481663382820E+000 -0.131028262406404E+000 -0.145772678594346E+003 -0.145772678594346E+003
  0.199166098787022E+001  0.698924525061902E+000  0.678511037047268E+000  0.249243624298022E+000 -0.131028262406404E+000 -0.145772521897198E+003 -0.145772521897198E+003
  0.197538968346435E+001  0.756832517335970E+000  0.573519135040489E+000  0.249434221211904E+000 -0.131028262406404E+000 -0.145772687148293E+003 -0.145772687148293E+003
  0.198822015323963E+001  0.730941506907840E+000  0.689732251946918E+000  0.244750533157899E+000 -0.131028262406404E+000 -0.145772648435304E+003 -0.145772648435304E+003
  0.197833538395277E+001  0.737351749293019E+000  0.395037184423043E+000  0.248757192642704E+000 -0.131028262406404E+000 -0.145772617964622E+003 -0.145772617964622E+003
  0.199686300966606E+001  0.760754500056834E+000  0.370232703787892E+000  0.248166203256376E+000 -0.131028262406404E+000 -0.145772460614421E+003 -0.145772460614421E+003
  0.198226787427361E+001  0.734242793689210E+000  0.990255586240656E+000  0.246121377918886E+000 -0.131028262406404E+000 -0.145772679586871E+003 -0.145772679586871E+003
  0.197363847078433E+001  0.769264455932292E+000  0.206585931731407E+000  0.248958664667800E+000 -0.131028262406404E+000 -0.145772737544396E+003 -0.145772737544396E+003
  0.199211654496537E+001  0.703732070410070E+000  0.695882045193481E+000  0.246871011065968E+000 -0.131028262406404E+000 -0.145772498013737E+003 -0.145772498013737E+003
  0.198720696782494E+001  0.776281524770405E+000  0.633747194098403E+000  0.246397967256399E+000 -0.131028262406404E+000 -0.145772511173027E+003 -0.145772511173027E+003
  0.199824710346615E+001  0.764976798411539E+000  0.285937154561704E+000  0.246938757792186E+000 -0.131028262406404E+000 -0.145772344899762E+003 -0.145772344899762E+003
  0.199594817867122E+001  0.774509644789264E+000  0.386403414485076E-001  0.244434153174287E+000 -0.131028262406404E+000 -0.145772366704030E+003 -0.145772366704030E+003
  0.199868126875978E+001  0.735490957041135E+000  0.382334324372144E+000  0.247323521719494E+000 -0.131028262406404E+000 -0.145772192181462E+003 -0.145772192181462E+003
  0.197654633814695E+001  0.734972234471930E+000  0.949459674934252E+000  0.248133888438292E+000 -0.131028262406404E+000 -0.145772700697162E+003 -0.145772700697162E+003
  0.199463656544743E+001  0.781971411962124E+000  0.710222294824831E-001  0.246133769377557E+000 -0.131028262406404E+000 -0.145772472640701E+003 -0.145772472640701E+003
  0.199607678888914E+001  0.701677549977837E+000  0.916907412786508E+000  0.248605989970616E+000 -0.131028262406404E+000 -0.145772374716547E+003 -0.145772374716547E+003
  0.198714078478519E+001  0.781638772252248E+000  0.197339276921658E+000  0.244078111390686E+000 -0.131028262406404E+000 -0.145772662224921E+003 -0.145772662224921E+003
  0.198386445078790E+001  0.777863316751178E+000  0.278867248892251E+000  0.247163349479741E+000 -0.131028262406404E+000 -0.145772586559996E+003 -0.145772586559996E+003
  0.199252344101244E+001  0.724954488066696E+000  0.827486440392556E-001  0.247702924850469E+000 -0.131028262406404E+000 -0.145772315189595E+003 -0.145772315189595E+003
  0.199966065176135E+001  0.689848406999407E+000  0.388306410699566E+000  0.244995964880622E+000 -0.131028262406404E+000 -0.145772567157252E+003 -0.145772567157252E+003
  0.199375424534805E+001  0.768255018583995E+000  0.236633624789208E+000  0.245720463644244E+000 -0.131028262406404E+000 -0.145772347436569E+003 -0.145772347436569E+003
  0.198822844304999E+001  0.705260579698557E+000  0.200706345333086E+000  0.247038807451210E+000 -0.131028262406404E+000 -0.145772619632618E+003 -0.145772619632618E+003
  0.199822557773570E+001  0.730959519068016E+000  0.151147207826829E+000  0.247218952496781E+000 -0.131028262406404E+000 -0.145772185782882E+003 -0.145772185782882E+003
  0.198051600655469E+001  0.759886560990715E+000  0.611884720769449E+000  0.249028210173784E+000 -0.131028262406404E+000 -0.145772609335864E+003 -0.145772609335864E+003
  0.199650290245516E+001  0.734808214043716E+000  0.783213514921165E+000  0.250677738305432E+000 -0.131028262406404E+000 -0.145772701687482E+003 -0.145772701687482E+003
  0.199922651178079E+001  0.769923949551792E+000  0.827331532646757E+000  0.244604375269317E+000 -0.131028262406404E+000 -0.145772268457704E+003 -0.145772268457704E+003
  0.199962866431725E+001  0.735205637369172E+000  0.965730594754425E+000  0.247071751997749E+000 -0.131028262406404E+000 -0.145772163452973E+003 -0.145772163452973E+003
  0.199446375754287E+001  0.731055728189235E+000  0.753320827674701E+000  0.247399014622972E+000 -0.131028262406404E+000 -0.145772258142944E+003 -0.145772258142944E+003
  0.198161924014850E+001  0.759781079472992E+000  0.289220215571338E+000  0.249706422268468E+000 -0.131028262406404E+000 -0.145772667176989E+003 -0.145772667176989E+003
  0.199118105223966E+001  0.695426899596211E+000  0.290998563293304E+000  0.250168146586678E+000 -0.131028262406404E+000 -0.145772617786709E+003 -0.145772617786709E+003
  0.199078055009976E+001  0.746541972170357E+000  0.455176826602742E+000  0.246975784747425E+000 -0.131028262406404E+000 -0.145772326849785E+003 -0.145772326849785E+003
  0.198834949183041E+001  0.724013852043312E+000  0.354509497665432E+000  0.249633170319511E+000 -0.131028262406404E+000 -0.145772496006994E+003 -0.145772496006994E+003
  0.199731328085453E+001  0.783457180194253E+000  0.961473032989421E+000  0.242073555009211E+000 -0.131028262406404E+000 -0.145772598518771E+003 -0.145772598518771E+003
  0.199156113799772E+001  0.717256974389848E+000  0.986089388447236E+000  0.248339541557792E+000 -0.131028262406404E+000 -0.145772378508205E+003 -0.145772378508205E+003
  0.198257220332605E+001  0.713842169096267E+000  0.262244727866563E+000  0.250380951017567E+000 -0.131028262406404E+000 -0.145772676858235E+003 -0.145772676858235E+003
  0.199990532854858E+001  0.696918476788227E+000  0.637998470454250E+000  0.246433389666303E+000 -0.131028262406404E+000 -0.145772314916451E+003 -0.145772314916451E+003
  0.199199028463615E+001  0.749605832384997E+000  0.206511939590759E+000  0.244253609435975E+000 -0.131028262406404E+000 -0.145772455845345E+003 -0.145772455845345E+003
  0.198399217667415E+001  0.714646694314164E+000  0.778481731848333E+000  0.248851268625432E+000 -0.131028262406404E+000 -0.145772588270779E+003 -0.145772588270779E+003
  0.198193591679783E+001  0.766043495439539E+000  0.151388058026151E+000  0.245062421174980E+000 -0.131028262406404E+000 -0.145772695975774E+003 -0.145772695975774E+003
  0.199498874047799E+001  0.774809181595090E+000  0.195695617573907E+000  0.243087503238439E+000 -0.131028262406404E+000 -0.145772504859190E+003 -0.145772504859190E+003
  0.198702268008832E+001  0.772874420224343E+000  0.939363105899400E+000  0.246640430925173E+000 -0.131028262406404E+000 -0.145772493870171E+003 -0.145772493870171E+003
  0.199888082155224E+001  0.728532074008007E+000  0.945677441447470E+000  0.242286452780158E+000 -0.131028262406404E+000 -0.145772634868948E+003 -0.145772634868948E+003
  0.199911012903878E+001  0.722038336603259E+000  0.735699866031784E+000  0.243315063034758E+000 -0.131028262406404E+000 -0.145772469497451E+003 -0.145772469497451E+003
  0.198943389169169E+001  0.754933933214246E+000  0.162082621747905E+000  0.243918286120308E+000 -0.131028262406404E+000 -0.145772590229826E+003 -0.145772590229826E+003
  0.199380501037233E+001  0.781708472901242E+000  0.428245210429966E-001  0.247177009681664E+000 -0.131028262406404E+000 -0.145772568312626E+003 -0.145772568312626E+003
  0.199464514865003E+001  0.711948679961703E+000  0.661579670955420E+000  0.247757665010350E+000 -0.131028262406404E+000 -0.145772321183006E+003 -0.145772321183006E+003
  0.198184600835418E+001  0.779127254036832E+000  0.166640513482872E+000  0.248388911448752E+000 -0.131028262406404E+000 -0.145772689755777E+003 -0.145772689755777E+003
  0.199162793068117E+001  0.707391044158400E+000  0.675521872025495E+000  0.246644142841988E+000 -0.131028262406404E+000 -0.145772494715223E+003 -0.145772494715223E+003
  0.199509816339945E+001  0.744924504516468E+000  0.399734690490443E+000  0.247098678902374E+000 -0.131028262406404E+000 -0.145772253293804E+003 -0.145772253293804E+003
  0.198738329139267E+001  0.778603379396002E+000  0.655078644094168E+000  0.243504228292713E+000 -0.131028262406404E+000 -0.145772721914977E+003 -0.145772721914977E+003
  0.198303080671207E+001  0.754671279329988E+000  0.195986978657347E+000  0.248968771651713E+000 -0.131028262406404E+000 -0.145772554427622E+003 -0.145772554427622E+003
  0.199937594010687E+001  0.737952615599164E+000  0.868616911813918E-001  0.248095946718352E+000 -0.131028262406404E+000 -0.145772268095387E+003 -0.145772268095387E+003
  0.199163572607479E+001  0.757642198037671E+000  0.725904144313056E+000  0.248583837441947E+000 -0.131028262406404E+000 -0.145772485008972E+003 -0.145772485008972E+003
  0.199637818651059E+001  0.717136884343904E+000  0.884933093396843E+000  0.249348729781654E+000 -0.131028262406404E+000 -0.145772385234762E+003 -0.145772385234762E+003
  0.199630612055273E+001  0.685638706099782E+000  0.183935509856205E-001  0.247333019053412E+000 -0.131028262406404E+000 -0.145772536488137E+003 -0.145772536488137E+003
  0.198822243660216E+001  0.759752663511288E+000  0.884643324457219E+000  0.243608320191252E+000 -0.131028262406404E+000 -0.145772679493961E+003 -0.145772679493961E+003
  0.198750868262042E+001  0.772982240393252E+000  0.275101895833071E+000  0.249044363291222E+000 -0.131028262406404E+000 -0.145772701605568E+003 -0.145772701605568E+003
  0.198831607510809E+001  0.760461076648276E+000  0.346989171255545E+000  0.246607106650389E+000 -0.131028262406404E+000 -0.145772408165784E+003 -0.145772408165784E+003
  0.199111238719454E+001  0.685257169662690E+000  0.507675071767921E+000  0.249524454944332E+000 -0.131028262406404E+000 -0.145772683455668E+003 -0.145772683455668E+003
  0.197834390170219E+001  0.785405879800934E+000  0.480524091785137E+000  0.247371999589697E+000 -0.131028262406404E+000 -0.145772726700609E+003 -0.145772726700609E+003
  0.199151625958366E+001  0.721981587962057E+000  0.657346698731122E+000  0.244215474340907E+000 -0.131028262406404E+000 -0.145772674714803E+003 -0.145772674714803E+003
  0.198912287192466E+001  0.760226935315813E+000  0.201301412154599E+000  0.245405062539518E+000 -0.131028262406404E+000 -0.145772428996818E+003 -0.145772428996818E+003
  0.199490196341094E+001  0.723347619946083E+000  0.484273570448012E+000  0.248027635526291E+000 -0.131028262406404E+000 -0.145772283805744E+003 -0.145772283805744E+003
  0.199276876460455E+001  0.744148774553289E+000  0.527493916021069E+000  0.245292304025319E+000 -0.131028262406404E+000 -0.145772333610690E+003 -0.145772333610690E+003
  0.198248410465307E+001  0.733637045003679E+000  0.464231464369756E+000  0.245919118624312E+000 -0.131028262406404E+000 -0.145772702492640E+003 -0.145772702492640E+003
  0.198368359548758E+001  0.753790710303339E+000  0.419885832893569E+000  0.244744435192748E+000 -0.131028262406404E+000 -0.145772702594642E+003 -0.145772702594642E+003
  0.198140625002868E+001  0.715562223339773E+000  0.921571548308280E+000  0.249072977271251E+000 -0.131028262406404E+000 -0.145772653669032E+003 -0.145772653669032E+003
  0.199924208188843E+001  0.672872187424044E+000  0.778166904588555E-002  0.246760410941131E+000 -0.131028262406404E+000 -0.145772660354029E+003 -0.145772660354029E+003
  0.198244419410330E+001  0.750683225926757E+000  0.166028183955573E+000  0.247337343840038E+000 -0.131028262406404E+000 -0.145772512832444E+003 -0.145772512832444E+003
  0.199652641165401E+001  0.713134495161382E+000  0.369033504197172E+000  0.246925397356919E+000 -0.131028262406404E+000 -0.145772267998885E+003 -0.145772267998885E+003
  0.199080885728212E+001  0.716472174300915E+000  0.573400558394398E+000  0.250041795403557E+000 -0.131028262406404E+000 -0.145772519586584E+003 -0.145772519586584E+003
  0.198048971186404E+001  0.736376089403185E+000  0.631987786395006E+000  0.250601804601212E+000 -0.131028262406404E+000 -0.145772681788988E+003 -0.145772681788988E+003
  0.198203963403035E+001  0.776125473671945E+000  0.425141384182727E-001  0.246661664020409E+000 -0.131028262406404E+000 -0.145772600954245E+003 -0.145772600954245E+003
  0.198530558785448E+001  0.758704245237416E+000  0.168592955285943E+000  0.246546016942134E+000 -0.131028262406404E+000 -0.145772470455896E+003 -0.145772470455896E+003
  0.199846533126193E+001  0.766108210153607E+000  0.838689109608161E+000  0.249043584916212E+000 -0.131028262406404E+000 -0.145772712943651E+003 -0.145772712943651E+003
  0.198493127546796E+001  0.726628586863721E+000  0.906184702966109E+000  0.250249112722786E+000 -0.131028262406404E+000 -0.145772595269938E+003 -0.145772595269938E+003
  0.199954953921655E+001  0.780582536992092E+000  0.726875616244920E+000  0.244201924962156E+000 -0.131028262406404E+000 -0.145772351102363E+003 -0.145772351102363E+003
  0.197646819815827E+001  0.766415088084965E+000  0.910303151915600E+000  0.247117300905190E+000 -0.131028262406404E+000 -0.145772684447903E+003 -0.145772684447903E+003
  0.199515874155011E+001  0.697890959426968E+000  0.313333403174065E+000  0.250930253934753E+000 -0.131028262406404E+000 -0.145772647371936E+003 -0.145772647371936E+003
  0.199364318131526E+001  0.740536280502318E+000  0.885319951700914E+000  0.249304710180423E+000 -0.131028262406404E+000 -0.145772462227011E+003 -0.145772462227011E+003
  0.198721763671361E+001  0.780287724981785E+000  0.589608503440306E-001  0.245712660070824E+000 -0.131028262406404E+000 -0.145772542476170E+003 -0.145772542476170E+003
  0.199762649514383E+001  0.707140719497705E+000  0.379930575627714E+000  0.244629785046507E+000 -0.131028262406404E+000 -0.145772478889529E+003 -0.145772478889529E+003
  0.199016496573801E+001  0.705771202984123E+000  0.189818138009187E+000  0.249649370210585E+000 -0.131028262406404E+000 -0.145772529047046E+003 -0.145772529047046E+003
  0.199966734540462E+001  0.772870166993219E+000  0.923684964830082E+000  0.247026219588915E+000 -0.131028262406404E+000 -0.145772445690522E+003 -0.145772445690522E+003
  0.199974972946125E+001  0.750942374011618E+000  0.932997319781291E+000  0.249868034168412E+000 -0.131028262406404E+000 -0.145772719856050E+003 -0.145772719856050E+003
  0.199376993340507E+001  0.784048367189821E+000  0.595043594195916E+000  0.243802527686685E+000 -0.131028262406404E+000 -0.145772513652678E+003 -0.145772513652678E+003
  0.198124974446562E+001  0.741185807805761E+000  0.756523074245102E+000  0.250305950689812E+000 -0.131028262406404E+000 -0.145772651286730E+003 -0.145772651286730E+003
  0.199157231055092E+001  0.787896471773382E+000  0.726792534127758E+000  0.246202482982759E+000 -0.131028262406404E+000 -0.145772565209158E+003 -0.145772565209158E+003
  0.197924912772943E+001  0.779340810129999E+000  0.607402731437129E+000  0.248006815808041E+000 -0.131028262406404E+000 -0.145772687004788E+003 -0.145772687004788E+003
  0.199123606937935E+001  0.777054734931303E+000  0.718058676424914E-001  0.242699462793785E+000 -0.131028262406404E+000 -0.145772703197139E+003 -0.145772703197139E+003
  0.199766273210319E+001  0.692189669412827E+000  0.523435913115834E+000  0.251076536537108E+000 -0.131028262406404E+000 -0.145772675314502E+003 -0.145772675314502E+003
  0.199655281491551E+001  0.727018020900639E+000  0.541000259847987E+000  0.249670203896592E+000 -0.131028262406404E+000 -0.145772450940078E+003 -0.145772450940078E+003
  0.199663179766308E+001  0.780377478894612E+000  0.676055102796553E-001  0.247748102122006E+000 -0.131028262406404E+000 -0.145772646109653E+003 -0.145772646109653E+003
  0.198760672335370E+001  0.749183670150637E+000  0.658874237089134E+000  0.246696040845421E+000 -0.131028262406404E+000 -0.145772401384841E+003 -0.145772401384841E+003
  0.197626565453340E+001  0.746216094495295E+000  0.140004931245300E+000  0.248006384786840E+000 -0.131028262406404E+000 -0.145772665263784E+003 -0.145772665263784E+003
  0.199799233808928E+001  0.787337899105973E+000  0.415379704536108E+000  0.244174898755093E+000 -0.131028262406404E+000 -0.145772439915797E+003 -0.145772439915797E+003
  0.199475107780096E+001  0.756079715511959E+000  0.708020603628892E+000  0.245183967640332E+000 -0.131028262406404E+000 -0.145772285985190E+003 -0.145772285985190E+003
  0.199574594908129E+001  0.726437295913364E+000  0.622719505419318E+000  0.246932168082925E+000 -0.131028262406404E+000 -0.145772230930974E+003 -0.145772230930974E+003
  0.198407898748045E+001  0.765387149956477E+000  0.815461757253868E+000  0.248786921436808E+000 -0.131028262406404E+000 -0.145772595503153E+003 -0.145772595503153E+003
  0.197650380383667E+001  0.749025916661741E+000  0.427844681799202E+000  0.247373115558526E+000 -0.131028262406404E+000 -0.145772686070164E+003 -0.145772686070164E+003
  0.199094827829870E+001  0.712855806847650E+000  0.449467456343382E+000  0.249572971033257E+000 -0.131028262406404E+000 -0.145772478153820E+003 -0.145772478153820E+003
  0.199688855448821E+001  0.677129212310334E+000  0.816325771556497E+000  0.248152318574749E+000 -0.131028262406404E+000 -0.145772606496146E+003 -0.145772606496146E+003
  0.198912951757125E+001  0.789821353572236E+000  0.671147511783381E-001  0.245733649858518E+000 -0.131028262406404E+000 -0.145772593112320E+003 -0.145772593112320E+003
  0.199117116262355E+001  0.732720711151334E+000  0.615906589571801E+000  0.247172107230981E+000 -0.131028262406404E+000 -0.145772323644837E+003 -0.145772323644837E+003
  0.198053000731236E+001  0.725014275673536E+000  0.196351255563060E+000  0.247611204671936E+000 -0.131028262406404E+000 -0.145772668176961E+003 -0.145772668176961E+003
  0.198658859968127E+001  0.691949134689446E+000  0.948470087611903E+000  0.249310003332820E+000 -0.131028262406404E+000 -0.145772734852141E+003 -0.145772734852141E+003
  0.199465657067366E+001  0.784679483357291E+000  0.141835716885083E+000  0.244557684507846E+000 -0.131028262406404E+000 -0.145772463946374E+003 -0.145772463946374E+003
  0.199647585704840E+001  0.713849205432237E+000  0.464516041208606E+000  0.250884587219942E+000 -0.131028262406404E+000 -0.145772631272851E+003 -0.145772631272851E+003
  0.197744442131481E+001  0.747755705455382E+000  0.997954338736973E+000  0.247277910624219E+000 -0.131028262406404E+000 -0.145772666519545E+003 -0.145772666519545E+003
  0.199757904853411E+001  0.770189549025226E+000  0.182582732931132E+000  0.247370625333936E+000 -0.131028262406404E+000 -0.145772454126951E+003 -0.145772454126951E+003
  0.199400558707534E+001  0.745696118208951E+000  0.444651896923090E+000  0.242487039385706E+000 -0.131028262406404E+000 -0.145772701283563E+003 -0.145772701283563E+003
  0.198357725875511E+001  0.715890058074624E+000  0.479504001322034E+000  0.248874368213701E+000 -0.131028262406404E+000 -0.145772590662087E+003 -0.145772590662087E+003
  0.199014784473075E+001  0.784437495075024E+000  0.556304019660901E+000  0.243413198570647E+000 -0.131028262406404E+000 -0.145772657426337E+003 -0.145772657426337E+003
  0.197388352924888E+001  0.765411300813704E+000  0.547403567046769E+000  0.248517568713290E+000 -0.131028262406404E+000 -0.145772710349930E+003 -0.145772710349930E+003
  0.197901249882814E+001  0.752873816641147E+000  0.377641603692723E-001  0.250041791594355E+000 -0.131028262406404E+000 -0.145772680229074E+003 -0.145772680229074E+003
  0.199606965834640E+001  0.754561391879947E+000  0.488148617952530E+000  0.246237181919774E+000 -0.131028262406404E+000 -0.145772244759199E+003 -0.145772244759199E+003
  0.199114990047152E+001  0.731608250587711E+000  0.364082360695454E-001  0.244140695123956E+000 -0.131028262406404E+000 -0.145772611591702E+003 -0.145772611591702E+003
  0.198568817424310E+001  0.699809685763327E+000  0.594805931791658E+000  0.250492855887088E+000 -0.131028262406404E+000 -0.145772716093517E+003 -0.145772716093517E+003
  0.198628574468260E+001  0.712689081773452E+000  0.241670040841860E+000  0.246433095282669E+000 -0.131028262406404E+000 -0.145772678330138E+003 -0.145772678330138E+003
  0.199579855715762E+001  0.773486593420592E+000  0.705694845398462E+000  0.242157999966811E+000 -0.131028262406404E+000 -0.145772613107185E+003 -0.145772613107185E+003
  0.198651355495541E+001  0.780711045189339E+000  0.843058282613868E+000  0.245520792646103E+000 -0.131028262406404E+000 -0.145772565099550E+003 -0.145772565099550E+003
  0.199268453915118E+001  0.748038402945689E+000  0.375902964818411E+000  0.248208841117604E+000 -0.131028262406404E+000 -0.145772371940392E+003 -0.145772371940392E+003
  0.198837989136543E+001  0.728867470446620E+000  0.367768420316199E+000  0.245026190966658E+000 -0.131028262406404E+000 -0.145772614663002E+003 -0.145772614663002E+003
  0.198053496805416E+001  0.740593885196268E+000  0.403297879598886E+000  0.246351413549957E+000 -0.131028262406404E+000 -0.145772677574837E+003 -0.145772677574837E+003
  0.198839525587493E+001  0.789394389569404E+000  0.903697436581232E+000  0.246624078124246E+000 -0.131028262406404E+000 -0.145772629361567E+003 -0.145772629361567E+003
  0.198926308920581E+001  0.744012179042214E+000  0.520112631444756E+000  0.243717986607621E+000 -0.131028262406404E+000 -0.145772685968185E+003 -0.145772685968185E+003
  0.199639098204340E+001  0.685251593193777E+000  0.909220966305075E-001  0.250474912002235E+000 -0.131028262406404E+000 -0.145772638478021E+003 -0.145772638478021E+003
  0.197988470095549E+001  0.737448107365212E+000  0.629003216968921E+000  0.246538939295163E+000 -0.131028262406404E+000 -0.145772702096217E+003 -0.145772702096217E+003
  0.198597133738065E+001  0.761449423655680E+000  0.493164121934310E+000  0.247948657628864E+000 -0.131028262406404E+000 -0.145772486908925E+003 -0.145772486908925E+003
  0.199823194170125E+001  0.710449000178333E+000  0.186206163872308E+000  0.243548049972518E+000 -0.131028262406404E+000 -0.145772599586132E+003 -0.145772599586132E+003
  0.198261833082090E+001  0.751186394933884E+000  0.706761150747563E+000  0.246590175977346E+000 -0.131028262406404E+000 -0.145772541851667E+003 -0.145772541851667E+003
  0.197791424554985E+001  0.758696274135604E+000  0.884015186168416E+000  0.248244523055856E+000 -0.131028262406404E+000 -0.145772612928291E+003 -0.145772612928291E+003
  0.199042700540926E+001  0.758264993527318E+000  0.968841585824144E+000  0.244126496703149E+000 -0.131028262406404E+000 -0.145772513713016E+003 -0.145772513713016E+003
  0.199395348022591E+001  0.803074145191363E+000  0.818686646406085E+000  0.243597031971413E+000 -0.131028262406404E+000 -0.145772692266446E+003 -0.145772692266446E+003
  0.199484256050973E+001  0.737496310822580E+000  0.377395643258508E+000  0.245499409416932E+000 -0.131028262406404E+000 -0.145772270232840E+003 -0.145772270232840E+003
  0.199561991344025E+001  0.760751321028936E+000  0.286503819390822E+000  0.244597378070733E+000 -0.131028262406404E+000 -0.145772305499159E+003 -0.145772305499159E+003
  0.198595522265772E+001  0.735464391765315E+000  0.290801628031156E+000  0.250397672154867E+000 -0.131028262406404E+000 -0.145772618304724E+003 -0.145772618304724E+003
  0.199490587774075E+001  0.784604642141388E+000  0.147168050965093E+000  0.247080379936422E+000 -0.131028262406404E+000 -0.145772597928762E+003 -0.145772597928762E+003
  0.199757739894017E+001  0.676261700619337E+000  0.240078775001246E+000  0.247909806323675E+000 -0.131028262406404E+000 -0.145772601404914E+003 -0.145772601404914E+003
  0.199774639776676E+001  0.749349129085045E+000  0.444530880510877E+000  0.245278600363820E+000 -0.131028262406404E+000 -0.145772197960065E+003 -0.145772197960065E+003
  0.199366308409418E+001  0.742259172492731E+000  0.965836749099861E+000  0.247657748664763E+000 -0.131028262406404E+000 -0.145772294897577E+003 -0.145772294897577E+003
  0.199838373184413E+001  0.709232102137519E+000  0.922629017501142E+000  0.248207396419705E+000 -0.131028262406404E+000 -0.145772269575566E+003 -0.145772269575566E+003
  0.199850889493114E+001  0.698885987672900E+000  0.350477398353209E+000  0.244310271823928E+000 -0.131028262406404E+000 -0.145772600257794E+003 -0.145772600257794E+003
  0.199966248835817E+001  0.802153290063466E+000  0.982585502781014E+000  0.243644467183519E+000 -0.131028262406404E+000 -0.145772593956049E+003 -0.145772593956049E+003
  0.199614221038099E+001  0.688247935300295E+000  0.840421432869533E+000  0.245706105829928E+000 -0.131028262406404E+000 -0.145772662337815E+003 -0.145772662337815E+003
  0.197958239052296E+001  0.756063002590858E+000  0.308763829477474E+000  0.249281506950342E+000 -0.131028262406404E+000 -0.145772620724454E+003 -0.145772620724454E+003
  0.199136216915552E+001  0.739393413255571E+000  0.839001878961253E+000  0.243881728218022E+000 -0.131028262406404E+000 -0.145772588436791E+003 -0.145772588436791E+003
  0.198752649972445E+001  0.713445085948591E+000  0.495258008377252E+000  0.245619470407605E+000 -0.131028262406404E+000 -0.145772727006426E+003 -0.145772727006426E+003
  0.198788222988558E+001  0.723798945109899E+000  0.774353049641799E+000  0.251273026383272E+000 -0.131028262406404E+000 -0.145772722439552E+003 -0.145772722439552E+003
  0.199777567658012E+001  0.794177298910604E+000  0.224838011395110E+000  0.241915101491486E+000 -0.131028262406404E+000 -0.145772666851534E+003 -0.145772666851534E+003
  0.199482451036237E+001  0.769833283788674E+000  0.173877445065057E+000  0.246315967896358E+000 -0.131028262406404E+000 -0.145772362128010E+003 -0.145772362128010E+003
  0.199156191241386E+001  0.736619684975032E+000  0.217937017159862E+000  0.245394048366721E+000 -0.131028262406404E+000 -0.145772388920919E+003 -0.145772388920919E+003
  0.199854779563659E+001  0.736105812738841E+000  0.749364051255490E+000  0.244215564462003E+000 -0.131028262406404E+000 -0.145772263360980E+003 -0.145772263360980E+003
  0.198969276839539E+001  0.725397324179628E+000  0.847731198142565E+000  0.247928429542004E+000 -0.131028262406404E+000 -0.145772380689767E+003 -0.145772380689767E+003
  0.198965882429601E+001  0.798759602960686E+000  0.304345693501713E+000  0.245481491608373E+000 -0.131028262406404E+000 -0.145772683097102E+003 -0.145772683097102E+003
  0.197767211614023E+001  0.779102389824852E+000  0.458387853455606E+000  0.246462016238260E+000 -0.131028262406404E+000 -0.145772720674549E+003 -0.145772720674549E+003
  0.199711268434885E+001  0.713472727178773E+000  0.769345848779969E+000  0.250563815858272E+000 -0.131028262406404E+000 -0.145772568451168E+003 -0.145772568451168E+003
  0.198056678434534E+001  0.718521768498824E+000  0.535828105808068E+000  0.248694067628513E+000 -0.131028262406404E+000 -0.145772662558528E+003 -0.145772662558528E+003
  0.199973038621079E+001  0.691478645633587E+000  0.492441364123446E+000  0.245038003184578E+000 -0.131028262406404E+000 -0.145772532211033E+003 -0.145772532211033E+003
  0.199044261496636E+001  0.725765010720522E+000  0.982601885806350E+000  0.246663943856546E+000 -0.131028262406404E+000 -0.145772385779746E+003 -0.145772385779746E+003
  0.199093687523195E+001  0.757441814774205E+000  0.649263746687957E-001  0.249026576652262E+000 -0.131028262406404E+000 -0.145772545573420E+003 -0.145772545573420E+003
  0.199145583472330E+001  0.706058841344780E+000  0.980723390858849E+000  0.247082689954544E+000 -0.131028262406404E+000 -0.145772483046530E+003 -0.145772483046530E+003
  0.198559901244347E+001  0.774413534951666E+000  0.324640846382619E+000  0.248990704135503E+000 -0.131028262406404E+000 -0.145772704073242E+003 -0.145772704073242E+003
  0.199367879727132E+001  0.707435364260765E+000  0.449632877686996E+000  0.251480442262600E+000 -0.131028262406404E+000 -0.145772738422170E+003 -0.145772738422170E+003
  0.199979675632801E+001  0.786495918886477E+000  0.341726859851016E+000  0.246242584102977E+000 -0.131028262406404E+000 -0.145772533707348E+003 -0.145772533707348E+003
  0.199335883393729E+001  0.767927216175698E+000  0.730743078354810E+000  0.248842843577650E+000 -0.131028262406404E+000 -0.145772639818021E+003 -0.145772639818021E+003
  0.199045120499710E+001  0.753494858496409E+000  0.460502017138509E+000  0.246208069628141E+000 -0.131028262406404E+000 -0.145772349673387E+003 -0.145772349673387E+003
  0.197456021948034E+001  0.738022374240726E+000  0.196150165397960E+000  0.249652292321054E+000 -0.131028262406404E+000 -0.145772711980094E+003 -0.145772711980094E+003
  0.199537941795764E+001  0.797028578105598E+000  0.591994942568531E+000  0.244817387341832E+000 -0.131028262406404E+000 -0.145772588037488E+003 -0.145772588037488E+003
  0.197553929584445E+001  0.759122279433319E+000  0.448448138145516E+000  0.247054877322747E+000 -0.131028262406404E+000 -0.145772716998551E+003 -0.145772716998551E+003
  0.198246161586844E+001  0.777697406000805E+000  0.682214399636988E+000  0.245160049284914E+000 -0.131028262406404E+000 -0.145772680233448E+003 -0.145772680233448E+003
  0.199661560191082E+001  0.786128598273976E+000  0.814629924547188E+000  0.242783459420858E+000 -0.131028262406404E+000 -0.145772543267073E+003 -0.145772543267073E+003
  0.199060566351439E+001  0.774780300213158E+000  0.538578302421318E+000  0.245047591540573E+000 -0.131028262406404E+000 -0.145772459908649E+003 -0.145772459908649E+003
  0.199009867973248E+001  0.775733716443421E+000  0.790521233616810E+000  0.245743597809872E+000 -0.131028262406404E+000 -0.145772458223076E+003 -0.145772458223076E+003
  0.197620839098955E+001  0.738580006893952E+000  0.752298942293592E+000  0.247607524312341E+000 -0.131028262406404E+000 -0.145772727495524E+003 -0.145772727495524E+003
  0.199508544137298E+001  0.764485689468922E+000  0.210934309072750E+000  0.243960746804345E+000 -0.131028262406404E+000 -0.145772378788395E+003 -0.145772378788395E+003
  0.198176039643606E+001  0.713338620992677E+000  0.739932261396580E+000  0.248687720206488E+000 -0.131028262406404E+000 -0.145772669498885E+003 -0.145772669498885E+003
  0.199097423620928E+001  0.741562487445564E+000  0.643295841483839E+000  0.247167042873441E+000 -0.131028262406404E+000 -0.145772320455554E+003 -0.145772320455554E+003
  0.198365221426240E+001  0.758663110927948E+000  0.212752973166464E+000  0.247568347144609E+000 -0.131028262406404E+000 -0.145772495729216E+003 -0.145772495729216E+003
  0.198933496264886E+001  0.760255602453137E+000  0.524865915139111E+000  0.249294896382406E+000 -0.131028262406404E+000 -0.145772610101401E+003 -0.145772610101401E+003
  0.198945600944917E+001  0.750262031831527E+000  0.618141315514681E+000  0.245124022303432E+000 -0.131028262406404E+000 -0.145772444718198E+003 -0.145772444718198E+003
  0.199002999378052E+001  0.764120698100865E+000  0.357034123456556E+000  0.243718816279310E+000 -0.131028262406404E+000 -0.145772580711116E+003 -0.145772580711116E+003
  0.198898753835462E+001  0.734849237450171E+000  0.126052021607033E+000  0.244050917034031E+000 -0.131028262406404E+000 -0.145772704773393E+003 -0.145772704773393E+003
  0.197521514038520E+001  0.760316906909140E+000  0.122053832001572E-001  0.247791356183702E+000 -0.131028262406404E+000 -0.145772683663033E+003 -0.145772683663033E+003
  0.199228849178803E+001  0.765981218533668E+000  0.654233806996420E+000  0.245711111659455E+000 -0.131028262406404E+000 -0.145772360842782E+003 -0.145772360842782E+003
  0.198695912710691E+001  0.752542789440045E+000  0.862656542009740E-001  0.250429854462634E+000 -0.131028262406404E+000 -0.145772726343447E+003 -0.145772726343447E+003
  0.198268238499108E+001  0.735526605758255E+000  0.390908644736583E-001  0.248829808157861E+000 -0.131028262406404E+000 -0.145772524758594E+003 -0.145772524758594E+003
  0.197770479636663E+001  0.733754369265115E+000  0.182807685841599E+000  0.248745522495985E+000 -0.131028262406404E+000 -0.145772648886457E+003 -0.145772648886457E+003
  0.198653035181370E+001  0.759464554190036E+000  0.980378910676962E+000  0.247776159328795E+000 -0.131028262406404E+000 -0.145772460348683E+003 -0.145772460348683E+003
  0.198617264135987E+001  0.744200505624034E+000  0.134943083839975E-001  0.246773696315959E+000 -0.131028262406404E+000 -0.145772440171956E+003 -0.145772440171956E+003
  0.198588732994066E+001  0.733965107579674E+000  0.130756642616186E+000  0.250303470069160E+000 -0.131028262406404E+000 -0.145772601557519E+003 -0.145772601557519E+003
  0.199017131326854E+001  0.737316242748525E+000  0.619679445481397E+000  0.243717684730609E+000 -0.131028262406404E+000 -0.145772691621488E+003 -0.145772691621488E+003
  0.199866584140454E+001  0.747066546417023E+000  0.802578130254083E+000  0.241785054234395E+000 -0.131028262406404E+000 -0.145772618787593E+003 -0.145772618787593E+003
  0.199639529597235E+001  0.684700106148369E+000  0.900535217068849E+000  0.250125071220166E+000 -0.131028262406404E+000 -0.145772605202820E+003 -0.145772605202820E+003
  0.198910424538536E+001  0.762000943703932E+000  0.377142664347897E+000  0.246437433114395E+000 -0.131028262406404E+000 -0.145772399155333E+003 -0.145772399155333E+003
  0.198988674469827E+001  0.769305645252787E+000  0.742186415186862E+000  0.243495537850798E+000 -0.131028262406404E+000 -0.145772619071892E+003 -0.145772619071892E+003
  0.199801413534252E+001  0.780340824207552E+000  0.447990650768933E+000  0.246707289250035E+000 -0.131028262406404E+000 -0.145772498935242E+003 -0.145772498935242E+003
  0.199779353480615E+001  0.774370234108257E+000  0.154118027494090E+000  0.241209198279240E+000 -0.131028262406404E+000 -0.145772716399007E+003 -0.145772716399007E+003
  0.198348926696961E+001  0.735384626927723E+000  0.191082159812351E+000  0.246839083744892E+000 -0.131028262406404E+000 -0.145772551340863E+003 -0.145772551340863E+003
  0.197606164076841E+001  0.732461022718287E+000  0.927911067777477E+000  0.250415550462312E+000 -0.131028262406404E+000 -0.145772726192644E+003 -0.145772726192644E+003
  0.199892583086673E+001  0.775479530776433E+000  0.326284800195694E+000  0.247858395914178E+000 -0.131028262406404E+000 -0.145772612575891E+003 -0.145772612575891E+003
  0.198927100226724E+001  0.703945348799228E+000  0.871210729478049E+000  0.250994020431467E+000 -0.131028262406404E+000 -0.145772686335755E+003 -0.145772686335755E+003
  0.199212124659959E+001  0.702231921511361E+000  0.590981842544755E+000  0.246884798144542E+000 -0.131028262406404E+000 -0.145772513857865E+003 -0.145772513857865E+003
  0.199246769619208E+001  0.790454184134155E+000  0.223772350650637E-001  0.245002730200320E+000 -0.131028262406404E+000 -0.145772548946207E+003 -0.145772548946207E+003
  0.199352586466494E+001  0.783993913448259E+000  0.746917321481981E+000  0.243547338051712E+000 -0.131028262406404E+000 -0.145772540668244E+003 -0.145772540668244E+003
  0.197834582236184E+001  0.729591902704416E+000  0.357462922246089E+000  0.247631088474508E+000 -0.131028262406404E+000 -0.145772710285742E+003 -0.145772710285742E+003
  0.199447841956052E+001  0.793379885919295E+000  0.670760415654003E+000  0.246806785896702E+000 -0.131028262406404E+000 -0.145772692738916E+003 -0.145772692738916E+003
  0.199364607285672E+001  0.736490702479752E+000  0.740413238590454E+000  0.249746160680651E+000 -0.131028262406404E+000 -0.145772509053882E+003 -0.145772509053882E+003
  0.199648895670125E+001  0.740680114607213E+000  0.901475523868931E+000  0.246626828516225E+000 -0.131028262406404E+000 -0.145772205208875E+003 -0.145772205208875E+003
  0.199682366364644E+001  0.785026715042280E+000  0.430833939831687E+000  0.246793601484405E+000 -0.131028262406404E+000 -0.145772572658522E+003 -0.145772572658522E+003
  0.199183113059843E+001  0.757024901588479E+000  0.929689687017670E+000  0.248250637998032E+000 -0.131028262406404E+000 -0.145772438982326E+003 -0.145772438982326E+003
  0.198674668326587E+001  0.695461123506036E+000  0.275625240187248E+000  0.248407931460627E+000 -0.131028262406404E+000 -0.145772707146176E+003 -0.145772707146176E+003
  0.199920637303276E+001  0.726231284609937E+000  0.574111785879514E+000  0.247853791692608E+000 -0.131028262406404E+000 -0.145772209064173E+003 -0.145772209064173E+003
  0.199710832979565E+001  0.760840064148449E+000  0.424942662373870E+000  0.242040676174319E+000 -0.131028262406404E+000 -0.145772584924383E+003 -0.145772584924383E+003
  0.199601533526027E+001  0.729018757533019E+000  0.806637952164402E+000  0.248764085051125E+000 -0.131028262406404E+000 -0.145772333443934E+003 -0.145772333443934E+003
  0.198311699648947E+001  0.739771935342483E+000  0.212508109645819E+000  0.245946888005824E+000 -0.131028262406404E+000 -0.145772628754147E+003 -0.145772628754147E+003
  0.198932210529038E+001  0.774381342365904E+000  0.682937891805392E+000  0.243382254554382E+000 -0.131028262406404E+000 -0.145772661731368E+003 -0.145772661731368E+003
  0.199359216297636E+001  0.694282966575303E+000  0.188408082482011E+000  0.248670951807059E+000 -0.131028262406404E+000 -0.145772497153831E+003 -0.145772497153831E+003
  0.199757786609619E+001  0.766611897878707E+000  0.719617669767581E+000  0.249029438324090E+000 -0.131028262406404E+000 -0.145772704609653E+003 -0.145772704609653E+003
  0.199964179447731E+001  0.781515951866941E+000  0.588378911315205E+000  0.243873695961526E+000 -0.131028262406404E+000 -0.145772364233151E+003 -0.145772364233151E+003
  0.199484457935383E+001  0.789400639651097E+000  0.354571372295397E+000  0.241913569088039E+000 -0.131028262406404E+000 -0.145772737630860E+003 -0.145772737630860E+003
  0.199154312178497E+001  0.781579982781999E+000  0.359064027148836E-002  0.245307980087391E+000 -0.131028262406404E+000 -0.145772480335429E+003 -0.145772480335429E+003
  0.198428402089408E+001  0.741436710280350E+000  0.257370366533131E+000  0.246020255511453E+000 -0.131028262406404E+000 -0.145772566475761E+003 -0.145772566475761E+003
  0.198825961811953E+001  0.734604363464889E+000  0.362512793197737E+000  0.245979957913086E+000 -0.131028262406404E+000 -0.145772460925740E+003 -0.145772460925740E+003
  0.199356321737798E+001  0.775195658029258E+000  0.228124987200069E+000  0.246711524767944E+000 -0.131028262406404E+000 -0.145772447325376E+003 -0.145772447325376E+003
  0.199878778034197E+001  0.680946466758286E+000  0.770488154339153E+000  0.250265186314329E+000 -0.131028262406404E+000 -0.145772611791769E+003 -0.145772611791769E+003
  0.199608053241763E+001  0.677106250362408E+000  0.891094401637854E+000  0.247727302765405E+000 -0.131028262406404E+000 -0.145772652733391E+003 -0.145772652733391E+003
  0.198307407174637E+001  0.726063155797231E+000  0.829670978659644E+000  0.249260876134881E+000 -0.131028262406404E+000 -0.145772555067446E+003 -0.145772555067446E+003
  0.198163804373818E+001  0.773503876987125E+000  0.489924838896808E+000  0.249245338456318E+000 -0.131028262406404E+000 -0.145772726328472E+003 -0.145772726328472E+003
  0.199620027943233E+001  0.686184205317257E+000  0.568086537077515E-001  0.245627873818030E+000 -0.131028262406404E+000 -0.145772705659017E+003 -0.145772705659017E+003
  0.199471127134378E+001  0.744374776654990E+000  0.826558950254157E+000  0.247737707270208E+000 -0.131028262406404E+000 -0.145772295859706E+003 -0.145772295859706E+003
  0.197611159384835E+001  0.777518550903203E+000  0.610961724976105E+000  0.248100523298426E+000 -0.131028262406404E+000 -0.145772718897141E+003 -0.145772718897141E+003
  0.199924698921764E+001  0.755583617897234E+000  0.990039979501502E+000  0.242446556065647E+000 -0.131028262406404E+000 -0.145772429188876E+003 -0.145772429188876E+003
  0.197573925778080E+001  0.765253353343970E+000  0.843672652803625E+000  0.247539360805251E+000 -0.131028262406404E+000 -0.145772683345462E+003 -0.145772683345462E+003
  0.199070182041084E+001  0.729019209139737E+000  0.795082927052467E+000  0.249136922015017E+000 -0.131028262406404E+000 -0.145772421525705E+003 -0.145772421525705E+003
  0.199373978545906E+001  0.692143698552821E+000  0.986393903316269E+000  0.247841030068153E+000 -0.131028262406404E+000 -0.145772522334951E+003 -0.145772522334951E+003
  0.198941926504261E+001  0.687858400726364E+000  0.190203821059659E+000  0.249244015781251E+000 -0.131028262406404E+000 -0.145772697063648E+003 -0.145772697063648E+003
  0.199455779277430E+001  0.754483083842366E+000  0.306046652533023E+000  0.248840490843816E+000 -0.131028262406404E+000 -0.145772497160226E+003 -0.145772497160226E+003
  0.199189207917050E+001  0.791456478290001E+000  0.359990859390845E+000  0.245190926152796E+000 -0.131028262406404E+000 -0.145772568148110E+003 -0.145772568148110E+003
  0.198051964365394E+001  0.769435350991276E+000  0.838759473408164E-001  0.247181797430872E+000 -0.131028262406404E+000 -0.145772593503548E+003 -0.145772593503548E+003
  0.199281055855230E+001  0.696925020051887E+000  0.847259010443513E+000  0.247203491350007E+000 -0.131028262406404E+000 -0.145772528357338E+003 -0.145772528357338E+003
  0.199599320239779E+001  0.774180093423974E+000  0.637512447477020E-001  0.244454360951639E+000 -0.131028262406404E+000 -0.145772362920508E+003 -0.145772362920508E+003
  0.199398500816300E+001  0.677764467023798E+000  0.270303387493168E+000  0.249715550079576E+000 -0.131028262406404E+000 -0.145772704303215E+003 -0.145772704303215E+003
  0.199919988827084E+001  0.734323628911387E+000  0.100065902882937E+000  0.247029849236425E+000 -0.131028262406404E+000 -0.145772165437100E+003 -0.145772165437100E+003
  0.198848016454051E+001  0.764712330911696E+000  0.170131163473663E+000  0.249238771283766E+000 -0.131028262406404E+000 -0.145772643430125E+003 -0.145772643430125E+003
  0.199076446644257E+001  0.704804578753679E+000  0.285167672575113E+000  0.248285996082146E+000 -0.131028262406404E+000 -0.145772477203298E+003 -0.145772477203298E+003
  0.197525382071591E+001  0.740521679125984E+000  0.571912540191555E+000  0.249716343380489E+000 -0.131028262406404E+000 -0.145772692980056E+003 -0.145772692980056E+003
  0.198761465249889E+001  0.728088757734145E+000  0.369015624606570E+000  0.248430701442459E+000 -0.131028262406404E+000 -0.145772428147365E+003 -0.145772428147365E+003
  0.199514374200095E+001  0.727643295698201E+000  0.950055749661213E+000  0.250583486655344E+000 -0.131028262406404E+000 -0.145772620150445E+003 -0.145772620150445E+003
  0.198638410996143E+001  0.718887665037152E+000  0.441741948003273E+000  0.248674154433006E+000 -0.131028262406404E+000 -0.145772497352518E+003 -0.145772497352518E+003
  0.199446865670931E+001  0.789659166843858E+000  0.156478653718244E+000  0.246008170860186E+000 -0.131028262406404E+000 -0.145772558357323E+003 -0.145772558357323E+003
  0.199898535384592E+001  0.699721417654509E+000  0.430429502450623E+000  0.247188456797877E+000 -0.131028262406404E+000 -0.145772291752900E+003 -0.145772291752900E+003
  0.199997970760573E+001  0.759291676442074E+000  0.407066227315273E+000  0.248409905982405E+000 -0.131028262406404E+000 -0.145772504148871E+003 -0.145772504148871E+003
  0.198602875878915E+001  0.719034686883763E+000  0.536638442411994E+000  0.247198402180230E+000 -0.131028262406404E+000 -0.145772549135617E+003 -0.145772549135617E+003
  0.199984298629665E+001  0.732843742574691E+000  0.441987168693187E+000  0.244720313450319E+000 -0.131028262406404E+000 -0.145772183009307E+003 -0.145772183009307E+003
  0.199406083370067E+001  0.711307250763379E+000  0.563731618012896E-001  0.248016085229949E+000 -0.131028262406404E+000 -0.145772342822797E+003 -0.145772342822797E+003
  0.199964347661680E+001  0.726269164935113E+000  0.895389742001841E+000  0.246168275452679E+000 -0.131028262406404E+000 -0.145772142198588E+003 -0.145772142198588E+003
  0.198690378805435E+001  0.731590408979060E+000  0.471058233330106E+000  0.249727705495504E+000 -0.131028262406404E+000 -0.145772521764394E+003 -0.145772521764394E+003
  0.198795368544251E+001  0.729739052882859E+000  0.877428041256156E+000  0.244437787306872E+000 -0.131028262406404E+000 -0.145772728848422E+003 -0.145772728848422E+003
  0.197712736092253E+001  0.747178188236473E+000  0.192766311378148E+000  0.249827168317325E+000 -0.131028262406404E+000 -0.145772665465622E+003 -0.145772665465622E+003
  0.199664593600666E+001  0.746787680373189E+000  0.817567754734201E+000  0.248553712150114E+000 -0.131028262406404E+000 -0.145772391144583E+003 -0.145772391144583E+003
  0.199282750372972E+001  0.774674086525088E+000  0.676403259749270E+000  0.247940980578557E+000 -0.131028262406404E+000 -0.145772576123530E+003 -0.145772576123530E+003
  0.199211398994293E+001  0.751053474105533E+000  0.433721014494376E+000  0.246575361397648E+000 -0.131028262406404E+000 -0.145772306516412E+003 -0.145772306516412E+003
  0.198294746982298E+001  0.777815548490140E+000  0.219831843197886E+000  0.247634909319440E+000 -0.131028262406404E+000 -0.145772616434541E+003 -0.145772616434541E+003
  0.198524725179228E+001  0.758481226664174E+000  0.951513568898652E+000  0.248910470778101E+000 -0.131028262406404E+000 -0.145772552300714E+003 -0.145772552300714E+003
  0.199594699883983E+001  0.698593548712000E+000  0.948671346815633E-001  0.249270889825027E+000 -0.131028262406404E+000 -0.145772437685797E+003 -0.145772437685797E+003
  0.198626109873407E+001  0.706312315235893E+000  0.921362262244656E+000  0.246872727231448E+000 -0.131028262406404E+000 -0.145772706575672E+003 -0.145772706575672E+003
  0.198604195095012E+001  0.736670790442392E+000  0.469284483160959E+000  0.247396238091999E+000 -0.131028262406404E+000 -0.145772440060934E+003 -0.145772440060934E+003
  0.199261082843364E+001  0.705795754594510E+000  0.230400697104222E+000  0.249791893397678E+000 -0.131028262406404E+000 -0.145772499863264E+003 -0.145772499863264E+003
  0.198602582182100E+001  0.714744348237529E+000  0.799364382409805E+000  0.246718035318460E+000 -0.131028262406404E+000 -0.145772633270169E+003 -0.145772633270169E+003
  0.199687657558787E+001  0.769326227092704E+000  0.409875770522121E+000  0.246348272026107E+000 -0.131028262406404E+000 -0.145772342132982E+003 -0.145772342132982E+003
  0.197978862063497E+001  0.725773950627403E+000  0.705308623224632E+000  0.248493036962146E+000 -0.131028262406404E+000 -0.145772639379744E+003 -0.145772639379744E+003
