  0.632643091782345E+000  0.806409475154413E+000  0.216940174768371E+000  0.499543775835285E+000 -0.131028262406404E+000 -0.148716964733396E+003 -0.148716964733396E+003 -0.148717788677402E+003
  0.638292673910356E+000  0.818912961045677E+000  0.430835423066683E+000  0.499227582165016E+000 -0.131028262406404E+000 -0.148717590882166E+003 -0.148717590882166E+003 -0.148719382724250E+003
  0.625204536864600E+000  0.771605443719657E+000  0.471386779887800E-001  0.499565488029739E+000 -0.131028262406404E+000 -0.148717603053505E+003 -0.148717603053505E+003 -0.148718742914121E+003
  0.657838531414718E+000  0.770368520644264E+000  0.347467792414961E-001  0.498746334065145E+000 -0.131028262406404E+000 -0.148716334103306E+003 -0.148716334103306E+003 -0.148718217821361E+003
  0.662862773784819E+000  0.780865679846798E+000  0.386084506471547E+000  0.499878995921725E+000 -0.131028262406404E+000 -0.148715035296475E+003 -0.148715035296475E+003 -0.148718407795988E+003
  0.642963125033208E+000  0.750199886593420E+000  0.982661118616887E-001  0.498923450919594E+000 -0.131028262406404E+000 -0.148717226936089E+003 -0.148717226936089E+003 -0.148718734681776E+003
  0.682046158014040E+000  0.723621014385464E+000  0.910371848747524E-001  0.499810433166964E+000 -0.131028262406404E+000 -0.148716052176160E+003 -0.148716052176160E+003 -0.148717785873279E+003
  0.668414133631404E+000  0.779036664074748E+000  0.136020611393943E+000  0.498921166172502E+000 -0.131028262406404E+000 -0.148716277822115E+003 -0.148716277822115E+003 -0.148719730420073E+003
  0.669953994841324E+000  0.712719932784312E+000  0.302908218299060E+000  0.498909722375456E+000 -0.131028262406404E+000 -0.148717642313484E+003 -0.148717642313484E+003 -0.148719925411448E+003
  0.650433263157776E+000  0.762112490879456E+000  0.394056271553560E+000  0.499956981587490E+000 -0.131028262406404E+000 -0.148715171877691E+003 -0.148715171877691E+003 -0.148724355595191E+003
  0.678350963563220E+000  0.771971881727107E+000  0.122940401238289E+000  0.498697829612053E+000 -0.131028262406404E+000 -0.148716759434211E+003 -0.148716759434211E+003 -0.148719816285320E+003
  0.672140215630568E+000  0.726972062050259E+000  0.147968121512532E+000  0.499833215782549E+000 -0.131028262406404E+000 -0.148715829109248E+003 -0.148715829109248E+003 -0.148718342439763E+003
  0.678956893705757E+000  0.769677404269064E+000  0.228955567734791E+000  0.497939393158063E+000 -0.131028262406404E+000 -0.148717649915733E+003 -0.148717649915733E+003 -0.148718742914121E+003
  0.685043052571925E+000  0.759630770310927E+000  0.457115803229033E+000  0.498533068937092E+000 -0.131028262406404E+000 -0.148717094723300E+003 -0.148717094723300E+003 -0.148720199804112E+003
  0.677017779636219E+000  0.739709049157338E+000  0.425700252401590E-001  0.497846577997848E+000 -0.131028262406404E+000 -0.148717628310729E+003 -0.148717628310729E+003 -0.148717992232252E+003
  0.635236565147100E+000  0.774213759960842E+000  0.191704115543020E+000  0.499304400133291E+000 -0.131028262406404E+000 -0.148716818655699E+003 -0.148716818655699E+003 -0.148718384444254E+003
  0.679291569751491E+000  0.801501833487469E+000  0.784732237759079E-001  0.499085821514504E+000 -0.131028262406404E+000 -0.148717680670811E+003 -0.148717680670811E+003 -0.148722536787259E+003
  0.696105907147843E+000  0.762686997868008E+000  0.185222946165684E+000  0.499452735197841E+000 -0.131028262406404E+000 -0.148716984169428E+003 -0.148716984169428E+003 -0.148720499834030E+003
  0.639642261960680E+000  0.756406200651092E+000  0.254241691183633E+000  0.499012043846834E+000 -0.131028262406404E+000 -0.148717190161988E+003 -0.148717190161988E+003 -0.148718881561398E+003
  0.709402376498176E+000  0.729649259378307E+000  0.188087200376045E+000  0.499968777184701E+000 -0.131028262406404E+000 -0.148717529169482E+003 -0.148717529169482E+003 -0.148720291994718E+003
  0.658028665339003E+000  0.814411714015886E+000  0.157288647524461E+000  0.499252135353041E+000 -0.131028262406404E+000 -0.148717156138973E+003 -0.148717156138973E+003 -0.148744732723801E+003
  0.668103833537007E+000  0.723078478833453E+000  0.422466602586181E+000  0.499453354578793E+000 -0.131028262406404E+000 -0.148716503944545E+003 -0.148716503944545E+003 -0.148718143118728E+003
  0.659596224157374E+000  0.727647654061054E+000  0.634817758972500E-001  0.498799979774931E+000 -0.131028262406404E+000 -0.148717291804943E+003 -0.148717291804943E+003 -0.148717951922263E+003
  0.663308862714914E+000  0.736403858497100E+000  0.170451352369840E+000  0.498015642693210E+000 -0.131028262406404E+000 -0.148717630209870E+003 -0.148717630209870E+003 -0.148717885916560E+003
  0.672514091067641E+000  0.788568840599615E+000  0.216260369313726E+000  0.498549703351458E+000 -0.131028262406404E+000 -0.148717209586042E+003 -0.148717209586042E+003 -0.148718047685647E+003
  0.638705958882659E+000  0.781226070415896E+000  0.374376162819697E-001  0.499187327070362E+000 -0.131028262406404E+000 -0.148716644521601E+003 -0.148716644521601E+003 -0.148718258836345E+003
  0.678302715898164E+000  0.748916650643922E+000  0.226935800030394E+000  0.497794761321865E+000 -0.131028262406404E+000 -0.148717603918430E+003 -0.148717603918430E+003 -0.148718471738922E+003
  0.675472129033357E+000  0.765308123305775E+000  0.162249307925288E+000  0.498439802741254E+000 -0.131028262406404E+000 -0.148716820445327E+003 -0.148716820445327E+003 -0.148720209962616E+003
  0.668053401225068E+000  0.723446844461702E+000  0.146924486974097E+000  0.499513941669690E+000 -0.131028262406404E+000 -0.148716420074302E+003 -0.148716420074302E+003 -0.148718052224724E+003
  0.668924683732904E+000  0.764949132252124E+000  0.143757615401680E+000  0.499593935346598E+000 -0.131028262406404E+000 -0.148715276069444E+003 -0.148715276069444E+003 -0.148733094226613E+003
  0.671136284014306E+000  0.739399206577150E+000  0.230164282495430E+000  0.498516025774206E+000 -0.131028262406404E+000 -0.148716840902627E+003 -0.148716840902627E+003 -0.148718862895318E+003
  0.663198017981769E+000  0.759338454320170E+000  0.251227899480776E+000  0.497612144095014E+000 -0.131028262406404E+000 -0.148717636892618E+003 -0.148717636892618E+003 -0.148718922115048E+003
  0.648415260199550E+000  0.767690732328448E+000  0.385682916445267E+000  0.499737419228957E+000 -0.131028262406404E+000 -0.148715453900711E+003 -0.148715453900711E+003 -0.148726468053330E+003
  0.673192957129579E+000  0.743504128551783E+000  0.745385228100797E-002  0.499799581492340E+000 -0.131028262406404E+000 -0.148715296791073E+003 -0.148715296791073E+003 -0.148717885916560E+003
  0.655363895898271E+000  0.814850116715079E+000  0.196694898834655E+000  0.499191868341784E+000 -0.131028262406404E+000 -0.148717210674542E+003 -0.148717210674542E+003 -0.148718984189750E+003
  0.695719276019349E+000  0.735097734681402E+000  0.240625696461400E+000  0.499523721721712E+000 -0.131028262406404E+000 -0.148716679680080E+003 -0.148716679680080E+003 -0.148720848330314E+003
  0.661242616261644E+000  0.775440984516465E+000  0.134815375350817E+000  0.497909546646422E+000 -0.131028262406404E+000 -0.148717375943612E+003 -0.148717375943612E+003 -0.148718407795988E+003
  0.650481304164362E+000  0.783968970108494E+000  0.650255708013839E-001  0.498446173266902E+000 -0.131028262406404E+000 -0.148717011314214E+003 -0.148717011314214E+003 -0.148721654245341E+003
  0.639037127198994E+000  0.812018759946563E+000  0.328976335106677E+000  0.499546016777353E+000 -0.131028262406404E+000 -0.148716805589916E+003 -0.148716805589916E+003 -0.148719382724250E+003
  0.676416055099866E+000  0.764524484003076E+000  0.364887816263156E+000  0.497789417459245E+000 -0.131028262406404E+000 -0.148717620866586E+003 -0.148717620866586E+003 -0.148719323500849E+003
  0.681532791221157E+000  0.742646827376298E+000  0.373410928552297E+000  0.498911479796170E+000 -0.131028262406404E+000 -0.148716493883314E+003 -0.148716493883314E+003 -0.148729942340544E+003
  0.673354786224247E+000  0.725451089999550E+000  0.389585287112582E+000  0.498968476902538E+000 -0.131028262406404E+000 -0.148716825688989E+003 -0.148716825688989E+003 -0.148722909712896E+003
  0.658277750655053E+000  0.776266617469607E+000  0.319217110540730E+000  0.499212855551572E+000 -0.131028262406404E+000 -0.148715793619314E+003 -0.148715793619314E+003 -0.148719622920159E+003
  0.657240859046637E+000  0.802649610809634E+000  0.443741417187205E+000  0.498724498789393E+000 -0.131028262406404E+000 -0.148717179595570E+003 -0.148717179595570E+003 -0.148724603779162E+003
  0.653534534566930E+000  0.802153622422230E+000  0.120827558190364E+000  0.499345182967290E+000 -0.131028262406404E+000 -0.148716332970262E+003 -0.148716332970262E+003 -0.148719153111802E+003
  0.645644531579055E+000  0.816605591167133E+000  0.322911834390021E+000  0.499798574574904E+000 -0.131028262406404E+000 -0.148716498666034E+003 -0.148716498666034E+003 -0.148717729006244E+003
  0.695230850328258E+000  0.702533505518697E+000  0.300681411165653E+000  0.499627463789835E+000 -0.131028262406404E+000 -0.148717682609031E+003 -0.148717682609031E+003 -0.148718217821361E+003
  0.664235797563787E+000  0.786075065735926E+000  0.266539384086755E+000  0.497961458130294E+000 -0.131028262406404E+000 -0.148717587929277E+003 -0.148717587929277E+003 -0.148718073501185E+003
  0.671723901601594E+000  0.772801467330689E+000  0.191059750383062E+000  0.499288187480785E+000 -0.131028262406404E+000 -0.148715790392268E+003 -0.148715790392268E+003 -0.148718591098494E+003
  0.662207383465330E+000  0.788407437882144E+000  0.452604784516229E+000  0.499899918734200E+000 -0.131028262406404E+000 -0.148715184257928E+003 -0.148715184257928E+003 -0.148718828277740E+003
  0.685262248000085E+000  0.768543668521642E+000  0.425708738483352E+000  0.499888887741439E+000 -0.131028262406404E+000 -0.148715679440938E+003 -0.148715679440938E+003 -0.148727340285053E+003
  0.647407269139003E+000  0.755383752648219E+000  0.455470376730681E+000  0.498757127080341E+000 -0.131028262406404E+000 -0.148716929044115E+003 -0.148716929044115E+003 -0.148722258136574E+003
  0.641705359138535E+000  0.774761766355472E+000  0.329983549880656E+000  0.499304305460232E+000 -0.131028262406404E+000 -0.148716313619089E+003 -0.148716313619089E+003 -0.148718157579393E+003
  0.690604292638190E+000  0.755847834454513E+000  0.279603548811797E+000  0.498466160825978E+000 -0.131028262406404E+000 -0.148717498770828E+003 -0.148717498770828E+003 -0.148719771124477E+003
  0.703952169786636E+000  0.755814010841716E+000  0.235941284079047E+000  0.499941506042355E+000 -0.131028262406404E+000 -0.148717124424455E+003 -0.148717124424455E+003 -0.148720231605850E+003
  0.655150871308471E+000  0.721008579026959E+000  0.426523174537814E-001  0.499567195634638E+000 -0.131028262406404E+000 -0.148717112467203E+003 -0.148717112467203E+003 -0.148718845793772E+003
  0.677532479159988E+000  0.745922471782258E+000  0.280118165330846E+000  0.499708263177358E+000 -0.131028262406404E+000 -0.148715428495036E+003 -0.148715428495036E+003 -0.148723094649782E+003
  0.644310322019727E+000  0.813410290644540E+000  0.225869192003393E+000  0.498952275981867E+000 -0.131028262406404E+000 -0.148717492605289E+003 -0.148717492605289E+003 -0.148718862895318E+003
  0.653245246791791E+000  0.749066570059268E+000  0.438711062621481E+000  0.499587359721460E+000 -0.131028262406404E+000 -0.148715799137765E+003 -0.148715799137765E+003 -0.148718747670321E+003
  0.655785016666959E+000  0.735782574701922E+000  0.177497727814044E+000  0.499026796640914E+000 -0.131028262406404E+000 -0.148716831305990E+003 -0.148716831305990E+003 -0.148722920957887E+003
  0.660154657032110E+000  0.801333771266144E+000  0.255848319864979E+000  0.498935152535976E+000 -0.131028262406404E+000 -0.148716884444915E+003 -0.148716884444915E+003 -0.148718007219428E+003
  0.688870098961004E+000  0.707726974228624E+000  0.362651896662512E+000  0.499921772443907E+000 -0.131028262406404E+000 -0.148716876837909E+003 -0.148716876837909E+003 -0.148721674511790E+003
  0.692424658103658E+000  0.706314998593337E+000  0.209119879823965E+000  0.499945269855479E+000 -0.131028262406404E+000 -0.148717044555429E+003 -0.148717044555429E+003 -0.148718734681776E+003
  0.646101621631899E+000  0.802366987923048E+000  0.171776616848707E-001  0.499258898555851E+000 -0.131028262406404E+000 -0.148716564015353E+003 -0.148716564015353E+003 -0.148718983673998E+003
  0.680796035847370E+000  0.731648796134318E+000  0.362358006399732E+000  0.498625248693279E+000 -0.131028262406404E+000 -0.148717024916115E+003 -0.148717024916115E+003 -0.148718591098494E+003
  0.656344799796468E+000  0.816962158716592E+000  0.126059836296022E-001  0.499477972024141E+000 -0.131028262406404E+000 -0.148716982180707E+003 -0.148716982180707E+003 -0.148718079990915E+003
  0.647163555580557E+000  0.812308919726294E+000  0.145329829402025E+000  0.498845662622207E+000 -0.131028262406404E+000 -0.148717524291925E+003 -0.148717524291925E+003 -0.148717729006244E+003
  0.674949653194147E+000  0.714399677676415E+000  0.137971244916872E-002  0.499425954649812E+000 -0.131028262406404E+000 -0.148716895141998E+003 -0.148716895141998E+003 -0.148718085758322E+003
  0.629453019234993E+000  0.805245873484788E+000  0.394444969106329E+000  0.499250809665250E+000 -0.131028262406404E+000 -0.148717562188746E+003 -0.148717562188746E+003 -0.148719605420178E+003
  0.655165319315706E+000  0.764148726025037E+000  0.327200189138821E+000  0.498272685077597E+000 -0.131028262406404E+000 -0.148716989174861E+003 -0.148716989174861E+003 -0.148718591098494E+003
  0.688310283579928E+000  0.790432085684903E+000  0.289689010759510E+000  0.499783791735710E+000 -0.131028262406404E+000 -0.148716958046081E+003 -0.148716958046081E+003 -0.148722127993633E+003
  0.687385108203478E+000  0.726307549650345E+000  0.306371920913549E+000  0.498864747298796E+000 -0.131028262406404E+000 -0.148717117494510E+003 -0.148717117494510E+003 -0.148719369621409E+003
  0.676955419607783E+000  0.730403626047553E+000  0.399972861909747E+000  0.499774927374474E+000 -0.131028262406404E+000 -0.148715750652582E+003 -0.148715750652582E+003 -0.148719622920159E+003
  0.685342810045409E+000  0.780879279972284E+000  0.197930040132814E+000  0.498559714949483E+000 -0.131028262406404E+000 -0.148717700761761E+003 -0.148717700761761E+003 -0.148718591098494E+003
  0.627877991858015E+000  0.780021497175711E+000  0.458074893488458E+000  0.499788129219672E+000 -0.131028262406404E+000 -0.148716855894623E+003 -0.148716855894623E+003 -0.148721811862988E+003
  0.693051210827926E+000  0.740903466517883E+000  0.118529718305763E+000  0.498837306072178E+000 -0.131028262406404E+000 -0.148717189429991E+003 -0.148717189429991E+003 -0.148718157579393E+003
  0.675973748490596E+000  0.739923620560563E+000  0.116736746899260E+000  0.499375413730458E+000 -0.131028262406404E+000 -0.148715890113074E+003 -0.148715890113074E+003 -0.148718858453443E+003
  0.671689402028050E+000  0.746948158339579E+000  0.237057850038260E+000  0.498776486407006E+000 -0.131028262406404E+000 -0.148716382209062E+003 -0.148716382209062E+003 -0.148719494364627E+003
  0.657746648712262E+000  0.804014054461366E+000  0.953697595076813E-001  0.499884305180945E+000 -0.131028262406404E+000 -0.148715738417462E+003 -0.148715738417462E+003 -0.148718342331794E+003
  0.699653140329763E+000  0.734343941324084E+000  0.374516264946388E+000  0.499045714884217E+000 -0.131028262406404E+000 -0.148717513900681E+003 -0.148717513900681E+003 -0.148719024047035E+003
  0.644217260744611E+000  0.803891355840622E+000  0.389174362986774E+000  0.498758418577838E+000 -0.131028262406404E+000 -0.148717334471998E+003 -0.148717334471998E+003 -0.148721663111577E+003
  0.656510970894667E+000  0.813992499506314E+000  0.239880208416109E+000  0.499345735511772E+000 -0.131028262406404E+000 -0.148716972298704E+003 -0.148716972298704E+003 -0.148718095795303E+003
  0.678801643790869E+000  0.775013626438490E+000  0.776190885111523E-001  0.499444186776106E+000 -0.131028262406404E+000 -0.148715959709239E+003 -0.148715959709239E+003 -0.148719010599048E+003
  0.635540648164224E+000  0.809563993330414E+000  0.144637156317168E+000  0.499673951533966E+000 -0.131028262406404E+000 -0.148716711162639E+003 -0.148716711162639E+003 -0.148718082025466E+003
  0.668249191455812E+000  0.765857446503631E+000  0.697287221680938E-001  0.499303479807421E+000 -0.131028262406404E+000 -0.148715617867044E+003 -0.148715617867044E+003 -0.148718780879548E+003
  0.677121203773245E+000  0.739882563718896E+000  0.718751470144115E-001  0.498873780100646E+000 -0.131028262406404E+000 -0.148716471378863E+003 -0.148716471378863E+003 -0.148719035719547E+003
  0.653308024380105E+000  0.793687670270703E+000  0.376917056127299E+000  0.499794584674820E+000 -0.131028262406404E+000 -0.148715453415800E+003 -0.148715453415800E+003 -0.148718407795988E+003
  0.677324073584633E+000  0.777735116208558E+000  0.324803353567522E+000  0.498991790527401E+000 -0.131028262406404E+000 -0.148716507503609E+003 -0.148716507503609E+003 -0.148718591098494E+003
  0.666137579731407E+000  0.754355211259811E+000  0.231398093370834E+000  0.497897818741972E+000 -0.131028262406404E+000 -0.148717306685418E+003 -0.148717306685418E+003 -0.148730010889515E+003
  0.668908860910255E+000  0.722940840909134E+000  0.417239413568562E+000  0.498459983055053E+000 -0.131028262406404E+000 -0.148717566420468E+003 -0.148717566420468E+003 -0.148718243990035E+003
  0.671376089655480E+000  0.791158180533938E+000  0.305310933015033E+000  0.498450998225534E+000 -0.131028262406404E+000 -0.148717394771380E+003 -0.148717394771380E+003 -0.148723011219867E+003
  0.662454445105076E+000  0.760739633776111E+000  0.367016428674988E+000  0.499421853462253E+000 -0.131028262406404E+000 -0.148715477542611E+003 -0.148715477542611E+003 -0.148718023942178E+003
  0.684241909887767E+000  0.792763803373469E+000  0.102193314557390E+000  0.499981251075108E+000 -0.131028262406404E+000 -0.148716447152895E+003 -0.148716447152895E+003 -0.148723479743959E+003
  0.692381191119591E+000  0.749768103784876E+000  0.238695117045153E+000  0.499450497487158E+000 -0.131028262406404E+000 -0.148716453788017E+003 -0.148716453788017E+003 -0.148717951922263E+003
  0.664927001701888E+000  0.814595292180767E+000  0.324097868984212E+000  0.499300917015154E+000 -0.131028262406404E+000 -0.148717354110035E+003 -0.148717354110035E+003 -0.148822559025893E+003
  0.652006033277298E+000  0.735566827808211E+000  0.343835509326026E+000  0.498582194167181E+000 -0.131028262406404E+000 -0.148717573899603E+003 -0.148717573899603E+003 -0.148730440541320E+003
  0.638667752986073E+000  0.788767038054186E+000  0.135255174404102E+000  0.498445415876580E+000 -0.131028262406404E+000 -0.148717639616137E+003 -0.148717639616137E+003 -0.148717788677402E+003
  0.705741052988356E+000  0.743157518446860E+000  0.323664100406172E+000  0.499742382656295E+000 -0.131028262406404E+000 -0.148717357245569E+003 -0.148717357245569E+003 -0.148718384444254E+003
  0.703497169511463E+000  0.748166239244521E+000  0.135559197694140E+000  0.499392799346450E+000 -0.131028262406404E+000 -0.148717544069883E+003 -0.148717544069883E+003 -0.148719187988690E+003
  0.665663988375320E+000  0.749333325052527E+000  0.232843764849166E+000  0.498930909110234E+000 -0.131028262406404E+000 -0.148716174775629E+003 -0.148716174775629E+003 -0.148719141537743E+003
  0.662861464456549E+000  0.786859736941333E+000  0.337599770267908E+000  0.498742585787168E+000 -0.131028262406404E+000 -0.148716605856120E+003 -0.148716605856120E+003 -0.148717853565485E+003
  0.643955463290312E+000  0.750280374596820E+000  0.174668797361760E+000  0.499413891469738E+000 -0.131028262406404E+000 -0.148716564413444E+003 -0.148716564413444E+003 -0.148721997106412E+003
  0.661211713448767E+000  0.812648577643993E+000  0.403253094219915E-001  0.499762752374369E+000 -0.131028262406404E+000 -0.148716459856137E+003 -0.148716459856137E+003 -0.148720073461487E+003
  0.635061677089238E+000  0.769234071587313E+000  0.331770997073966E+000  0.499689408569466E+000 -0.131028262406404E+000 -0.148716440300234E+003 -0.148716440300234E+003 -0.148724017639708E+003
  0.649941309139476E+000  0.754604760310119E+000  0.243516032945085E+000  0.499856965790827E+000 -0.131028262406404E+000 -0.148715491057110E+003 -0.148715491057110E+003 -0.148718307697199E+003
  0.642953816764889E+000  0.773725433273795E+000  0.264701628018427E+000  0.498847150879607E+000 -0.131028262406404E+000 -0.148716808062744E+003 -0.148716808062744E+003 -0.148723524846044E+003
  0.672850867325091E+000  0.743998338953929E+000  0.213621047620836E+000  0.498171661983041E+000 -0.131028262406404E+000 -0.148717133007699E+003 -0.148717133007699E+003 -0.148722337341158E+003
  0.700154138688715E+000  0.737218073023178E+000  0.102831058842998E-001  0.499783919953786E+000 -0.131028262406404E+000 -0.148716739631837E+003 -0.148716739631837E+003 -0.148718450726237E+003
  0.650077997525513E+000  0.758414922470443E+000  0.440404121928048E+000  0.499338661702980E+000 -0.131028262406404E+000 -0.148716004332171E+003 -0.148716004332171E+003 -0.148719348287252E+003
  0.674181093311722E+000  0.702061301522964E+000  0.329487189463357E+000  0.499576970434991E+000 -0.131028262406404E+000 -0.148717587672204E+003 -0.148717587672204E+003 -0.148718134749146E+003
  0.641322392168223E+000  0.794094116604442E+000  0.121090669015080E+000  0.499541948351551E+000 -0.131028262406404E+000 -0.148716154381572E+003 -0.148716154381572E+003 -0.148731746537834E+003
  0.679460182562519E+000  0.717995459840429E+000  0.288806509448974E+000  0.499225879778403E+000 -0.131028262406404E+000 -0.148716896257423E+003 -0.148716896257423E+003 -0.148721079540938E+003
  0.635700333599082E+000  0.812067139303261E+000  0.212414819088446E+000  0.499475096260111E+000 -0.131028262406404E+000 -0.148717062351777E+003 -0.148717062351777E+003 -0.148718852409702E+003
  0.661874632041708E+000  0.728978875627286E+000  0.267430104307234E+000  0.498346979317488E+000 -0.131028262406404E+000 -0.148717623229266E+003 -0.148717623229266E+003 -0.148791963372369E+003
  0.652947679669768E+000  0.754885888957757E+000  0.384481313043344E+000  0.499535922360681E+000 -0.131028262406404E+000 -0.148715708703511E+003 -0.148715708703511E+003 -0.148717808337632E+003
  0.655703952220558E+000  0.777907704625957E+000  0.420993606563326E-001  0.499295107238381E+000 -0.131028262406404E+000 -0.148715744182429E+003 -0.148715744182429E+003 -0.148719945540027E+003
  0.652073737326067E+000  0.762190053814698E+000  0.554741908421922E-001  0.499074286874846E+000 -0.131028262406404E+000 -0.148716157730492E+003 -0.148716157730492E+003 -0.148718095795303E+003
  0.666284356651080E+000  0.813127338903842E+000  0.112185342910218E-002  0.499084746096524E+000 -0.131028262406404E+000 -0.148717603216950E+003 -0.148717603216950E+003 -0.148717977137292E+003
  0.654103716771688E+000  0.807884211810040E+000  0.274973083537238E+000  0.498966441250453E+000 -0.131028262406404E+000 -0.148717099387125E+003 -0.148717099387125E+003 -0.148718560213838E+003
  0.633541963155646E+000  0.755770377188222E+000  0.100441458014464E+000  0.499145158873715E+000 -0.131028262406404E+000 -0.148717656576666E+003 -0.148717656576666E+003 -0.148718047685647E+003
  0.684565068562454E+000  0.766977945887320E+000  0.139309707339750E+000  0.499947345992813E+000 -0.131028262406404E+000 -0.148715527705283E+003 -0.148715527705283E+003 -0.148719323500849E+003
  0.657129749869195E+000  0.816866586132637E+000  0.175767826612706E+000  0.499337062425400E+000 -0.131028262406404E+000 -0.148717181882950E+003 -0.148717181882950E+003 -0.148720001106993E+003
  0.689496657551462E+000  0.779490615975773E+000  0.674176196487429E-001  0.498914488290905E+000 -0.131028262406404E+000 -0.148717576754099E+003 -0.148717576754099E+003 -0.148719925411448E+003
  0.694749965307705E+000  0.744243405342873E+000  0.938600714322613E-001  0.499287150204451E+000 -0.131028262406404E+000 -0.148716807485305E+003 -0.148716807485305E+003 -0.148718095795303E+003
  0.650042141253102E+000  0.740866818721276E+000  0.450452193866211E-001  0.499260290959380E+000 -0.131028262406404E+000 -0.148716684349848E+003 -0.148716684349848E+003 -0.148717774805837E+003
  0.662346092690393E+000  0.768771786717634E+000  0.232805396608092E+000  0.498170808649212E+000 -0.131028262406404E+000 -0.148716978847050E+003 -0.148716978847050E+003 -0.148717710585550E+003
  0.665436356413712E+000  0.736496525663866E+000  0.212176920813853E+000  0.498042047558727E+000 -0.131028262406404E+000 -0.148717539281858E+003 -0.148717539281858E+003 -0.148718023942178E+003
  0.671223109788788E+000  0.751344934302499E+000  0.311097357132641E+000  0.498169091251653E+000 -0.131028262406404E+000 -0.148717023289963E+003 -0.148717023289963E+003 -0.148718271012458E+003
  0.653594519406334E+000  0.806584365773503E+000  0.244640877564296E+000  0.499060773928165E+000 -0.131028262406404E+000 -0.148716907842881E+003 -0.148716907842881E+003 -0.148718217821361E+003
  0.624689059950999E+000  0.793041738499446E+000  0.206832881972768E+000  0.499883546487590E+000 -0.131028262406404E+000 -0.148717010271735E+003 -0.148717010271735E+003 -0.148718052224724E+003
  0.662228261995727E+000  0.732626296536975E+000  0.454786613529038E+000  0.499740610541291E+000 -0.131028262406404E+000 -0.148715888913810E+003 -0.148715888913810E+003 -0.148718157579393E+003
  0.645047965808916E+000  0.813644813489135E+000  0.466415742401975E+000  0.498815928698564E+000 -0.131028262406404E+000 -0.148717671131185E+003 -0.148717671131185E+003 -0.148718157579393E+003
  0.660896720397305E+000  0.818508357469328E+000  0.438712824615190E+000  0.499445365879014E+000 -0.131028262406404E+000 -0.148717268414558E+003 -0.148717268414558E+003 -0.148718157579393E+003
  0.683056776529640E+000  0.729046716063285E+000  0.250630726512869E+000  0.498824053602912E+000 -0.131028262406404E+000 -0.148716939188278E+003 -0.148716939188278E+003 -0.148718143118728E+003
  0.647144542606571E+000  0.763661697977193E+000  0.284667920765185E+000  0.498480902212171E+000 -0.131028262406404E+000 -0.148717106674440E+003 -0.148717106674440E+003 -0.148718007219428E+003
  0.631187383693352E+000  0.759481785356821E+000  0.173220716047779E+000  0.499878851299705E+000 -0.131028262406404E+000 -0.148716892157386E+003 -0.148716892157386E+003 -0.148718095795303E+003
  0.666527309339927E+000  0.760523782461425E+000  0.452174881298316E+000  0.498022680621287E+000 -0.131028262406404E+000 -0.148717126920120E+003 -0.148717126920120E+003 -0.148718095795303E+003
  0.689744539296209E+000  0.717020250382051E+000  0.922238748701456E-001  0.499385459284057E+000 -0.131028262406404E+000 -0.148716993410236E+003 -0.148716993410236E+003 -0.148717903634178E+003
  0.686384165176094E+000  0.773448781633300E+000  0.274722033492338E+000  0.499571523189510E+000 -0.131028262406404E+000 -0.148716277687514E+003 -0.148716277687514E+003 -0.148717853565485E+003
  0.663237135869092E+000  0.739130970725867E+000  0.143609287727493E+000  0.498019188816888E+000 -0.131028262406404E+000 -0.148717534599080E+003 -0.148717534599080E+003 -0.148717879631524E+003
  0.643500104587103E+000  0.827331255877665E+000  0.295727729401230E+000  0.499832843959326E+000 -0.131028262406404E+000 -0.148717137045538E+003 -0.148717137045538E+003 -0.148717788677402E+003
  0.687124465384430E+000  0.749851284998095E+000  0.550194418144521E+000  0.498420317001904E+000 -0.131028262406404E+000 -0.148717268136142E+003 -0.148717268136142E+003 -0.148718108459218E+003
  0.683128657770430E+000  0.716449327006014E+000  0.676361327875925E+000  0.499947776384241E+000 -0.131028262406404E+000 -0.148716257692701E+003 -0.148716257692701E+003 -0.148717888237492E+003
  0.678209526021055E+000  0.746950537427547E+000  0.932370206203094E+000  0.499022460089074E+000 -0.131028262406404E+000 -0.148716211518740E+003 -0.148716211518740E+003 -0.148718916432307E+003
  0.634380056634027E+000  0.792504279759846E+000  0.568360935845363E+000  0.498749968366735E+000 -0.131028262406404E+000 -0.148717594021787E+003 -0.148717594021787E+003 -0.148717811810011E+003
  0.685347644441825E+000  0.771450941793165E+000  0.766553819013907E+000  0.499528578612541E+000 -0.131028262406404E+000 -0.148716188653691E+003 -0.148716188653691E+003 -0.148720631656593E+003
  0.672431713480315E+000  0.777415824414805E+000  0.559874204161155E+000  0.498010210981197E+000 -0.131028262406404E+000 -0.148717482454239E+003 -0.148717482454239E+003 -0.148721384808640E+003
  0.668777745783233E+000  0.789342743097312E+000  0.572575076143322E+000  0.498395184205009E+000 -0.131028262406404E+000 -0.148717280489331E+003 -0.148717280489331E+003 -0.148717777120498E+003
  0.630243743059266E+000  0.779185338335193E+000  0.900697611519960E+000  0.499943420837792E+000 -0.131028262406404E+000 -0.148716424487934E+003 -0.148716424487934E+003 -0.148741363651704E+003
  0.689770177620673E+000  0.763025337226149E+000  0.853782827642954E+000  0.498795357846330E+000 -0.131028262406404E+000 -0.148717183543038E+003 -0.148717183543038E+003 -0.148717861634876E+003
  0.683339847120486E+000  0.736528112864137E+000  0.782662297486329E+000  0.498155040265385E+000 -0.131028262406404E+000 -0.148717498521654E+003 -0.148717498521654E+003 -0.148717842985888E+003
  0.674499743419671E+000  0.804762611622390E+000  0.829231426281620E+000  0.499406138243347E+000 -0.131028262406404E+000 -0.148717114520540E+003 -0.148717114520540E+003 -0.148723200649319E+003
  0.693024587926344E+000  0.701813757633568E+000  0.866332470381133E+000  0.499651904946047E+000 -0.131028262406404E+000 -0.148717617805240E+003 -0.148717617805240E+003 -0.148717794578767E+003
  0.651303089146302E+000  0.741017000003843E+000  0.618151775189036E+000  0.498989703040976E+000 -0.131028262406404E+000 -0.148716905189847E+003 -0.148716905189847E+003 -0.148719370871978E+003
  0.665472056577110E+000  0.743233832693771E+000  0.802384433523703E+000  0.498322562679136E+000 -0.131028262406404E+000 -0.148717016539377E+003 -0.148717016539377E+003 -0.148718389892578E+003
  0.663432047492462E+000  0.798064417607324E+000  0.831458030012748E+000  0.499909662918654E+000 -0.131028262406404E+000 -0.148715552245869E+003 -0.148715552245869E+003 -0.148718123551026E+003
  0.636063048020435E+000  0.746562201492061E+000  0.992511829871733E+000  0.499815965340933E+000 -0.131028262406404E+000 -0.148716996826933E+003 -0.148716996826933E+003 -0.148718396770124E+003
  0.682731064066183E+000  0.734987580211681E+000  0.580013026442106E+000  0.499031781050623E+000 -0.131028262406404E+000 -0.148716542109823E+003 -0.148716542109823E+003 -0.148749730098905E+003
  0.672486137851076E+000  0.746371918705339E+000  0.937215706194223E+000  0.499131310133220E+000 -0.131028262406404E+000 -0.148715991830461E+003 -0.148715991830461E+003 -0.148719858955253E+003
  0.665279426915611E+000  0.764272276943429E+000  0.937338829566037E+000  0.498459060897592E+000 -0.131028262406404E+000 -0.148716605335775E+003 -0.148716605335775E+003 -0.148720843508875E+003
  0.692258356603047E+000  0.717348685734717E+000  0.880083524591541E+000  0.499921668243558E+000 -0.131028262406404E+000 -0.148716528648155E+003 -0.148716528648155E+003 -0.148754280934001E+003
  0.696464525575781E+000  0.720228148943733E+000  0.873787702207571E+000  0.499046132850038E+000 -0.131028262406404E+000 -0.148717558650385E+003 -0.148717558650385E+003 -0.148721830386049E+003
  0.693766605721007E+000  0.730578021701561E+000  0.871491590894639E+000  0.498845307795574E+000 -0.131028262406404E+000 -0.148717350683944E+003 -0.148717350683944E+003 -0.148717741375821E+003
  0.675881836512290E+000  0.721608297305331E+000  0.691764550097655E+000  0.499325911526649E+000 -0.131028262406404E+000 -0.148716607186124E+003 -0.148716607186124E+003 -0.148718558224635E+003
  0.659013418457202E+000  0.726342001291219E+000  0.793869786410353E+000  0.498953182762168E+000 -0.131028262406404E+000 -0.148717223236268E+003 -0.148717223236268E+003 -0.148718749873199E+003
  0.679475100891858E+000  0.766518403346227E+000  0.725888705677060E+000  0.499246930682939E+000 -0.131028262406404E+000 -0.148716047407328E+003 -0.148716047407328E+003 -0.148718501382174E+003
  0.651962474428514E+000  0.817867392381888E+000  0.600645327747613E+000  0.498987171807709E+000 -0.131028262406404E+000 -0.148717637236536E+003 -0.148717637236536E+003 -0.148718597668038E+003
  0.672355419498294E+000  0.786772254227391E+000  0.802185237282871E+000  0.499912643511210E+000 -0.131028262406404E+000 -0.148715425811788E+003 -0.148715425811788E+003 -0.148718574757357E+003
  0.687790058623102E+000  0.788449215468792E+000  0.751225266229680E+000  0.499663708428302E+000 -0.131028262406404E+000 -0.148716941928343E+003 -0.148716941928343E+003 -0.148717889709918E+003
  0.677564578977875E+000  0.724260753032575E+000  0.920584656937961E+000  0.498208474184800E+000 -0.131028262406404E+000 -0.148717692151672E+003 -0.148717692151672E+003 -0.148718202923838E+003
  0.627185000603490E+000  0.788176622341181E+000  0.511120332073418E+000  0.499540485402862E+000 -0.131028262406404E+000 -0.148717189449515E+003 -0.148717189449515E+003 -0.148717960071402E+003
  0.690539651636474E+000  0.767039432456471E+000  0.973627774604691E+000  0.499139797095881E+000 -0.131028262406404E+000 -0.148716945006075E+003 -0.148716945006075E+003 -0.148718655180336E+003
  0.674345994359627E+000  0.754962985090575E+000  0.890561834865862E+000  0.499898002650950E+000 -0.131028262406404E+000 -0.148715036120982E+003 -0.148715036120982E+003 -0.148720375161956E+003
  0.668748849480522E+000  0.811412659962988E+000  0.671406813767889E+000  0.499612923739835E+000 -0.131028262406404E+000 -0.148716923064445E+003 -0.148716923064445E+003 -0.148718352466919E+003
  0.672153718387557E+000  0.747578209921370E+000  0.921445304321315E+000  0.498993736273701E+000 -0.131028262406404E+000 -0.148716126179153E+003 -0.148716126179153E+003 -0.148718787168117E+003
  0.678238148346203E+000  0.729340351612029E+000  0.892908520682145E+000  0.498117894677500E+000 -0.131028262406404E+000 -0.148717610698941E+003 -0.148717610698941E+003 -0.148721082118455E+003
  0.664419209152293E+000  0.795343430353869E+000  0.896120851058910E+000  0.499447868927797E+000 -0.131028262406404E+000 -0.148716052987954E+003 -0.148716052987954E+003 -0.148717805218084E+003
  0.677981169640520E+000  0.737726618526963E+000  0.607983537805142E+000  0.498124417723220E+000 -0.131028262406404E+000 -0.148717372474359E+003 -0.148717372474359E+003 -0.148718886518241E+003
  0.676752360740270E+000  0.749590738637660E+000  0.700808093946215E+000  0.498087207762372E+000 -0.131028262406404E+000 -0.148717222052299E+003 -0.148717222052299E+003 -0.148738196520717E+003
  0.641350058514336E+000  0.758370849573419E+000  0.795151253313513E+000  0.498973310546235E+000 -0.131028262406404E+000 -0.148717031582957E+003 -0.148717031582957E+003 -0.148717769275293E+003
  0.678448898079832E+000  0.794370430486783E+000  0.711979435164860E+000  0.499916106217133E+000 -0.131028262406404E+000 -0.148716132841702E+003 -0.148716132841702E+003 -0.148717961401989E+003
  0.697174876943792E+000  0.782239079405123E+000  0.671277742707696E+000  0.499866775880250E+000 -0.131028262406404E+000 -0.148717409122249E+003 -0.148717409122249E+003 -0.148717893367134E+003
  0.686343991543570E+000  0.738503949399424E+000  0.835107479421070E+000  0.498830540565623E+000 -0.131028262406404E+000 -0.148716835440334E+003 -0.148716835440334E+003 -0.148718165734706E+003
  0.655465897681050E+000  0.776766846626371E+000  0.691575569307698E+000  0.497937110831876E+000 -0.131028262406404E+000 -0.148717425850968E+003 -0.148717425850968E+003 -0.148720313324682E+003
  0.649275023078478E+000  0.789294154782912E+000  0.633974756519977E+000  0.499495605375945E+000 -0.131028262406404E+000 -0.148715807527883E+003 -0.148715807527883E+003 -0.148717766733287E+003
  0.667696480101577E+000  0.740575504375190E+000  0.737723442765794E+000  0.498406025117149E+000 -0.131028262406404E+000 -0.148716959407283E+003 -0.148716959407283E+003 -0.148717722837537E+003
  0.684922841508792E+000  0.725325047153881E+000  0.867162168831926E+000  0.498597018146425E+000 -0.131028262406404E+000 -0.148717354447500E+003 -0.148717354447500E+003 -0.148718320610883E+003
  0.683553651658181E+000  0.725408749724363E+000  0.840290111858351E+000  0.499325741687789E+000 -0.131028262406404E+000 -0.148716533313799E+003 -0.148716533313799E+003 -0.148717961401989E+003
  0.701030230518323E+000  0.712475616697215E+000  0.853420573153955E+000  0.499584853585136E+000 -0.131028262406404E+000 -0.148717568557572E+003 -0.148717568557572E+003 -0.148719353681964E+003
  0.655577334770565E+000  0.769971234508825E+000  0.496137403265121E+000  0.498370732672583E+000 -0.131028262406404E+000 -0.148716842312855E+003 -0.148716842312855E+003 -0.148718353845448E+003
  0.654526116769027E+000  0.730470439123669E+000  0.633538668646741E+000  0.499570902454734E+000 -0.131028262406404E+000 -0.148716565177989E+003 -0.148716565177989E+003 -0.148723377974373E+003
  0.677586945006133E+000  0.800576879021985E+000  0.724739596890431E+000  0.499303919875970E+000 -0.131028262406404E+000 -0.148717204829348E+003 -0.148717204829348E+003 -0.148719401584609E+003
  0.689115922737405E+000  0.741079499474871E+000  0.871832835953398E+000  0.499364682084719E+000 -0.131028262406404E+000 -0.148716354504748E+003 -0.148716354504748E+003 -0.148718286545568E+003
  0.660663634479408E+000  0.751409264057648E+000  0.896381420897560E+000  0.499755955700534E+000 -0.131028262406404E+000 -0.148715260146057E+003 -0.148715260146057E+003 -0.148721914399708E+003
  0.645139553438303E+000  0.733344961447825E+000  0.970071052955294E+000  0.499326604560776E+000 -0.131028262406404E+000 -0.148717387624280E+003 -0.148717387624280E+003 -0.148718149674292E+003
  0.658486374179377E+000  0.722116645397958E+000  0.760869841264321E+000  0.498882573529377E+000 -0.131028262406404E+000 -0.148717576862392E+003 -0.148717576862392E+003 -0.148719832900772E+003
  0.690397700862537E+000  0.741092177574778E+000  0.852944880345087E+000  0.499284655314215E+000 -0.131028262406404E+000 -0.148716519346405E+003 -0.148716519346405E+003 -0.148720925549368E+003
  0.668084045272374E+000  0.741781162331094E+000  0.854232020241512E+000  0.497844392690612E+000 -0.131028262406404E+000 -0.148717563350652E+003 -0.148717563350652E+003 -0.148733742646829E+003
  0.637353780814672E+000  0.798328332187855E+000  0.631154622304124E+000  0.498870577192997E+000 -0.131028262406404E+000 -0.148717338672559E+003 -0.148717338672559E+003 -0.148718332111065E+003
  0.694068915572690E+000  0.769512456529659E+000  0.949582388212196E+000  0.499832373901962E+000 -0.131028262406404E+000 -0.148716538579979E+003 -0.148716538579979E+003 -0.148718270953492E+003
  0.663510297849058E+000  0.797886402772929E+000  0.797357835437901E+000  0.498773671766215E+000 -0.131028262406404E+000 -0.148717006102920E+003 -0.148717006102920E+003 -0.148719223258129E+003
  0.691033306414670E+000  0.759445947282235E+000  0.974828374004290E+000  0.498894161954320E+000 -0.131028262406404E+000 -0.148717096527853E+003 -0.148717096527853E+003 -0.148718022143129E+003
  0.660673583223020E+000  0.745595413976581E+000  0.748035308160985E+000  0.498301654891293E+000 -0.131028262406404E+000 -0.148717093698865E+003 -0.148717093698865E+003 -0.148717899220958E+003
  0.703259435483214E+000  0.728714608635020E+000  0.932921536891349E+000  0.499628013392963E+000 -0.131028262406404E+000 -0.148717273471750E+003 -0.148717273471750E+003 -0.148718805512080E+003
  0.666797218802723E+000  0.772859646254977E+000  0.723928150667558E+000  0.497797858524134E+000 -0.131028262406404E+000 -0.148717501362417E+003 -0.148717501362417E+003 -0.148718220779701E+003
  0.663472701609905E+000  0.786106265075452E+000  0.626727748599381E+000  0.499260909093482E+000 -0.131028262406404E+000 -0.148715940361684E+003 -0.148715940361684E+003 -0.148718273199543E+003
  0.691432099005346E+000  0.756168483848978E+000  0.829885769961825E+000  0.498875838019032E+000 -0.131028262406404E+000 -0.148717095659026E+003 -0.148717095659026E+003 -0.148717732640141E+003
  0.627816912037170E+000  0.802110570894504E+000  0.675847536272538E+000  0.499802448801804E+000 -0.131028262406404E+000 -0.148716902364877E+003 -0.148716902364877E+003 -0.148718202923838E+003
  0.659012976999960E+000  0.736383067741989E+000  0.674395740559315E+000  0.498614160865063E+000 -0.131028262406404E+000 -0.148717113559436E+003 -0.148717113559436E+003 -0.148718283517394E+003
  0.657586769166600E+000  0.720665166246996E+000  0.826044837253441E+000  0.499839615894192E+000 -0.131028262406404E+000 -0.148716684040399E+003 -0.148716684040399E+003 -0.148718512552524E+003
  0.675413841352468E+000  0.741391330292745E+000  0.752587534562571E+000  0.499435267548142E+000 -0.131028262406404E+000 -0.148715780888578E+003 -0.148715780888578E+003 -0.148719582016003E+003
  0.671977097192585E+000  0.738226238351453E+000  0.602868385489608E+000  0.499261629827433E+000 -0.131028262406404E+000 -0.148716034461931E+003 -0.148716034461931E+003 -0.148718501382174E+003
  0.643153830249985E+000  0.795877319714549E+000  0.676669586158819E+000  0.499907526785467E+000 -0.131028262406404E+000 -0.148715633057360E+003 -0.148715633057360E+003 -0.148720607749645E+003
  0.697572334345267E+000  0.770364147771271E+000  0.939503616014308E+000  0.499692049824968E+000 -0.131028262406404E+000 -0.148717112148376E+003 -0.148717112148376E+003 -0.148719720962851E+003
  0.667625501648717E+000  0.787999373629015E+000  0.797458318325843E+000  0.499779616747304E+000 -0.131028262406404E+000 -0.148715448699778E+003 -0.148715448699778E+003 -0.148718346273088E+003
  0.662379108105893E+000  0.734926722870575E+000  0.878213702482827E+000  0.498812431633643E+000 -0.131028262406404E+000 -0.148716819199842E+003 -0.148716819199842E+003 -0.148718512552524E+003
  0.662522745935630E+000  0.715797032687630E+000  0.723749292824313E+000  0.499713487859682E+000 -0.131028262406404E+000 -0.148716878922035E+003 -0.148716878922035E+003 -0.148718238113524E+003
  0.687779401633290E+000  0.753171934923505E+000  0.741081160047430E+000  0.498134842161321E+000 -0.131028262406404E+000 -0.148717653770267E+003 -0.148717653770267E+003 -0.148724125384296E+003
  0.657043443950235E+000  0.764117368680634E+000  0.787083259341969E+000  0.499539544112618E+000 -0.131028262406404E+000 -0.148715405457468E+003 -0.148715405457468E+003 -0.148720115374256E+003
  0.673727903822286E+000  0.748863978493181E+000  0.677965253547473E+000  0.499378931644288E+000 -0.131028262406404E+000 -0.148715684045760E+003 -0.148715684045760E+003 -0.148720145452036E+003
  0.662882575918544E+000  0.819125297922508E+000  0.861443773115329E+000  0.499830960574976E+000 -0.131028262406404E+000 -0.148716882756319E+003 -0.148716882756319E+003 -0.148719339207119E+003
  0.642643957635388E+000  0.790272520383741E+000  0.717412969953196E+000  0.498778734361553E+000 -0.131028262406404E+000 -0.148717003673584E+003 -0.148717003673584E+003 -0.148717934631938E+003
  0.682399258645300E+000  0.749740019996629E+000  0.613152750299984E+000  0.498791765527792E+000 -0.131028262406404E+000 -0.148716603504695E+003 -0.148716603504695E+003 -0.148719040850802E+003
  0.686378938093177E+000  0.722158121164471E+000  0.868144103857514E+000  0.498839867005513E+000 -0.131028262406404E+000 -0.148717249331871E+003 -0.148717249331871E+003 -0.148720970286438E+003
  0.652175481623405E+000  0.789461770859002E+000  0.614282555925938E+000  0.499220245361318E+000 -0.131028262406404E+000 -0.148716094182133E+003 -0.148716094182133E+003 -0.148722046252392E+003
  0.652742078319362E+000  0.744916743915981E+000  0.948028842485241E+000  0.499188104852115E+000 -0.131028262406404E+000 -0.148716433699921E+003 -0.148716433699921E+003 -0.148718762532842E+003
  0.688069616069317E+000  0.787460035140126E+000  0.562098933405682E+000  0.499223267138376E+000 -0.131028262406404E+000 -0.148717458930157E+003 -0.148717458930157E+003 -0.148718495637520E+003
  0.663359625460145E+000  0.763481372047115E+000  0.941549889961831E+000  0.497993059950630E+000 -0.131028262406404E+000 -0.148717170342636E+003 -0.148717170342636E+003 -0.148718886518241E+003
  0.699960794086284E+000  0.757422406043182E+000  0.838262793386641E+000  0.499695170070351E+000 -0.131028262406404E+000 -0.148716982138824E+003 -0.148716982138824E+003 -0.148718072312669E+003
  0.624137368465684E+000  0.797604976695760E+000  0.813044043253174E+000  0.499702127869005E+000 -0.131028262406404E+000 -0.148717331460709E+003 -0.148717331460709E+003 -0.148718353845448E+003
  0.663701650014521E+000  0.741649956535605E+000  0.844822195805296E+000  0.499557376464196E+000 -0.131028262406404E+000 -0.148715690411801E+003 -0.148715690411801E+003 -0.148717796855072E+003
  0.677700713406711E+000  0.746202851622917E+000  0.545065049397314E+000  0.498368824000184E+000 -0.131028262406404E+000 -0.148716951853896E+003 -0.148716951853896E+003 -0.148718072312669E+003
  0.694289750776839E+000  0.750008581130273E+000  0.798562441694155E+000  0.499039806462652E+000 -0.131028262406404E+000 -0.148717070190024E+003 -0.148717070190024E+003 -0.148718820149928E+003
  0.641066018711673E+000  0.773805886787264E+000  0.790930077006569E+000  0.499079098881230E+000 -0.131028262406404E+000 -0.148716644366205E+003 -0.148716644366205E+003 -0.148720115374256E+003
  0.660164514770444E+000  0.741222058684184E+000  0.584792249841077E+000  0.498723191299641E+000 -0.131028262406404E+000 -0.148716759975447E+003 -0.148716759975447E+003 -0.148724110771587E+003
  0.638605272089019E+000  0.786466078322343E+000  0.748113531716104E+000  0.499054971648603E+000 -0.131028262406404E+000 -0.148716838988498E+003 -0.148716838988498E+003 -0.148723486504390E+003
  0.644514193845617E+000  0.809082893619398E+000  0.949681101189758E+000  0.498736162126419E+000 -0.131028262406404E+000 -0.148717569283261E+003 -0.148717569283261E+003 -0.148719800441404E+003
  0.683910394889519E+000  0.741110976984356E+000  0.930017450682257E+000  0.499275466218295E+000 -0.131028262406404E+000 -0.148716197440639E+003 -0.148716197440639E+003 -0.148718031242084E+003
  0.678110507983834E+000  0.768476427116157E+000  0.866558527800186E+000  0.499765302955976E+000 -0.131028262406404E+000 -0.148715395094204E+003 -0.148715395094204E+003 -0.148718150233600E+003
  0.662807582632331E+000  0.791961716813767E+000  0.665828499305518E+000  0.498889138315701E+000 -0.131028262406404E+000 -0.148716592785845E+003 -0.148716592785845E+003 -0.148731328727817E+003
  0.646670499139179E+000  0.733531248855935E+000  0.655943145890112E+000  0.499641364972581E+000 -0.131028262406404E+000 -0.148716887597621E+003 -0.148716887597621E+003 -0.148718495637520E+003
  0.628189121041499E+000  0.780098720368372E+000  0.955322334703472E+000  0.499553674607017E+000 -0.131028262406404E+000 -0.148717118772482E+003 -0.148717118772482E+003 -0.148720208086153E+003
  0.692322538358772E+000  0.780109813052043E+000  0.722648804086156E+000  0.499252042869539E+000 -0.131028262406404E+000 -0.148717481604580E+003 -0.148717481604580E+003 -0.148718858784276E+003
  0.668603961191147E+000  0.758467203214439E+000  0.679062741492638E+000  0.499206363446876E+000 -0.131028262406404E+000 -0.148715737263903E+003 -0.148715737263903E+003 -0.148718426974660E+003
  0.630889386572033E+000  0.763052361394033E+000  0.847397900951012E+000  0.499394195284815E+000 -0.131028262406404E+000 -0.148717391405326E+003 -0.148717391405326E+003 -0.148720794354258E+003
  0.663824239444135E+000  0.740477332875645E+000  0.777058263520052E+000  0.499044168210875E+000 -0.131028262406404E+000 -0.148716309161334E+003 -0.148716309161334E+003 -0.148717784495545E+003
  0.674569581982644E+000  0.789638174160391E+000  0.738789219487239E+000  0.498864852870990E+000 -0.131028262406404E+000 -0.148716967219203E+003 -0.148716967219203E+003 -0.148719945257729E+003
  0.679529436332845E+000  0.776953547103822E+000  0.812343478926143E+000  0.499257574041256E+000 -0.131028262406404E+000 -0.148716285246705E+003 -0.148716285246705E+003 -0.148718558224635E+003
  0.658432721325664E+000  0.754981734024764E+000  0.741754655499654E+000  0.498977554198717E+000 -0.131028262406404E+000 -0.148716158932612E+003 -0.148716158932612E+003 -0.148717842985888E+003
  0.660383706385898E+000  0.761366995287721E+000  0.684259601840039E+000  0.497763915556851E+000 -0.131028262406404E+000 -0.148717487200003E+003 -0.148717487200003E+003 -0.148719084413395E+003
  0.662755655730741E+000  0.742806042819714E+000  0.798769937174306E+000  0.498347612501739E+000 -0.131028262406404E+000 -0.148717059208660E+003 -0.148717059208660E+003 -0.148719511409059E+003
  0.633630406926827E+000  0.776364785013465E+000  0.734898303890282E+000  0.499051731752282E+000 -0.131028262406404E+000 -0.148717254441777E+003 -0.148717254441777E+003 -0.148718916432307E+003
  0.705223481155120E+000  0.756377122930113E+000  0.669314362186694E+000  0.499934926050689E+000 -0.131028262406404E+000 -0.148717301836401E+003 -0.148717301836401E+003 -0.148863344409261E+003
  0.682688013566494E+000  0.770774959887534E+000  0.864965848894635E+000  0.499290212720558E+000 -0.131028262406404E+000 -0.148716269675266E+003 -0.148716269675266E+003 -0.148724541099559E+003
  0.653847304057343E+000  0.803746682735827E+000  0.515975136247529E+000  0.498735715594199E+000 -0.131028262406404E+000 -0.148717199796550E+003 -0.148717199796550E+003 -0.148719311152624E+003
  0.684821685069323E+000  0.774882318577402E+000  0.481023196425021E+000  0.499758240333873E+000 -0.131028262406404E+000 -0.148715977227504E+003 -0.148715977227504E+003 -0.148718095055833E+003
  0.650460226418990E+000  0.807699903964695E+000  0.870299405062824E+000  0.499096945124567E+000 -0.131028262406404E+000 -0.148716923535417E+003 -0.148716923535417E+003 -0.148717766733287E+003
  0.680222566412624E+000  0.767901114187639E+000  0.617213791933450E+000  0.498052900565633E+000 -0.131028262406404E+000 -0.148717537891485E+003 -0.148717537891485E+003 -0.148717724260176E+003
  0.636620515508791E+000  0.763525119959185E+000  0.532182499667561E+000  0.499163486208573E+000 -0.131028262406404E+000 -0.148717074179542E+003 -0.148717074179542E+003 -0.148725574175490E+003
  0.667870331388579E+000  0.730508663728017E+000  0.916056617766231E+000  0.499083285866060E+000 -0.131028262406404E+000 -0.148716554364476E+003 -0.148716554364476E+003 -0.148720283160641E+003
  0.651588956916859E+000  0.777529710274288E+000  0.716323180346805E+000  0.498320744266883E+000 -0.131028262406404E+000 -0.148717056427397E+003 -0.148717056427397E+003 -0.148717896842141E+003
  0.688015481915390E+000  0.786102056252578E+000  0.857502063129317E+000  0.499366812433964E+000 -0.131028262406404E+000 -0.148717204197100E+003 -0.148717204197100E+003 -0.148717784495545E+003
  0.680267123326103E+000  0.743370274522229E+000  0.993339556605094E+000  0.498861986738411E+000 -0.131028262406404E+000 -0.148716498526855E+003 -0.148716498526855E+003 -0.148717765343680E+003
  0.673046458183340E+000  0.717017914660802E+000  0.652162406956634E+000  0.498593305087116E+000 -0.131028262406404E+000 -0.148717651310030E+003 -0.148717651310030E+003 -0.148718072312669E+003
  0.689256456529429E+000  0.786831883029229E+000  0.982492579170020E+000  0.499097295088807E+000 -0.131028262406404E+000 -0.148717699191160E+003 -0.148717699191160E+003 -0.148730256921330E+003
  0.661193086661041E+000  0.729472497738316E+000  0.568355540464751E+000  0.499586503046765E+000 -0.131028262406404E+000 -0.148716254884443E+003 -0.148716254884443E+003 -0.148718072312669E+003
  0.661151825839770E+000  0.795130139025564E+000  0.596158770724083E+000  0.499190250821549E+000 -0.131028262406404E+000 -0.148716300900952E+003 -0.148716300900952E+003 -0.148724612701842E+003
  0.695807010143218E+000  0.707509294105953E+000  0.708886650133857E+000  0.499991308979050E+000 -0.131028262406404E+000 -0.148717077689405E+003 -0.148717077689405E+003 -0.148717953102352E+003
  0.666289283943571E+000  0.817555344295146E+000  0.669269056246425E+000  0.499311935104655E+000 -0.131028262406404E+000 -0.148717628801261E+003 -0.148717628801261E+003 -0.148720760605559E+003
  0.684539080801168E+000  0.757603353924555E+000  0.582024572426208E+000  0.499667753746909E+000 -0.131028262406404E+000 -0.148715723398253E+003 -0.148715723398253E+003 -0.148718980420381E+003
  0.663374036763428E+000  0.795588445988905E+000  0.818672569655528E+000  0.498591155818387E+000 -0.131028262406404E+000 -0.148717133109322E+003 -0.148717133109322E+003 -0.148717899220958E+003
  0.668545375924112E+000  0.753275124690636E+000  0.679569175054124E+000  0.499298745690397E+000 -0.131028262406404E+000 -0.148715673232158E+003 -0.148715673232158E+003 -0.148717937298392E+003
  0.655072736060266E+000  0.795694619449917E+000  0.528444124266058E+000  0.498999183682905E+000 -0.131028262406404E+000 -0.148716527528256E+003 -0.148716527528256E+003 -0.148718241455294E+003
  0.666380511944289E+000  0.760387133491369E+000  0.657984009239668E+000  0.498641231793031E+000 -0.131028262406404E+000 -0.148716389915833E+003 -0.148716389915833E+003 -0.148720788844410E+003
  0.634158527701745E+000  0.792820258877270E+000  0.558878052408641E+000  0.499925110264186E+000 -0.131028262406404E+000 -0.148716091260253E+003 -0.148716091260253E+003 -0.148717899220958E+003
  0.659286399909259E+000  0.745621737204675E+000  0.476673381033191E+000  0.499213127747141E+000 -0.131028262406404E+000 -0.148716085140617E+003 -0.148716085140617E+003 -0.148718285109910E+003
  0.670973578569878E+000  0.705496168974605E+000  0.632868778536396E+000  0.499610456614371E+000 -0.131028262406404E+000 -0.148717384358758E+003 -0.148717384358758E+003 -0.148720548178749E+003
  0.700490207904739E+000  0.760375504177782E+000  0.534780634252306E+000  0.499224371890867E+000 -0.131028262406404E+000 -0.148717653534083E+003 -0.148717653534083E+003 -0.148724915198015E+003
  0.640678584700839E+000  0.748655857028047E+000  0.669988647157023E+000  0.498827499100490E+000 -0.131028262406404E+000 -0.148717601466267E+003 -0.148717601466267E+003 -0.148719195090934E+003
  0.661357135409167E+000  0.768318545990153E+000  0.925013834477372E+000  0.499950344281447E+000 -0.131028262406404E+000 -0.148714824128452E+003 -0.148714824128452E+003 -0.148719076337480E+003
  0.695047419690925E+000  0.734112447853074E+000  0.772668622473534E+000  0.499119826945169E+000 -0.131028262406404E+000 -0.148717081791587E+003 -0.148717081791587E+003 -0.148717796422710E+003
  0.683378651730290E+000  0.719293944812512E+000  0.926422776816847E+000  0.499598469822435E+000 -0.131028262406404E+000 -0.148716490883975E+003 -0.148716490883975E+003 -0.148717872208595E+003
  0.642648204368823E+000  0.744054758653249E+000  0.992859395643586E+000  0.499748132468023E+000 -0.131028262406404E+000 -0.148716552311596E+003 -0.148716552311596E+003 -0.148719613280073E+003
  0.673053076559740E+000  0.762977582549115E+000  0.648898258553274E+000  0.499458108990160E+000 -0.131028262406404E+000 -0.148715513818691E+003 -0.148715513818691E+003 -0.148727557846124E+003
  0.664210580202164E+000  0.779614719260993E+000  0.649513787940291E+000  0.498144764547419E+000 -0.131028262406404E+000 -0.148717177085390E+003 -0.148717177085390E+003 -0.148718431232689E+003
  0.698508857585994E+000  0.758090507146466E+000  0.529312959700573E+000  0.498986495840570E+000 -0.131028262406404E+000 -0.148717652037137E+003 -0.148717652037137E+003 -0.148720257137830E+003
  0.682931090828155E+000  0.723209142582748E+000  0.999150605355993E+000  0.499694855106055E+000 -0.131028262406404E+000 -0.148716210250719E+003 -0.148716210250719E+003 -0.148718146839133E+003
  0.648178840055663E+000  0.721726018206946E+000  0.594146195776119E+000  0.499597604077026E+000 -0.131028262406404E+000 -0.148717577972680E+003 -0.148717577972680E+003 -0.148719331869130E+003
  0.648329299733217E+000  0.776803594330270E+000  0.902802912400452E+000  0.498136086073778E+000 -0.131028262406404E+000 -0.148717406081955E+003 -0.148717406081955E+003 -0.148719141908281E+003
  0.688213697087903E+000  0.732328954000494E+000  0.632390665587432E+000  0.499766169138233E+000 -0.131028262406404E+000 -0.148716017542958E+003 -0.148716017542958E+003 -0.148719797137938E+003
  0.664030014771989E+000  0.789166562972399E+000  0.756798100398554E+000  0.498777640560522E+000 -0.131028262406404E+000 -0.148716657170515E+003 -0.148716657170515E+003 -0.148719435587155E+003
  0.651301622015276E+000  0.784960745222838E+000  0.573398957846717E+000  0.498381467472981E+000 -0.131028262406404E+000 -0.148717087209019E+003 -0.148717087209019E+003 -0.148728213824894E+003
  0.684709664511564E+000  0.733289673465889E+000  0.987207299610873E+000  0.498403749028008E+000 -0.131028262406404E+000 -0.148717336612478E+003 -0.148717336612478E+003 -0.148720059067642E+003
  0.660942154114810E+000  0.785186476871493E+000  0.762265298228392E+000  0.498112644465757E+000 -0.131028262406404E+000 -0.148717332548562E+003 -0.148717332548562E+003 -0.148720909943020E+003
  0.652773978605420E+000  0.746405822855492E+000  0.810352592906792E+000  0.499182120987370E+000 -0.131028262406404E+000 -0.148716385083287E+003 -0.148716385083287E+003 -0.148718549008787E+003
  0.666178507021669E+000  0.715237392524631E+000  0.775271684789215E+000  0.499789769138322E+000 -0.131028262406404E+000 -0.148716676847657E+003 -0.148716676847657E+003 -0.148721887621294E+003
  0.664119865387862E+000  0.776588680420572E+000  0.624698137663462E+000  0.497897017591927E+000 -0.131028262406404E+000 -0.148717419128573E+003 -0.148717419128573E+003 -0.148718022143129E+003
  0.659358283369840E+000  0.756203548933051E+000  0.536117079760616E+000  0.499974724233292E+000 -0.131028262406404E+000 -0.148714936263541E+003 -0.148714936263541E+003 -0.148718805512080E+003
  0.657160073074494E+000  0.750084099324543E+000  0.636877200997871E+000  0.498721366418432E+000 -0.131028262406404E+000 -0.148716608646445E+003 -0.148716608646445E+003 -0.148717720670707E+003
  0.675004499091631E+000  0.784279704420567E+000  0.885520246092056E+000  0.498233672952677E+000 -0.131028262406404E+000 -0.148717551655696E+003 -0.148717551655696E+003 -0.148717699191160E+003
