  0.163871265517411E+001  0.199855454720776E+001  0.149162357825364E+000  0.499929864715299E+000 -0.131028262406404E+000 -0.142825549404107E+003 -0.142825549404107E+003
  0.167783753562436E+001  0.199934035201252E+001  0.826926502633664E+000  0.497844754386487E+000 -0.131028262406404E+000 -0.142825925667233E+003 -0.142825925667233E+003
  0.170821243133286E+001  0.199868636882798E+001  0.809205440352387E+000  0.498999035004572E+000 -0.131028262406404E+000 -0.142824501709457E+003 -0.142824501709457E+003
  0.168342577775890E+001  0.199879652969260E+001  0.822808719174373E+000  0.497680191760464E+000 -0.131028262406404E+000 -0.142827164524262E+003 -0.142827164524262E+003
  0.166401897302183E+001  0.199675252393759E+001  0.150388513875037E+000  0.499547240770876E+000 -0.131028262406404E+000 -0.142826513222403E+003 -0.142826513222403E+003
  0.168954670713597E+001  0.199612096128359E+001  0.975263937089009E+000  0.499393741558281E+000 -0.131028262406404E+000 -0.142827299477160E+003 -0.142827299477160E+003
  0.166635157006509E+001  0.199463267574219E+001  0.112879831944532E+000  0.499102914509955E+000 -0.131028262406404E+000 -0.142831382113727E+003 -0.142831382113727E+003
  0.161595747657286E+001  0.199856961459842E+001  0.399735149056093E+000  0.499847773039742E+000 -0.131028262406404E+000 -0.142830879166590E+003 -0.142830879166590E+003
  0.169313859420178E+001  0.199658542151147E+001  0.809808350483275E+000  0.499808409479557E+000 -0.131028262406404E+000 -0.142825423748894E+003 -0.142825423748894E+003
  0.166544361885802E+001  0.199580706605605E+001  0.748988247512526E+000  0.499023833157473E+000 -0.131028262406404E+000 -0.142829585904758E+003 -0.142829585904758E+003
  0.170030476590029E+001  0.199948682115490E+001  0.602554051803806E+000  0.498304206771886E+000 -0.131028262406404E+000 -0.142824352370894E+003 -0.142824352370894E+003
  0.171210255187935E+001  0.199580121709533E+001  0.154348763129521E+000  0.498476879438423E+000 -0.131028262406404E+000 -0.142831644154523E+003 -0.142831644154523E+003
  0.167889111325726E+001  0.199877769927643E+001  0.507122230007093E+000  0.496552567925961E+000 -0.131028262406404E+000 -0.142830558678850E+003 -0.142830558678850E+003
  0.163670957575464E+001  0.199809283800117E+001  0.329310505568047E+000  0.499595124967172E+000 -0.131028262406404E+000 -0.142827726318806E+003 -0.142827726318806E+003
  0.171303117368715E+001  0.199723560724011E+001  0.326386837291564E+000  0.498020936472350E+000 -0.131028262406404E+000 -0.142830180708200E+003 -0.142830180708200E+003
  0.163350782781388E+001  0.199916077534276E+001  0.872131066721579E+000  0.499675975991293E+000 -0.131028262406404E+000 -0.142826311430443E+003 -0.142826311430443E+003
  0.169910828977826E+001  0.199518104263711E+001  0.401653502838446E+000  0.498510690411592E+000 -0.131028262406404E+000 -0.142831741377004E+003 -0.142831741377004E+003
  0.169638093123052E+001  0.199979415353906E+001  0.593406116741586E+000  0.498055859283528E+000 -0.131028262406404E+000 -0.142824322306427E+003 -0.142824322306427E+003
  0.172213383790631E+001  0.199991933257869E+001  0.384454417265519E+000  0.498093253293921E+000 -0.131028262406404E+000 -0.142825901594156E+003 -0.142825901594156E+003
  0.176578117162305E+001  0.199904333557208E+001  0.740647604336110E+000  0.499906355611651E+000 -0.131028262406404E+000 -0.142832834225185E+003 -0.142832834225185E+003
  0.168356829835324E+001  0.199710347508035E+001  0.372260086925755E+000  0.498774599258554E+000 -0.131028262406404E+000 -0.142827173878322E+003 -0.142827173878322E+003
  0.168408796689791E+001  0.199359507146048E+001  0.690842641546937E+000  0.499443289085251E+000 -0.131028262406404E+000 -0.142831750464881E+003 -0.142831750464881E+003
  0.169189898277715E+001  0.199363397027425E+001  0.728962237058985E+000  0.499029585033157E+000 -0.131028262406404E+000 -0.142832942190982E+003 -0.142832942190982E+003
  0.173427395506222E+001  0.199838666902473E+001  0.546390825920124E+000  0.499102793522522E+000 -0.131028262406404E+000 -0.142828239918304E+003 -0.142828239918304E+003
  0.171198562384033E+001  0.199771073875593E+001  0.754093916058917E+000  0.499303613122203E+000 -0.131028262406404E+000 -0.142825899773502E+003 -0.142825899773502E+003
  0.167868034017775E+001  0.199903416024095E+001  0.948394602141527E+000  0.496407547397221E+000 -0.131028262406404E+000 -0.142830528857551E+003 -0.142830528857551E+003
  0.169197711474020E+001  0.199724899670973E+001  0.852655824392069E+000  0.498983560175860E+000 -0.131028262406404E+000 -0.142826381285809E+003 -0.142826381285809E+003
  0.165895949905431E+001  0.199815681697631E+001  0.415143841565804E-001  0.498287768469166E+000 -0.131028262406404E+000 -0.142828219351478E+003 -0.142828219351478E+003
  0.165773612123091E+001  0.199839206979212E+001  0.889125275902133E+000  0.498728554776019E+000 -0.131028262406404E+000 -0.142826645686528E+003 -0.142826645686528E+003
  0.169293873746823E+001  0.199858287218298E+001  0.527998543490921E+000  0.498577975454192E+000 -0.131028262406404E+000 -0.142825050562844E+003 -0.142825050562844E+003
  0.170816539011392E+001  0.199464810338290E+001  0.208600673629480E+000  0.499974550640833E+000 -0.131028262406404E+000 -0.142829634255790E+003 -0.142829634255790E+003
  0.164848620957264E+001  0.199976527269641E+001  0.509427483074025E+000  0.499989169229017E+000 -0.131028262406404E+000 -0.142821723322069E+003 -0.142821723322069E+003
  0.172477260164248E+001  0.199565306807667E+001  0.745644005352136E+000  0.498652441621526E+000 -0.131028262406404E+000 -0.142833071745098E+003 -0.142833071745098E+003
  0.169813405755914E+001  0.199880624780943E+001  0.283531778696767E+000  0.498981726755798E+000 -0.131028262406404E+000 -0.142823710797654E+003 -0.142823710797654E+003
  0.167063987914021E+001  0.199666805882701E+001  0.902214717453863E+000  0.497626443607359E+000 -0.131028262406404E+000 -0.142831711241668E+003 -0.142831711241668E+003
  0.172501245359492E+001  0.199840411243273E+001  0.436588296536517E+000  0.498370411356574E+000 -0.131028262406404E+000 -0.142828489204103E+003 -0.142828489204103E+003
  0.164786579731554E+001  0.199688495009579E+001  0.587487186378436E-001  0.498393172101193E+000 -0.131028262406404E+000 -0.142831558268771E+003 -0.142831558268771E+003
  0.165542937962117E+001  0.199741293601434E+001  0.144593528625127E+000  0.498991348837943E+000 -0.131028262406404E+000 -0.142827836798005E+003 -0.142827836798005E+003
  0.165574234464639E+001  0.199749983722996E+001  0.439732060159607E+000  0.498703032564786E+000 -0.131028262406404E+000 -0.142828503429711E+003 -0.142828503429711E+003
  0.168570895074408E+001  0.199827700740555E+001  0.284819897230907E+000  0.496322285275962E+000 -0.131028262406404E+000 -0.142831853828551E+003 -0.142831853828551E+003
  0.169739602990704E+001  0.199707916747083E+001  0.412247585410166E+000  0.496996384674482E+000 -0.131028262406404E+000 -0.142832200683391E+003 -0.142832200683391E+003
  0.166409444502592E+001  0.199747454311486E+001  0.548482559326907E+000  0.498419205657587E+000 -0.131028262406404E+000 -0.142828506622894E+003 -0.142828506622894E+003
  0.163204427622494E+001  0.199883698049493E+001  0.688149100529123E+000  0.498579896667288E+000 -0.131028262406404E+000 -0.142830581381385E+003 -0.142830581381385E+003
  0.171626801022353E+001  0.199566764307690E+001  0.769431992886609E+000  0.498557604119876E+000 -0.131028262406404E+000 -0.142832144878572E+003 -0.142832144878572E+003
  0.163925193047390E+001  0.199785251405914E+001  0.512143606163789E+000  0.497932246626862E+000 -0.131028262406404E+000 -0.142832789902059E+003 -0.142832789902059E+003
  0.168499352480481E+001  0.199666149811922E+001  0.104371440329316E+000  0.497740110461975E+000 -0.131028262406404E+000 -0.142830825156606E+003 -0.142830825156606E+003
  0.164706308628791E+001  0.199719201065699E+001  0.247470740488917E-001  0.499595665734389E+000 -0.131028262406404E+000 -0.142827524098723E+003 -0.142827524098723E+003
  0.167729232473001E+001  0.199890015059320E+001  0.917062808923960E+000  0.498958905899996E+000 -0.131028262406404E+000 -0.142823581601782E+003 -0.142823581601782E+003
  0.167916436398642E+001  0.199387715149454E+001  0.802906880533332E+000  0.499660164540445E+000 -0.131028262406404E+000 -0.142830657460094E+003 -0.142830657460094E+003
  0.167143329777584E+001  0.199816834911349E+001  0.630994683298057E+000  0.496350612081477E+000 -0.131028262406404E+000 -0.142832697497434E+003 -0.142832697497434E+003
  0.173596010599695E+001  0.199966993539813E+001  0.614841645262603E-001  0.496972828518561E+000 -0.131028262406404E+000 -0.142831167265191E+003 -0.142831167265191E+003
  0.167393796557080E+001  0.199829062566859E+001  0.400333777620266E+000  0.497510758485030E+000 -0.131028262406404E+000 -0.142828953252861E+003 -0.142828953252861E+003
  0.170634752527190E+001  0.199812703250483E+001  0.337579604975591E+000  0.496359423566271E+000 -0.131028262406404E+000 -0.142832345051590E+003 -0.142832345051590E+003
  0.167331144444530E+001  0.199676387214135E+001  0.556813086211345E+000  0.499099765408451E+000 -0.131028262406404E+000 -0.142827178823770E+003 -0.142827178823770E+003
  0.169442765451054E+001  0.199338033645120E+001  0.323872299565031E-001  0.499223023683192E+000 -0.131028262406404E+000 -0.142832996377833E+003 -0.142832996377833E+003
  0.173133196500473E+001  0.199921495392835E+001  0.329536328055317E+000  0.497408235889349E+000 -0.131028262406404E+000 -0.142830234396829E+003 -0.142830234396829E+003
  0.167187252435101E+001  0.199748742579626E+001  0.473830134637475E+000  0.497381585213034E+000 -0.131028262406404E+000 -0.142830880669617E+003 -0.142830880669617E+003
  0.166902915103205E+001  0.199531831553354E+001  0.719345346297958E-001  0.499913932090548E+000 -0.131028262406404E+000 -0.142827680342586E+003 -0.142827680342586E+003
  0.166043661902553E+001  0.199824129080860E+001  0.123222603638929E+000  0.498324915995807E+000 -0.131028262406404E+000 -0.142827801086933E+003 -0.142827801086933E+003
  0.170357494819748E+001  0.199919831354833E+001  0.938898636562385E+000  0.497752068493799E+000 -0.131028262406404E+000 -0.142826509934058E+003 -0.142826509934058E+003
  0.168831419942105E+001  0.199630956331599E+001  0.699550721802789E+000  0.497282291759963E+000 -0.131028262406404E+000 -0.142832708798353E+003 -0.142832708798353E+003
  0.172110597449846E+001  0.199671407969618E+001  0.468008265471167E+000  0.497904295073541E+000 -0.131028262406404E+000 -0.142832369978707E+003 -0.142832369978707E+003
  0.171538679140351E+001  0.199797227351069E+001  0.582378411382556E+000  0.498397683963576E+000 -0.131028262406404E+000 -0.142828059403777E+003 -0.142828059403777E+003
  0.167844385436778E+001  0.199599880688914E+001  0.362110548632904E+000  0.498129722689988E+000 -0.131028262406404E+000 -0.142831083086190E+003 -0.142831083086190E+003
  0.168480758394404E+001  0.199823334340920E+001  0.769051587245034E+000  0.499927861193784E+000 -0.131028262406404E+000 -0.142821939157482E+003 -0.142821939157482E+003
  0.169470497504631E+001  0.199947776790680E+001  0.743968246209513E+000  0.498958286683764E+000 -0.131028262406404E+000 -0.142822422519318E+003 -0.142822422519318E+003
  0.173749263510955E+001  0.199938956672576E+001  0.679214603322366E+000  0.499015861543429E+000 -0.131028262406404E+000 -0.142827086228297E+003 -0.142827086228297E+003
  0.168946578014989E+001  0.199393909672575E+001  0.282207074005287E+000  0.498808828326193E+000 -0.131028262406404E+000 -0.142832905765320E+003 -0.142832905765320E+003
  0.173917758177640E+001  0.199870588278333E+001  0.221384176014825E+000  0.498537365995363E+000 -0.131028262406404E+000 -0.142829883783146E+003 -0.142829883783146E+003
  0.173004786309434E+001  0.199875534353621E+001  0.903524683628208E+000  0.498023254381120E+000 -0.131028262406404E+000 -0.142829415293801E+003 -0.142829415293801E+003
  0.169090437482045E+001  0.199901665692749E+001  0.327408417652481E+000  0.496734710554411E+000 -0.131028262406404E+000 -0.142829295809762E+003 -0.142829295809762E+003
  0.174377693314584E+001  0.199971802892815E+001  0.380724793491259E+000  0.498474128330720E+000 -0.131028262406404E+000 -0.142828975332120E+003 -0.142828975332120E+003
  0.173767624625061E+001  0.199934226027946E+001  0.681546992946606E+000  0.498972084390448E+000 -0.131028262406404E+000 -0.142827317624179E+003 -0.142827317624179E+003
  0.167698891487635E+001  0.199755956118926E+001  0.999663171877463E-002  0.499960650623822E+000 -0.131028262406404E+000 -0.142823189011234E+003 -0.142823189011234E+003
  0.171368305012787E+001  0.199932483969114E+001  0.868314554605656E+000  0.496954000407229E+000 -0.131028262406404E+000 -0.142829058238533E+003 -0.142829058238533E+003
  0.170649226196236E+001  0.199732561497533E+001  0.799151807070445E+000  0.499128080815225E+000 -0.131028262406404E+000 -0.142826586966048E+003 -0.142826586966048E+003
  0.168346415055157E+001  0.199797129955429E+001  0.675586982883499E+000  0.498480950178576E+000 -0.131028262406404E+000 -0.142826417391001E+003 -0.142826417391001E+003
  0.169646087660846E+001  0.199616341193191E+001  0.648683574697077E+000  0.499389643091661E+000 -0.131028262406404E+000 -0.142827453604771E+003 -0.142827453604771E+003
  0.163629078422910E+001  0.199951312262646E+001  0.107717682855691E+000  0.498360202406281E+000 -0.131028262406404E+000 -0.142829255869239E+003 -0.142829255869239E+003
  0.171507043338051E+001  0.199640877888686E+001  0.697191506969621E+000  0.499313859295619E+000 -0.131028262406404E+000 -0.142828684680214E+003 -0.142828684680214E+003
  0.166918685667270E+001  0.199933808067855E+001  0.253896198926767E+000  0.496971139332961E+000 -0.131028262406404E+000 -0.142829018031672E+003 -0.142829018031672E+003
  0.168738906523638E+001  0.199777687565225E+001  0.232967106985534E+000  0.496864687838553E+000 -0.131028262406404E+000 -0.142831207576392E+003 -0.142831207576392E+003
  0.168855279477566E+001  0.199559267810890E+001  0.634518624205882E+000  0.498577576279447E+000 -0.131028262406404E+000 -0.142830470725150E+003 -0.142830470725150E+003
  0.167960008554694E+001  0.199778528728578E+001  0.233774179718348E+000  0.498170531565126E+000 -0.131028262406404E+000 -0.142827715499977E+003 -0.142827715499977E+003
  0.172582176992790E+001  0.199621723659662E+001  0.750518287546775E-001  0.499828505458976E+000 -0.131028262406404E+000 -0.142829274750497E+003 -0.142829274750497E+003
  0.172183101865983E+001  0.199533081618776E+001  0.297354538346063E-001  0.499615311369311E+000 -0.131028262406404E+000 -0.142830900446931E+003 -0.142830900446931E+003
  0.171999049419167E+001  0.199568376822079E+001  0.936736033649938E+000  0.499700769515700E+000 -0.131028262406404E+000 -0.142829743199470E+003 -0.142829743199470E+003
  0.168598227485962E+001  0.199850334114251E+001  0.169444522716048E+000  0.499637044076609E+000 -0.131028262406404E+000 -0.142822243597330E+003 -0.142822243597330E+003
  0.162696518960121E+001  0.199964951884607E+001  0.258314113527447E-001  0.499046606684023E+000 -0.131028262406404E+000 -0.142828906103626E+003 -0.142828906103626E+003
  0.174462864945876E+001  0.199919549822278E+001  0.372052083010715E-001  0.498502437736070E+000 -0.131028262406404E+000 -0.142830120879750E+003 -0.142830120879750E+003
  0.168119543559457E+001  0.199887729171581E+001  0.162412354472480E+000  0.497622094220961E+000 -0.131028262406404E+000 -0.142827248045151E+003 -0.142827248045151E+003
  0.174200490886318E+001  0.199997325612983E+001  0.333059382447783E+000  0.499766461318418E+000 -0.131028262406404E+000 -0.142825089973137E+003 -0.142825089973137E+003
  0.175288987317107E+001  0.199914317058889E+001  0.971222884931566E+000  0.499460710946170E+000 -0.131028262406404E+000 -0.142829978715005E+003 -0.142829978715005E+003
  0.163259791157129E+001  0.199703646317846E+001  0.849782433356108E+000  0.499274101941762E+000 -0.131028262406404E+000 -0.142831303566553E+003 -0.142831303566553E+003
  0.165037017019338E+001  0.199952923040456E+001  0.217777904906248E-001  0.498859200307971E+000 -0.131028262406404E+000 -0.142825252739262E+003 -0.142825252739262E+003
  0.168056105336212E+001  0.199636930606479E+001  0.241963757528164E+000  0.497437224729017E+000 -0.131028262406404E+000 -0.142832294746518E+003 -0.142832294746518E+003
  0.170193065731927E+001  0.199923670570148E+001  0.391743724806306E+000  0.496448428541667E+000 -0.131028262406404E+000 -0.142829854953011E+003 -0.142829854953011E+003
  0.170649224500164E+001  0.199360023446528E+001  0.684845086478759E+000  0.499630426131162E+000 -0.131028262406404E+000 -0.142832347819578E+003 -0.142832347819578E+003
  0.164088693567637E+001  0.199795176051660E+001  0.393752820578325E-001  0.499936844943431E+000 -0.131028262406404E+000 -0.142826169410242E+003 -0.142826169410242E+003
  0.166722247059871E+001  0.199992904208551E+001  0.640054306441720E+000  0.497193480856295E+000 -0.131028262406404E+000 -0.142827510136557E+003 -0.142827510136557E+003
  0.167291080548357E+001  0.199945474541823E+001  0.354171911054345E+000  0.497638546641662E+000 -0.131028262406404E+000 -0.142826592154461E+003 -0.142826592154461E+003
  0.170380366946423E+001  0.199788057707493E+001  0.137928612800355E-001  0.496304466336086E+000 -0.131028262406404E+000 -0.142832820339758E+003 -0.142832820339758E+003
  0.165495969438959E+001  0.199448000143486E+001  0.752386058698766E+000  0.499048605786013E+000 -0.131028262406404E+000 -0.142832839188480E+003 -0.142832839188480E+003
  0.173925898631682E+001  0.199882904400184E+001  0.970531795859546E+000  0.497828188349055E+000 -0.131028262406404E+000 -0.142831339270001E+003 -0.142831339270001E+003
  0.171506670216578E+001  0.199959578829951E+001  0.577062963854115E+000  0.499268853471524E+000 -0.131028262406404E+000 -0.142822735916252E+003 -0.142822735916252E+003
  0.161652085378788E+001  0.199973344710511E+001  0.606442063522632E+000  0.499488225018391E+000 -0.131028262406404E+000 -0.142829995373419E+003 -0.142829995373419E+003
  0.165910092301837E+001  0.199685923512674E+001  0.640660152331875E+000  0.499680367096217E+000 -0.131028262406404E+000 -0.142826377974223E+003 -0.142826377974223E+003
  0.165729035514857E+001  0.199397426401467E+001  0.471047309733260E+000  0.499844033392580E+000 -0.131028262406404E+000 -0.142831156675877E+003 -0.142831156675877E+003
  0.173648372562638E+001  0.199932982954659E+001  0.728902307053409E+000  0.497730966153029E+000 -0.131028262406404E+000 -0.142830084870053E+003 -0.142830084870053E+003
  0.167979847432600E+001  0.199557139156393E+001  0.148880158830358E-002  0.498425095060089E+000 -0.131028262406404E+000 -0.142830989834610E+003 -0.142830989834610E+003
  0.168870945963856E+001  0.199999470438908E+001  0.164238971555765E-001  0.496186560725135E+000 -0.131028262406404E+000 -0.142829083503273E+003 -0.142829083503273E+003
  0.171376903112139E+001  0.199945910985964E+001  0.188387188795832E+000  0.496461132353301E+000 -0.131028262406404E+000 -0.142830097067727E+003 -0.142830097067727E+003
  0.169082580870143E+001  0.199846344135432E+001  0.671223747889359E+000  0.499161797828308E+000 -0.131028262406404E+000 -0.142823649540886E+003 -0.142823649540886E+003
  0.171393698683500E+001  0.199848569151576E+001  0.188258323249361E+000  0.498107847601666E+000 -0.131028262406404E+000 -0.142827681678429E+003 -0.142827681678429E+003
  0.169947139706699E+001  0.199939247583383E+001  0.556674362162808E+000  0.496446699744396E+000 -0.131028262406404E+000 -0.142829497713460E+003 -0.142829497713460E+003
  0.171910412791987E+001  0.199473020999392E+001  0.888947733780835E+000  0.499499540595048E+000 -0.131028262406404E+000 -0.142831960508865E+003 -0.142831960508865E+003
  0.173853662579686E+001  0.199757077358630E+001  0.281141843053384E+000  0.499117074229358E+000 -0.131028262406404E+000 -0.142830624351105E+003 -0.142830624351105E+003
  0.175005203230869E+001  0.199846195185961E+001  0.225283717233727E+000  0.499146794822458E+000 -0.131028262406404E+000 -0.142831343314408E+003 -0.142831343314408E+003
  0.167259554360976E+001  0.199487684078476E+001  0.848999419632213E+000  0.499522187372427E+000 -0.131028262406404E+000 -0.142829408406384E+003 -0.142829408406384E+003
  0.170324810873944E+001  0.199783241133055E+001  0.874724411789603E+000  0.498521654182105E+000 -0.131028262406404E+000 -0.142826995913850E+003 -0.142826995913850E+003
  0.164405321703700E+001  0.199868835049703E+001  0.993349384221788E+000  0.499252339631148E+000 -0.131028262406404E+000 -0.142826472543371E+003 -0.142826472543371E+003
  0.165656363116599E+001  0.199503577170467E+001  0.219757632772801E+000  0.499954400903367E+000 -0.131028262406404E+000 -0.142829034911610E+003 -0.142829034911610E+003
  0.176334348015947E+001  0.199985373052255E+001  0.800197202821279E+000  0.499891740989652E+000 -0.131028262406404E+000 -0.142830474551358E+003 -0.142830474551358E+003
  0.170145052291391E+001  0.199952045148274E+001  0.642714207914085E+000  0.497344171422623E+000 -0.131028262406404E+000 -0.142826905888550E+003 -0.142826905888550E+003
  0.165335145582638E+001  0.199602868553893E+001  0.558971187520501E+000  0.498478981990025E+000 -0.131028262406404E+000 -0.142832017748151E+003 -0.142832017748151E+003
  0.166650833431806E+001  0.199850848206487E+001  0.979759026956694E+000  0.497626252357592E+000 -0.131028262406404E+000 -0.142828790868327E+003 -0.142828790868327E+003
  0.166573325911794E+001  0.199979057642569E+001  0.822519513392500E+000  0.498151064307865E+000 -0.131028262406404E+000 -0.142825084749885E+003 -0.142825084749885E+003
  0.166468989621571E+001  0.199901047877035E+001  0.196061074935644E+000  0.496566665898258E+000 -0.131028262406404E+000 -0.142831207056387E+003 -0.142831207056387E+003
  0.163052582904394E+001  0.199760589309378E+001  0.155300676244572E+000  0.499383213732960E+000 -0.131028262406404E+000 -0.142830441200976E+003 -0.142830441200976E+003
  0.170008938940339E+001  0.199510954499017E+001  0.345958994284966E+000  0.499104642752349E+000 -0.131028262406404E+000 -0.142830365324098E+003 -0.142830365324098E+003
  0.172686504065901E+001  0.199987012574021E+001  0.395919905818612E+000  0.497867379693601E+000 -0.131028262406404E+000 -0.142827182644223E+003 -0.142827182644223E+003
  0.172387029203791E+001  0.199783422236151E+001  0.765238816523989E-004  0.498790284169904E+000 -0.131028262406404E+000 -0.142828386434756E+003 -0.142828386434756E+003
  0.170815600994382E+001  0.199936471137420E+001  0.737205287407898E+000  0.498559106602410E+000 -0.131028262406404E+000 -0.142824368958863E+003 -0.142824368958863E+003
  0.164732451616565E+001  0.199627872718352E+001  0.401185634101539E+000  0.498471862758686E+000 -0.131028262406404E+000 -0.142832442561179E+003 -0.142832442561179E+003
  0.165514838079860E+001  0.199860162830995E+001  0.453228096818694E+000  0.499902244643556E+000 -0.131028262406404E+000 -0.142823113078814E+003 -0.142823113078814E+003
  0.164258565299592E+001  0.199869248773111E+001  0.650866852185999E+000  0.497928340396348E+000 -0.131028262406404E+000 -0.142830771883579E+003 -0.142830771883579E+003
  0.166546633789415E+001  0.199687615937549E+001  0.791091723474725E+000  0.498902025249674E+000 -0.131028262406404E+000 -0.142828043107193E+003 -0.142828043107193E+003
  0.168430771486329E+001  0.199497803639661E+001  0.278745685696770E+000  0.499737553504838E+000 -0.131028262406404E+000 -0.142828406971411E+003 -0.142828406971411E+003
  0.166302601558153E+001  0.199909580593144E+001  0.367183205478981E+000  0.499357940553887E+000 -0.131028262406404E+000 -0.142823026359272E+003 -0.142823026359272E+003
  0.165413559945325E+001  0.199976795076356E+001  0.870941908119980E+000  0.499752133712887E+000 -0.131028262406404E+000 -0.142821663446949E+003 -0.142821663446949E+003
  0.161267784062113E+001  0.199868388233029E+001  0.838828250417869E+000  0.499816594050823E+000 -0.131028262406404E+000 -0.142831695135381E+003 -0.142831695135381E+003
  0.168740582097043E+001  0.199917154280727E+001  0.981986178929420E+000  0.496171275848773E+000 -0.131028262406404E+000 -0.142830631255258E+003 -0.142830631255258E+003
  0.166849064980105E+001  0.199765263073439E+001  0.478181403142368E+000  0.499055146116903E+000 -0.131028262406404E+000 -0.142826003906434E+003 -0.142826003906434E+003
  0.166253781569249E+001  0.199884386414991E+001  0.686995253662831E+000  0.499627367224943E+000 -0.131028262406404E+000 -0.142822728051478E+003 -0.142822728051478E+003
  0.172177889058543E+001  0.199692876950721E+001  0.461395856419182E+000  0.498967731222431E+000 -0.131028262406404E+000 -0.142829399477822E+003 -0.142829399477822E+003
  0.171981497297765E+001  0.199792706801014E+001  0.390509565964965E+000  0.499254867650449E+000 -0.131028262406404E+000 -0.142826507392087E+003 -0.142826507392087E+003
  0.165888254580703E+001  0.199649502516905E+001  0.165959254938548E+000  0.499816848806533E+000 -0.131028262406404E+000 -0.142826640531303E+003 -0.142826640531303E+003
  0.173292816241030E+001  0.199931688750543E+001  0.107046298856392E+000  0.499452915339611E+000 -0.131028262406404E+000 -0.142825347084376E+003 -0.142825347084376E+003
  0.164203192690827E+001  0.199875032596855E+001  0.703346114285532E+000  0.499657965838381E+000 -0.131028262406404E+000 -0.142825469178591E+003 -0.142825469178591E+003
  0.169969555093674E+001  0.199508615162747E+001  0.434316179314866E+000  0.498192131942624E+000 -0.131028262406404E+000 -0.142832792008289E+003 -0.142832792008289E+003
  0.165602758376023E+001  0.199903827982004E+001  0.286460208062476E+000  0.498052029790529E+000 -0.131028262406404E+000 -0.142827746610962E+003 -0.142827746610962E+003
  0.170710064877952E+001  0.199678087316855E+001  0.941166458453276E-002  0.497837782784240E+000 -0.131028262406404E+000 -0.142831011910632E+003 -0.142831011910632E+003
  0.169860300585784E+001  0.199510141680888E+001  0.398065795989888E+000  0.498945007557605E+000 -0.131028262406404E+000 -0.142830716317793E+003 -0.142830716317793E+003
  0.169875325982789E+001  0.199875963522519E+001  0.184058826314218E+000  0.497835014497640E+000 -0.131028262406404E+000 -0.142826888520831E+003 -0.142826888520831E+003
  0.170584813964009E+001  0.199487407415723E+001  0.568112855231653E+000  0.498871373755638E+000 -0.131028262406404E+000 -0.142831823396083E+003 -0.142831823396083E+003
  0.168417793845334E+001  0.199414500317656E+001  0.777216606042730E+000  0.499457155700714E+000 -0.131028262406404E+000 -0.142830701260748E+003 -0.142830701260748E+003
  0.170855486266573E+001  0.199993199795141E+001  0.673140383654025E+000  0.497625087048489E+000 -0.131028262406404E+000 -0.142825781239853E+003 -0.142825781239853E+003
  0.163171337638203E+001  0.199609040825244E+001  0.987261252008976E-001  0.499483345179573E+000 -0.131028262406404E+000 -0.142832423076756E+003 -0.142832423076756E+003
  0.171434533049502E+001  0.199582576208541E+001  0.957299664007118E+000  0.499251219664590E+000 -0.131028262406404E+000 -0.142829873855357E+003 -0.142829873855357E+003
  0.172856481637540E+001  0.199830146110704E+001  0.561060423970070E+000  0.499640262953226E+000 -0.131028262406404E+000 -0.142826124981187E+003 -0.142826124981187E+003
  0.164891405458291E+001  0.199925996882675E+001  0.117464866498716E+000  0.498654912189693E+000 -0.131028262406404E+000 -0.142826545163820E+003 -0.142826545163820E+003
  0.171267043931464E+001  0.199884811150102E+001  0.851573959572708E+000  0.495762283699199E+000 -0.131028262406404E+000 -0.142832985392521E+003 -0.142832985392521E+003
  0.166071741705392E+001  0.199753981152564E+001  0.774373606124288E+000  0.499086700852054E+000 -0.131028262406404E+000 -0.142826760765868E+003 -0.142826760765868E+003
  0.166548710808987E+001  0.199636117712632E+001  0.890617417933797E+000  0.497532073183412E+000 -0.131028262406404E+000 -0.142832928528297E+003 -0.142832928528297E+003
  0.170709242792026E+001  0.199894557980609E+001  0.467444986477491E+000  0.499288799904550E+000 -0.131028262406404E+000 -0.142823176450351E+003 -0.142823176450351E+003
  0.169242126453540E+001  0.199718800594336E+001  0.461727544983819E+000  0.497347214972331E+000 -0.131028262406404E+000 -0.142830946375796E+003 -0.142830946375796E+003
  0.168740896187930E+001  0.199672551384112E+001  0.125323131809009E+000  0.497029363120567E+000 -0.131028262406404E+000 -0.142832656036876E+003 -0.142832656036876E+003
  0.165243831702492E+001  0.199555230259061E+001  0.661483719594250E+000  0.499821023663556E+000 -0.131028262406404E+000 -0.142828977149116E+003 -0.142828977149116E+003
  0.166076684844470E+001  0.199914882820295E+001  0.204225857113043E+000  0.497168788212218E+000 -0.131028262406404E+000 -0.142829612803616E+003 -0.142829612803616E+003
  0.165177905737921E+001  0.199673967995224E+001  0.232184042805276E-001  0.498964071196798E+000 -0.131028262406404E+000 -0.142829541593607E+003 -0.142829541593607E+003
  0.169237436270911E+001  0.199971851343656E+001  0.615024274668746E+000  0.497736600252018E+000 -0.131028262406404E+000 -0.142825264782179E+003 -0.142825264782179E+003
  0.164179459239619E+001  0.199553170817896E+001  0.586612285041493E+000  0.499825222791592E+000 -0.131028262406404E+000 -0.142830490509380E+003 -0.142830490509380E+003
  0.172607465758629E+001  0.199856862343013E+001  0.718318941278611E-001  0.499094971747846E+000 -0.131028262406404E+000 -0.142826543071416E+003 -0.142826543071416E+003
  0.163791499037663E+001  0.199957382220512E+001  0.386483786815849E+000  0.497918289515510E+000 -0.131028262406404E+000 -0.142830206680406E+003 -0.142830206680406E+003
  0.170695241752498E+001  0.199890132373019E+001  0.925291853829833E+000  0.497629483952834E+000 -0.131028262406404E+000 -0.142827582525168E+003 -0.142827582525168E+003
  0.170536723624855E+001  0.199805899560588E+001  0.794821093358130E+000  0.498681951246722E+000 -0.131028262406404E+000 -0.142826289316323E+003 -0.142826289316323E+003
  0.171131412094117E+001  0.199641447846814E+001  0.628085978606231E+000  0.498402933145743E+000 -0.131028262406404E+000 -0.142830592838011E+003 -0.142830592838011E+003
  0.164602084487226E+001  0.199455810971950E+001  0.409077138359527E+000  0.499692033771135E+000 -0.131028262406404E+000 -0.142831929617578E+003 -0.142831929617578E+003
  0.173197020116805E+001  0.199988078910027E+001  0.937154680174709E+000  0.496961413186945E+000 -0.131028262406404E+000 -0.142830147937972E+003 -0.142830147937972E+003
  0.170175748327372E+001  0.199735111691174E+001  0.821195930315658E+000  0.498248743454603E+000 -0.131028262406404E+000 -0.142828527471832E+003 -0.142828527471832E+003
  0.164135831003425E+001  0.199992241260707E+001  0.142882184930860E-001  0.499605714470714E+000 -0.131028262406404E+000 -0.142823762302585E+003 -0.142823762302585E+003
  0.174585478795430E+001  0.199635620693125E+001  0.407727891991758E+000  0.499811267004451E+000 -0.131028262406404E+000 -0.142833045984578E+003 -0.142833045984578E+003
  0.166356930054083E+001  0.199409590762527E+001  0.713348740904381E+000  0.499848566693107E+000 -0.131028262406404E+000 -0.142830397963014E+003 -0.142830397963014E+003
  0.176027709978053E+001  0.199910570051364E+001  0.947980016816111E+000  0.499501378262487E+000 -0.131028262406404E+000 -0.142831950395084E+003 -0.142831950395084E+003
  0.163459411529105E+001  0.199903231046630E+001  0.315820267027875E+000  0.499676820669966E+000 -0.131028262406404E+000 -0.142826305333069E+003 -0.142826305333069E+003
  0.169789434356625E+001  0.199676904212930E+001  0.984600696606115E+000  0.499832048316198E+000 -0.131028262406404E+000 -0.142825226343424E+003 -0.142825226343424E+003
  0.175839366782945E+001  0.199966204330321E+001  0.322216108561553E+000  0.498582800260884E+000 -0.131028262406404E+000 -0.142832324797568E+003 -0.142832324797568E+003
  0.174023167916473E+001  0.199858033317199E+001  0.494132180575504E+000  0.498695146570219E+000 -0.131028262406404E+000 -0.142829968014931E+003 -0.142829968014931E+003
  0.165893648389448E+001  0.199716944816667E+001  0.594266240379701E+000  0.499029869689629E+000 -0.131028262406404E+000 -0.142827755728772E+003 -0.142827755728772E+003
  0.170202936170338E+001  0.199845783764720E+001  0.517647449481063E+000  0.499482280034796E+000 -0.131028262406404E+000 -0.142823232691182E+003 -0.142823232691182E+003
  0.162501307235114E+001  0.199982829492039E+001  0.616852860668273E+000  0.498606192037808E+000 -0.131028262406404E+000 -0.142830480171839E+003 -0.142830480171839E+003
  0.175630067908832E+001  0.199967932940319E+001  0.733122784288579E+000  0.499792117105963E+000 -0.131028262406404E+000 -0.142829056618584E+003 -0.142829056618584E+003
  0.171142073643516E+001  0.199732669417291E+001  0.645440907402354E+000  0.497871115159524E+000 -0.131028262406404E+000 -0.142830246107067E+003 -0.142830246107067E+003
  0.171540269113507E+001  0.199974219782707E+001  0.176298405122879E+000  0.496641738921155E+000 -0.131028262406404E+000 -0.142829233802040E+003 -0.142829233802040E+003
  0.165121463044717E+001  0.199861143235153E+001  0.466988202208159E+000  0.496889055280068E+000 -0.131028262406404E+000 -0.142832661305131E+003 -0.142832661305131E+003
  0.171281564998973E+001  0.199851003745111E+001  0.270576382841017E+000  0.496836514159754E+000 -0.131028262406404E+000 -0.142830819803892E+003 -0.142830819803892E+003
  0.170182936760563E+001  0.199695827689095E+001  0.427533727317067E+000  0.498124031524716E+000 -0.131028262406404E+000 -0.142829592743105E+003 -0.142829592743105E+003
  0.170255167567036E+001  0.199701564561692E+001  0.551916880925807E+000  0.499579508520250E+000 -0.131028262406404E+000 -0.142825707202153E+003 -0.142825707202153E+003
  0.173826859440058E+001  0.199605405689971E+001  0.804341264721976E+000  0.499862753832159E+000 -0.131028262406404E+000 -0.142831828976767E+003 -0.142831828976767E+003
  0.172032127153262E+001  0.199867054673724E+001  0.646379162206834E+000  0.497937912605017E+000 -0.131028262406404E+000 -0.142828450151432E+003 -0.142828450151432E+003
  0.172418043312984E+001  0.199915658920302E+001  0.227347642536767E+000  0.497783369212882E+000 -0.131028262406404E+000 -0.142828393201608E+003 -0.142828393201608E+003
  0.166833581605486E+001  0.199863675628524E+001  0.614469652842257E+000  0.496051728676438E+000 -0.131028262406404E+000 -0.142833017136521E+003 -0.142833017136521E+003
  0.167864944027070E+001  0.199735128891670E+001  0.804865935468824E+000  0.496919169305126E+000 -0.131028262406404E+000 -0.142832068394167E+003 -0.142832068394167E+003
  0.170984205370939E+001  0.199949603742676E+001  0.178579561989384E+000  0.499196205075113E+000 -0.131028262406404E+000 -0.142822608005830E+003 -0.142822608005830E+003
  0.172636092308570E+001  0.199643961896715E+001  0.393455006560882E+000  0.498208744582672E+000 -0.131028262406404E+000 -0.142832874213459E+003 -0.142832874213459E+003
  0.168957051495474E+001  0.199605217753593E+001  0.481586880388556E+000  0.498517519129799E+000 -0.131028262406404E+000 -0.142829802194092E+003 -0.142829802194092E+003
  0.169867822232002E+001  0.199573224384740E+001  0.270740053608733E+000  0.499899386714366E+000 -0.131028262406404E+000 -0.142827030160771E+003 -0.142827030160771E+003
  0.167196584306443E+001  0.199973067911203E+001  0.619820165092732E+000  0.498875072126072E+000 -0.131028262406404E+000 -0.142822614272307E+003 -0.142822614272307E+003
  0.163369437156214E+001  0.199806728682806E+001  0.473132864992732E+000  0.499210765153319E+000 -0.131028262406404E+000 -0.142829549339042E+003 -0.142829549339042E+003
  0.165243719167037E+001  0.199777278566268E+001  0.133605844935930E+000  0.497891775778076E+000 -0.131028262406404E+000 -0.142830884097285E+003 -0.142830884097285E+003
  0.166616295564892E+001  0.199750111341686E+001  0.776557606044538E+000  0.496804167421576E+000 -0.131028262406404E+000 -0.142832994946865E+003 -0.142832994946865E+003
  0.163815788910229E+001  0.199753730432550E+001  0.621240428865455E+000  0.499450457993995E+000 -0.131028262406404E+000 -0.142828840705729E+003 -0.142828840705729E+003
  0.170374890483921E+001  0.199933456727143E+001  0.602806941512143E+000  0.498602009456153E+000 -0.131028262406404E+000 -0.142824018606405E+003 -0.142824018606405E+003
  0.167464222211201E+001  0.199687417951323E+001  0.541971175341327E+000  0.497129937400240E+000 -0.131028262406404E+000 -0.142832521116136E+003 -0.142832521116136E+003
  0.164175024992464E+001  0.199696664735618E+001  0.569181704346004E+000  0.499265234764529E+000 -0.131028262406404E+000 -0.142829746002719E+003 -0.142829746002719E+003
  0.170971666194438E+001  0.199689962988879E+001  0.973090378874575E+000  0.499494173743918E+000 -0.131028262406404E+000 -0.142826729305834E+003 -0.142826729305834E+003
  0.164007882957029E+001  0.199602729824258E+001  0.548081316360144E+000  0.499853117267645E+000 -0.131028262406404E+000 -0.142829839578259E+003 -0.142829839578259E+003
  0.171767353643192E+001  0.199715537641690E+001  0.362023778427631E+000  0.499372723414701E+000 -0.131028262406404E+000 -0.142827420527037E+003 -0.142827420527037E+003
  0.167355302554230E+001  0.199876450533500E+001  0.436764687631652E+000  0.496882331397825E+000 -0.131028262406404E+000 -0.142829949202162E+003 -0.142829949202162E+003
  0.174320314756199E+001  0.199786429267383E+001  0.830440019572493E+000  0.499664942320280E+000 -0.131028262406404E+000 -0.142829759183950E+003 -0.142829759183950E+003
  0.171541409690283E+001  0.199937328338066E+001  0.640030097711988E+000  0.497117832767614E+000 -0.131028262406404E+000 -0.142828695425144E+003 -0.142828695425144E+003
  0.173374819273937E+001  0.199742281187012E+001  0.784568726810903E+000  0.499364660390780E+000 -0.131028262406404E+000 -0.142829405972015E+003 -0.142829405972015E+003
  0.165340282456993E+001  0.199778658586820E+001  0.720604122613852E+000  0.499372345887515E+000 -0.131028262406404E+000 -0.142826305788569E+003 -0.142826305788569E+003
  0.170887411526212E+001  0.199679069322330E+001  0.600266099986141E+000  0.499956549775559E+000 -0.131028262406404E+000 -0.142825675232123E+003 -0.142825675232123E+003
  0.166560072714372E+001  0.199979212186520E+001  0.302976194364596E-001  0.497150876332436E+000 -0.131028262406404E+000 -0.142828029889291E+003 -0.142828029889291E+003
  0.168268875932885E+001  0.199995122286027E+001  0.712079768733058E-001  0.497309555480084E+000 -0.131028262406404E+000 -0.142826158644380E+003 -0.142826158644380E+003
  0.166150877546755E+001  0.199891239406046E+001  0.910459271168702E+000  0.497866999768180E+000 -0.131028262406404E+000 -0.142827869958773E+003 -0.142827869958773E+003
  0.167492530732969E+001  0.199559022298225E+001  0.785033909633170E+000  0.499264786912452E+000 -0.131028262406404E+000 -0.142828754072918E+003 -0.142828754072918E+003
  0.162798734014116E+001  0.199864555441259E+001  0.873332387886648E+000  0.499119377445346E+000 -0.131028262406404E+000 -0.142830098324600E+003 -0.142830098324600E+003
  0.165251475918099E+001  0.199867284640137E+001  0.990114300258523E+000  0.499015847584953E+000 -0.131028262406404E+000 -0.142825953125361E+003 -0.142825953125361E+003
  0.168305713894373E+001  0.199844085104345E+001  0.896241175352169E+000  0.499284067507617E+000 -0.131028262406404E+000 -0.142823347808805E+003 -0.142823347808805E+003
  0.165796292513187E+001  0.199880680554552E+001  0.476642074082216E+000  0.496513466150299E+000 -0.131028262406404E+000 -0.142832508119402E+003 -0.142832508119402E+003
  0.173779389400167E+001  0.199669362365674E+001  0.483024132143861E+000  0.499008187318408E+000 -0.131028262406404E+000 -0.142832461125105E+003 -0.142832461125105E+003
  0.169147307211879E+001  0.199874889330165E+001  0.310622459938230E-001  0.497540239657937E+000 -0.131028262406404E+000 -0.142827561082429E+003 -0.142827561082429E+003
  0.170764725761037E+001  0.199764222446349E+001  0.872276835695240E+000  0.497455966867767E+000 -0.131028262406404E+000 -0.142830435452006E+003 -0.142830435452006E+003
  0.162891852685868E+001  0.199730303916125E+001  0.439847358045724E+000  0.498867893910952E+000 -0.131028262406404E+000 -0.142832910581388E+003 -0.142832910581388E+003
  0.175590799906795E+001  0.199925658006972E+001  0.577715236460777E+000  0.499766476045303E+000 -0.131028262406404E+000 -0.142829860069693E+003 -0.142829860069693E+003
  0.169820767517226E+001  0.199512785981503E+001  0.412844790717422E+000  0.498964930768893E+000 -0.131028262406404E+000 -0.142830593518098E+003 -0.142830593518098E+003
  0.167470677048124E+001  0.199867473256451E+001  0.964865935201342E+000  0.499555874575499E+000 -0.131028262406404E+000 -0.142822408815015E+003 -0.142822408815015E+003
  0.165785556888245E+001  0.199690504557403E+001  0.951159609660701E+000  0.498598640099437E+000 -0.131028262406404E+000 -0.142829603109412E+003 -0.142829603109412E+003
  0.164461655335931E+001  0.199740004007206E+001  0.180152904307914E+000  0.499870938173439E+000 -0.131028262406404E+000 -0.142826705824501E+003 -0.142826705824501E+003
  0.170168189575857E+001  0.199698091442812E+001  0.348262664887104E+000  0.497474179093763E+000 -0.131028262406404E+000 -0.142831266946100E+003 -0.142831266946100E+003
  0.170181499353619E+001  0.199476691540166E+001  0.202705617066052E+000  0.499521718399086E+000 -0.131028262406404E+000 -0.142830033230567E+003 -0.142830033230567E+003
  0.162864277709001E+001  0.199993176244528E+001  0.262552756797861E+000  0.499189720097573E+000 -0.131028262406404E+000 -0.142827601464599E+003 -0.142827601464599E+003
  0.160578689057401E+001  0.199957821977503E+001  0.323582258572474E+000  0.499681382107093E+000 -0.131028262406404E+000 -0.142832740651753E+003 -0.142832740651753E+003
  0.168403666107088E+001  0.199524523395586E+001  0.310159648180483E+000  0.499291653706667E+000 -0.131028262406404E+000 -0.142829135008428E+003 -0.142829135008428E+003
  0.172855281641525E+001  0.199773032024900E+001  0.417865418118245E+000  0.499922937598995E+000 -0.131028262406404E+000 -0.142826551574965E+003 -0.142826551574965E+003
  0.164735759890544E+001  0.199768038149366E+001  0.930666686073271E+000  0.498740420188054E+000 -0.131028262406404E+000 -0.142829221833124E+003 -0.142829221833124E+003
  0.166027043029607E+001  0.199729672940586E+001  0.323963587485389E+000  0.498684754786596E+000 -0.131028262406404E+000 -0.142828408466275E+003 -0.142828408466275E+003
  0.167220291337713E+001  0.199893726080331E+001  0.356990240856020E+000  0.496200882094442E+000 -0.131028262406404E+000 -0.142831721509117E+003 -0.142831721509117E+003
  0.162736140737955E+001  0.199632086583897E+001  0.676564563815026E+000  0.499464968257889E+000 -0.131028262406404E+000 -0.142833016487806E+003 -0.142833016487806E+003
  0.172669139990981E+001  0.199834785681312E+001  0.728750399117124E+000  0.496775663037257E+000 -0.131028262406404E+000 -0.142832792460557E+003 -0.142832792460557E+003
  0.166443910867027E+001  0.199963112857048E+001  0.993963394884386E+000  0.498718230787154E+000 -0.131028262406404E+000 -0.142823825497470E+003 -0.142823825497470E+003
  0.173424591913370E+001  0.199916433465650E+001  0.267992233082897E+000  0.499617687254032E+000 -0.131028262406404E+000 -0.142825489060563E+003 -0.142825489060563E+003
  0.167621172839454E+001  0.199598086884529E+001  0.688538262908273E+000  0.499075176034912E+000 -0.131028262406404E+000 -0.142828536014536E+003 -0.142828536014536E+003
  0.171354100355170E+001  0.199746524632018E+001  0.571460051064354E+000  0.497129382043889E+000 -0.131028262406404E+000 -0.142832089025377E+003 -0.142832089025377E+003
  0.166683373803762E+001  0.199989111558597E+001  0.921229231583530E+000  0.496296033343414E+000 -0.131028262406404E+000 -0.142830257308609E+003 -0.142830257308609E+003
  0.172386006594984E+001  0.199932825499548E+001  0.461934209483332E+000  0.498390626622879E+000 -0.131028262406404E+000 -0.142826508260262E+003 -0.142826508260262E+003
  0.166007264563736E+001  0.199878808797761E+001  0.586959835750727E-001  0.496983728536073E+000 -0.131028262406404E+000 -0.142830869450980E+003 -0.142830869450980E+003
  0.168744745704466E+001  0.199665884706381E+001  0.552040491502566E-001  0.499481309524822E+000 -0.131028262406404E+000 -0.142826043780574E+003 -0.142826043780574E+003
  0.164987063340767E+001  0.199889614165743E+001  0.592029453026750E+000  0.497675952914161E+000 -0.131028262406404E+000 -0.142829988329269E+003 -0.142829988329269E+003
  0.165535355529496E+001  0.199468494400111E+001  0.675491289506487E+000  0.499253084293673E+000 -0.131028262406404E+000 -0.142831834095719E+003 -0.142831834095719E+003
  0.170849157691359E+001  0.199952769398111E+001  0.249148379075324E+000  0.499817135553122E+000 -0.131028262406404E+000 -0.142820833607085E+003 -0.142820833607085E+003
  0.167624809215342E+001  0.199973535850618E+001  0.277776974272358E+000  0.496507644683823E+000 -0.131028262406404E+000 -0.142829140482712E+003 -0.142829140482712E+003
  0.169545111668961E+001  0.199917429920345E+001  0.377211561593061E+000  0.498105083158562E+000 -0.131028262406404E+000 -0.142825301660906E+003 -0.142825301660906E+003
  0.169413619535159E+001  0.199803929774454E+001  0.146635738566688E+000  0.498590182619525E+000 -0.131028262406404E+000 -0.142826041206497E+003 -0.142826041206497E+003
  0.162327107002858E+001  0.199930160985481E+001  0.170149740160442E+000  0.499802110521678E+000 -0.131028262406404E+000 -0.142827961858004E+003 -0.142827961858004E+003
  0.162907993670909E+001  0.199689373274617E+001  0.226326996431077E+000  0.499554277337403E+000 -0.131028262406404E+000 -0.142831405339641E+003 -0.142831405339641E+003
  0.164733353558956E+001  0.199869397607803E+001  0.199688242665679E+000  0.499710291068919E+000 -0.131028262406404E+000 -0.142824563587038E+003 -0.142824563587038E+003
  0.169044973319912E+001  0.199583612714329E+001  0.817121338693449E+000  0.499056169165615E+000 -0.131028262406404E+000 -0.142828754092099E+003 -0.142828754092099E+003
  0.167944947275195E+001  0.199956361901772E+001  0.464920593433613E+000  0.496430506005132E+000 -0.131028262406404E+000 -0.142829483647414E+003 -0.142829483647414E+003
  0.166596242386372E+001  0.199342499996408E+001  0.800830209238287E+000  0.499855453513859E+000 -0.131028262406404E+000 -0.142831418736671E+003 -0.142831418736671E+003
  0.166355984417599E+001  0.199649143923252E+001  0.804377982271835E+000  0.499696277485643E+000 -0.131028262406404E+000 -0.142826581564893E+003 -0.142826581564893E+003
  0.164804254285820E+001  0.199956049117179E+001  0.505906131556054E+000  0.497614832192812E+000 -0.131028262406404E+000 -0.142829333748325E+003 -0.142829333748325E+003
  0.169213191829290E+001  0.199720365071128E+001  0.347095631721220E+000  0.499555950710817E+000 -0.131028262406404E+000 -0.142824926821275E+003 -0.142824926821275E+003
  0.170718849183550E+001  0.199747205731969E+001  0.246241976034332E+000  0.499518811799514E+000 -0.131028262406404E+000 -0.142825358373654E+003 -0.142825358373654E+003
  0.173681548537703E+001  0.199721856349678E+001  0.881842036975154E+000  0.498801005973897E+000 -0.131028262406404E+000 -0.142831723085228E+003 -0.142831723085228E+003
  0.169991216436106E+001  0.199781159296717E+001  0.572633856997836E-001  0.497170205340762E+000 -0.131028262406404E+000 -0.142830464561238E+003 -0.142830464561238E+003
  0.169674565845493E+001  0.199938365160245E+001  0.804564090679314E+000  0.495797798183464E+000 -0.131028262406404E+000 -0.142831236813117E+003 -0.142831236813117E+003
  0.170777087326692E+001  0.199773062485765E+001  0.550125634523215E-001  0.499317152214751E+000 -0.131028262406404E+000 -0.142825440045691E+003 -0.142825440045691E+003
  0.166024200811141E+001  0.199959166396752E+001  0.580380123742805E+000  0.497126477668665E+000 -0.131028262406404E+000 -0.142829035414295E+003 -0.142829035414295E+003
  0.164089482275442E+001  0.199805553052970E+001  0.191062271718909E+000  0.498743842178384E+000 -0.131028262406404E+000 -0.142829641168971E+003 -0.142829641168971E+003
  0.169376782745283E+001  0.199873998920964E+001  0.940452208081481E-001  0.498442277501698E+000 -0.131028262406404E+000 -0.142825146979902E+003 -0.142825146979902E+003
  0.171634543027050E+001  0.199869932872660E+001  0.441566253606712E+000  0.496099548087452E+000 -0.131028262406404E+000 -0.142832682030686E+003 -0.142832682030686E+003
  0.171155626741321E+001  0.199962315868370E+001  0.744055410875911E+000  0.497170847407219E+000 -0.131028262406404E+000 -0.142827763780246E+003 -0.142827763780246E+003
  0.166572434058421E+001  0.199757935153142E+001  0.570020039926184E+000  0.497581059993610E+000 -0.131028262406404E+000 -0.142830622451507E+003 -0.142830622451507E+003
  0.167724252495592E+001  0.199928304075158E+001  0.140161819859485E+000  0.498193842047611E+000 -0.131028262406404E+000 -0.142825063945010E+003 -0.142825063945010E+003
  0.166043617106647E+001  0.199389442844898E+001  0.777775174764565E+000  0.499656473691199E+000 -0.131028262406404E+000 -0.142831556578754E+003 -0.142831556578754E+003
  0.170925679757868E+001  0.199522766401427E+001  0.604791081666995E-001  0.499185895009349E+000 -0.131028262406404E+000 -0.142830646283638E+003 -0.142830646283638E+003
  0.169072984837588E+001  0.199649531171211E+001  0.233670761155409E+000  0.498066603991528E+000 -0.131028262406404E+000 -0.142830231456531E+003 -0.142830231456531E+003
  0.164546302200888E+001  0.199996485864683E+001  0.855947686131592E+000  0.499553514540822E+000 -0.131028262406404E+000 -0.142823160171739E+003 -0.142823160171739E+003
  0.166653517609354E+001  0.199803905459184E+001  0.775379151192979E+000  0.498447980889079E+000 -0.131028262406404E+000 -0.142827220990655E+003 -0.142827220990655E+003
  0.169065995094386E+001  0.199675115999859E+001  0.560723338700490E+000  0.499054557354996E+000 -0.131028262406404E+000 -0.142827077923167E+003 -0.142827077923167E+003
  0.164299853821727E+001  0.199912305719864E+001  0.885118863969713E+000  0.498178646437509E+000 -0.131028262406404E+000 -0.142829201081112E+003 -0.142829201081112E+003
  0.163157155762004E+001  0.199609326687131E+001  0.693427383375019E-001  0.499318801079886E+000 -0.131028262406404E+000 -0.142832958736511E+003 -0.142832958736511E+003
  0.172124589388746E+001  0.199926309579382E+001  0.222439927032104E+000  0.496986097041663E+000 -0.131028262406404E+000 -0.142829839890906E+003 -0.142829839890906E+003
  0.173158198233811E+001  0.199890412390346E+001  0.684752987062264E-001  0.499420313827609E+000 -0.131028262406404E+000 -0.142825993013678E+003 -0.142825993013678E+003
  0.168119309176194E+001  0.199568200513360E+001  0.904561391528247E+000  0.499947751056342E+000 -0.131028262406404E+000 -0.142826549281058E+003 -0.142826549281058E+003
  0.170801872265645E+001  0.199990515302268E+001  0.953181725461949E+000  0.499481160695051E+000 -0.131028262406404E+000 -0.142820954003108E+003 -0.142820954003108E+003
  0.164771941487994E+001  0.199818995940561E+001  0.343114196762897E+000  0.498006876328535E+000 -0.131028262406404E+000 -0.142830520576417E+003 -0.142830520576417E+003
