  0.116178355549745E+000  0.199917218977818E+001  0.565280517672828E+000  0.496893937210989E+000 -0.131028262406404E+000 -0.142198149972358E+003 -0.142198149972358E+003 -0.142201597348316E+003
  0.117478136180778E+000  0.199545408970592E+001  0.547344336875984E+000  0.498693629372766E+000 -0.131028262406404E+000 -0.142198084049576E+003 -0.142198084049576E+003 -0.142204031221729E+003
  0.101712677744992E+000  0.199205737176047E+001  0.406277746392214E+000  0.496607479299566E+000 -0.131028262406404E+000 -0.142198770001779E+003 -0.142198770001779E+003 -0.142202853381468E+003
  0.121024774431023E+000  0.199548893592679E+001  0.570664716105938E+000  0.495893007081455E+000 -0.131028262406404E+000 -0.142198952449952E+003 -0.142198952449952E+003 -0.142200487878955E+003
  0.115677449972376E+000  0.199347927685675E+001  0.185909258277582E-001  0.491640167074912E+000 -0.131028262406404E+000 -0.142199975115716E+003 -0.142199975115716E+003 -0.142200615427400E+003
  0.115780013288949E+000  0.198037365764597E+001  0.570380296332996E+000  0.498805504351287E+000 -0.131028262406404E+000 -0.142199429725140E+003 -0.142199429725140E+003 -0.142200612929265E+003
  0.129273269003932E+000  0.198774467856089E+001  0.364528426200370E-003  0.496536215443298E+000 -0.131028262406404E+000 -0.142200161616433E+003 -0.142200161616433E+003 -0.142200721130883E+003
  0.104417804700916E+000  0.199688007607608E+001  0.568607757466994E+000  0.494110108650833E+000 -0.131028262406404E+000 -0.142198911378393E+003 -0.142198911378393E+003 -0.142200447091225E+003
  0.109387277655232E+000  0.199356142940076E+001  0.875524752848016E+000  0.494255486808928E+000 -0.131028262406404E+000 -0.142199164690665E+003 -0.142199164690665E+003 -0.142200766542491E+003
  0.112422300259331E+000  0.198260180491782E+001  0.747639592993390E+000  0.496240226629176E+000 -0.131028262406404E+000 -0.142199731580278E+003 -0.142199731580278E+003 -0.142209636811166E+003
  0.129005286771474E+000  0.199607250318958E+001  0.252727855065307E+000  0.495620110292555E+000 -0.131028262406404E+000 -0.142199502592531E+003 -0.142199502592531E+003 -0.142206337958155E+003
  0.111267480010557E+000  0.198784468601249E+001  0.576120009754747E+000  0.492524549407888E+000 -0.131028262406404E+000 -0.142200122852863E+003 -0.142200122852863E+003 -0.142206881697033E+003
  0.118594617522592E+000  0.198731863778916E+001  0.648057945201971E+000  0.497123259576121E+000 -0.131028262406404E+000 -0.142199310463584E+003 -0.142199310463584E+003 -0.142200563417788E+003
  0.119813761974570E+000  0.198933517966312E+001  0.446175161446756E+000  0.498827511284575E+000 -0.131028262406404E+000 -0.142198737359910E+003 -0.142198737359910E+003 -0.142201408997099E+003
  0.107178645256479E+000  0.196477816952136E+001  0.845035842498642E-001  0.499885082440241E+000 -0.131028262406404E+000 -0.142200351670143E+003 -0.142200351670143E+003 -0.142203580624737E+003
  0.119785949845589E+000  0.198840681111444E+001  0.804821054015708E+000  0.499763055414357E+000 -0.131028262406404E+000 -0.142198586654658E+003 -0.142198586654658E+003 -0.142204094016177E+003
  0.106710637254070E+000  0.198132041153554E+001  0.956437290762214E+000  0.493837289728562E+000 -0.131028262406404E+000 -0.142200292409110E+003 -0.142200292409110E+003 -0.142200531558051E+003
  0.121247679624435E+000  0.198536075617075E+001  0.331186642257003E+000  0.497993957202822E+000 -0.131028262406404E+000 -0.142199423613374E+003 -0.142199423613374E+003 -0.142203139906831E+003
  0.116819638633317E+000  0.199643058854618E+001  0.344209735778795E+000  0.494096389920716E+000 -0.131028262406404E+000 -0.142199131235447E+003 -0.142199131235447E+003 -0.142200962618625E+003
  0.122638181999674E+000  0.199226384911234E+001  0.635080459954895E+000  0.497543774608545E+000 -0.131028262406404E+000 -0.142198931970831E+003 -0.142198931970831E+003 -0.142200860258203E+003
  0.115242295470483E+000  0.199834517822737E+001  0.568071619501728E+000  0.493263061257452E+000 -0.131028262406404E+000 -0.142199107894868E+003 -0.142199107894868E+003 -0.142201147544749E+003
  0.123029187834290E+000  0.198174752638825E+001  0.423184220316785E+000  0.496511336287357E+000 -0.131028262406404E+000 -0.142200289839715E+003 -0.142200289839715E+003 -0.142202629674104E+003
  0.121126345255209E+000  0.199227254604775E+001  0.510352575453638E+000  0.497708901612688E+000 -0.131028262406404E+000 -0.142198803698414E+003 -0.142198803698414E+003 -0.142200631086267E+003
  0.120626299003898E+000  0.199439319072947E+001  0.915128628150913E+000  0.497522422302356E+000 -0.131028262406404E+000 -0.142198618111078E+003 -0.142198618111078E+003 -0.142205782739255E+003
  0.118462378195542E+000  0.198243544498263E+001  0.789036535392378E+000  0.494833728334163E+000 -0.131028262406404E+000 -0.142200358414250E+003 -0.142200358414250E+003 -0.142208172303634E+003
  0.103837435682510E+000  0.198333208616149E+001  0.554595732542827E+000  0.495727631938630E+000 -0.131028262406404E+000 -0.142199666452641E+003 -0.142199666452641E+003 -0.142205515901997E+003
  0.107950938405798E+000  0.198383813634327E+001  0.844606155299746E+000  0.494742022299760E+000 -0.131028262406404E+000 -0.142199878601856E+003 -0.142199878601856E+003 -0.142203885544661E+003
  0.116538913642240E+000  0.197871924403433E+001  0.493223305807199E+000  0.497361423348858E+000 -0.131028262406404E+000 -0.142199983882563E+003 -0.142199983882563E+003 -0.142200559700656E+003
  0.141102041567657E+000  0.199734581313518E+001  0.103630202917832E+000  0.499488533387297E+000 -0.131028262406404E+000 -0.142199517749771E+003 -0.142199517749771E+003 -0.142200589206987E+003
  0.100716995895086E+000  0.199707355574434E+001  0.543709631643401E-001  0.499983221719197E+000 -0.131028262406404E+000 -0.142197626407148E+003 -0.142197626407148E+003 -0.142204038077818E+003
  0.135182854531507E+000  0.198899580631172E+001  0.425689006157263E+000  0.499704495989189E+000 -0.131028262406404E+000 -0.142199737438474E+003 -0.142199737438474E+003 -0.142200647999256E+003
  0.110458406414293E+000  0.199899604995817E+001  0.635770659293532E+000  0.488346083281780E+000 -0.131028262406404E+000 -0.142200126791537E+003 -0.142200126791537E+003 -0.142206289695119E+003
  0.118332574166349E+000  0.197766950054676E+001  0.944851024806945E+000  0.497988603969194E+000 -0.131028262406404E+000 -0.142200021941391E+003 -0.142200021941391E+003 -0.142201887069788E+003
  0.120666928013849E+000  0.198266124426084E+001  0.355429196244749E+000  0.496600547660832E+000 -0.131028262406404E+000 -0.142200016740126E+003 -0.142200016740126E+003 -0.142200519145754E+003
  0.104791821242444E+000  0.199669432832156E+001  0.590303450809932E+000  0.496403501111654E+000 -0.131028262406404E+000 -0.142198389494472E+003 -0.142198389494472E+003 -0.142204759220869E+003
  0.118362772855404E+000  0.199490953230812E+001  0.734100355237687E+000  0.494545967123264E+000 -0.131028262406404E+000 -0.142199224774750E+003 -0.142199224774750E+003 -0.142201194000274E+003
  0.146480537226365E+000  0.199838751856542E+001  0.229256706462658E+000  0.499852432130418E+000 -0.131028262406404E+000 -0.142199996382851E+003 -0.142199996382851E+003 -0.142202173794400E+003
  0.118267839098358E+000  0.199891095315828E+001  0.506137621504095E+000  0.499394893814162E+000 -0.131028262406404E+000 -0.142197603424947E+003 -0.142197603424947E+003 -0.142201397533352E+003
  0.106661282455940E+000  0.196873126336165E+001  0.614574460071273E+000  0.498357172549609E+000 -0.131028262406404E+000 -0.142200343338500E+003 -0.142200343338500E+003 -0.142201061874939E+003
  0.106315076787053E+000  0.198770613027977E+001  0.793547674620550E+000  0.496075143017479E+000 -0.131028262406404E+000 -0.142199215959607E+003 -0.142199215959607E+003 -0.142207417358547E+003
  0.129207048437159E+000  0.199964061633912E+001  0.520473180727157E+000  0.493261617123583E+000 -0.131028262406404E+000 -0.142199782909270E+003 -0.142199782909270E+003 -0.142201010557917E+003
  0.134611041210626E+000  0.199968428763315E+001  0.801425291006626E+000  0.497946900317431E+000 -0.131028262406404E+000 -0.142198977898854E+003 -0.142198977898854E+003 -0.142200500798463E+003
  0.123976074738392E+000  0.199722971786795E+001  0.457907633674277E+000  0.495460007316914E+000 -0.131028262406404E+000 -0.142199062286428E+003 -0.142199062286428E+003 -0.142205672849838E+003
  0.127193820980692E+000  0.198959432020233E+001  0.887208003276264E-001  0.496218347985904E+000 -0.131028262406404E+000 -0.142199873420118E+003 -0.142199873420118E+003 -0.142202598028114E+003
  0.114304087573563E+000  0.198816337007087E+001  0.833702665261664E-001  0.499119710243170E+000 -0.131028262406404E+000 -0.142198563216116E+003 -0.142198563216116E+003 -0.142202314391243E+003
  0.102840090345295E+000  0.198260960692602E+001  0.248701001820049E-001  0.498277194674169E+000 -0.131028262406404E+000 -0.142199148152864E+003 -0.142199148152864E+003 -0.142201290173255E+003
  0.107710390889427E+000  0.198750997458449E+001  0.452784277944849E+000  0.495790028459206E+000 -0.131028262406404E+000 -0.142199308099113E+003 -0.142199308099113E+003 -0.142200374852798E+003
  0.126442525370722E+000  0.199478742211166E+001  0.864794433772861E+000  0.494630882611578E+000 -0.131028262406404E+000 -0.142199699135394E+003 -0.142199699135394E+003 -0.142202969819836E+003
  0.102331243253250E+000  0.199155509349866E+001  0.790527549010153E-001  0.494292868417789E+000 -0.131028262406404E+000 -0.142199327479601E+003 -0.142199327479601E+003 -0.142201506039327E+003
  0.107363174110479E+000  0.199382690142140E+001  0.669689238023319E+000  0.491300605218199E+000 -0.131028262406404E+000 -0.142199821903779E+003 -0.142199821903779E+003 -0.142200739321649E+003
  0.104885893918380E+000  0.199378980592055E+001  0.535444444396067E+000  0.488950401981314E+000 -0.131028262406404E+000 -0.142200356333559E+003 -0.142200356333559E+003 -0.142202054251658E+003
  0.108159713865297E+000  0.199283594414017E+001  0.555271726495820E+000  0.497043355193247E+000 -0.131028262406404E+000 -0.142198551512439E+003 -0.142198551512439E+003 -0.142208714506379E+003
  0.128867219513047E+000  0.199977868588166E+001  0.961012532200137E+000  0.492008537222651E+000 -0.131028262406404E+000 -0.142200077921217E+003 -0.142200077921217E+003 -0.142200845441360E+003
  0.119248287214255E+000  0.198979143732981E+001  0.971202344402570E+000  0.497759536481685E+000 -0.131028262406404E+000 -0.142198939300703E+003 -0.142198939300703E+003 -0.142201502910570E+003
  0.106573207093974E+000  0.199733440192078E+001  0.719572967959310E+000  0.495412398301791E+000 -0.131028262406404E+000 -0.142198554710836E+003 -0.142198554710836E+003 -0.142200739694867E+003
  0.111060869476647E+000  0.199594596940753E+001  0.330042242350365E+000  0.491438947559081E+000 -0.131028262406404E+000 -0.142199661081927E+003 -0.142199661081927E+003 -0.142202145465859E+003
  0.115114190278364E+000  0.199553611556704E+001  0.876298476502648E+000  0.498023645870421E+000 -0.131028262406404E+000 -0.142198173817271E+003 -0.142198173817271E+003 -0.142200491773284E+003
  0.103449466762608E+000  0.199722744207734E+001  0.161356577612157E-001  0.489786600111721E+000 -0.131028262406404E+000 -0.142199886064750E+003 -0.142199886064750E+003 -0.142201121071905E+003
  0.117594063600020E+000  0.198209610176328E+001  0.674192754243388E+000  0.497122520421847E+000 -0.131028262406404E+000 -0.142199768458044E+003 -0.142199768458044E+003 -0.142200603361891E+003
  0.107945955792619E+000  0.199781076187912E+001  0.977889309344453E+000  0.495286516394197E+000 -0.131028262406404E+000 -0.142198542352227E+003 -0.142198542352227E+003 -0.142201816377291E+003
  0.105922747826784E+000  0.199811177651472E+001  0.910533506520436E+000  0.494295907128768E+000 -0.131028262406404E+000 -0.142198755147474E+003 -0.142198755147474E+003 -0.142201474265506E+003
  0.113877600224247E+000  0.198940768631477E+001  0.196555933176423E+000  0.499006776239170E+000 -0.131028262406404E+000 -0.142198464159857E+003 -0.142198464159857E+003 -0.142201587383455E+003
  0.113497830995994E+000  0.199702867263610E+001  0.629585187525644E+000  0.496493688101088E+000 -0.131028262406404E+000 -0.142198379708939E+003 -0.142198379708939E+003 -0.142201292876865E+003
  0.130954303219030E+000  0.199488451347321E+001  0.524845756985450E+000  0.497826773635497E+000 -0.131028262406404E+000 -0.142199194804631E+003 -0.142199194804631E+003 -0.142201199541096E+003
  0.120770213061031E+000  0.199506935028233E+001  0.856430267022281E+000  0.490736424217161E+000 -0.131028262406404E+000 -0.142200305802910E+003 -0.142200305802910E+003 -0.142201830210138E+003
  0.101819168588462E+000  0.199967678514191E+001  0.242773210239991E+000  0.493370654228932E+000 -0.131028262406404E+000 -0.142198894373593E+003 -0.142198894373593E+003 -0.142200751017647E+003
  0.101177250650577E+000  0.199449217948323E+001  0.304232735486682E-001  0.491614132629211E+000 -0.131028262406404E+000 -0.142199714790861E+003 -0.142199714790861E+003 -0.142200638033218E+003
  0.105396104045437E+000  0.197624321037606E+001  0.825809303582315E-001  0.498201941015424E+000 -0.131028262406404E+000 -0.142199703165808E+003 -0.142199703165808E+003 -0.142205908136552E+003
  0.102395343239514E+000  0.199670033143580E+001  0.557005430894549E-001  0.488662042566229E+000 -0.131028262406404E+000 -0.142200191587273E+003 -0.142200191587273E+003 -0.142204434771241E+003
  0.124092233483888E+000  0.199767921755504E+001  0.412364599531827E+000  0.491014337607397E+000 -0.131028262406404E+000 -0.142200190785714E+003 -0.142200190785714E+003 -0.142201902653747E+003
  0.105854315774378E+000  0.199044883275246E+001  0.483584211967783E+000  0.495835987657058E+000 -0.131028262406404E+000 -0.142199038190096E+003 -0.142199038190096E+003 -0.142202502926845E+003
  0.110559127287914E+000  0.198812147231584E+001  0.469548719072818E+000  0.496511405906063E+000 -0.131028262406404E+000 -0.142199119820061E+003 -0.142199119820061E+003 -0.142204079864364E+003
  0.118295298792613E+000  0.199186473826894E+001  0.620132147417231E+000  0.497496133555409E+000 -0.131028262406404E+000 -0.142198762866728E+003 -0.142198762866728E+003 -0.142203949709454E+003
  0.108828801260308E+000  0.199498631879547E+001  0.994231039569803E+000  0.492600164047550E+000 -0.131028262406404E+000 -0.142199430070296E+003 -0.142199430070296E+003 -0.142204849092163E+003
  0.100783247420708E+000  0.199683777403341E+001  0.173840477123710E-003  0.499828932784382E+000 -0.131028262406404E+000 -0.142197678056727E+003 -0.142197678056727E+003 -0.142203951757458E+003
  0.121869617826866E+000  0.198189233644770E+001  0.879692087890968E+000  0.499669926118808E+000 -0.131028262406404E+000 -0.142199377436734E+003 -0.142199377436734E+003 -0.142202740816545E+003
  0.120416509296811E+000  0.198963433627051E+001  0.733973846838512E-001  0.496997811552186E+000 -0.131028262406404E+000 -0.142199209394397E+003 -0.142199209394397E+003 -0.142200853406102E+003
  0.129989515586329E+000  0.199844132735371E+001  0.437424576866052E+000  0.495094523103965E+000 -0.131028262406404E+000 -0.142199477878999E+003 -0.142199477878999E+003 -0.142200512262569E+003
  0.127470674212704E+000  0.199486906870621E+001  0.542547281035985E+000  0.495623517706814E+000 -0.131028262406404E+000 -0.142199504486756E+003 -0.142199504486756E+003 -0.142203218068723E+003
  0.116262716853727E+000  0.199363283281402E+001  0.867363471519820E+000  0.493755313835695E+000 -0.131028262406404E+000 -0.142199456660882E+003 -0.142199456660882E+003 -0.142202005067178E+003
  0.112856959368975E+000  0.198917572935791E+001  0.379857923195959E+000  0.492643660295085E+000 -0.131028262406404E+000 -0.142200020959351E+003 -0.142200020959351E+003 -0.142206668576241E+003
  0.102511632084321E+000  0.199572860507538E+001  0.765980321163296E+000  0.491142864830842E+000 -0.131028262406404E+000 -0.142199705366178E+003 -0.142199705366178E+003 -0.142201614912684E+003
  0.106489882466436E+000  0.199269616801739E+001  0.623863741445090E+000  0.495613604733863E+000 -0.131028262406404E+000 -0.142198899458446E+003 -0.142198899458446E+003 -0.142200589067820E+003
  0.109602086041116E+000  0.197343226843238E+001  0.170118470932396E+000  0.497762250431849E+000 -0.131028262406404E+000 -0.142200124417247E+003 -0.142200124417247E+003 -0.142208581319821E+003
  0.117128954621817E+000  0.199251663938877E+001  0.330223478157152E+000  0.499906380340165E+000 -0.131028262406404E+000 -0.142198043154008E+003 -0.142198043154008E+003 -0.142201726241051E+003
  0.130112040613588E+000  0.199614812432290E+001  0.928536712903750E+000  0.496821842086902E+000 -0.131028262406404E+000 -0.142199261270530E+003 -0.142199261270530E+003 -0.142201703540130E+003
  0.116479636997885E+000  0.199332397380271E+001  0.385828616573347E+000  0.498771676939125E+000 -0.131028262406404E+000 -0.142198232422390E+003 -0.142198232422390E+003 -0.142208645058717E+003
  0.134541000378662E+000  0.199993597840901E+001  0.606106257771149E-003  0.499928383747394E+000 -0.131028262406404E+000 -0.142198388781134E+003 -0.142198388781134E+003 -0.142200616150588E+003
  0.101444107598751E+000  0.197190383860696E+001  0.320870397238055E+000  0.498492208198594E+000 -0.131028262406404E+000 -0.142200005494312E+003 -0.142200005494312E+003 -0.142200851772179E+003
  0.116612579832810E+000  0.198103658867915E+001  0.195479105576762E+000  0.496027306302780E+000 -0.131028262406404E+000 -0.142200097333557E+003 -0.142200097333557E+003 -0.142206281593201E+003
  0.120498167636561E+000  0.199263594840638E+001  0.923247999458564E+000  0.493153060851976E+000 -0.131028262406404E+000 -0.142199907311409E+003 -0.142199907311409E+003 -0.142201166317950E+003
  0.104389248665058E+000  0.197385176269895E+001  0.920571958278529E+000  0.496277889559952E+000 -0.131028262406404E+000 -0.142200346888456E+003 -0.142200346888456E+003 -0.142203098772286E+003
  0.110256300660312E+000  0.199135408513906E+001  0.444586175431205E+000  0.499036605120766E+000 -0.131028262406404E+000 -0.142198216112808E+003 -0.142198216112808E+003 -0.142200642646781E+003
  0.110983876852424E+000  0.199648458895553E+001  0.300066636426539E+000  0.493734174761106E+000 -0.131028262406404E+000 -0.142199057012230E+003 -0.142199057012230E+003 -0.142216667406222E+003
  0.106859792043724E+000  0.199005817601368E+001  0.341056934436428E-001  0.491205793724403E+000 -0.131028262406404E+000 -0.142200159333427E+003 -0.142200159333427E+003 -0.142200869334149E+003
  0.122265162916098E+000  0.199917140448563E+001  0.159071033694225E+000  0.497671869041557E+000 -0.131028262406404E+000 -0.142198192244949E+003 -0.142198192244949E+003 -0.142201227772605E+003
  0.103103671098306E+000  0.198487473979418E+001  0.865820629427001E+000  0.495560367368492E+000 -0.131028262406404E+000 -0.142199579069735E+003 -0.142199579069735E+003 -0.142200588152122E+003
  0.108467834208408E+000  0.197188724074378E+001  0.725623129026835E+000  0.499867310185981E+000 -0.131028262406404E+000 -0.142199738268727E+003 -0.142199738268727E+003 -0.142200697156280E+003
  0.125349867803981E+000  0.199083503260568E+001  0.444763411009695E+000  0.495137499733447E+000 -0.131028262406404E+000 -0.142199888886550E+003 -0.142199888886550E+003 -0.142202668897542E+003
  0.128576673034143E+000  0.199993952546440E+001  0.998082068359547E+000  0.490958315402228E+000 -0.131028262406404E+000 -0.142200319021465E+003 -0.142200319021465E+003 -0.142201076387194E+003
  0.115893773728189E+000  0.198404330982746E+001  0.262205035479953E+000  0.499992561211203E+000 -0.131028262406404E+000 -0.142198785920498E+003 -0.142198785920498E+003 -0.142200876464611E+003
  0.114685937749795E+000  0.199802688826330E+001  0.467088684372062E+000  0.498368488513095E+000 -0.131028262406404E+000 -0.142197847652949E+003 -0.142197847652949E+003 -0.142201424989914E+003
  0.107622647199337E+000  0.198962788822488E+001  0.362297292484720E+000  0.494814192979130E+000 -0.131028262406404E+000 -0.142199354910616E+003 -0.142199354910616E+003 -0.142204123256190E+003
  0.109144643954412E+000  0.199097785673841E+001  0.205142678927433E+000  0.491029215628419E+000 -0.131028262406404E+000 -0.142200155525953E+003 -0.142200155525953E+003 -0.142203187716749E+003
  0.117611593789994E+000  0.198607806952820E+001  0.964215840793702E+000  0.493836974340588E+000 -0.131028262406404E+000 -0.142200211636151E+003 -0.142200211636151E+003 -0.142200376341024E+003
  0.129993711225236E+000  0.199398976304231E+001  0.133840262259240E-002  0.495067041250833E+000 -0.131028262406404E+000 -0.142199957063356E+003 -0.142199957063356E+003 -0.142223215049894E+003
  0.107947790999951E+000  0.199758034522531E+001  0.317391101374163E+000  0.498498992033732E+000 -0.131028262406404E+000 -0.142197795106478E+003 -0.142197795106478E+003 -0.142200521480011E+003
  0.100285893474738E+000  0.197903514742841E+001  0.588681942775536E+000  0.494470462205504E+000 -0.131028262406404E+000 -0.142200326733989E+003 -0.142200326733989E+003 -0.142204018638502E+003
  0.111902403347348E+000  0.199391317476584E+001  0.826320430075153E+000  0.498101108450433E+000 -0.131028262406404E+000 -0.142198236004222E+003 -0.142198236004222E+003 -0.142201765391980E+003
  0.107197539019511E+000  0.198856269915684E+001  0.694621003719673E+000  0.491410284028782E+000 -0.131028262406404E+000 -0.142200243011272E+003 -0.142200243011272E+003 -0.142213877603140E+003
  0.105297531430291E+000  0.197205374007294E+001  0.272160248255171E+000  0.497742824880832E+000 -0.131028262406404E+000 -0.142200173429750E+003 -0.142200173429750E+003 -0.142201458854852E+003
  0.123653943414582E+000  0.199400871150782E+001  0.262395525900843E+000  0.496205331239087E+000 -0.131028262406404E+000 -0.142199169350290E+003 -0.142199169350290E+003 -0.142200671830482E+003
  0.118897726679488E+000  0.197145568336235E+001  0.287174452568469E+000  0.499899358428593E+000 -0.131028262406404E+000 -0.142200190415018E+003 -0.142200190415018E+003 -0.142200856826640E+003
  0.143084614364368E+000  0.199694377651665E+001  0.621855478742656E+000  0.499673517670269E+000 -0.131028262406404E+000 -0.142199761820419E+003 -0.142199761820419E+003 -0.142201450494485E+003
  0.127470567338118E+000  0.198798746056434E+001  0.328571724358139E+000  0.497599205263540E+000 -0.131028262406404E+000 -0.142199695718267E+003 -0.142199695718267E+003 -0.142203728326652E+003
  0.132838320482755E+000  0.199805898932718E+001  0.468790001399208E+000  0.496872218122685E+000 -0.131028262406404E+000 -0.142199285309270E+003 -0.142199285309270E+003 -0.142203890579087E+003
  0.112538949785443E+000  0.199356833106136E+001  0.114463359763934E+000  0.491158315236981E+000 -0.131028262406404E+000 -0.142199976949961E+003 -0.142199976949961E+003 -0.142202199608967E+003
  0.126071716591562E+000  0.199492452008213E+001  0.188992132504797E+000  0.495562500938781E+000 -0.131028262406404E+000 -0.142199410020460E+003 -0.142199410020460E+003 -0.142202105206351E+003
  0.117079274883414E+000  0.199132670357456E+001  0.695135235120932E+000  0.493081246454619E+000 -0.131028262406404E+000 -0.142199876404105E+003 -0.142199876404105E+003 -0.142208340349939E+003
  0.108654988993566E+000  0.197940119860898E+001  0.439886995615451E+000  0.497651176646748E+000 -0.131028262406404E+000 -0.142199592400937E+003 -0.142199592400937E+003 -0.142201018562979E+003
  0.125674867598441E+000  0.198163497072760E+001  0.306587311371910E+000  0.499977373035754E+000 -0.131028262406404E+000 -0.142199589403919E+003 -0.142199589403919E+003 -0.142201451732857E+003
  0.125371422423938E+000  0.198491007248222E+001  0.314346316867271E+000  0.499404288470178E+000 -0.131028262406404E+000 -0.142199375108703E+003 -0.142199375108703E+003 -0.142200874927174E+003
  0.127732572086079E+000  0.198397900055408E+001  0.685868057451874E+000  0.497434124973820E+000 -0.131028262406404E+000 -0.142200186454449E+003 -0.142200186454449E+003 -0.142200772574014E+003
  0.102013199398066E+000  0.197938691892160E+001  0.962060596133831E+000  0.494790842440149E+000 -0.131028262406404E+000 -0.142200214159920E+003 -0.142200214159920E+003 -0.142200522549409E+003
  0.129988148613546E+000  0.199623087506599E+001  0.311779304542824E+000  0.497386531405908E+000 -0.131028262406404E+000 -0.142199088273000E+003 -0.142199088273000E+003 -0.142200513569534E+003
  0.105051876556173E+000  0.198062471101098E+001  0.951088948329153E+000  0.498350415806840E+000 -0.131028262406404E+000 -0.142199289360668E+003 -0.142199289360668E+003 -0.142201055840265E+003
  0.100102550384455E+000  0.199315364245736E+001  0.690808268390783E+000  0.490658163669376E+000 -0.131028262406404E+000 -0.142200051742785E+003 -0.142200051742785E+003 -0.142200607416475E+003
  0.111999124603659E+000  0.198130973032151E+001  0.801575003474745E+000  0.498234359384343E+000 -0.131028262406404E+000 -0.142199352487543E+003 -0.142199352487543E+003 -0.142200646035755E+003
  0.124095504080861E+000  0.198420978093693E+001  0.259415482544512E+000  0.496650321499310E+000 -0.131028262406404E+000 -0.142200078767704E+003 -0.142200078767704E+003 -0.142200453950904E+003
  0.122216791559583E+000  0.199869594855168E+001  0.515934351423822E+000  0.498140492926999E+000 -0.131028262406404E+000 -0.142198114006324E+003 -0.142198114006324E+003 -0.142201930870171E+003
  0.102904444234803E+000  0.198796290694168E+001  0.269853168134202E-001  0.494197529444348E+000 -0.131028262406404E+000 -0.142199636672269E+003 -0.142199636672269E+003 -0.142212250248225E+003
  0.101554924363523E+000  0.199454808584431E+001  0.296431845476447E+000  0.493511701573281E+000 -0.131028262406404E+000 -0.142199275655205E+003 -0.142199275655205E+003 -0.142204947519958E+003
  0.138115799031501E+000  0.199541430452481E+001  0.813342434823588E+000  0.499780590440379E+000 -0.131028262406404E+000 -0.142199307510182E+003 -0.142199307510182E+003 -0.142201350067542E+003
  0.119842759596470E+000  0.199402729573257E+001  0.376704632461003E+000  0.493635724904098E+000 -0.131028262406404E+000 -0.142199613068077E+003 -0.142199613068077E+003 -0.142200614612440E+003
  0.132513513367996E+000  0.198882271321816E+001  0.856962773002000E+000  0.498308665621890E+000 -0.131028262406404E+000 -0.142199868262448E+003 -0.142199868262448E+003 -0.142201865610398E+003
  0.118735813854043E+000  0.199833291291234E+001  0.966193471540726E+000  0.499687460916534E+000 -0.131028262406404E+000 -0.142197599394797E+003 -0.142197599394797E+003 -0.142210781672682E+003
  0.109422983921553E+000  0.197316295140711E+001  0.600714567844524E+000  0.497390580203789E+000 -0.131028262406404E+000 -0.142200232805773E+003 -0.142200232805773E+003 -0.142201100363029E+003
  0.128565239162447E+000  0.199211225098748E+001  0.197224226798622E+000  0.494229806143955E+000 -0.131028262406404E+000 -0.142200256026693E+003 -0.142200256026693E+003 -0.142200552998838E+003
  0.105576242668150E+000  0.198270117355320E+001  0.164735448804330E+000  0.499064244007879E+000 -0.131028262406404E+000 -0.142198944652414E+003 -0.142198944652414E+003 -0.142201962166795E+003
  0.119177244563124E+000  0.199530069365547E+001  0.871228354631536E+000  0.495185556149830E+000 -0.131028262406404E+000 -0.142199061517848E+003 -0.142199061517848E+003 -0.142200691824106E+003
  0.100231841113796E+000  0.199184153893340E+001  0.168145677980161E+000  0.494485747041258E+000 -0.131028262406404E+000 -0.142199297085440E+003 -0.142199297085440E+003 -0.142201207555124E+003
  0.113966607808824E+000  0.198030222783491E+001  0.888966707001317E+000  0.494860599382068E+000 -0.131028262406404E+000 -0.142200337412928E+003 -0.142200337412928E+003 -0.142202160376040E+003
  0.101968022178106E+000  0.197480838541951E+001  0.315434698252061E+000  0.497281562283985E+000 -0.131028262406404E+000 -0.142200032738114E+003 -0.142200032738114E+003 -0.142201434076520E+003
  0.102935971473184E+000  0.197805715915340E+001  0.126473989204198E+000  0.496563510576049E+000 -0.131028262406404E+000 -0.142199920130403E+003 -0.142199920130403E+003 -0.142200744690913E+003
  0.101249274363378E+000  0.198330189843190E+001  0.607913709754737E-001  0.494225156205016E+000 -0.131028262406404E+000 -0.142200025550094E+003 -0.142200025550094E+003 -0.142203677343956E+003
  0.113019077493915E+000  0.198458047161651E+001  0.684192725275600E+000  0.496506015328878E+000 -0.131028262406404E+000 -0.142199502646232E+003 -0.142199502646232E+003 -0.142206705943874E+003
  0.124051725058009E+000  0.198234399297101E+001  0.342815510022794E+000  0.499436778658060E+000 -0.131028262406404E+000 -0.142199537718137E+003 -0.142199537718137E+003 -0.142200806907338E+003
  0.147989150745979E+000  0.199987760548768E+001  0.310358603351938E-001  0.499019766051953E+000 -0.131028262406404E+000 -0.142200278085639E+003 -0.142200278085639E+003 -0.142202516138021E+003
  0.113629573505052E+000  0.198723640940133E+001  0.766955397424746E+000  0.496072280863005E+000 -0.131028262406404E+000 -0.142199382931830E+003 -0.142199382931830E+003 -0.142202542387117E+003
  0.129195379240498E+000  0.199732532846750E+001  0.916267674050315E+000  0.495015734941798E+000 -0.131028262406404E+000 -0.142199550110158E+003 -0.142199550110158E+003 -0.142202100241927E+003
  0.103864249447292E+000  0.197715355408369E+001  0.336772354746524E-001  0.496158491938040E+000 -0.131028262406404E+000 -0.142200089313031E+003 -0.142200089313031E+003 -0.142202376820087E+003
  0.101221756957016E+000  0.197039041590025E+001  0.293290491831108E-001  0.498207798790992E+000 -0.131028262406404E+000 -0.142200197452254E+003 -0.142200197452254E+003 -0.142202628188403E+003
  0.105663484335856E+000  0.199493246133611E+001  0.714290809137197E+000  0.490625870311725E+000 -0.131028262406404E+000 -0.142199876753144E+003 -0.142199876753144E+003 -0.142200391278293E+003
  0.133141480867261E+000  0.199924227738121E+001  0.717739930964895E+000  0.494169368134821E+000 -0.131028262406404E+000 -0.142199932256013E+003 -0.142199932256013E+003 -0.142200552783671E+003
  0.112052842330825E+000  0.199781592326199E+001  0.637320382427282E+000  0.493220518759835E+000 -0.131028262406404E+000 -0.142199083722947E+003 -0.142199083722947E+003 -0.142200854790689E+003
  0.107204989559106E+000  0.198408236450345E+001  0.469154632145901E+000  0.496010726359998E+000 -0.131028262406404E+000 -0.142199549079536E+003 -0.142199549079536E+003 -0.142200425240807E+003
  0.119777554279266E+000  0.199786926257880E+001  0.909826653678066E+000  0.496167454571021E+000 -0.131028262406404E+000 -0.142198590394230E+003 -0.142198590394230E+003 -0.142201800890518E+003
  0.114682748196550E+000  0.199909090410188E+001  0.481257669174967E+000  0.498345855188382E+000 -0.131028262406404E+000 -0.142197755690297E+003 -0.142197755690297E+003 -0.142203534740097E+003
  0.119677796024700E+000  0.199608783587649E+001  0.672572529798992E+000  0.496477925701782E+000 -0.131028262406404E+000 -0.142198677704643E+003 -0.142198677704643E+003 -0.142202006244242E+003
  0.111680025987052E+000  0.199299085280138E+001  0.568627901819604E+000  0.499717586630898E+000 -0.131028262406404E+000 -0.142197919551615E+003 -0.142197919551615E+003 -0.142200535591890E+003
  0.102071540499470E+000  0.197404158529530E+001  0.382494304553011E+000  0.499510652528277E+000 -0.131028262406404E+000 -0.142199591731220E+003 -0.142199591731220E+003 -0.142208669280109E+003
  0.118529305689175E+000  0.198150756946347E+001  0.793449572463946E+000  0.495478581018489E+000 -0.131028262406404E+000 -0.142200289990569E+003 -0.142200289990569E+003 -0.142208144340494E+003
  0.138083143707639E+000  0.199139282785067E+001  0.797613016246139E+000  0.499322392377735E+000 -0.131028262406404E+000 -0.142199896137434E+003 -0.142199896137434E+003 -0.142200556711415E+003
  0.103271846958836E+000  0.199392528410806E+001  0.381843910274741E+000  0.489147962556276E+000 -0.131028262406404E+000 -0.142200299475808E+003 -0.142200299475808E+003 -0.142201279414358E+003
  0.127430670390925E+000  0.199355187665828E+001  0.773127043604341E-001  0.495277360758541E+000 -0.131028262406404E+000 -0.142199730857410E+003 -0.142199730857410E+003 -0.142200872755624E+003
  0.121084648514965E+000  0.199902577630055E+001  0.996101219298557E+000  0.491380857792726E+000 -0.131028262406404E+000 -0.142199776123190E+003 -0.142199776123190E+003 -0.142201621557060E+003
  0.102178529324572E+000  0.199615412604621E+001  0.156939843178971E+000  0.489191574816025E+000 -0.131028262406404E+000 -0.142200117119492E+003 -0.142200117119492E+003 -0.142201246935771E+003
  0.106677359109619E+000  0.199257044798669E+001  0.839096665942067E-001  0.495308739051551E+000 -0.131028262406404E+000 -0.142198981953297E+003 -0.142198981953297E+003 -0.142200864320224E+003
  0.116979940909807E+000  0.197364578590369E+001  0.258564848914287E-001  0.498632393152927E+000 -0.131028262406404E+000 -0.142200182729253E+003 -0.142200182729253E+003 -0.142201853818258E+003
  0.119428744630011E+000  0.199850848587265E+001  0.309449927662758E+000  0.489872036748726E+000 -0.131028262406404E+000 -0.142200121861982E+003 -0.142200121861982E+003 -0.142203104445312E+003
  0.124359706775806E+000  0.199795268467140E+001  0.775293062131609E+000  0.491215672946875E+000 -0.131028262406404E+000 -0.142200129383067E+003 -0.142200129383067E+003 -0.142200475812251E+003
  0.122681971545240E+000  0.199118980947761E+001  0.729285526033739E+000  0.493379811225489E+000 -0.131028262406404E+000 -0.142200125696392E+003 -0.142200125696392E+003 -0.142200808053068E+003
  0.103500345323912E+000  0.198054561362217E+001  0.332301925318271E-001  0.498115575004237E+000 -0.131028262406404E+000 -0.142199353613273E+003 -0.142199353613273E+003 -0.142203788103574E+003
  0.122166425606902E+000  0.199710304157695E+001  0.359681651303196E-001  0.493791897916001E+000 -0.131028262406404E+000 -0.142199401727892E+003 -0.142199401727892E+003 -0.142202400303363E+003
  0.137730382194133E+000  0.199185958897541E+001  0.293297272817284E+000  0.498379049424895E+000 -0.131028262406404E+000 -0.142200068397215E+003 -0.142200068397215E+003 -0.142204566964739E+003
  0.112796515464056E+000  0.198541753052669E+001  0.331739787229857E+000  0.495109613276797E+000 -0.131028262406404E+000 -0.142199760290524E+003 -0.142199760290524E+003 -0.142201276561841E+003
  0.114007463277852E+000  0.198905709142011E+001  0.282223895877301E+000  0.498640948864597E+000 -0.131028262406404E+000 -0.142198590791077E+003 -0.142198590791077E+003 -0.142200833059151E+003
  0.108309780526901E+000  0.198608930366442E+001  0.596322797613239E-001  0.494875686783063E+000 -0.131028262406404E+000 -0.142199655230711E+003 -0.142199655230711E+003 -0.142205623965443E+003
  0.127214694476190E+000  0.199693409391812E+001  0.866652917946835E-001  0.497449082440594E+000 -0.131028262406404E+000 -0.142198781641473E+003 -0.142198781641473E+003 -0.142201065238221E+003
  0.110985470677194E+000  0.199327626406851E+001  0.514884142780711E+000  0.499614148133725E+000 -0.131028262406404E+000 -0.142197911416384E+003 -0.142197911416384E+003 -0.142202698149150E+003
  0.107158678429770E+000  0.199582907524706E+001  0.949843605757104E+000  0.495557025166397E+000 -0.131028262406404E+000 -0.142198646555072E+003 -0.142198646555072E+003 -0.142204136421596E+003
  0.126097561101928E+000  0.199861496149774E+001  0.231601376853647E+000  0.498767708436240E+000 -0.131028262406404E+000 -0.142198178799023E+003 -0.142198178799023E+003 -0.142200634200611E+003
  0.105472738147814E+000  0.198232649680693E+001  0.980833816242179E+000  0.493767714730093E+000 -0.131028262406404E+000 -0.142200208490295E+003 -0.142200208490295E+003 -0.142200376416246E+003
  0.110376892767253E+000  0.199780701088754E+001  0.887787387415748E-001  0.499549437798876E+000 -0.131028262406404E+000 -0.142197521281746E+003 -0.142197521281746E+003 -0.142200512764839E+003
  0.108064739070024E+000  0.197706530892926E+001  0.422185755885539E+000  0.497773479595718E+000 -0.131028262406404E+000 -0.142199761793175E+003 -0.142199761793175E+003 -0.142200604310705E+003
  0.100798574567447E+000  0.198159747630312E+001  0.570927124129855E+000  0.499038469394762E+000 -0.131028262406404E+000 -0.142199086823363E+003 -0.142199086823363E+003 -0.142201737893391E+003
  0.111639159381835E+000  0.198875657777243E+001  0.343343165613178E+000  0.492177258504185E+000 -0.131028262406404E+000 -0.142200135307319E+003 -0.142200135307319E+003 -0.142201096718981E+003
  0.103750618704397E+000  0.197553147542089E+001  0.439203273501766E+000  0.497367758676475E+000 -0.131028262406404E+000 -0.142199950060681E+003 -0.142199950060681E+003 -0.142200839100323E+003
  0.122408892934824E+000  0.198431717066459E+001  0.880930827047484E-001  0.499066317899820E+000 -0.131028262406404E+000 -0.142199321988026E+003 -0.142199321988026E+003 -0.142200458337011E+003
  0.109158685476368E+000  0.199050194422281E+001  0.316912957635073E+000  0.498775429428406E+000 -0.131028262406404E+000 -0.142198345510285E+003 -0.142198345510285E+003 -0.142205468129935E+003
  0.115588045716069E+000  0.197194610564468E+001  0.132454084753858E+000  0.498881934074544E+000 -0.131028262406404E+000 -0.142200215689623E+003 -0.142200215689623E+003 -0.142200563985530E+003
  0.100099827680656E+000  0.199132745104026E+001  0.506238224540389E+000  0.495377503275896E+000 -0.131028262406404E+000 -0.142199140776479E+003 -0.142199140776479E+003 -0.142209025695671E+003
  0.124868792018835E+000  0.199168882795901E+001  0.181909328193903E+000  0.496987189687463E+000 -0.131028262406404E+000 -0.142199278753384E+003 -0.142199278753384E+003 -0.142200425080181E+003
  0.121184728466133E+000  0.199247149375765E+001  0.859448471731076E-001  0.496213378147174E+000 -0.131028262406404E+000 -0.142199174224140E+003 -0.142199174224140E+003 -0.142201795539730E+003
  0.140197714468410E+000  0.199512041502060E+001  0.822634151443888E+000  0.498771958368884E+000 -0.131028262406404E+000 -0.142199873260611E+003 -0.142199873260611E+003 -0.142201651284997E+003
  0.106795261201534E+000  0.199248598872971E+001  0.427130554672390E-001  0.499143418720905E+000 -0.131028262406404E+000 -0.142198083048685E+003 -0.142198083048685E+003 -0.142203853934768E+003
  0.124148563472024E+000  0.199833355175212E+001  0.664774285793915E+000  0.496888729434981E+000 -0.131028262406404E+000 -0.142198585703902E+003 -0.142198585703902E+003 -0.142200791425874E+003
  0.102526389873749E+000  0.198639597562209E+001  0.268798630088337E+000  0.498421688578894E+000 -0.131028262406404E+000 -0.142198804489252E+003 -0.142198804489252E+003 -0.142201994308764E+003
  0.128437695631774E+000  0.199983665370474E+001  0.181374383383560E+000  0.499991564749153E+000 -0.131028262406404E+000 -0.142197880170251E+003 -0.142197880170251E+003 -0.142203230096400E+003
  0.123526823770015E+000  0.199405930509930E+001  0.507799702082877E+000  0.491780496784305E+000 -0.131028262406404E+000 -0.142200312352993E+003 -0.142200312352993E+003 -0.142200657778044E+003
  0.126318609716017E+000  0.199239511502756E+001  0.795959304329629E+000  0.499989161189828E+000 -0.131028262406404E+000 -0.142198507971023E+003 -0.142198507971023E+003 -0.142201378693603E+003
  0.143481437620885E+000  0.199904673581301E+001  0.348307925959572E+000  0.498947514706604E+000 -0.131028262406404E+000 -0.142199774742196E+003 -0.142199774742196E+003 -0.142201561853437E+003
  0.126445801799620E+000  0.198117250418162E+001  0.822200993895737E+000  0.499749242529516E+000 -0.131028262406404E+000 -0.142199759796359E+003 -0.142199759796359E+003 -0.142200393240307E+003
  0.109910443924398E+000  0.199164800753282E+001  0.676315881703111E+000  0.493414749147754E+000 -0.131028262406404E+000 -0.142199541319393E+003 -0.142199541319393E+003 -0.142202225806249E+003
  0.118668112922036E+000  0.199778863086309E+001  0.865803314408872E+000  0.497770428856516E+000 -0.131028262406404E+000 -0.142198140720319E+003 -0.142198140720319E+003 -0.142201022621344E+003
  0.104809985917191E+000  0.198019722567197E+001  0.219094133524046E+000  0.497624617387739E+000 -0.131028262406404E+000 -0.142199494112370E+003 -0.142199494112370E+003 -0.142201672639956E+003
  0.101371933557103E+000  0.198982803344598E+001  0.534136010672327E+000  0.499939432394826E+000 -0.131028262406404E+000 -0.142198199369152E+003 -0.142198199369152E+003 -0.142200621578906E+003
  0.103292322653784E+000  0.199422448892615E+001  0.889684250139072E+000  0.489877851408874E+000 -0.131028262406404E+000 -0.142200108870548E+003 -0.142200108870548E+003 -0.142233604515667E+003
  0.128812909868805E+000  0.198084160510578E+001  0.936963165328571E+000  0.498404857034221E+000 -0.131028262406404E+000 -0.142200359681652E+003 -0.142200359681652E+003 -0.142200782441072E+003
  0.111409668677434E+000  0.199509296979041E+001  0.137661200878385E+000  0.496662183461233E+000 -0.131028262406404E+000 -0.142198474938907E+003 -0.142198474938907E+003 -0.142200476693419E+003
  0.118742412946467E+000  0.199858226920673E+001  0.349072201428236E+000  0.496991476925102E+000 -0.131028262406404E+000 -0.142198267382762E+003 -0.142198267382762E+003 -0.142200575679374E+003
  0.110521124663908E+000  0.199848656463165E+001  0.675166560603205E+000  0.496478059532806E+000 -0.131028262406404E+000 -0.142198209642331E+003 -0.142198209642331E+003 -0.142209109846661E+003
  0.114325126816223E+000  0.199551987699225E+001  0.535742855920048E+000  0.492921974415139E+000 -0.131028262406404E+000 -0.142199421821725E+003 -0.142199421821725E+003 -0.142201450939893E+003
  0.108370176639906E+000  0.199247630383141E+001  0.597800355748901E+000  0.494235154941750E+000 -0.131028262406404E+000 -0.142199252798262E+003 -0.142199252798262E+003 -0.142204298268128E+003
  0.121048604906820E+000  0.197994691808816E+001  0.744436494960857E+000  0.497517344764894E+000 -0.131028262406404E+000 -0.142200077717373E+003 -0.142200077717373E+003 -0.142207303651139E+003
  0.124592620371035E+000  0.199006436665189E+001  0.772886496314326E+000  0.498406184383780E+000 -0.131028262406404E+000 -0.142199051402616E+003 -0.142199051402616E+003 -0.142201317933452E+003
  0.118679408455892E+000  0.198659479330964E+001  0.950220362525400E+000  0.496724850802049E+000 -0.131028262406404E+000 -0.142199486242786E+003 -0.142199486242786E+003 -0.142201396458276E+003
  0.119953701897355E+000  0.199948404099825E+001  0.955170371558818E+000  0.496187003207674E+000 -0.131028262406404E+000 -0.142198437923673E+003 -0.142198437923673E+003 -0.142200467081229E+003
  0.110113410001164E+000  0.199440032036735E+001  0.293478346618737E+000  0.494949172602132E+000 -0.131028262406404E+000 -0.142198933733694E+003 -0.142198933733694E+003 -0.142202524565385E+003
  0.108502589695636E+000  0.199489582770495E+001  0.848844982117838E+000  0.490667878395487E+000 -0.131028262406404E+000 -0.142199892893149E+003 -0.142199892893149E+003 -0.142205322109214E+003
  0.108194446900977E+000  0.198721820497482E+001  0.476400496781138E+000  0.496746480064290E+000 -0.131028262406404E+000 -0.142199111030733E+003 -0.142199111030733E+003 -0.142201529426797E+003
  0.106072513014853E+000  0.198131090542156E+001  0.694042125229925E+000  0.497939665212028E+000 -0.131028262406404E+000 -0.142199328694128E+003 -0.142199328694128E+003 -0.142200779511440E+003
  0.121313663022926E+000  0.197347060180245E+001  0.800888724501366E+000  0.499146224800593E+000 -0.131028262406404E+000 -0.142200335015291E+003 -0.142200335015291E+003 -0.142201230880097E+003
  0.112901157412011E+000  0.198135891896488E+001  0.134664488196369E+000  0.498588698164336E+000 -0.131028262406404E+000 -0.142199287084129E+003 -0.142199287084129E+003 -0.142202400372507E+003
  0.120257166289896E+000  0.199929894026704E+001  0.913132252756986E+000  0.491092402307359E+000 -0.131028262406404E+000 -0.142199778906668E+003 -0.142199778906668E+003 -0.142201230080863E+003
  0.108335949981095E+000  0.198863175229173E+001  0.130737922391107E+000  0.493030526480965E+000 -0.131028262406404E+000 -0.142199871194038E+003 -0.142199871194038E+003 -0.142201434588931E+003
  0.101253401985231E+000  0.197538808924231E+001  0.709899797727801E+000  0.497790675082961E+000 -0.131028262406404E+000 -0.142199874010532E+003 -0.142199874010532E+003 -0.142202655915935E+003
  0.132816369662908E+000  0.199916126663478E+001  0.776403683697094E+000  0.494114241229795E+000 -0.131028262406404E+000 -0.142199924776013E+003 -0.142199924776013E+003 -0.142200524159977E+003
  0.108584312065599E+000  0.197730935740004E+001  0.364387083660382E+000  0.499689412588391E+000 -0.131028262406404E+000 -0.142199293498658E+003 -0.142199293498658E+003 -0.142200847917669E+003
  0.111250054265193E+000  0.198504312508645E+001  0.722454833109494E+000  0.497546762303625E+000 -0.131028262406404E+000 -0.142199160090329E+003 -0.142199160090329E+003 -0.142200474185371E+003
  0.109965960498285E+000  0.197551067980471E+001  0.643116606845827E-001  0.496034803657396E+000 -0.131028262406404E+000 -0.142200357233051E+003 -0.142200357233051E+003 -0.142201699243046E+003
  0.108536601277690E+000  0.198218144149584E+001  0.889774726014729E+000  0.494308896693861E+000 -0.131028262406404E+000 -0.142200136436734E+003 -0.142200136436734E+003 -0.142200737153671E+003
  0.115846127227333E+000  0.199941490956201E+001  0.214543150575685E+000  0.489510316361977E+000 -0.131028262406404E+000 -0.142199965310187E+003 -0.142199965310187E+003 -0.142200555727087E+003
  0.101163456800089E+000  0.199166342644514E+001  0.987993657860528E+000  0.494414793030039E+000 -0.131028262406404E+000 -0.142199308981108E+003 -0.142199308981108E+003 -0.142201062909958E+003
  0.113700405386708E+000  0.199778694668541E+001  0.596700819996641E+000  0.489406846012918E+000 -0.131028262406404E+000 -0.142200062120093E+003 -0.142200062120093E+003 -0.142200721305865E+003
  0.100274123384063E+000  0.199312305839589E+001  0.456873128755777E+000  0.499351016617772E+000 -0.131028262406404E+000 -0.142198098435097E+003 -0.142198098435097E+003 -0.142204255261865E+003
  0.138030142898218E+000  0.199810398460069E+001  0.407996624111294E+000  0.498651617662487E+000 -0.131028262406404E+000 -0.142199311777493E+003 -0.142199311777493E+003 -0.142202993726653E+003
  0.100972004543631E+000  0.199596166035163E+001  0.298658634514330E+000  0.496689463794800E+000 -0.131028262406404E+000 -0.142198455406326E+003 -0.142198455406326E+003 -0.142201067751941E+003
  0.120662639416782E+000  0.198260963216855E+001  0.461031758326563E+000  0.496828870203442E+000 -0.131028262406404E+000 -0.142199963080447E+003 -0.142199963080447E+003 -0.142201208336874E+003
  0.130772160135970E+000  0.199917117493915E+001  0.513864475704110E+000  0.497053506005250E+000 -0.131028262406404E+000 -0.142198932384489E+003 -0.142198932384489E+003 -0.142203403558735E+003
  0.120996470056698E+000  0.199313175014723E+001  0.406707112438441E+000  0.498905341477225E+000 -0.131028262406404E+000 -0.142198402160985E+003 -0.142198402160985E+003 -0.142200549823877E+003
  0.101031847505157E+000  0.199901640809525E+001  0.107219723086241E+000  0.499807073068832E+000 -0.131028262406404E+000 -0.142197501494997E+003 -0.142197501494997E+003 -0.142200442335336E+003
  0.107064402561893E+000  0.199066504311188E+001  0.210913073566165E+000  0.499045818773798E+000 -0.131028262406404E+000 -0.142198261644100E+003 -0.142198261644100E+003 -0.142202422950526E+003
  0.107638330389168E+000  0.199261296880417E+001  0.856447110032463E+000  0.499320741144472E+000 -0.131028262406404E+000 -0.142198027149438E+003 -0.142198027149438E+003 -0.142201075852802E+003
  0.118705981963324E+000  0.198577219866502E+001  0.918628029328204E+000  0.495175668472096E+000 -0.131028262406404E+000 -0.142199960616525E+003 -0.142199960616525E+003 -0.142201126571019E+003
  0.128979918971447E+000  0.199956759789026E+001  0.121340023541112E+000  0.497674209263869E+000 -0.131028262406404E+000 -0.142198577590676E+003 -0.142198577590676E+003 -0.142201427606371E+003
  0.123023029186170E+000  0.198861340242033E+001  0.193516141798958E+000  0.499674084466306E+000 -0.131028262406404E+000 -0.142198765352840E+003 -0.142198765352840E+003 -0.142201572880008E+003
  0.118868981658077E+000  0.199355900651280E+001  0.265412911050140E+000  0.495417208802195E+000 -0.131028262406404E+000 -0.142199155272649E+003 -0.142199155272649E+003 -0.142200666793087E+003
  0.119842252889087E+000  0.198202623259316E+001  0.647166822740163E+000  0.495555952551256E+000 -0.131028262406404E+000 -0.142200296200009E+003 -0.142200296200009E+003 -0.142203113171592E+003
  0.108457426854553E+000  0.199843807903022E+001  0.631759188479885E+000  0.488511246944589E+000 -0.131028262406404E+000 -0.142200100927726E+003 -0.142200100927726E+003 -0.142203121070793E+003
  0.102649433849017E+000  0.198143488681490E+001  0.932696899668136E+000  0.497426234779684E+000 -0.131028262406404E+000 -0.142199442233560E+003 -0.142199442233560E+003 -0.142200737645102E+003
  0.136800109264099E+000  0.199783806721919E+001  0.943031818830458E+000  0.499672821020098E+000 -0.131028262406404E+000 -0.142198919524637E+003 -0.142198919524637E+003 -0.142211776248148E+003
  0.138218067722176E+000  0.199662057771796E+001  0.423275348340269E+000  0.499139657177421E+000 -0.131028262406404E+000 -0.142199363197611E+003 -0.142199363197611E+003 -0.142205070679312E+003
  0.135912547085976E+000  0.199880126107915E+001  0.851273457538970E+000  0.495692659735826E+000 -0.131028262406404E+000 -0.142199838716930E+003 -0.142199838716930E+003 -0.142201092982906E+003
  0.114694489403021E+000  0.198879375063946E+001  0.279544440758047E+000  0.496104636767284E+000 -0.131028262406404E+000 -0.142199265251220E+003 -0.142199265251220E+003 -0.142200501514917E+003
  0.112853139680994E+000  0.199610272284556E+001  0.521210790026107E+000  0.493151075523822E+000 -0.131028262406404E+000 -0.142199271530553E+003 -0.142199271530553E+003 -0.142200839071084E+003
  0.103885588564139E+000  0.199728934763889E+001  0.417354110991896E+000  0.494437283323165E+000 -0.131028262406404E+000 -0.142198807949022E+003 -0.142198807949022E+003 -0.142200945361935E+003
  0.104153121606928E+000  0.199641777226705E+001  0.123666288247282E+000  0.498534081402324E+000 -0.131028262406404E+000 -0.142197925152416E+003 -0.142197925152416E+003 -0.142205288340460E+003
  0.136962445979265E+000  0.199669459604888E+001  0.276489861329051E+000  0.498053201642440E+000 -0.131028262406404E+000 -0.142199523712389E+003 -0.142199523712389E+003 -0.142200636381698E+003
  0.114337258320476E+000  0.197687042208396E+001  0.877083134900756E+000  0.498128907980287E+000 -0.131028262406404E+000 -0.142199872735970E+003 -0.142199872735970E+003 -0.142206407554013E+003
  0.114429518148269E+000  0.198626576982319E+001  0.762982633226763E+000  0.493511461477055E+000 -0.131028262406404E+000 -0.142200131401660E+003 -0.142200131401660E+003 -0.142200627067541E+003
  0.104274635906377E+000  0.199349672665082E+001  0.651170268776290E+000  0.498658167051987E+000 -0.131028262406404E+000 -0.142198136183157E+003 -0.142198136183157E+003 -0.142200753364629E+003
  0.127140889735597E+000  0.198042473044679E+001  0.944070333948668E+000  0.498864863074565E+000 -0.131028262406404E+000 -0.142200132644718E+003 -0.142200132644718E+003 -0.142201709302617E+003
  0.118098966160945E+000  0.199018281945968E+001  0.521388842545750E+000  0.497648736016361E+000 -0.131028262406404E+000 -0.142198877315830E+003 -0.142198877315830E+003 -0.142203557095470E+003
  0.111559442702945E+000  0.198147119228559E+001  0.949999621213472E+000  0.495265198601578E+000 -0.131028262406404E+000 -0.142200045661353E+003 -0.142200045661353E+003 -0.142201915361063E+003
  0.114251491910576E+000  0.199369760569634E+001  0.894680626741622E+000  0.499321239742433E+000 -0.131028262406404E+000 -0.142197998470227E+003 -0.142197998470227E+003 -0.142201656646832E+003
  0.124920744509436E+000  0.199777978046694E+001  0.261483618966622E-001  0.498234874017310E+000 -0.131028262406404E+000 -0.142198331872230E+003 -0.142198331872230E+003 -0.142201622893116E+003
  0.100019967250693E+000  0.198189237912729E+001  0.707173356444737E+000  0.494388402209658E+000 -0.131028262406404E+000 -0.142200117107530E+003 -0.142200117107530E+003 -0.142200983358751E+003
  0.120935404735648E+000  0.198300478099143E+001  0.920497396887876E-001  0.495986746388163E+000 -0.131028262406404E+000 -0.142200156667710E+003 -0.142200156667710E+003 -0.142204626781083E+003
  0.114333422623833E+000  0.198468565859944E+001  0.861969455185755E+000  0.495044617649026E+000 -0.131028262406404E+000 -0.142199897079092E+003 -0.142199897079092E+003 -0.142201984906761E+003
  0.104234730255123E+000  0.198891566967046E+001  0.914176147940147E+000  0.496335229535881E+000 -0.131028262406404E+000 -0.142199057238040E+003 -0.142199057238040E+003 -0.142201318812157E+003
  0.109480204272543E+000  0.197089821577068E+001  0.985444939100411E+000  0.498215745417026E+000 -0.131028262406404E+000 -0.142200244467148E+003 -0.142200244467148E+003 -0.142204319896308E+003
  0.108866841571812E+000  0.199198437852747E+001  0.789201990360654E+000  0.493156740885667E+000 -0.131028262406404E+000 -0.142199557638650E+003 -0.142199557638650E+003 -0.142202353480967E+003
  0.116930619128194E+000  0.199584807484034E+001  0.762082291738310E+000  0.492475573422134E+000 -0.131028262406404E+000 -0.142199597423430E+003 -0.142199597423430E+003 -0.142201105432484E+003
  0.101051462314508E+000  0.199246791540925E+001  0.407526959459743E+000  0.495363016420506E+000 -0.131028262406404E+000 -0.142199032510321E+003 -0.142199032510321E+003 -0.142203859011189E+003
  0.109481827369110E+000  0.198617458366181E+001  0.508378925073393E+000  0.496964758445686E+000 -0.131028262406404E+000 -0.142199166475400E+003 -0.142199166475400E+003 -0.142202273845128E+003
  0.113635951245321E+000  0.199359783211766E+001  0.392185429694064E+000  0.489956625379189E+000 -0.131028262406404E+000 -0.142200302575728E+003 -0.142200302575728E+003 -0.142203420097125E+003
  0.104362093399523E+000  0.198875924338015E+001  0.302546694729220E+000  0.492967789420729E+000 -0.131028262406404E+000 -0.142199846980200E+003 -0.142199846980200E+003 -0.142201029949734E+003
  0.117844469227082E+000  0.197887211873142E+001  0.115764304834367E+000  0.499396340268296E+000 -0.131028262406404E+000 -0.142199522006400E+003 -0.142199522006400E+003 -0.142204328926075E+003
  0.105864406978159E+000  0.199619283603495E+001  0.814161069958504E-001  0.495064463204462E+000 -0.131028262406404E+000 -0.142198735448528E+003 -0.142198735448528E+003 -0.142201723839541E+003
  0.130448886130946E+000  0.199830734740970E+001  0.675576199508657E+000  0.496901029867279E+000 -0.131028262406404E+000 -0.142199038701956E+003 -0.142199038701956E+003 -0.142202770703569E+003
  0.101657741700671E+000  0.198396382750820E+001  0.379398669146847E+000  0.497918798724769E+000 -0.131028262406404E+000 -0.142199132141873E+003 -0.142199132141873E+003 -0.142201368131212E+003
  0.119422405444817E+000  0.199531246645077E+001  0.188474541930729E+000  0.491045237671200E+000 -0.131028262406404E+000 -0.142200127658185E+003 -0.142200127658185E+003 -0.142205971184864E+003
  0.127968440665295E+000  0.199745572320861E+001  0.699591342936687E+000  0.493305130440682E+000 -0.131028262406404E+000 -0.142199896738028E+003 -0.142199896738028E+003 -0.142206771360349E+003
  0.129882392337842E+000  0.199787699127773E+001  0.225693283176719E+000  0.495618964805054E+000 -0.131028262406404E+000 -0.142199385893800E+003 -0.142199385893800E+003 -0.142201971613460E+003
  0.132928548220249E+000  0.199198308317388E+001  0.670411192812065E+000  0.496359378421870E+000 -0.131028262406404E+000 -0.142200098466988E+003 -0.142200098466988E+003 -0.142200594959276E+003
  0.146941119762807E+000  0.199811609517641E+001  0.650803680625723E+000  0.499705018760327E+000 -0.131028262406404E+000 -0.142200138927399E+003 -0.142200138927399E+003 -0.142214407762447E+003
  0.103857794209646E+000  0.197363800284546E+001  0.722241069217399E+000  0.498778535306159E+000 -0.131028262406404E+000 -0.142199788716814E+003 -0.142199788716814E+003 -0.142200798514919E+003
  0.100852114427132E+000  0.197787200064290E+001  0.576757094142042E+000  0.497608571925925E+000 -0.131028262406404E+000 -0.142199713677738E+003 -0.142199713677738E+003 -0.142200443049116E+003
  0.119480204766407E+000  0.198174891651984E+001  0.763285030507294E+000  0.499629047690295E+000 -0.131028262406404E+000 -0.142199263625527E+003 -0.142199263625527E+003 -0.142200461272181E+003
  0.104357801925841E+000  0.198304347676209E+001  0.368081763825773E+000  0.494196672243842E+000 -0.131028262406404E+000 -0.142200042689222E+003 -0.142200042689222E+003 -0.142201232991344E+003
  0.127148146907145E+000  0.198528042604897E+001  0.822796955466777E+000  0.497909379071744E+000 -0.131028262406404E+000 -0.142199872211343E+003 -0.142199872211343E+003 -0.142201045897420E+003
  0.106623798162673E+000  0.199390434576665E+001  0.999012549581064E+000  0.492556247583939E+000 -0.131028262406404E+000 -0.142199515594752E+003 -0.142199515594752E+003 -0.142201725956260E+003
  0.103145193575536E+000  0.199438134553405E+001  0.415517431551481E+000  0.496420839242456E+000 -0.131028262406404E+000 -0.142198598446601E+003 -0.142198598446601E+003 -0.142204203224309E+003
  0.115555905196851E+000  0.198558775956329E+001  0.972155827618641E+000  0.493209696500837E+000 -0.131028262406404E+000 -0.142200316420167E+003 -0.142200316420167E+003 -0.142201872677859E+003
  0.101612815916263E+000  0.198518964507151E+001  0.261745707002161E+000  0.496820347983609E+000 -0.131028262406404E+000 -0.142199281460822E+003 -0.142199281460822E+003 -0.142201766370430E+003
  0.124102232140232E+000  0.198816321524737E+001  0.169111153010876E+000  0.495088282403390E+000 -0.131028262406404E+000 -0.142200083619932E+003 -0.142200083619932E+003 -0.142200633123520E+003
  0.123769694316541E+000  0.198533244239983E+001  0.783594682482956E+000  0.496965502745325E+000 -0.131028262406404E+000 -0.142199857742464E+003 -0.142199857742464E+003 -0.142202004029042E+003
  0.117257679627734E+000  0.198880770487673E+001  0.113244847497650E+000  0.493430347830744E+000 -0.131028262406404E+000 -0.142200035686940E+003 -0.142200035686940E+003 -0.142200724237621E+003
  0.108727581836116E+000  0.198390671703878E+001  0.148337870277029E+000  0.498906418813247E+000 -0.131028262406404E+000 -0.142198893236127E+003 -0.142198893236127E+003 -0.142200366150599E+003
