  0.876588810504086E+000  0.119536681894008E+001  0.171592249124598E+000  0.499112364545229E+000 -0.131028262406404E+000 -0.146948690477802E+003 -0.146948690477802E+003
  0.897416502034478E+000  0.114098257243864E+001  0.696327986566888E-001  0.499257643063794E+000 -0.131028262406404E+000 -0.146949292402263E+003 -0.146949292402263E+003
  0.843477962247221E+000  0.113842106524305E+001  0.145529342622156E+000  0.499702888943362E+000 -0.131028262406404E+000 -0.146948757733968E+003 -0.146948757733968E+003
  0.874172007422214E+000  0.121149125502598E+001  0.180948964773043E+000  0.499641949767937E+000 -0.131028262406404E+000 -0.146949177858082E+003 -0.146949177858082E+003
  0.900296254137645E+000  0.116968060762817E+001  0.115174896116068E+000  0.499657480182259E+000 -0.131028262406404E+000 -0.146949349626442E+003 -0.146949349626442E+003
  0.879756658691363E+000  0.117271160817999E+001  0.790560505548513E-001  0.499508949787657E+000 -0.131028262406404E+000 -0.146947450862919E+003 -0.146947450862919E+003
  0.856018889650123E+000  0.119241375251024E+001  0.100648677833080E-001  0.497520253934860E+000 -0.131028262406404E+000 -0.146950122601120E+003 -0.146950122601120E+003
  0.857635363569267E+000  0.120187442573572E+001  0.941723114271699E-003  0.498015002832142E+000 -0.131028262406404E+000 -0.146950007265776E+003 -0.146950007265776E+003
  0.873172190866699E+000  0.119664024533792E+001  0.337862417329889E+000  0.498632682345713E+000 -0.131028262406404E+000 -0.146949148496268E+003 -0.146949148496268E+003
  0.847783505749341E+000  0.119334225335825E+001  0.379630541565785E+000  0.499992998077143E+000 -0.131028262406404E+000 -0.146947429296693E+003 -0.146947429296693E+003
  0.884924658923040E+000  0.118267530696665E+001  0.279455755340956E-001  0.499435824477983E+000 -0.131028262406404E+000 -0.146948263236118E+003 -0.146948263236118E+003
  0.879528529873894E+000  0.117380374187495E+001  0.201973134923765E+000  0.497558172250395E+000 -0.131028262406404E+000 -0.146949648996559E+003 -0.146949648996559E+003
  0.895188250529546E+000  0.117144108294741E+001  0.279801327518203E+000  0.499850908278685E+000 -0.131028262406404E+000 -0.146948505677945E+003 -0.146948505677945E+003
  0.858437810372542E+000  0.117847754584569E+001  0.324980771791419E+000  0.498364849232745E+000 -0.131028262406404E+000 -0.146948529453887E+003 -0.146948529453887E+003
  0.891895580440061E+000  0.111578005807032E+001  0.395956382196255E+000  0.499742213511679E+000 -0.131028262406404E+000 -0.146949543928714E+003 -0.146949543928714E+003
  0.901669143115835E+000  0.114591565106635E+001  0.157047154917080E+000  0.498792551851838E+000 -0.131028262406404E+000 -0.146950184467811E+003 -0.146950184467811E+003
  0.870616902862407E+000  0.115288768491291E+001  0.199353556118933E+000  0.499500284953193E+000 -0.131028262406404E+000 -0.146947092858049E+003 -0.146947092858049E+003
  0.837077557013480E+000  0.120930911041061E+001  0.376839054709954E+000  0.499179551690340E+000 -0.131028262406404E+000 -0.146950138468631E+003 -0.146950138468631E+003
  0.876743063833938E+000  0.116723684422727E+001  0.141440070340584E+000  0.497755574369796E+000 -0.131028262406404E+000 -0.146949158498857E+003 -0.146949158498857E+003
  0.871034872564762E+000  0.117234553484533E+001  0.250964200593804E+000  0.499823950262518E+000 -0.131028262406404E+000 -0.146946698811905E+003 -0.146946698811905E+003
  0.840843696888589E+000  0.115733674157950E+001  0.869957405134766E-001  0.499790533477892E+000 -0.131028262406404E+000 -0.146948055637266E+003 -0.146948055637266E+003
  0.849381828089425E+000  0.112271426179442E+001  0.272801012001942E+000  0.499887797012417E+000 -0.131028262406404E+000 -0.146949144857214E+003 -0.146949144857214E+003
  0.850966719454360E+000  0.113032317864561E+001  0.127089068511167E+000  0.499466853729118E+000 -0.131028262406404E+000 -0.146948870110299E+003 -0.146948870110299E+003
  0.846518268893580E+000  0.119292510359030E+001  0.612063526604704E-001  0.499474276313396E+000 -0.131028262406404E+000 -0.146948143470451E+003 -0.146948143470451E+003
  0.894156832649778E+000  0.118194344645742E+001  0.244642476109359E+000  0.499225833248861E+000 -0.131028262406404E+000 -0.146949458269781E+003 -0.146949458269781E+003
  0.883100726163235E+000  0.117425071127698E+001  0.353560944438523E+000  0.499520919083941E+000 -0.131028262406404E+000 -0.146947709686474E+003 -0.146947709686474E+003
  0.854798512711247E+000  0.118160278691234E+001  0.796679565104711E-001  0.497361485988407E+000 -0.131028262406404E+000 -0.146949957256256E+003 -0.146949957256256E+003
  0.892393551746223E+000  0.118725481065137E+001  0.707441321847761E-002  0.499452011230287E+000 -0.131028262406404E+000 -0.146949281296949E+003 -0.146949281296949E+003
  0.892263840787361E+000  0.115773306700634E+001  0.223779169487098E+000  0.499737829217830E+000 -0.131028262406404E+000 -0.146948062513749E+003 -0.146948062513749E+003
  0.890302201234051E+000  0.113246111124037E+001  0.373029243437972E-001  0.498026408273041E+000 -0.131028262406404E+000 -0.146950130216406E+003 -0.146950130216406E+003
  0.827123525587808E+000  0.117417689840542E+001  0.259453379863381E+000  0.499861444741221E+000 -0.131028262406404E+000 -0.146949444405342E+003 -0.146949444405342E+003
  0.848581215553350E+000  0.113448091333589E+001  0.164159965236396E+000  0.498929042448377E+000 -0.131028262406404E+000 -0.146949406572787E+003 -0.146949406572787E+003
  0.886699075084236E+000  0.112791962360972E+001  0.618150643907963E-001  0.498753197497825E+000 -0.131028262406404E+000 -0.146949378031912E+003 -0.146949378031912E+003
  0.860409374442633E+000  0.112609070779478E+001  0.249700147901959E-001  0.499224934553709E+000 -0.131028262406404E+000 -0.146948840444526E+003 -0.146948840444526E+003
  0.870823953098887E+000  0.111254804707659E+001  0.297151406046058E+000  0.499372957063634E+000 -0.131028262406404E+000 -0.146949503898584E+003 -0.146949503898584E+003
  0.850647869706857E+000  0.112524960770972E+001  0.257252244522181E+000  0.499582028409975E+000 -0.131028262406404E+000 -0.146949159846513E+003 -0.146949159846513E+003
  0.885624542478526E+000  0.119120285925339E+001  0.587723916666114E-002  0.498859628613033E+000 -0.131028262406404E+000 -0.146949430540673E+003 -0.146949430540673E+003
  0.849173704229538E+000  0.117232503234537E+001  0.639596282204320E-001  0.497817954735929E+000 -0.131028262406404E+000 -0.146949560579950E+003 -0.146949560579950E+003
  0.869640732375240E+000  0.116485796821330E+001  0.292780861638379E+000  0.499562173753535E+000 -0.131028262406404E+000 -0.146946901212434E+003 -0.146946901212434E+003
  0.895886786280731E+000  0.118574612657228E+001  0.461987650737229E-001  0.499694470652383E+000 -0.131028262406404E+000 -0.146949390423401E+003 -0.146949390423401E+003
  0.876474716110289E+000  0.117624712509959E+001  0.247450432905488E+000  0.499240337794128E+000 -0.131028262406404E+000 -0.146947658087382E+003 -0.146947658087382E+003
  0.887334802750273E+000  0.116365540581256E+001  0.267405900945570E+000  0.499424971430149E+000 -0.131028262406404E+000 -0.146947956863524E+003 -0.146947956863524E+003
  0.887222761912675E+000  0.112677509807608E+001  0.181829135192600E+000  0.499575745941636E+000 -0.131028262406404E+000 -0.146948653008840E+003 -0.146948653008840E+003
  0.875201153389834E+000  0.113628411909932E+001  0.218148517292620E+000  0.499973551153074E+000 -0.131028262406404E+000 -0.146947224334461E+003 -0.146947224334461E+003
  0.879215662397749E+000  0.112205978501023E+001  0.104199629602543E+000  0.498645559498765E+000 -0.131028262406404E+000 -0.146949531700029E+003 -0.146949531700029E+003
  0.830369600257259E+000  0.119167887240202E+001  0.116531549419851E+000  0.499936221208621E+000 -0.131028262406404E+000 -0.146949066895005E+003 -0.146949066895005E+003
  0.859844632668000E+000  0.117810494667180E+001  0.241294367638827E+000  0.498406819953321E+000 -0.131028262406404E+000 -0.146948437162843E+003 -0.146948437162843E+003
  0.882895087475959E+000  0.117653654615226E+001  0.253738200186458E+000  0.498562562729341E+000 -0.131028262406404E+000 -0.146948825785814E+003 -0.146948825785814E+003
  0.839799600060898E+000  0.120852073664795E+001  0.219288186164136E+000  0.499942118790196E+000 -0.131028262406404E+000 -0.146948845503082E+003 -0.146948845503082E+003
  0.873727217413923E+000  0.113050779009229E+001  0.406636486467221E+000  0.498360668561130E+000 -0.131028262406404E+000 -0.146949213633394E+003 -0.146949213633394E+003
  0.850554557932152E+000  0.114155270992861E+001  0.187543718535944E+000  0.499860041567503E+000 -0.131028262406404E+000 -0.146947743182779E+003 -0.146947743182779E+003
  0.876522854204177E+000  0.118064180194610E+001  0.260839799701290E+000  0.497305921794640E+000 -0.131028262406404E+000 -0.146950015540118E+003 -0.146950015540118E+003
  0.868816205437668E+000  0.113738425128252E+001  0.335521525869877E+000  0.498178944762138E+000 -0.131028262406404E+000 -0.146949063629222E+003 -0.146949063629222E+003
  0.864860086690026E+000  0.113362465972637E+001  0.533522130921172E-001  0.497876667296315E+000 -0.131028262406404E+000 -0.146949664494955E+003 -0.146949664494955E+003
  0.866952201253158E+000  0.116360320502427E+001  0.134764770834374E+000  0.499371052917078E+000 -0.131028262406404E+000 -0.146947094475355E+003 -0.146947094475355E+003
  0.841979383690768E+000  0.118507225307002E+001  0.455392270737487E-003  0.498404236913093E+000 -0.131028262406404E+000 -0.146949599611499E+003 -0.146949599611499E+003
  0.844084242245790E+000  0.121623727248161E+001  0.356498368138829E+000  0.499747434511286E+000 -0.131028262406404E+000 -0.146949372015110E+003 -0.146949372015110E+003
  0.877154753526104E+000  0.115704137655646E+001  0.141242873078456E+000  0.497395110423103E+000 -0.131028262406404E+000 -0.146949526256907E+003 -0.146949526256907E+003
  0.862499684018439E+000  0.113220366706176E+001  0.225238163440286E+000  0.497770228239945E+000 -0.131028262406404E+000 -0.146949945314630E+003 -0.146949945314630E+003
  0.846844577539150E+000  0.113549737348786E+001  0.308768572426021E+000  0.499818874200607E+000 -0.131028262406404E+000 -0.146948470916459E+003 -0.146948470916459E+003
  0.857292811155412E+000  0.113424917950046E+001  0.330069616364769E-001  0.499392550693781E+000 -0.131028262406404E+000 -0.146948257982780E+003 -0.146948257982780E+003
  0.833631232809156E+000  0.114765521313366E+001  0.116007570609315E+000  0.499493812933455E+000 -0.131028262406404E+000 -0.146949715915750E+003 -0.146949715915750E+003
  0.856693382030632E+000  0.116682581880429E+001  0.217054507698551E+000  0.499432814304409E+000 -0.131028262406404E+000 -0.146947190312576E+003 -0.146947190312576E+003
  0.885948332618848E+000  0.112575009796725E+001  0.256401803697314E+000  0.498452368227916E+000 -0.131028262406404E+000 -0.146949757904485E+003 -0.146949757904485E+003
  0.867314301967476E+000  0.117334281386906E+001  0.138548501784438E+000  0.498454658419636E+000 -0.131028262406404E+000 -0.146948233608012E+003 -0.146948233608012E+003
  0.874108863571331E+000  0.112929405756256E+001  0.971692504188721E-001  0.498901797364909E+000 -0.131028262406404E+000 -0.146948715132715E+003 -0.146948715132715E+003
  0.858704499281690E+000  0.115278751609248E+001  0.169000503104646E+000  0.498775894396240E+000 -0.131028262406404E+000 -0.146948082770659E+003 -0.146948082770659E+003
  0.888747230209290E+000  0.111957656730164E+001  0.240534679818946E+000  0.499012559170718E+000 -0.131028262406404E+000 -0.146949754955581E+003 -0.146949754955581E+003
  0.838875342571845E+000  0.118316966526457E+001  0.966676005622651E-001  0.499116759108563E+000 -0.131028262406404E+000 -0.146948948895081E+003 -0.146948948895081E+003
  0.869503780414772E+000  0.117361874984663E+001  0.117934892409226E+000  0.498583134293148E+000 -0.131028262406404E+000 -0.146948115877054E+003 -0.146948115877054E+003
  0.882283363860568E+000  0.119275919810419E+001  0.509818860819390E-001  0.499268818230880E+000 -0.131028262406404E+000 -0.146948763449538E+003 -0.146948763449538E+003
  0.841611864006872E+000  0.119825137851771E+001  0.579811656884030E-001  0.499694685688337E+000 -0.131028262406404E+000 -0.146948446066817E+003 -0.146948446066817E+003
  0.850782586560883E+000  0.113377340456571E+001  0.316937075063434E+000  0.499782565344284E+000 -0.131028262406404E+000 -0.146948283947545E+003 -0.146948283947545E+003
  0.859317927202046E+000  0.118260461404834E+001  0.234061291731860E+000  0.499792016149968E+000 -0.131028262406404E+000 -0.146946893952669E+003 -0.146946893952669E+003
  0.831274123450506E+000  0.119472774099236E+001  0.219358882531926E+000  0.499502854971158E+000 -0.131028262406404E+000 -0.146949617323876E+003 -0.146949617323876E+003
  0.858701564673105E+000  0.116760856927886E+001  0.978825991422132E-001  0.497886677759382E+000 -0.131028262406404E+000 -0.146948958199770E+003 -0.146948958199770E+003
  0.839939217298292E+000  0.120246878671956E+001  0.899227243660816E-003  0.498945718826370E+000 -0.131028262406404E+000 -0.146949772900448E+003 -0.146949772900448E+003
  0.827281708010108E+000  0.116373553652084E+001  0.673807451844370E-001  0.499800634834301E+000 -0.131028262406404E+000 -0.146949669422985E+003 -0.146949669422985E+003
  0.882554347253494E+000  0.113939606916305E+001  0.177468600121270E-001  0.498852239214946E+000 -0.131028262406404E+000 -0.146948536686787E+003 -0.146948536686787E+003
  0.880762648724740E+000  0.113006281808898E+001  0.392886598187011E+000  0.497575819399340E+000 -0.131028262406404E+000 -0.146950196345179E+003 -0.146950196345179E+003
  0.873880248268635E+000  0.120436528545439E+001  0.179571575829859E+000  0.498687110584528E+000 -0.131028262406404E+000 -0.146949680943210E+003 -0.146949680943210E+003
  0.865923590470250E+000  0.112059275473524E+001  0.237362071392606E+000  0.499572646723129E+000 -0.131028262406404E+000 -0.146948690807473E+003 -0.146948690807473E+003
  0.874332212754805E+000  0.114610756184597E+001  0.119932014144412E+000  0.498202161866699E+000 -0.131028262406404E+000 -0.146948738401766E+003 -0.146948738401766E+003
  0.866613974094445E+000  0.111087761368936E+001  0.328375175650551E+000  0.499592049338876E+000 -0.131028262406404E+000 -0.146949526444938E+003 -0.146949526444938E+003
  0.881270386281049E+000  0.114609255290357E+001  0.966873320736800E-001  0.498652814540763E+000 -0.131028262406404E+000 -0.146948483693811E+003 -0.146948483693811E+003
  0.846706234499048E+000  0.117989221121627E+001  0.273130676820025E+000  0.499042195981402E+000 -0.131028262406404E+000 -0.146948303915888E+003 -0.146948303915888E+003
  0.880711929011151E+000  0.113508700311099E+001  0.397099252014277E+000  0.499225786178033E+000 -0.131028262406404E+000 -0.146948239117912E+003 -0.146948239117912E+003
  0.852788684671386E+000  0.117675826389895E+001  0.115606872599790E+000  0.497802391706621E+000 -0.131028262406404E+000 -0.146949406179783E+003 -0.146949406179783E+003
  0.881157704082570E+000  0.119249199969876E+001  0.238556177548986E-001  0.499713497451091E+000 -0.131028262406404E+000 -0.146948147450065E+003 -0.146948147450065E+003
  0.839954130060668E+000  0.112910042776408E+001  0.416684499177045E-002  0.499932760162970E+000 -0.131028262406404E+000 -0.146949576035569E+003 -0.146949576035569E+003
  0.879974403097782E+000  0.116196136406427E+001  0.142587212988156E+000  0.497870861735435E+000 -0.131028262406404E+000 -0.146949123176474E+003 -0.146949123176474E+003
  0.866591311530595E+000  0.113056882230515E+001  0.150246512152066E+000  0.497907946568500E+000 -0.131028262406404E+000 -0.146949759259447E+003 -0.146949759259447E+003
  0.875884578228332E+000  0.114974171623702E+001  0.187318166082847E+000  0.497636195639067E+000 -0.131028262406404E+000 -0.146949306889545E+003 -0.146949306889545E+003
  0.878145078363742E+000  0.116761363027361E+001  0.274074094100482E+000  0.498670908934471E+000 -0.131028262406404E+000 -0.146948201311676E+003 -0.146948201311676E+003
  0.882149114455090E+000  0.119279591668252E+001  0.191528753445589E+000  0.499910624142281E+000 -0.131028262406404E+000 -0.146948025515702E+003 -0.146948025515702E+003
  0.858516644512442E+000  0.111802574590067E+001  0.191790101916036E+000  0.499151417588326E+000 -0.131028262406404E+000 -0.146949682644862E+003 -0.146949682644862E+003
  0.870987715505671E+000  0.119127663546346E+001  0.326894123671776E+000  0.498052874630127E+000 -0.131028262406404E+000 -0.146949426680465E+003 -0.146949426680465E+003
  0.828418943420290E+000  0.115433839669904E+001  0.226145891015670E+000  0.499753225462708E+000 -0.131028262406404E+000 -0.146949869752148E+003 -0.146949869752148E+003
  0.875418557076376E+000  0.115063866668724E+001  0.299789720735065E+000  0.498545392167301E+000 -0.131028262406404E+000 -0.146948282459188E+003 -0.146948282459188E+003
  0.882708617252960E+000  0.113496022639863E+001  0.840150978389922E-001  0.497973339912655E+000 -0.131028262406404E+000 -0.146949630466946E+003 -0.146949630466946E+003
  0.856320871332381E+000  0.112591003562522E+001  0.476017550575819E-001  0.499773926557578E+000 -0.131028262406404E+000 -0.146948473067804E+003 -0.146948473067804E+003
  0.838662440641367E+000  0.114557839291986E+001  0.316760762310772E+000  0.498857370542916E+000 -0.131028262406404E+000 -0.146949923131440E+003 -0.146949923131440E+003
  0.865211065807800E+000  0.111937038451346E+001  0.467095852345594E-001  0.498522219958835E+000 -0.131028262406404E+000 -0.146949929229978E+003 -0.146949929229978E+003
  0.864562808320416E+000  0.114596457677050E+001  0.784975508486826E-001  0.498053306301636E+000 -0.131028262406404E+000 -0.146948929056573E+003 -0.146948929056573E+003
  0.895800393350391E+000  0.115068681402829E+001  0.244502854961527E+000  0.498794217172104E+000 -0.131028262406404E+000 -0.146949425950798E+003 -0.146949425950798E+003
  0.869048022362777E+000  0.120896491226542E+001  0.149155732599436E+000  0.499229487996861E+000 -0.131028262406404E+000 -0.146949181566655E+003 -0.146949181566655E+003
  0.869237397694298E+000  0.115206845218028E+001  0.308690616389921E+000  0.496777805686247E+000 -0.131028262406404E+000 -0.146950153242538E+003 -0.146950153242538E+003
  0.879677221829752E+000  0.114304793671435E+001  0.419053102173955E+000  0.499523039997784E+000 -0.131028262406404E+000 -0.146947574194673E+003 -0.146947574194673E+003
  0.882921494813134E+000  0.115726431587247E+001  0.200780521747380E+000  0.498515308194517E+000 -0.131028262406404E+000 -0.146948576141035E+003 -0.146948576141035E+003
  0.883876040685878E+000  0.114741410318370E+001  0.124542111604903E+000  0.499125600509287E+000 -0.131028262406404E+000 -0.146948097352455E+003 -0.146948097352455E+003
  0.845162358774751E+000  0.114974499253956E+001  0.172883142632091E+000  0.497873794578901E+000 -0.131028262406404E+000 -0.146950193456232E+003 -0.146950193456232E+003
  0.874026718103825E+000  0.117930542634854E+001  0.179149824955443E+000  0.499277009624773E+000 -0.131028262406404E+000 -0.146947595471070E+003 -0.146947595471070E+003
  0.851056493038179E+000  0.114749464244701E+001  0.303109604788811E+000  0.499003538114538E+000 -0.131028262406404E+000 -0.146948425771250E+003 -0.146948425771250E+003
  0.842729097297703E+000  0.115386084556057E+001  0.341319191262752E+000  0.498544989372052E+000 -0.131028262406404E+000 -0.146949485305792E+003 -0.146949485305792E+003
  0.858327811691754E+000  0.119939818260438E+001  0.304721555983378E+000  0.499528728933170E+000 -0.131028262406404E+000 -0.146947964377331E+003 -0.146947964377331E+003
  0.879266502252866E+000  0.114639941739812E+001  0.425592804482832E+000  0.498839588363401E+000 -0.131028262406404E+000 -0.146948187756461E+003 -0.146948187756461E+003
  0.872776273829072E+000  0.118273021309155E+001  0.428095087770593E-001  0.497992084943324E+000 -0.131028262406404E+000 -0.146949155261703E+003 -0.146949155261703E+003
  0.878249048696222E+000  0.113706224585167E+001  0.150736355287333E+000  0.498099094430945E+000 -0.131028262406404E+000 -0.146949249659708E+003 -0.146949249659708E+003
  0.851534393473228E+000  0.118046883677752E+001  0.257467509337902E+000  0.498620394444251E+000 -0.131028262406404E+000 -0.146948536076077E+003 -0.146948536076077E+003
  0.904913426579147E+000  0.115243292537274E+001  0.901207623939215E-001  0.499907990433664E+000 -0.131028262406404E+000 -0.146949525249125E+003 -0.146949525249125E+003
  0.856613398883889E+000  0.117058851643507E+001  0.200320009722569E+000  0.499999508533791E+000 -0.131028262406404E+000 -0.146946520754378E+003 -0.146946520754378E+003
  0.872203903013252E+000  0.113552143551552E+001  0.260921947476829E+000  0.499737768557326E+000 -0.131028262406404E+000 -0.146947466657532E+003 -0.146947466657532E+003
  0.860947499195266E+000  0.116419698423434E+001  0.118866923853148E+000  0.497199622977541E+000 -0.131028262406404E+000 -0.146949697661309E+003 -0.146949697661309E+003
  0.851856220490771E+000  0.119904083832286E+001  0.175407802939809E+000  0.498737122901351E+000 -0.131028262406404E+000 -0.146949093162271E+003 -0.146949093162271E+003
  0.880664371729900E+000  0.110311403461183E+001  0.193857843095055E+000  0.499652564987253E+000 -0.131028262406404E+000 -0.146950203997170E+003 -0.146950203997170E+003
