  0.199874892111659E+001  0.138085998370005E+001  0.835663244238074E+000  0.354829057176984E+000 -0.131028262406404E+000 -0.134607887643947E+003 -0.134607887643947E+003
  0.199750608919204E+001  0.137362217281798E+001  0.268434148835108E-001  0.367636583060201E+000 -0.131028262406404E+000 -0.134607847420503E+003 -0.134607847420503E+003
  0.199839123081358E+001  0.141970615379746E+001  0.960086317007263E+000  0.361010307916464E+000 -0.131028262406404E+000 -0.134607463653169E+003 -0.134607463653169E+003
  0.199470133553591E+001  0.136938507550477E+001  0.778048219360952E+000  0.363311913014372E+000 -0.131028262406404E+000 -0.134607566479198E+003 -0.134607566479198E+003
  0.199709443632288E+001  0.141139435756218E+001  0.386134474336057E+000  0.362024313541018E+000 -0.131028262406404E+000 -0.134607432045123E+003 -0.134607432045123E+003
  0.199522858463610E+001  0.139090730608153E+001  0.697155857127940E-001  0.358566517360339E+000 -0.131028262406404E+000 -0.134607788306698E+003 -0.134607788306698E+003
  0.199912307667636E+001  0.134267063831398E+001  0.908584169053337E+000  0.361840489810161E+000 -0.131028262406404E+000 -0.134607208104161E+003 -0.134607208104161E+003
  0.199850702111770E+001  0.133879952896387E+001  0.234160748304830E+000  0.364931294669055E+000 -0.131028262406404E+000 -0.134607872626722E+003 -0.134607872626722E+003
  0.199965538865970E+001  0.140492629523135E+001  0.490163132295716E+000  0.367103174707013E+000 -0.131028262406404E+000 -0.134607690812804E+003 -0.134607690812804E+003
  0.199743422785042E+001  0.136683343075454E+001  0.822967750505717E+000  0.362380087382601E+000 -0.131028262406404E+000 -0.134606866449991E+003 -0.134606866449991E+003
  0.199818386108885E+001  0.140369243543010E+001  0.131725523163259E+000  0.361269635473629E+000 -0.131028262406404E+000 -0.134606883248336E+003 -0.134606883248336E+003
  0.199770842793443E+001  0.141406025224887E+001  0.261802920166895E+000  0.365832213939465E+000 -0.131028262406404E+000 -0.134608006150454E+003 -0.134608006150454E+003
  0.199970250792284E+001  0.142710564882047E+001  0.550281977236642E+000  0.359874181644230E+000 -0.131028262406404E+000 -0.134607566959242E+003 -0.134607566959242E+003
  0.199820226466812E+001  0.138740581789804E+001  0.765422531842731E+000  0.364999163106412E+000 -0.131028262406404E+000 -0.134606946213416E+003 -0.134606946213416E+003
  0.199911736496075E+001  0.142147076446678E+001  0.857920336404006E+000  0.362172511276602E+000 -0.131028262406404E+000 -0.134607402657020E+003 -0.134607402657020E+003
  0.199941835475614E+001  0.137150457114324E+001  0.697427711444942E+000  0.358188867889835E+000 -0.131028262406404E+000 -0.134606632016602E+003 -0.134606632016602E+003
  0.199844700056000E+001  0.140754151300992E+001  0.478695266493316E+000  0.361428891811966E+000 -0.131028262406404E+000 -0.134606937172199E+003 -0.134606937172199E+003
  0.199562231784618E+001  0.139909195015967E+001  0.652960064033526E+000  0.359550045120012E+000 -0.131028262406404E+000 -0.134607613196844E+003 -0.134607613196844E+003
  0.199769168116631E+001  0.141945169629686E+001  0.397165341034917E+000  0.364886864903207E+000 -0.131028262406404E+000 -0.134608027288633E+003 -0.134608027288633E+003
  0.199861432842571E+001  0.140052791972552E+001  0.302278879844214E+000  0.366688430802839E+000 -0.131028262406404E+000 -0.134607596908218E+003 -0.134607596908218E+003
  0.199473754268481E+001  0.135033242017026E+001  0.628230163850853E+000  0.363066070665706E+000 -0.131028262406404E+000 -0.134608056367434E+003 -0.134608056367434E+003
  0.199954766095715E+001  0.140072303978342E+001  0.247143199625590E+000  0.363276869658676E+000 -0.131028262406404E+000 -0.134606586940815E+003 -0.134606586940815E+003
  0.199930562085715E+001  0.133548668315928E+001  0.449658321810372E+000  0.360531012877850E+000 -0.131028262406404E+000 -0.134607589347666E+003 -0.134607589347666E+003
  0.199744244007020E+001  0.135448433757021E+001  0.638502883257088E+000  0.361096262647690E+000 -0.131028262406404E+000 -0.134607198162602E+003 -0.134607198162602E+003
  0.199867532141016E+001  0.137376404781058E+001  0.397452027069582E+000  0.354627387824975E+000 -0.131028262406404E+000 -0.134608058451882E+003 -0.134608058451882E+003
  0.199985221522312E+001  0.136468464581503E+001  0.585958569673548E+000  0.367424752934644E+000 -0.131028262406404E+000 -0.134607420618138E+003 -0.134607420618138E+003
  0.199672065813257E+001  0.137866819177876E+001  0.988124603944275E+000  0.365352270239760E+000 -0.131028262406404E+000 -0.134607307085025E+003 -0.134607307085025E+003
  0.199601660329974E+001  0.137164361121978E+001  0.281852005392822E+000  0.366881330820500E+000 -0.131028262406404E+000 -0.134607899724157E+003 -0.134607899724157E+003
  0.199854583853794E+001  0.136233687947167E+001  0.470359537932519E+000  0.358391954812790E+000 -0.131028262406404E+000 -0.134607023861640E+003 -0.134607023861640E+003
  0.199914257379290E+001  0.136259083436518E+001  0.879187454990956E-001  0.362979850277961E+000 -0.131028262406404E+000 -0.134606555787649E+003 -0.134606555787649E+003
  0.199962483148181E+001  0.136192559366423E+001  0.885749366943054E+000  0.357419113258334E+000 -0.131028262406404E+000 -0.134606941837173E+003 -0.134606941837173E+003
  0.199623696356554E+001  0.137884338089726E+001  0.633467461530406E+000  0.365564903419546E+000 -0.131028262406404E+000 -0.134607461436996E+003 -0.134607461436996E+003
  0.199752971906706E+001  0.136612169115143E+001  0.377928616708035E+000  0.360680431518353E+000 -0.131028262406404E+000 -0.134606893952100E+003 -0.134606893952100E+003
  0.199898943632170E+001  0.139862241970053E+001  0.599708147248394E+000  0.358633919072862E+000 -0.131028262406404E+000 -0.134606785389910E+003 -0.134606785389910E+003
  0.199332158207000E+001  0.138436491794183E+001  0.474668275598866E+000  0.363215656228701E+000 -0.131028262406404E+000 -0.134607836247793E+003 -0.134607836247793E+003
  0.199937360740315E+001  0.142454333166107E+001  0.635376126346070E+000  0.360944857342095E+000 -0.131028262406404E+000 -0.134607465970555E+003 -0.134607465970555E+003
  0.199895434915668E+001  0.133972167237705E+001  0.449775596157736E+000  0.366106650107576E+000 -0.131028262406404E+000 -0.134608006140461E+003 -0.134608006140461E+003
  0.199775924745551E+001  0.137810971294349E+001  0.317023711953394E-001  0.367204473383160E+000 -0.131028262406404E+000 -0.134607626141989E+003 -0.134607626141989E+003
  0.199897938048472E+001  0.134669906561002E+001  0.435531858282840E-001  0.360468936117474E+000 -0.131028262406404E+000 -0.134607116179631E+003 -0.134607116179631E+003
  0.199779920593944E+001  0.135839094923819E+001  0.531039740058545E+000  0.367790582256847E+000 -0.131028262406404E+000 -0.134608090830759E+003 -0.134608090830759E+003
  0.199843607424973E+001  0.134745772601647E+001  0.683998809627091E+000  0.364234948489728E+000 -0.131028262406404E+000 -0.134607360750415E+003 -0.134607360750415E+003
  0.199875721033811E+001  0.134465711866897E+001  0.342565411348879E+000  0.357943969614694E+000 -0.131028262406404E+000 -0.134607703921087E+003 -0.134607703921087E+003
  0.199561897314920E+001  0.141746376146210E+001  0.887756323657596E+000  0.361531534673327E+000 -0.131028262406404E+000 -0.134608066570046E+003 -0.134608066570046E+003
  0.199757140498695E+001  0.138069347641051E+001  0.504837612674030E-001  0.357539960813653E+000 -0.131028262406404E+000 -0.134607288657836E+003 -0.134607288657836E+003
  0.199781384200824E+001  0.139567016290114E+001  0.349869606790905E+000  0.367579074400103E+000 -0.131028262406404E+000 -0.134607950892391E+003 -0.134607950892391E+003
  0.199963919277710E+001  0.139570767671974E+001  0.700667831997147E+000  0.359199378469028E+000 -0.131028262406404E+000 -0.134606452470726E+003 -0.134606452470726E+003
  0.199392702527155E+001  0.137018750747988E+001  0.736672690420095E+000  0.365259192628244E+000 -0.131028262406404E+000 -0.134607976788548E+003 -0.134607976788548E+003
  0.199792786816770E+001  0.141075691433075E+001  0.723336027279698E+000  0.365916142994013E+000 -0.131028262406404E+000 -0.134607843367782E+003 -0.134607843367782E+003
  0.199830619012723E+001  0.139742643214325E+001  0.578706075568613E+000  0.356983760258376E+000 -0.131028262406404E+000 -0.134607360563791E+003 -0.134607360563791E+003
  0.199532598343453E+001  0.134641239488750E+001  0.339668413680223E+000  0.363391550754500E+000 -0.131028262406404E+000 -0.134608083357267E+003 -0.134608083357267E+003
  0.199821325645437E+001  0.139377668277697E+001  0.583338195913255E+000  0.357414757434139E+000 -0.131028262406404E+000 -0.134607205581869E+003 -0.134607205581869E+003
  0.199943433926931E+001  0.139018877909141E+001  0.647745055106800E+000  0.354916202551443E+000 -0.131028262406404E+000 -0.134607645580668E+003 -0.134607645580668E+003
  0.199835929190013E+001  0.134410118273118E+001  0.623914819794659E+000  0.365486658096897E+000 -0.131028262406404E+000 -0.134607768356660E+003 -0.134607768356660E+003
  0.199939519395301E+001  0.134884316789079E+001  0.944902533186342E+000  0.363799357355402E+000 -0.131028262406404E+000 -0.134607010747075E+003 -0.134607010747075E+003
  0.199778729420051E+001  0.135481102962339E+001  0.134995878813001E+000  0.357672487569805E+000 -0.131028262406404E+000 -0.134607663047299E+003 -0.134607663047299E+003
  0.199880922352239E+001  0.140826215253016E+001  0.398263795582133E+000  0.355879130977220E+000 -0.131028262406404E+000 -0.134607839567292E+003 -0.134607839567292E+003
  0.199635255340191E+001  0.141199374704231E+001  0.216863983384863E+000  0.361371892895035E+000 -0.131028262406404E+000 -0.134607643619676E+003 -0.134607643619676E+003
  0.199837814707292E+001  0.136229641330398E+001  0.432568011046882E-001  0.364344452894733E+000 -0.131028262406404E+000 -0.134606921987028E+003 -0.134606921987028E+003
  0.199949403164607E+001  0.137610583587046E+001  0.959963891746475E+000  0.353940414117166E+000 -0.131028262406404E+000 -0.134608080827014E+003 -0.134608080827014E+003
  0.199662692837849E+001  0.135201055321536E+001  0.538142075637217E+000  0.358698876257514E+000 -0.131028262406404E+000 -0.134607866995474E+003 -0.134607866995474E+003
  0.199781429453302E+001  0.136709625341382E+001  0.403731005749565E+000  0.357393487173640E+000 -0.131028262406404E+000 -0.134607400873964E+003 -0.134607400873964E+003
  0.199947224133058E+001  0.140039801057467E+001  0.700295608958954E+000  0.365263365743903E+000 -0.131028262406404E+000 -0.134606988566411E+003 -0.134606988566411E+003
  0.199687719154200E+001  0.134693508868101E+001  0.511471910146891E+000  0.364468423071389E+000 -0.131028262406404E+000 -0.134607791416978E+003 -0.134607791416978E+003
  0.199882730742664E+001  0.136290748362334E+001  0.905739962339763E+000  0.356748825543333E+000 -0.131028262406404E+000 -0.134607370081462E+003 -0.134607370081462E+003
  0.199717114476511E+001  0.141906476724596E+001  0.765301440999731E+000  0.364411772902868E+000 -0.131028262406404E+000 -0.134608021182269E+003 -0.134608021182269E+003
  0.199602590350686E+001  0.138017385168260E+001  0.284316981406197E+000  0.367441557066070E+000 -0.131028262406404E+000 -0.134608050970414E+003 -0.134608050970414E+003
  0.199360666083730E+001  0.136849699449016E+001  0.490691320386186E+000  0.364314649468439E+000 -0.131028262406404E+000 -0.134607939023172E+003 -0.134607939023172E+003
  0.199680381457224E+001  0.137992039135971E+001  0.898220185205124E+000  0.359644488148251E+000 -0.131028262406404E+000 -0.134607070262584E+003 -0.134607070262584E+003
  0.199718828153719E+001  0.140368083184957E+001  0.278235622322289E+000  0.359452945864475E+000 -0.131028262406404E+000 -0.134607294639822E+003 -0.134607294639822E+003
  0.199499989259883E+001  0.140211274854891E+001  0.184414747859775E+000  0.361319593212070E+000 -0.131028262406404E+000 -0.134607676733897E+003 -0.134607676733897E+003
  0.199977798637808E+001  0.143011755771033E+001  0.740599108764876E+000  0.358348232858275E+000 -0.131028262406404E+000 -0.134607908645141E+003 -0.134607908645141E+003
  0.199904461559227E+001  0.140457076130052E+001  0.263473396505292E+000  0.359574786884916E+000 -0.131028262406404E+000 -0.134606783934581E+003 -0.134606783934581E+003
  0.199992447318724E+001  0.141867899616057E+001  0.149310583562274E+000  0.357631491336015E+000 -0.131028262406404E+000 -0.134607393153580E+003 -0.134607393153580E+003
  0.199873807825525E+001  0.138010078366346E+001  0.566837238522907E+000  0.359913931872712E+000 -0.131028262406404E+000 -0.134606486044662E+003 -0.134606486044662E+003
  0.199636830646822E+001  0.137995929368048E+001  0.597385199934128E+000  0.362793487511571E+000 -0.131028262406404E+000 -0.134607036840747E+003 -0.134607036840747E+003
  0.199749348416997E+001  0.137501699455843E+001  0.529969559163878E+000  0.356511815162439E+000 -0.131028262406404E+000 -0.134607671432202E+003 -0.134607671432202E+003
  0.199828572475159E+001  0.140240315805742E+001  0.203972401436526E+000  0.365865077227123E+000 -0.131028262406404E+000 -0.134607457212858E+003 -0.134607457212858E+003
  0.199485188147750E+001  0.138747035623278E+001  0.757289794654509E+000  0.358212760598188E+000 -0.131028262406404E+000 -0.134607961841850E+003 -0.134607961841850E+003
  0.199456683176353E+001  0.138514205106618E+001  0.460922745809068E+000  0.358934181877421E+000 -0.131028262406404E+000 -0.134607863564851E+003 -0.134607863564851E+003
  0.199749001818860E+001  0.138259817877461E+001  0.125512858755322E+000  0.363200776016361E+000 -0.131028262406404E+000 -0.134606792610917E+003 -0.134606792610917E+003
  0.199773187152517E+001  0.135362053859093E+001  0.212772158618467E+000  0.365892300216144E+000 -0.131028262406404E+000 -0.134607635992264E+003 -0.134607635992264E+003
  0.199624686609789E+001  0.139622617763025E+001  0.217830509431797E+000  0.358092559589111E+000 -0.131028262406404E+000 -0.134607669128845E+003 -0.134607669128845E+003
  0.199727495401812E+001  0.135082073827383E+001  0.710338014521905E+000  0.366556690218992E+000 -0.131028262406404E+000 -0.134608014448191E+003 -0.134608014448191E+003
  0.199950094793745E+001  0.134019025410974E+001  0.104787964668187E+000  0.366572185778873E+000 -0.131028262406404E+000 -0.134608005208992E+003 -0.134608005208992E+003
  0.199346866320155E+001  0.136644136883790E+001  0.537212744389615E-001  0.364470767827437E+000 -0.131028262406404E+000 -0.134608025236154E+003 -0.134608025236154E+003
  0.199400349496240E+001  0.137159319732841E+001  0.909424211123526E+000  0.360558889867525E+000 -0.131028262406404E+000 -0.134607813411452E+003 -0.134607813411452E+003
  0.199708917648984E+001  0.136872682011518E+001  0.894804280701163E+000  0.357403861897200E+000 -0.131028262406404E+000 -0.134607596889728E+003 -0.134607596889728E+003
  0.199639327238448E+001  0.138618039993877E+001  0.282166205483503E+000  0.356764005213201E+000 -0.131028262406404E+000 -0.134607907221183E+003 -0.134607907221183E+003
  0.199696510689706E+001  0.141071441866465E+001  0.282448187542986E+000  0.357544188752245E+000 -0.131028262406404E+000 -0.134607977187149E+003 -0.134607977187149E+003
  0.199663086576390E+001  0.135445770272077E+001  0.403550449626485E+000  0.363386711143125E+000 -0.131028262406404E+000 -0.134607440927045E+003 -0.134607440927045E+003
  0.199926743741579E+001  0.140132542928406E+001  0.448645896073945E+000  0.363480810340338E+000 -0.131028262406404E+000 -0.134606696701182E+003 -0.134606696701182E+003
  0.199656838081371E+001  0.139987991925568E+001  0.396601565672758E+000  0.359594566218323E+000 -0.131028262406404E+000 -0.134607353445137E+003 -0.134607353445137E+003
  0.199803649596044E+001  0.142295119892026E+001  0.550151565904147E-001  0.358758192456547E+000 -0.131028262406404E+000 -0.134607931689734E+003 -0.134607931689734E+003
  0.199956021538512E+001  0.137643522029860E+001  0.705316784525266E+000  0.365064868114469E+000 -0.131028262406404E+000 -0.134606624689173E+003 -0.134606624689173E+003
  0.199736939136484E+001  0.136409803128771E+001  0.747500082061571E+000  0.366150113391362E+000 -0.131028262406404E+000 -0.134607510578147E+003 -0.134607510578147E+003
  0.199928997576039E+001  0.138391655878133E+001  0.830785523674224E+000  0.356938162109817E+000 -0.131028262406404E+000 -0.134606926124014E+003 -0.134606926124014E+003
  0.199795712446583E+001  0.141815417378245E+001  0.659334507533319E+000  0.358190760060820E+000 -0.131028262406404E+000 -0.134607827542180E+003 -0.134607827542180E+003
  0.199455638823414E+001  0.138600354333339E+001  0.446144811555574E+000  0.365852393491067E+000 -0.131028262406404E+000 -0.134607923047120E+003 -0.134607923047120E+003
  0.199725506827425E+001  0.137726486855270E+001  0.653208834462690E+000  0.359526792987538E+000 -0.131028262406404E+000 -0.134606968079862E+003 -0.134606968079862E+003
  0.199773744548614E+001  0.139644937787880E+001  0.872445993668354E+000  0.366638668443227E+000 -0.131028262406404E+000 -0.134607646265696E+003 -0.134607646265696E+003
  0.199695101874861E+001  0.138884383862399E+001  0.406658390465854E+000  0.367837204790174E+000 -0.131028262406404E+000 -0.134608088337763E+003 -0.134608088337763E+003
  0.199471638325340E+001  0.138812089128367E+001  0.898490740890354E+000  0.362575106754453E+000 -0.131028262406404E+000 -0.134607484078425E+003 -0.134607484078425E+003
  0.199727658596900E+001  0.137441755161961E+001  0.425041949476596E+000  0.357255935134794E+000 -0.131028262406404E+000 -0.134607503054604E+003 -0.134607503054604E+003
  0.199586671769599E+001  0.135152356510168E+001  0.866468079440710E+000  0.362337482660194E+000 -0.131028262406404E+000 -0.134607697857361E+003 -0.134607697857361E+003
  0.199514849357985E+001  0.138621565364646E+001  0.934312123460002E+000  0.361455311756630E+000 -0.131028262406404E+000 -0.134607368357520E+003 -0.134607368357520E+003
  0.199809716484634E+001  0.139990550425227E+001  0.603929804839944E-001  0.355379086958026E+000 -0.131028262406404E+000 -0.134608041931703E+003 -0.134608041931703E+003
  0.199848836897777E+001  0.134461316838452E+001  0.175575621683041E-001  0.361005160180948E+000 -0.131028262406404E+000 -0.134607309856863E+003 -0.134607309856863E+003
  0.199438679045216E+001  0.136641873269100E+001  0.300061531838271E+000  0.362337210221724E+000 -0.131028262406404E+000 -0.134607671334361E+003 -0.134607671334361E+003
  0.199705272209190E+001  0.137555555904333E+001  0.727116258865888E+000  0.365410611630353E+000 -0.131028262406404E+000 -0.134607255926997E+003 -0.134607255926997E+003
  0.199637031465060E+001  0.134909968744517E+001  0.671421678896159E+000  0.361916622858699E+000 -0.131028262406404E+000 -0.134607660985678E+003 -0.134607660985678E+003
  0.199490235902718E+001  0.138676497689257E+001  0.388287512551521E+000  0.359832683198623E+000 -0.131028262406404E+000 -0.134607603951051E+003 -0.134607603951051E+003
  0.199988056162713E+001  0.137706186309244E+001  0.893104406275308E+000  0.366136427705700E+000 -0.131028262406404E+000 -0.134606849594732E+003 -0.134606849594732E+003
  0.199976717252184E+001  0.141238494171704E+001  0.977163470938905E+000  0.365039187046843E+000 -0.131028262406404E+000 -0.134607293062509E+003 -0.134607293062509E+003
  0.199472383848458E+001  0.136862308885788E+001  0.487367251843865E+000  0.365695326301223E+000 -0.131028262406404E+000 -0.134607902227761E+003 -0.134607902227761E+003
  0.199583632486332E+001  0.139923555538651E+001  0.533006196428443E+000  0.363781150398454E+000 -0.131028262406404E+000 -0.134607483069008E+003 -0.134607483069008E+003
  0.199852154333633E+001  0.140715855597332E+001  0.611492278775569E+000  0.360480976723019E+000 -0.131028262406404E+000 -0.134606930247976E+003 -0.134606930247976E+003
  0.199879086871861E+001  0.136509004253454E+001  0.726416201030573E+000  0.355503255934306E+000 -0.131028262406404E+000 -0.134607787537654E+003 -0.134607787537654E+003
  0.199878362105094E+001  0.142276719238797E+001  0.399892786295450E+000  0.357957988972754E+000 -0.131028262406404E+000 -0.134607857458618E+003 -0.134607857458618E+003
  0.199891712099060E+001  0.136216795640757E+001  0.963351508209129E+000  0.362379782353207E+000 -0.131028262406404E+000 -0.134606580907633E+003 -0.134606580907633E+003
  0.199860183102704E+001  0.141977388248219E+001  0.379542394522279E+000  0.365768284915635E+000 -0.131028262406404E+000 -0.134608086822958E+003 -0.134608086822958E+003
  0.199495932970862E+001  0.137589725455578E+001  0.564170307270896E+000  0.357820877468267E+000 -0.131028262406404E+000 -0.134608052322240E+003 -0.134608052322240E+003
  0.199885828859626E+001  0.134072622762500E+001  0.727143165133960E+000  0.364470355754049E+000 -0.131028262406404E+000 -0.134607606094675E+003 -0.134607606094675E+003
  0.199741686018903E+001  0.141058390075087E+001  0.559284585448498E+000  0.358848191886430E+000 -0.131028262406404E+000 -0.134607548002419E+003 -0.134607548002419E+003
  0.199844624486236E+001  0.140183506405898E+001  0.524534339638486E-001  0.365879422558705E+000 -0.131028262406404E+000 -0.134607411578330E+003 -0.134607411578330E+003
  0.199934748436436E+001  0.137176665815856E+001  0.542036400252216E+000  0.365023462681641E+000 -0.131028262406404E+000 -0.134606690181761E+003 -0.134606690181761E+003
  0.199494030431109E+001  0.137394442967899E+001  0.605003435992527E-002  0.358891797705795E+000 -0.131028262406404E+000 -0.134607800334470E+003 -0.134607800334470E+003
  0.199978774281858E+001  0.134357304715543E+001  0.951828815547802E+000  0.365095568910657E+000 -0.131028262406404E+000 -0.134607380481961E+003 -0.134607380481961E+003
  0.199336861666891E+001  0.138138749879029E+001  0.984242228650175E+000  0.360190877360207E+000 -0.131028262406404E+000 -0.134607979151755E+003 -0.134607979151755E+003
  0.199936865722323E+001  0.133873867995018E+001  0.905428821855278E+000  0.357855655093367E+000 -0.131028262406404E+000 -0.134607837787064E+003 -0.134607837787064E+003
  0.199806950626292E+001  0.136626439991305E+001  0.607093994515541E+000  0.359959947772831E+000 -0.131028262406404E+000 -0.134606811120080E+003 -0.134606811120080E+003
  0.199948782869239E+001  0.141575064793387E+001  0.735103289148349E+000  0.362750551402171E+000 -0.131028262406404E+000 -0.134607084260177E+003 -0.134607084260177E+003
  0.199659042254455E+001  0.141160938545929E+001  0.292925322119723E+000  0.360897698288221E+000 -0.131028262406404E+000 -0.134607583101282E+003 -0.134607583101282E+003
  0.199680955540124E+001  0.141568363054364E+001  0.287761712661681E+000  0.362957654410351E+000 -0.131028262406404E+000 -0.134607738780833E+003 -0.134607738780833E+003
  0.199809726210781E+001  0.140665027853842E+001  0.982002038252747E+000  0.361082025244955E+000 -0.131028262406404E+000 -0.134607001082921E+003 -0.134607001082921E+003
  0.199934952772369E+001  0.140003434609267E+001  0.512280309345514E+000  0.362355564596678E+000 -0.131028262406404E+000 -0.134606521540057E+003 -0.134606521540057E+003
  0.199802365770849E+001  0.135286281573548E+001  0.617656797395447E+000  0.357078328609032E+000 -0.131028262406404E+000 -0.134607835875410E+003 -0.134607835875410E+003
  0.199963707616463E+001  0.137913887330109E+001  0.351446510126365E+000  0.362963881955481E+000 -0.131028262406404E+000 -0.134606244866209E+003 -0.134606244866209E+003
  0.199700914312735E+001  0.135622156560096E+001  0.994268790047116E-001  0.363451387619924E+000 -0.131028262406404E+000 -0.134607295601569E+003 -0.134607295601569E+003
  0.199540453093229E+001  0.137808664299013E+001  0.289851571506807E+000  0.358776805353764E+000 -0.131028262406404E+000 -0.134607652141765E+003 -0.134607652141765E+003
  0.199883664284173E+001  0.142696831363385E+001  0.370063509684310E+000  0.362475094089702E+000 -0.131028262406404E+000 -0.134607802795890E+003 -0.134607802795890E+003
  0.199943130518442E+001  0.140027270493951E+001  0.113034447446861E+000  0.363707010096828E+000 -0.131028262406404E+000 -0.134606664970928E+003 -0.134606664970928E+003
  0.199835375784405E+001  0.136308296004708E+001  0.983143217585277E+000  0.366977853219972E+000 -0.131028262406404E+000 -0.134607580977906E+003 -0.134607580977906E+003
  0.199516931753153E+001  0.135284720064821E+001  0.525642207556807E+000  0.359787264510994E+000 -0.131028262406404E+000 -0.134608059828625E+003 -0.134608059828625E+003
  0.199952487628050E+001  0.139207567019947E+001  0.849695632479317E-001  0.356937929483790E+000 -0.131028262406404E+000 -0.134606911842665E+003 -0.134606911842665E+003
  0.199874472943109E+001  0.136774705856286E+001  0.162546945878746E+000  0.363971562209706E+000 -0.131028262406404E+000 -0.134606675262234E+003 -0.134606675262234E+003
  0.199623120181662E+001  0.138215906389932E+001  0.654640708377255E+000  0.363305547105680E+000 -0.131028262406404E+000 -0.134607108325492E+003 -0.134607108325492E+003
  0.199583135027280E+001  0.136494846560583E+001  0.596463770355557E+000  0.365371911243849E+000 -0.131028262406404E+000 -0.134607645211259E+003 -0.134607645211259E+003
  0.199344472824543E+001  0.138833957292972E+001  0.702349586828922E+000  0.364121099025025E+000 -0.131028262406404E+000 -0.134607904773376E+003 -0.134607904773376E+003
  0.199872737759944E+001  0.136982934928699E+001  0.558367552507066E+000  0.355352900891540E+000 -0.131028262406404E+000 -0.134607777814782E+003 -0.134607777814782E+003
  0.199967928330340E+001  0.142810161182324E+001  0.359238210606036E+000  0.361166056932932E+000 -0.131028262406404E+000 -0.134607595885726E+003 -0.134607595885726E+003
  0.199349531979304E+001  0.137797621159917E+001  0.133241042894872E-001  0.359935476744777E+000 -0.131028262406404E+000 -0.134607994125614E+003 -0.134607994125614E+003
  0.199680201653899E+001  0.139851493749799E+001  0.607157960391224E+000  0.358170720095015E+000 -0.131028262406404E+000 -0.134607525764105E+003 -0.134607525764105E+003
  0.199673908953355E+001  0.139849521514562E+001  0.704739960080272E+000  0.361791222540610E+000 -0.131028262406404E+000 -0.134607119571533E+003 -0.134607119571533E+003
  0.199920153606045E+001  0.138821040585959E+001  0.360591521899460E+000  0.365624152515261E+000 -0.131028262406404E+000 -0.134606897981530E+003 -0.134606897981530E+003
  0.199638441768830E+001  0.136283858291780E+001  0.467544806737702E+000  0.360390502772906E+000 -0.131028262406404E+000 -0.134607314477327E+003 -0.134607314477327E+003
  0.199548838176054E+001  0.139825498405637E+001  0.943396299155387E+000  0.358699743784985E+000 -0.131028262406404E+000 -0.134607794400918E+003 -0.134607794400918E+003
  0.199773221912949E+001  0.138830414207340E+001  0.151033225360601E+000  0.366921404887024E+000 -0.131028262406404E+000 -0.134607596118606E+003 -0.134607596118606E+003
  0.199911257283463E+001  0.138004279704495E+001  0.610597072117079E+000  0.355731933584549E+000 -0.131028262406404E+000 -0.134607395219551E+003 -0.134607395219551E+003
  0.199665521702314E+001  0.141046617567998E+001  0.755728810644338E+000  0.364588690621174E+000 -0.131028262406404E+000 -0.134607781383085E+003 -0.134607781383085E+003
  0.199917610345608E+001  0.133212389193098E+001  0.131344556678364E+000  0.362191029014431E+000 -0.131028262406404E+000 -0.134607780026539E+003 -0.134607780026539E+003
  0.199923725780383E+001  0.136655458171509E+001  0.566011519420052E+000  0.364829792826986E+000 -0.131028262406404E+000 -0.134606737622776E+003 -0.134606737622776E+003
  0.199751704900122E+001  0.134661222138830E+001  0.404974539289366E+000  0.359393953409708E+000 -0.131028262406404E+000 -0.134607682794950E+003 -0.134607682794950E+003
  0.199413081904896E+001  0.139391312574646E+001  0.719969967383555E+000  0.361252207913940E+000 -0.131028262406404E+000 -0.134607741331553E+003 -0.134607741331553E+003
  0.199649901422359E+001  0.135308213569302E+001  0.130119197736304E+000  0.364825808008703E+000 -0.131028262406404E+000 -0.134607703457679E+003 -0.134607703457679E+003
  0.199527371563342E+001  0.137015542951744E+001  0.946957335275363E+000  0.362573574224847E+000 -0.131028262406404E+000 -0.134607378811221E+003 -0.134607378811221E+003
  0.199814956806608E+001  0.135593750869016E+001  0.962026668654266E+000  0.362515058395858E+000 -0.131028262406404E+000 -0.134606952338889E+003 -0.134606952338889E+003
  0.199996417832315E+001  0.137445306053012E+001  0.420581950922185E+000  0.358429738821393E+000 -0.131028262406404E+000 -0.134606387114581E+003 -0.134606387114581E+003
  0.199790816032544E+001  0.135720263624641E+001  0.228151975816041E+000  0.362814860565232E+000 -0.131028262406404E+000 -0.134606991406837E+003 -0.134606991406837E+003
  0.199699171837905E+001  0.135048547708563E+001  0.218955729622186E+000  0.360959601420312E+000 -0.131028262406404E+000 -0.134607478916485E+003 -0.134607478916485E+003
  0.199790086447419E+001  0.138169882452316E+001  0.664255704653866E-001  0.358581708841099E+000 -0.131028262406404E+000 -0.134606935111719E+003 -0.134606935111719E+003
  0.199650177957686E+001  0.135385196566610E+001  0.270740882105981E+000  0.359926048064818E+000 -0.131028262406404E+000 -0.134607607439895E+003 -0.134607607439895E+003
  0.199492514208470E+001  0.136381395505222E+001  0.711811345799754E+000  0.363868691655918E+000 -0.131028262406404E+000 -0.134607654287132E+003 -0.134607654287132E+003
  0.199610937787293E+001  0.137995599275105E+001  0.406988241341192E-001  0.357098616027917E+000 -0.131028262406404E+000 -0.134607885321303E+003 -0.134607885321303E+003
  0.199853296418274E+001  0.140920336649742E+001  0.468967765025349E+000  0.361519443013006E+000 -0.131028262406404E+000 -0.134606974796450E+003 -0.134606974796450E+003
  0.199715203037654E+001  0.136976808620684E+001  0.924873466985587E+000  0.367372343401497E+000 -0.131028262406404E+000 -0.134607853059020E+003 -0.134607853059020E+003
  0.199832868394264E+001  0.139209584411992E+001  0.703502898915331E+000  0.363069027294232E+000 -0.131028262406404E+000 -0.134606666716183E+003 -0.134606666716183E+003
  0.199682576839824E+001  0.135622861301038E+001  0.202362882526366E+000  0.366287851819005E+000 -0.131028262406404E+000 -0.134607856287134E+003 -0.134607856287134E+003
  0.199868246518887E+001  0.137254989255245E+001  0.111279535175825E+000  0.365325179542499E+000 -0.131028262406404E+000 -0.134606899466874E+003 -0.134606899466874E+003
  0.199896155290921E+001  0.134605196822732E+001  0.965797590211315E+000  0.362202141323378E+000 -0.131028262406404E+000 -0.134607101210662E+003 -0.134607101210662E+003
  0.199914550588865E+001  0.138484007224100E+001  0.902612105953111E+000  0.362555360295680E+000 -0.131028262406404E+000 -0.134606344437454E+003 -0.134606344437454E+003
  0.199888356033474E+001  0.137958711653076E+001  0.943901525148638E+000  0.359127243303251E+000 -0.131028262406404E+000 -0.134606550537282E+003 -0.134606550537282E+003
  0.199879287240789E+001  0.140799698775478E+001  0.445524746484690E+000  0.356440689154692E+000 -0.131028262406404E+000 -0.134607644954392E+003 -0.134607644954392E+003
  0.199916808396786E+001  0.141909141373093E+001  0.930621149778964E+000  0.361579860860962E+000 -0.131028262406404E+000 -0.134607239634809E+003 -0.134607239634809E+003
  0.199859227125063E+001  0.135542025989691E+001  0.148824683582769E+000  0.363599406509186E+000 -0.131028262406404E+000 -0.134606946654829E+003 -0.134606946654829E+003
  0.199287419453550E+001  0.138549488371066E+001  0.684414566655987E+000  0.362659862610046E+000 -0.131028262406404E+000 -0.134607942897199E+003 -0.134607942897199E+003
  0.199990923451813E+001  0.135321230280649E+001  0.917036651650991E+000  0.366421709332231E+000 -0.131028262406404E+000 -0.134607339331212E+003 -0.134607339331212E+003
  0.199852148805857E+001  0.134580733302715E+001  0.762091444044148E+000  0.357008557689300E+000 -0.131028262406404E+000 -0.134607993738261E+003 -0.134607993738261E+003
  0.199882949794886E+001  0.143094701799084E+001  0.944104341679625E+000  0.361030210056576E+000 -0.131028262406404E+000 -0.134607986904707E+003 -0.134607986904707E+003
  0.199910220515221E+001  0.135924918500238E+001  0.976984156330234E+000  0.363993671628011E+000 -0.131028262406404E+000 -0.134606768939255E+003 -0.134606768939255E+003
  0.199837262586665E+001  0.134324016253749E+001  0.402090679117799E+000  0.365898873232962E+000 -0.131028262406404E+000 -0.134607907003164E+003 -0.134607907003164E+003
  0.199718025534023E+001  0.134299926669946E+001  0.479990308250318E+000  0.364166518280361E+000 -0.131028262406404E+000 -0.134607851804316E+003 -0.134607851804316E+003
  0.199389281286397E+001  0.137630092916139E+001  0.265005956424382E+000  0.364595490602489E+000 -0.131028262406404E+000 -0.134607825407758E+003 -0.134607825407758E+003
  0.199583247829898E+001  0.139123897265787E+001  0.806756122030112E+000  0.357315270337930E+000 -0.131028262406404E+000 -0.134607944012632E+003 -0.134607944012632E+003
  0.199923555875275E+001  0.136071183326935E+001  0.879112517794236E+000  0.357371212436156E+000 -0.131028262406404E+000 -0.134607108737063E+003 -0.134607108737063E+003
  0.199800633627277E+001  0.141269013030601E+001  0.983532411736563E+000  0.361262227380114E+000 -0.131028262406404E+000 -0.134607243821213E+003 -0.134607243821213E+003
  0.199905018760980E+001  0.140124763253342E+001  0.681255580837425E+000  0.355884072752800E+000 -0.131028262406404E+000 -0.134607567328376E+003 -0.134607567328376E+003
  0.199871958362858E+001  0.133541268734026E+001  0.776042884509235E+000  0.361904346905821E+000 -0.131028262406404E+000 -0.134607701545441E+003 -0.134607701545441E+003
  0.199591539948828E+001  0.141075835562790E+001  0.253823852699305E+000  0.361023411749327E+000 -0.131028262406404E+000 -0.134607724199916E+003 -0.134607724199916E+003
  0.199803928524679E+001  0.137599816941804E+001  0.832450190962442E+000  0.361102042256087E+000 -0.131028262406404E+000 -0.134606604881165E+003 -0.134606604881165E+003
  0.199514986977510E+001  0.138268367617181E+001  0.187918941543557E+000  0.365692348112599E+000 -0.131028262406404E+000 -0.134607735660563E+003 -0.134607735660563E+003
  0.199868775695133E+001  0.141593637204392E+001  0.451502518794206E+000  0.361851730363844E+000 -0.131028262406404E+000 -0.134607219759458E+003 -0.134607219759458E+003
  0.199836590432635E+001  0.139984779022037E+001  0.630310407688188E+000  0.363539150442840E+000 -0.131028262406404E+000 -0.134606873989022E+003 -0.134606873989022E+003
  0.199629481739815E+001  0.135804802584731E+001  0.536420098699305E+000  0.361232195681491E+000 -0.131028262406404E+000 -0.134607394163088E+003 -0.134607394163088E+003
  0.199609785743542E+001  0.141520160477405E+001  0.554771760692059E+000  0.363958012186247E+000 -0.131028262406404E+000 -0.134608002038131E+003 -0.134608002038131E+003
  0.199952415966689E+001  0.141332158890214E+001  0.384216673385928E+000  0.366052097722701E+000 -0.131028262406404E+000 -0.134607677372882E+003 -0.134607677372882E+003
  0.199527357331496E+001  0.140959850462249E+001  0.347565127132999E+000  0.361378683142853E+000 -0.131028262406404E+000 -0.134607836457171E+003 -0.134607836457171E+003
  0.199836376534976E+001  0.135634889421523E+001  0.904281395105462E+000  0.366669711344905E+000 -0.131028262406404E+000 -0.134607641127932E+003 -0.134607641127932E+003
  0.199482389198938E+001  0.140679926821558E+001  0.415967444345944E+000  0.361700817038551E+000 -0.131028262406404E+000 -0.134607849078579E+003 -0.134607849078579E+003
  0.199916525538889E+001  0.138912406945763E+001  0.656304065559950E-001  0.360948213555383E+000 -0.131028262406404E+000 -0.134606341192711E+003 -0.134606341192711E+003
  0.199930387335051E+001  0.140801305966055E+001  0.138905023352842E+000  0.367644167886774E+000 -0.131028262406404E+000 -0.134608086015644E+003 -0.134608086015644E+003
  0.199877713686030E+001  0.136263859711455E+001  0.704143237107841E+000  0.366168438261076E+000 -0.131028262406404E+000 -0.134607247323163E+003 -0.134607247323163E+003
  0.199830623048949E+001  0.136083470013328E+001  0.784645502026699E-001  0.366916596753325E+000 -0.131028262406404E+000 -0.134607617771526E+003 -0.134607617771526E+003
  0.199902419528781E+001  0.138187282100749E+001  0.383716185731176E+000  0.356756055062084E+000 -0.131028262406404E+000 -0.134607063865025E+003 -0.134607063865025E+003
  0.199782291467443E+001  0.141205422528841E+001  0.441194176099893E+000  0.358931773845981E+000 -0.131028262406404E+000 -0.134607471798349E+003 -0.134607471798349E+003
  0.199901788421488E+001  0.137254568276969E+001  0.330880321103656E+000  0.367531984146880E+000 -0.131028262406404E+000 -0.134607526121264E+003 -0.134607526121264E+003
  0.199932849413641E+001  0.133640220287783E+001  0.410918051610732E+000  0.358624443482628E+000 -0.131028262406404E+000 -0.134607803810199E+003 -0.134607803810199E+003
  0.199919335569548E+001  0.134733556419035E+001  0.754642977332532E+000  0.361470516865692E+000 -0.131028262406404E+000 -0.134606979517167E+003 -0.134606979517167E+003
  0.199490985167344E+001  0.137194358148535E+001  0.116118659711272E+000  0.363591853346142E+000 -0.131028262406404E+000 -0.134607501961334E+003 -0.134607501961334E+003
  0.199874181255847E+001  0.141599946811015E+001  0.120769037067286E+000  0.357969655439200E+000 -0.131028262406404E+000 -0.134607548379974E+003 -0.134607548379974E+003
  0.199901893389146E+001  0.137573217860837E+001  0.843472192994582E+000  0.358363025225598E+000 -0.131028262406404E+000 -0.134606670812158E+003 -0.134606670812158E+003
  0.199765994149636E+001  0.140375580386689E+001  0.965733919096792E+000  0.356942558918317E+000 -0.131028262406404E+000 -0.134607718438527E+003 -0.134607718438527E+003
  0.199887764478742E+001  0.137127436056197E+001  0.756381533365209E+000  0.360131844377170E+000 -0.131028262406404E+000 -0.134606485543806E+003 -0.134606485543806E+003
  0.199817356771241E+001  0.138477251823336E+001  0.215848163632654E+000  0.357053363184197E+000 -0.131028262406404E+000 -0.134607243461252E+003 -0.134607243461252E+003
  0.199990784149568E+001  0.143303024295813E+001  0.744914570103928E+000  0.359191458118899E+000 -0.131028262406404E+000 -0.134607938826451E+003 -0.134607938826451E+003
  0.199445158075979E+001  0.135765549198069E+001  0.488509723425246E+000  0.363802538310092E+000 -0.131028262406404E+000 -0.134607922717500E+003 -0.134607922717500E+003
  0.199528740491348E+001  0.140355408020230E+001  0.226941610721307E+000  0.361756242712387E+000 -0.131028262406404E+000 -0.134607626876999E+003 -0.134607626876999E+003
  0.199848954105200E+001  0.138634960134866E+001  0.838581001656604E+000  0.359693111363443E+000 -0.131028262406404E+000 -0.134606597094307E+003 -0.134606597094307E+003
  0.199811823619870E+001  0.139211865927122E+001  0.344176896706853E+000  0.355097088757896E+000 -0.131028262406404E+000 -0.134608028029058E+003 -0.134608028029058E+003
  0.199803511957798E+001  0.136302491588195E+001  0.261119159044193E+000  0.361940038868367E+000 -0.131028262406404E+000 -0.134606777277549E+003 -0.134606777277549E+003
  0.199378430031210E+001  0.138151662472669E+001  0.121886881894001E+000  0.361500107913844E+000 -0.131028262406404E+000 -0.134607721314335E+003 -0.134607721314335E+003
  0.199701534697173E+001  0.137164606090972E+001  0.967448468264601E+000  0.357276720132829E+000 -0.131028262406404E+000 -0.134607613066996E+003 -0.134607613066996E+003
  0.199788387778748E+001  0.137274758590153E+001  0.306845185177410E+000  0.367056566712192E+000 -0.131028262406404E+000 -0.134607570514040E+003 -0.134607570514040E+003
  0.199698228660677E+001  0.142085626651965E+001  0.261684159454768E+000  0.363358729041727E+000 -0.131028262406404E+000 -0.134607991996717E+003 -0.134607991996717E+003
  0.199734956072115E+001  0.141166698957838E+001  0.553760910216639E+000  0.356892177573616E+000 -0.131028262406404E+000 -0.134608080371337E+003 -0.134608080371337E+003
  0.199801980864891E+001  0.134691602731691E+001  0.895757531585438E+000  0.362263716508317E+000 -0.131028262406404E+000 -0.134607312407489E+003 -0.134607312407489E+003
  0.199769807522852E+001  0.139438031487257E+001  0.621748414150869E+000  0.358435865737366E+000 -0.131028262406404E+000 -0.134607123797344E+003 -0.134607123797344E+003
  0.199900281877815E+001  0.139288170327623E+001  0.766655786247603E-001  0.366343451566422E+000 -0.131028262406404E+000 -0.134607225407844E+003 -0.134607225407844E+003
  0.199932606382376E+001  0.137617905380253E+001  0.449275876369988E+000  0.355720605713467E+000 -0.131028262406404E+000 -0.134607352384766E+003 -0.134607352384766E+003
  0.199803982446885E+001  0.140836430844300E+001  0.744746415172808E+000  0.362775913337933E+000 -0.131028262406404E+000 -0.134607129086968E+003 -0.134607129086968E+003
  0.199924461060070E+001  0.134747901679884E+001  0.398604332711257E+000  0.363019482632296E+000 -0.131028262406404E+000 -0.134607014840801E+003 -0.134607014840801E+003
  0.199509325123705E+001  0.138096132180148E+001  0.469741308773423E+000  0.363175232109336E+000 -0.131028262406404E+000 -0.134607378968773E+003 -0.134607378968773E+003
  0.199449241724812E+001  0.136795931988297E+001  0.690579318574461E+000  0.365086709992081E+000 -0.131028262406404E+000 -0.134607846640878E+003 -0.134607846640878E+003
  0.199825143107203E+001  0.139701732182736E+001  0.658649758102744E-001  0.358689681945237E+000 -0.131028262406404E+000 -0.134606957015896E+003 -0.134606957015896E+003
  0.199580976745291E+001  0.136913970016296E+001  0.966859049213043E+000  0.359513942328318E+000 -0.131028262406404E+000 -0.134607481027674E+003 -0.134607481027674E+003
  0.199961910306087E+001  0.136123643206802E+001  0.347803020724738E+000  0.362367135581379E+000 -0.131028262406404E+000 -0.134606423775767E+003 -0.134606423775767E+003
  0.199968691767168E+001  0.142853293336911E+001  0.961227660777462E+000  0.359736039894973E+000 -0.131028262406404E+000 -0.134607665854133E+003 -0.134607665854133E+003
  0.199460072543542E+001  0.137447775686511E+001  0.320113989058121E+000  0.359905863302331E+000 -0.131028262406404E+000 -0.134607701266971E+003 -0.134607701266971E+003
  0.199458666488839E+001  0.139582227686375E+001  0.272201114520904E+000  0.362551708382823E+000 -0.131028262406404E+000 -0.134607626437432E+003 -0.134607626437432E+003
  0.199420927678992E+001  0.137742466669389E+001  0.107688044097282E+000  0.360535220945829E+000 -0.131028262406404E+000 -0.134607702857159E+003 -0.134607702857159E+003
  0.199558198243929E+001  0.136963962068390E+001  0.453259986062066E+000  0.361702652500580E+000 -0.131028262406404E+000 -0.134607310146610E+003 -0.134607310146610E+003
  0.199407293495117E+001  0.140407889233381E+001  0.675819333468530E+000  0.360225107067821E+000 -0.131028262406404E+000 -0.134608082721533E+003 -0.134608082721533E+003
  0.199568400904677E+001  0.136680470969751E+001  0.128771797697182E+000  0.358993959565707E+000 -0.131028262406404E+000 -0.134607660950314E+003 -0.134607660950314E+003
  0.199856963519423E+001  0.142403118691847E+001  0.788513380528701E+000  0.364460701868923E+000 -0.131028262406404E+000 -0.134607993565538E+003 -0.134607993565538E+003
  0.199967013408663E+001  0.137173316033832E+001  0.924795955998732E+000  0.361947133784829E+000 -0.131028262406404E+000 -0.134606210376665E+003 -0.134606210376665E+003
  0.199911184569226E+001  0.134129289749698E+001  0.356899157279938E-001  0.359098175737582E+000 -0.131028262406404E+000 -0.134607512719276E+003 -0.134607512719276E+003
  0.199367617065246E+001  0.139580419927015E+001  0.400324166680368E+000  0.364023768939055E+000 -0.131028262406404E+000 -0.134607950004704E+003 -0.134607950004704E+003
  0.199694040378148E+001  0.142200083468818E+001  0.464976796402248E+000  0.362836984634967E+000 -0.131028262406404E+000 -0.134608007902801E+003 -0.134608007902801E+003
  0.199796647572505E+001  0.138379557017473E+001  0.330875685707965E+000  0.365908537859203E+000 -0.131028262406404E+000 -0.134607192661060E+003 -0.134607192661060E+003
  0.199629571338178E+001  0.135153879344563E+001  0.344175562246307E-003  0.358965229146368E+000 -0.131028262406404E+000 -0.134607928086579E+003 -0.134607928086579E+003
  0.199742207118523E+001  0.138068046541811E+001  0.230806999951157E+000  0.358818872379271E+000 -0.131028262406404E+000 -0.134607030520210E+003 -0.134607030520210E+003
  0.199620134414365E+001  0.138829395280872E+001  0.595416976710383E+000  0.360311839541400E+000 -0.131028262406404E+000 -0.134607182759691E+003 -0.134607182759691E+003
  0.199960937332571E+001  0.134494103041398E+001  0.634938968981762E+000  0.366468307078311E+000 -0.131028262406404E+000 -0.134607729393173E+003 -0.134607729393173E+003
  0.199854909113154E+001  0.138499913075952E+001  0.477281799894527E-001  0.361346266052292E+000 -0.131028262406404E+000 -0.134606460771024E+003 -0.134606460771024E+003
  0.199618543740381E+001  0.138354718407032E+001  0.374906563932096E+000  0.360436847386162E+000 -0.131028262406404E+000 -0.134607147160156E+003 -0.134607147160156E+003
  0.199713237569309E+001  0.137941529912166E+001  0.278686117164838E+000  0.363945378017073E+000 -0.131028262406404E+000 -0.134606959823797E+003 -0.134606959823797E+003
  0.199703601712033E+001  0.141018250047314E+001  0.577524197886831E+000  0.358967721841769E+000 -0.131028262406404E+000 -0.134607622526509E+003 -0.134607622526509E+003
  0.199822476448389E+001  0.137782812519043E+001  0.509626343199109E+000  0.355738343284796E+000 -0.131028262406404E+000 -0.134607696466546E+003 -0.134607696466546E+003
  0.199867493566598E+001  0.135190373364329E+001  0.821663543375891E+000  0.361470410392407E+000 -0.131028262406404E+000 -0.134606938428150E+003 -0.134606938428150E+003
  0.199591267430368E+001  0.140644774998512E+001  0.970802640608664E+000  0.362549602003372E+000 -0.131028262406404E+000 -0.134607569016855E+003 -0.134607569016855E+003
  0.199698762125876E+001  0.138032864650167E+001  0.677603367890544E+000  0.366968697936753E+000 -0.131028262406404E+000 -0.134607699773761E+003 -0.134607699773761E+003
  0.199749081162715E+001  0.136922747383454E+001  0.663960317004741E+000  0.355950906525001E+000 -0.131028262406404E+000 -0.134607959848846E+003 -0.134607959848846E+003
  0.199710530133040E+001  0.140300139609103E+001  0.954359791673498E+000  0.366330558302580E+000 -0.131028262406404E+000 -0.134607852716336E+003 -0.134607852716336E+003
  0.199903544184815E+001  0.139755470684921E+001  0.260143819668717E+000  0.357022231822357E+000 -0.131028262406404E+000 -0.134607125504826E+003 -0.134607125504826E+003
  0.199995151632330E+001  0.143282574504815E+001  0.630912945288004E+000  0.362454824514414E+000 -0.131028262406404E+000 -0.134607909003678E+003 -0.134607909003678E+003
  0.199464597939298E+001  0.138699698524262E+001  0.299958717869352E+000  0.362198805360557E+000 -0.131028262406404E+000 -0.134607489024189E+003 -0.134607489024189E+003
  0.199844106640479E+001  0.138151456626851E+001  0.499755859046628E+000  0.354642492844088E+000 -0.131028262406404E+000 -0.134608075483259E+003 -0.134608075483259E+003
  0.199311840529967E+001  0.138374975116361E+001  0.527391749684039E+000  0.361595568482413E+000 -0.131028262406404E+000 -0.134607900791770E+003 -0.134607900791770E+003
  0.199949901508490E+001  0.138454877057023E+001  0.486624651741530E+000  0.358363175542919E+000 -0.131028262406404E+000 -0.134606510804196E+003 -0.134606510804196E+003
  0.199647406890357E+001  0.141495875124071E+001  0.640499650903110E+000  0.358880464444366E+000 -0.131028262406404E+000 -0.134607985786357E+003 -0.134607985786357E+003
  0.199874614580401E+001  0.140365708471015E+001  0.946229602788232E+000  0.362453044438560E+000 -0.131028262406404E+000 -0.134606776431084E+003 -0.134606776431084E+003
  0.199917873243133E+001  0.142209990307806E+001  0.750384281953171E+000  0.361332083099142E+000 -0.131028262406404E+000 -0.134607384784363E+003 -0.134607384784363E+003
  0.199659595366874E+001  0.140087836959157E+001  0.668825465797142E-001  0.358892735172197E+000 -0.131028262406404E+000 -0.134607485909119E+003 -0.134607485909119E+003
  0.199522490648227E+001  0.140164635869689E+001  0.325483914816801E+000  0.365241925018815E+000 -0.131028262406404E+000 -0.134607928596852E+003 -0.134607928596852E+003
  0.199859998951895E+001  0.135765193773486E+001  0.732820391646604E+000  0.360295754601676E+000 -0.131028262406404E+000 -0.134606835690709E+003 -0.134606835690709E+003
  0.199771007141146E+001  0.138116327643499E+001  0.403086574709462E+000  0.355313057591312E+000 -0.131028262406404E+000 -0.134608026869586E+003 -0.134608026869586E+003
  0.199929143414438E+001  0.135060282799571E+001  0.108163069987784E+000  0.365526728438341E+000 -0.131028262406404E+000 -0.134607305820157E+003 -0.134607305820157E+003
  0.199959143307344E+001  0.135103064086095E+001  0.509416927179066E+000  0.366587762028854E+000 -0.131028262406404E+000 -0.134607531984005E+003 -0.134607531984005E+003
  0.199753900206984E+001  0.138924754506600E+001  0.370753778688222E+000  0.358502950713959E+000 -0.131028262406404E+000 -0.134607092987740E+003 -0.134607092987740E+003
  0.199603162824500E+001  0.141485167432636E+001  0.195632741911586E+000  0.360023593904384E+000 -0.131028262406404E+000 -0.134607937795241E+003 -0.134607937795241E+003
  0.199300123546006E+001  0.137690187033894E+001  0.335790979864121E+000  0.362045280168640E+000 -0.131028262406404E+000 -0.134607920516250E+003 -0.134607920516250E+003
  0.199713778561218E+001  0.135636733573064E+001  0.178238878103299E+000  0.359581369217703E+000 -0.131028262406404E+000 -0.134607388387322E+003 -0.134607388387322E+003
  0.199776404211043E+001  0.138477687455017E+001  0.734973471815533E+000  0.364963250358167E+000 -0.131028262406404E+000 -0.134607011302235E+003 -0.134607011302235E+003
  0.199461032431714E+001  0.139305770427646E+001  0.342793734473870E+000  0.360542581226040E+000 -0.131028262406404E+000 -0.134607658257489E+003 -0.134607658257489E+003
  0.199758115067055E+001  0.133755674133408E+001  0.708642289315676E+000  0.361030323680581E+000 -0.131028262406404E+000 -0.134607922270358E+003 -0.134607922270358E+003
  0.199973755067893E+001  0.140825255580670E+001  0.886612949069553E+000  0.366123809345100E+000 -0.131028262406404E+000 -0.134607447960572E+003 -0.134607447960572E+003
  0.199762159553441E+001  0.136008719497502E+001  0.661048113965235E+000  0.359744537614091E+000 -0.131028262406404E+000 -0.134607111510929E+003 -0.134607111510929E+003
  0.199884713688977E+001  0.136937065363986E+001  0.823078610335920E+000  0.363206188365568E+000 -0.131028262406404E+000 -0.134606529838640E+003 -0.134606529838640E+003
  0.199721861800042E+001  0.135892983183347E+001  0.199037178755891E+000  0.362745796489081E+000 -0.131028262406404E+000 -0.134607114102165E+003 -0.134607114102165E+003
  0.199875452707134E+001  0.134593740727204E+001  0.694130926046374E+000  0.363158370085378E+000 -0.131028262406404E+000 -0.134607215613312E+003 -0.134607215613312E+003
  0.199593316059929E+001  0.137902737988502E+001  0.841950744530619E+000  0.357384779316206E+000 -0.131028262406404E+000 -0.134607854506236E+003 -0.134607854506236E+003
