  0.103266777791704E+000  0.642638775894858E+000  0.907025441514354E+000  0.100355212330287E+000 -0.131028262406404E+000 -0.139678200414947E+003 -0.139678200414947E+003
  0.102124124246051E+000  0.654123411290661E+000  0.855928361767773E+000  0.102267318580865E+000 -0.131028262406404E+000 -0.139678736565440E+003 -0.139678736565440E+003
  0.100527442042400E+000  0.155475371100118E+001  0.504817308122729E-001  0.100096892751258E+000 -0.131028262406404E+000 -0.139678233011335E+003 -0.139678233011335E+003
  0.100380086709064E+000  0.174846017149985E+001  0.811536867136421E-001  0.100017401381547E+000 -0.131028262406404E+000 -0.139678142911043E+003 -0.139678142911043E+003
  0.101404925375832E+000  0.724517056008936E+000  0.453448204437328E+000  0.100196511135411E+000 -0.131028262406404E+000 -0.139677048351356E+003 -0.139677048351356E+003
  0.100941211381829E+000  0.828383078161269E+000  0.141855953576280E+000  0.101579693754615E+000 -0.131028262406404E+000 -0.139678057989543E+003 -0.139678057989543E+003
  0.102081389112071E+000  0.538725817755155E+000  0.810008311956349E+000  0.102847603560917E+000 -0.131028262406404E+000 -0.139678574169013E+003 -0.139678574169013E+003
  0.104076797328837E+000  0.620118773490723E+000  0.803198815997769E+000  0.100284780783264E+000 -0.131028262406404E+000 -0.139678649381961E+003 -0.139678649381961E+003
  0.102510564772765E+000  0.563132114650747E+000  0.923340513768020E+000  0.100894520904485E+000 -0.131028262406404E+000 -0.139677674817441E+003 -0.139677674817441E+003
  0.104149889633931E+000  0.581853564075673E+000  0.390514053173781E+000  0.100042346529041E+000 -0.131028262406404E+000 -0.139678366358660E+003 -0.139678366358660E+003
  0.100440046926012E+000  0.143343331306358E+001  0.263608047588402E+000  0.100540761184494E+000 -0.131028262406404E+000 -0.139678376339617E+003 -0.139678376339617E+003
  0.102906260897042E+000  0.640749288002826E+000  0.674453239123989E+000  0.100691273417775E+000 -0.131028262406404E+000 -0.139678162916140E+003 -0.139678162916140E+003
  0.100692928020892E+000  0.140061895171533E+001  0.231567463389518E+000  0.100202101013991E+000 -0.131028262406404E+000 -0.139678272374463E+003 -0.139678272374463E+003
  0.101135954519076E+000  0.753893790088664E+000  0.685748109488654E+000  0.102393496532330E+000 -0.131028262406404E+000 -0.139678495604807E+003 -0.139678495604807E+003
  0.101781059057956E+000  0.922318707354759E+000  0.712168092116210E+000  0.100828801901188E+000 -0.131028262406404E+000 -0.139678467672022E+003 -0.139678467672022E+003
  0.101106601125853E+000  0.854622818627683E+000  0.859037659656493E+000  0.100733719547960E+000 -0.131028262406404E+000 -0.139677674336992E+003 -0.139677674336992E+003
  0.100786538003768E+000  0.111569256664377E+001  0.302123384563176E+000  0.101288319842971E+000 -0.131028262406404E+000 -0.139678600750415E+003 -0.139678600750415E+003
  0.102187886252281E+000  0.638441444056585E+000  0.153935942112984E+000  0.102359551756979E+000 -0.131028262406404E+000 -0.139678779613753E+003 -0.139678779613753E+003
  0.100417295984535E+000  0.738910023362451E+000  0.302969948800388E+000  0.101861946169898E+000 -0.131028262406404E+000 -0.139677528812648E+003 -0.139677528812648E+003
  0.102566903229383E+000  0.762963526090600E+000  0.439136673280135E+000  0.100631412742577E+000 -0.131028262406404E+000 -0.139678357653308E+003 -0.139678357653308E+003
  0.102978835948903E+000  0.551447013886391E+000  0.852316250672092E+000  0.102116120845972E+000 -0.131028262406404E+000 -0.139678804309175E+003 -0.139678804309175E+003
  0.100756314142705E+000  0.115229369372836E+001  0.840506944091491E+000  0.101090654705621E+000 -0.131028262406404E+000 -0.139678521299784E+003 -0.139678521299784E+003
  0.101023413155371E+000  0.147485543301364E+001  0.957882020407095E+000  0.100124955659817E+000 -0.131028262406404E+000 -0.139678553786110E+003 -0.139678553786110E+003
  0.101241958908160E+000  0.515344185097568E+000  0.324062206884717E+000  0.100235865355602E+000 -0.131028262406404E+000 -0.139676085831679E+003 -0.139676085831679E+003
  0.100818647857697E+000  0.779938024893440E+000  0.707713018644823E+000  0.102152174863551E+000 -0.131028262406404E+000 -0.139678189341917E+003 -0.139678189341917E+003
  0.103702080227366E+000  0.653922757533586E+000  0.627724781827157E+000  0.100397089246218E+000 -0.131028262406404E+000 -0.139678596595338E+003 -0.139678596595338E+003
  0.100463112780351E+000  0.984876824515930E+000  0.109247766590091E+000  0.101261193421238E+000 -0.131028262406404E+000 -0.139677982419898E+003 -0.139677982419898E+003
  0.100146049631570E+000  0.541273573940341E+000  0.834182470015896E+000  0.101933760906640E+000 -0.131028262406404E+000 -0.139676535491160E+003 -0.139676535491160E+003
  0.100267980701749E+000  0.674054083097928E+000  0.267857918215764E+000  0.101875223382843E+000 -0.131028262406404E+000 -0.139677166047644E+003 -0.139677166047644E+003
  0.101292250701901E+000  0.652467339054182E+000  0.175400652924090E+000  0.100428557343176E+000 -0.131028262406404E+000 -0.139676842729987E+003 -0.139676842729987E+003
  0.101263255774750E+000  0.808061211262469E+000  0.930744227589846E+000  0.100118281227555E+000 -0.131028262406404E+000 -0.139677194115313E+003 -0.139677194115313E+003
  0.101078196612730E+000  0.569296352886333E+000  0.236086227533630E+000  0.101530827403854E+000 -0.131028262406404E+000 -0.139677081410350E+003 -0.139677081410350E+003
  0.101021167836868E+000  0.542856078069649E+000  0.130520482775831E+000  0.100309421729251E+000 -0.131028262406404E+000 -0.139676097534137E+003 -0.139676097534137E+003
  0.101072151356263E+000  0.509413392232907E+000  0.896658981442773E+000  0.102608198724501E+000 -0.131028262406404E+000 -0.139677520415792E+003 -0.139677520415792E+003
  0.101190392252342E+000  0.803222373447249E+000  0.740989158294759E-001  0.100352837949853E+000 -0.131028262406404E+000 -0.139677288859933E+003 -0.139677288859933E+003
  0.104629458560752E+000  0.547143372014874E+000  0.713000377851908E+000  0.100406208115459E+000 -0.131028262406404E+000 -0.139678815363996E+003 -0.139678815363996E+003
  0.100007348847206E+000  0.755241812760437E+000  0.436275858774638E+000  0.100373620781099E+000 -0.131028262406404E+000 -0.139676256869535E+003 -0.139676256869535E+003
  0.102714088818888E+000  0.908921745201720E+000  0.230973030070295E+000  0.100295741627989E+000 -0.131028262406404E+000 -0.139678734080398E+003 -0.139678734080398E+003
  0.100995119356913E+000  0.131900036142014E+001  0.511115032974071E+000  0.100671464032340E+000 -0.131028262406404E+000 -0.139678726049732E+003 -0.139678726049732E+003
  0.100341449324360E+000  0.121505956931677E+001  0.271384048939933E+000  0.100282058247736E+000 -0.131028262406404E+000 -0.139677753246779E+003 -0.139677753246779E+003
  0.101387088222400E+000  0.702309826163814E+000  0.987351487334665E-001  0.102242707713582E+000 -0.131028262406404E+000 -0.139678371501400E+003 -0.139678371501400E+003
  0.102449848677223E+000  0.546087954508359E+000  0.579179891566853E-001  0.100800179490182E+000 -0.131028262406404E+000 -0.139677488738080E+003 -0.139677488738080E+003
  0.101510185119195E+000  0.527673056950724E+000  0.541123024957450E+000  0.102294591492012E+000 -0.131028262406404E+000 -0.139677723376583E+003 -0.139677723376583E+003
  0.101032150376713E+000  0.708836207399504E+000  0.940417715283196E-001  0.101497404237169E+000 -0.131028262406404E+000 -0.139677616411289E+003 -0.139677616411289E+003
  0.101865720234319E+000  0.549136689879668E+000  0.565006111815810E+000  0.102431324557200E+000 -0.131028262406404E+000 -0.139678181371825E+003 -0.139678181371825E+003
  0.100428346822732E+000  0.634998636909771E+000  0.706655902240603E+000  0.102947458045180E+000 -0.131028262406404E+000 -0.139677848708855E+003 -0.139677848708855E+003
  0.101606975389149E+000  0.820453832111099E+000  0.462037870492021E+000  0.100040827667101E+000 -0.131028262406404E+000 -0.139677436006401E+003 -0.139677436006401E+003
  0.102761871615056E+000  0.755330097603290E+000  0.844422732156649E+000  0.100573394989946E+000 -0.131028262406404E+000 -0.139678431858020E+003 -0.139678431858020E+003
  0.100274469352727E+000  0.131286437208825E+001  0.185978400877586E+000  0.100022829117368E+000 -0.131028262406404E+000 -0.139677692726639E+003 -0.139677692726639E+003
  0.103753562006923E+000  0.586304123812455E+000  0.613116808808425E+000  0.100133976155438E+000 -0.131028262406404E+000 -0.139678160826068E+003 -0.139678160826068E+003
  0.100009430312978E+000  0.119440043712924E+001  0.597469132862514E+000  0.100000743186290E+000 -0.131028262406404E+000 -0.139677256341832E+003 -0.139677256341832E+003
  0.101077418310497E+000  0.509033308169610E+000  0.606194758696032E+000  0.103804614549170E+000 -0.131028262406404E+000 -0.139678318230381E+003 -0.139678318230381E+003
  0.100537765834203E+000  0.878078775187776E+000  0.585922980247578E+000  0.101638720723108E+000 -0.131028262406404E+000 -0.139677969561484E+003 -0.139677969561484E+003
  0.100420129698321E+000  0.104143972171143E+001  0.796272598884765E+000  0.100481323080750E+000 -0.131028262406404E+000 -0.139677548414263E+003 -0.139677548414263E+003
  0.100124323798541E+000  0.722160250449315E+000  0.194574552197697E+000  0.100841052828938E+000 -0.131028262406404E+000 -0.139676541836634E+003 -0.139676541836634E+003
  0.102300897301786E+000  0.532604096766044E+000  0.499689099880217E+000  0.100099878136770E+000 -0.131028262406404E+000 -0.139676841250200E+003 -0.139676841250200E+003
  0.100864825863681E+000  0.118130083433961E+001  0.722912019067548E+000  0.100925067890460E+000 -0.131028262406404E+000 -0.139678547496349E+003 -0.139678547496349E+003
  0.100614412345642E+000  0.973239260448711E+000  0.803172962399335E+000  0.102315943984248E+000 -0.131028262406404E+000 -0.139678817250112E+003 -0.139678817250112E+003
  0.100287180139852E+000  0.104530060465899E+001  0.573816643766415E+000  0.101725422375735E+000 -0.131028262406404E+000 -0.139678355679839E+003 -0.139678355679839E+003
  0.101631198357167E+000  0.664935316358434E+000  0.890878360180256E+000  0.101925814223566E+000 -0.131028262406404E+000 -0.139678178571907E+003 -0.139678178571907E+003
  0.102103992616554E+000  0.681901812046135E+000  0.329619388084026E+000  0.100832576214853E+000 -0.131028262406404E+000 -0.139677840283963E+003 -0.139677840283963E+003
  0.101476875473870E+000  0.103585324112312E+001  0.155398020723818E+000  0.100449627197778E+000 -0.131028262406404E+000 -0.139678300420382E+003 -0.139678300420382E+003
  0.102418151155132E+000  0.633411931131629E+000  0.154068104520986E+000  0.101852216685444E+000 -0.131028262406404E+000 -0.139678578141224E+003 -0.139678578141224E+003
  0.100759454771127E+000  0.957970678423245E+000  0.512968775067064E-001  0.101492688281733E+000 -0.131028262406404E+000 -0.139678290187227E+003 -0.139678290187227E+003
  0.100302864053346E+000  0.769421929393008E+000  0.923978631198821E-001  0.101549384485689E+000 -0.131028262406404E+000 -0.139677343555943E+003 -0.139677343555943E+003
  0.100084631314602E+000  0.784275782625680E+000  0.255548916526752E+000  0.102031067222572E+000 -0.131028262406404E+000 -0.139677570164386E+003 -0.139677570164386E+003
  0.103390693877972E+000  0.782807387690454E+000  0.752822995149642E+000  0.100153961551068E+000 -0.131028262406404E+000 -0.139678698852493E+003 -0.139678698852493E+003
  0.101077696952713E+000  0.667424367558489E+000  0.973216054130885E+000  0.102921039323694E+000 -0.131028262406404E+000 -0.139678460172729E+003 -0.139678460172729E+003
  0.101842979552350E+000  0.106250012671310E+001  0.966523342292148E+000  0.100246452235670E+000 -0.131028262406404E+000 -0.139678496584207E+003 -0.139678496584207E+003
  0.100603218002339E+000  0.171166205481811E+001  0.806221590468637E+000  0.100637616505978E+000 -0.131028262406404E+000 -0.139678772711693E+003 -0.139678772711693E+003
  0.100342078410345E+000  0.156527332453279E+001  0.735423575730101E+000  0.100698879093649E+000 -0.131028262406404E+000 -0.139678551278143E+003 -0.139678551278143E+003
  0.100846830709712E+000  0.761327203504770E+000  0.891095916518490E+000  0.100107665547454E+000 -0.131028262406404E+000 -0.139676712756426E+003 -0.139676712756426E+003
  0.102336033684040E+000  0.871890192563366E+000  0.682175213992954E+000  0.100146177291621E+000 -0.131028262406404E+000 -0.139678224609903E+003 -0.139678224609903E+003
  0.101517080432565E+000  0.862174874303514E+000  0.416892999526677E+000  0.100945377617418E+000 -0.131028262406404E+000 -0.139678156349433E+003 -0.139678156349433E+003
  0.100456616833593E+000  0.930147202429873E+000  0.913239468200572E-001  0.100106513356933E+000 -0.131028262406404E+000 -0.139676988353287E+003 -0.139676988353287E+003
  0.104462937193136E+000  0.602735829907055E+000  0.353428968536075E+000  0.100009092921724E+000 -0.131028262406404E+000 -0.139678662401153E+003 -0.139678662401153E+003
  0.101727501175697E+000  0.721429404580033E+000  0.669159415978633E+000  0.101338319082344E+000 -0.131028262406404E+000 -0.139678072935330E+003 -0.139678072935330E+003
  0.100688439628507E+000  0.674638935563746E+000  0.563762973197073E-001  0.103420322799826E+000 -0.131028262406404E+000 -0.139678539846233E+003 -0.139678539846233E+003
  0.100466436603960E+000  0.190437945493845E+001  0.303387537682310E-001  0.100890193244773E+000 -0.131028262406404E+000 -0.139678826116284E+003 -0.139678826116284E+003
  0.100893973158000E+000  0.813990362393330E+000  0.192686784817098E+000  0.102021742575503E+000 -0.131028262406404E+000 -0.139678281672735E+003 -0.139678281672735E+003
  0.100987408332656E+000  0.577077825587567E+000  0.209742298925350E-001  0.100126629240229E+000 -0.131028262406404E+000 -0.139676098249858E+003 -0.139676098249858E+003
  0.102334901035458E+000  0.646093633942345E+000  0.571343894281770E+000  0.101718647676406E+000 -0.131028262406404E+000 -0.139678478549672E+003 -0.139678478549672E+003
  0.101703526721586E+000  0.503556201822062E+000  0.346379451336689E+000  0.101799398230303E+000 -0.131028262406404E+000 -0.139677418719796E+003 -0.139677418719796E+003
  0.101372564564501E+000  0.105443190108032E+001  0.875573470683271E+000  0.101108568670484E+000 -0.131028262406404E+000 -0.139678753032091E+003 -0.139678753032091E+003
  0.101285547749551E+000  0.924521870326493E+000  0.187982510699390E+000  0.100645188539110E+000 -0.131028262406404E+000 -0.139677972693790E+003 -0.139677972693790E+003
  0.100450926783049E+000  0.504609794519723E+000  0.420013730268054E+000  0.101829491397100E+000 -0.131028262406404E+000 -0.139676520464170E+003 -0.139676520464170E+003
  0.102804103106612E+000  0.578648926544746E+000  0.726335939831132E+000  0.101866792149147E+000 -0.131028262406404E+000 -0.139678629879756E+003 -0.139678629879756E+003
  0.100643321297912E+000  0.509844193716628E+000  0.778927704217667E+000  0.103981730364553E+000 -0.131028262406404E+000 -0.139678113421922E+003 -0.139678113421922E+003
  0.102529522996918E+000  0.614044145769162E+000  0.511030605621558E+000  0.102056685030359E+000 -0.131028262406404E+000 -0.139678716968646E+003 -0.139678716968646E+003
  0.101622998921801E+000  0.937188128318357E+000  0.109950044679306E+000  0.100643411661644E+000 -0.131028262406404E+000 -0.139678262659752E+003 -0.139678262659752E+003
  0.100449898368510E+000  0.166751405892285E+001  0.107424964111579E+000  0.100901360506163E+000 -0.131028262406404E+000 -0.139678841869695E+003 -0.139678841869695E+003
  0.100813152455970E+000  0.101657949169437E+001  0.982219944788827E+000  0.100793027645681E+000 -0.131028262406404E+000 -0.139677999518765E+003 -0.139677999518765E+003
  0.100832100715073E+000  0.104808749833007E+001  0.374055128551533E+000  0.101191707259307E+000 -0.131028262406404E+000 -0.139678389228298E+003 -0.139678389228298E+003
  0.102226521841144E+000  0.905081637092659E+000  0.912200258800109E+000  0.100924882958197E+000 -0.131028262406404E+000 -0.139678814338511E+003 -0.139678814338511E+003
  0.102187341797154E+000  0.571736285119657E+000  0.285138838717399E+000  0.101887865230875E+000 -0.131028262406404E+000 -0.139678155498434E+003 -0.139678155498434E+003
  0.102314913356247E+000  0.581114115875879E+000  0.829114095689892E+000  0.102516693632443E+000 -0.131028262406404E+000 -0.139678723593655E+003 -0.139678723593655E+003
  0.100198416381260E+000  0.586733031719014E+000  0.492606043600697E+000  0.102564826139191E+000 -0.131028262406404E+000 -0.139677203143740E+003 -0.139677203143740E+003
  0.102896632246937E+000  0.679364543792473E+000  0.646410758389956E+000  0.101423755659605E+000 -0.131028262406404E+000 -0.139678830810527E+003 -0.139678830810527E+003
  0.100693515088982E+000  0.799378959490528E+000  0.796871440809588E+000  0.101218618302305E+000 -0.131028262406404E+000 -0.139677514814467E+003 -0.139677514814467E+003
  0.101641451141810E+000  0.806714653559465E+000  0.241239688390994E+000  0.100215344368096E+000 -0.131028262406404E+000 -0.139677537323087E+003 -0.139677537323087E+003
  0.103337008958036E+000  0.708540256799865E+000  0.282821932525388E+000  0.100684509327421E+000 -0.131028262406404E+000 -0.139678753951606E+003 -0.139678753951606E+003
  0.101176205158926E+000  0.511134057623349E+000  0.513736145591464E+000  0.101381808808742E+000 -0.131028262406404E+000 -0.139676786759216E+003 -0.139676786759216E+003
  0.100496242633991E+000  0.609819819202323E+000  0.363021227179896E+000  0.103529235077886E+000 -0.131028262406404E+000 -0.139678179928703E+003 -0.139678179928703E+003
  0.100026072170626E+000  0.968941889548512E+000  0.736728297591922E+000  0.102028072507575E+000 -0.131028262406404E+000 -0.139678152496539E+003 -0.139678152496539E+003
  0.100174304347313E+000  0.134200825547245E+001  0.344221119730180E+000  0.100766339969616E+000 -0.131028262406404E+000 -0.139678213526783E+003 -0.139678213526783E+003
  0.102503102506635E+000  0.619720595583740E+000  0.807632057956815E-001  0.100043636984188E+000 -0.131028262406404E+000 -0.139677327873295E+003 -0.139677327873295E+003
  0.101693930731333E+000  0.992432548461127E+000  0.131662908678161E+000  0.100026868503268E+000 -0.131028262406404E+000 -0.139678033368318E+003 -0.139678033368318E+003
  0.100602823905888E+000  0.705546707513731E+000  0.995644603681580E+000  0.101264131258563E+000 -0.131028262406404E+000 -0.139677123106807E+003 -0.139677123106807E+003
  0.101305776612929E+000  0.800473547000468E+000  0.359621487576321E+000  0.101678060856519E+000 -0.131028262406404E+000 -0.139678299093929E+003 -0.139678299093929E+003
  0.101123489781989E+000  0.557137127914714E+000  0.450588784886902E+000  0.100434400285706E+000 -0.131028262406404E+000 -0.139676319462163E+003 -0.139676319462163E+003
  0.102888322531726E+000  0.738739588049558E+000  0.564439398212888E+000  0.100569572159333E+000 -0.131028262406404E+000 -0.139678459235062E+003 -0.139678459235062E+003
  0.100513383490198E+000  0.630032102665620E+000  0.340216156721279E+000  0.101648168110494E+000 -0.131028262406404E+000 -0.139677008983937E+003 -0.139677008983937E+003
  0.102295875498983E+000  0.973494373889012E+000  0.142152565380708E+000  0.100279070161648E+000 -0.131028262406404E+000 -0.139678609939883E+003 -0.139678609939883E+003
  0.100598091782955E+000  0.921455472587664E+000  0.513723024372611E+000  0.100137941922327E+000 -0.131028262406404E+000 -0.139677089070371E+003 -0.139677089070371E+003
  0.101104007568879E+000  0.122687125939924E+001  0.774061893050050E+000  0.100289351463549E+000 -0.131028262406404E+000 -0.139678354821307E+003 -0.139678354821307E+003
  0.100666832370202E+000  0.897661895969614E+000  0.374347674357983E+000  0.100248802728507E+000 -0.131028262406404E+000 -0.139677144522896E+003 -0.139677144522896E+003
  0.103318810432986E+000  0.583062636043761E+000  0.355338194826436E+000  0.100610962492623E+000 -0.131028262406404E+000 -0.139678160805235E+003 -0.139678160805235E+003
  0.100497636405233E+000  0.138396532159352E+001  0.733099653492416E+000  0.100897925842712E+000 -0.131028262406404E+000 -0.139678619307774E+003 -0.139678619307774E+003
  0.102375444400910E+000  0.969460961676898E+000  0.956372935446054E+000  0.100564283359654E+000 -0.131028262406404E+000 -0.139678865424488E+003 -0.139678865424488E+003
  0.101144242049571E+000  0.801038673494166E+000  0.560373338183788E+000  0.102211198363684E+000 -0.131028262406404E+000 -0.139678555153304E+003 -0.139678555153304E+003
  0.101072912273299E+000  0.670147001204679E+000  0.382878747597178E+000  0.100139541121405E+000 -0.131028262406404E+000 -0.139676553652420E+003 -0.139676553652420E+003
  0.100518976209475E+000  0.808318797643674E+000  0.100553456024553E+000  0.102662490223039E+000 -0.131028262406404E+000 -0.139678427011702E+003 -0.139678427011702E+003
  0.100735743751659E+000  0.966648199432503E+000  0.548531065328116E+000  0.100247287555036E+000 -0.131028262406404E+000 -0.139677405488914E+003 -0.139677405488914E+003
  0.100021599486145E+000  0.788411966724260E+000  0.258740094386918E+000  0.103869545557383E+000 -0.131028262406404E+000 -0.139678812130342E+003 -0.139678812130342E+003
  0.100093398544012E+000  0.677166326187786E+000  0.318441949979752E+000  0.101263740435749E+000 -0.131028262406404E+000 -0.139676631610877E+003 -0.139676631610877E+003
  0.100946254825852E+000  0.784306166173543E+000  0.395416347404858E-001  0.100578356313466E+000 -0.131028262406404E+000 -0.139677199150188E+003 -0.139677199150188E+003
  0.100472691549319E+000  0.982920696519962E+000  0.631611052540558E+000  0.101793523478114E+000 -0.131028262406404E+000 -0.139678365224708E+003 -0.139678365224708E+003
  0.100360364255516E+000  0.140597291310930E+001  0.997892007591383E+000  0.101293691737372E+000 -0.131028262406404E+000 -0.139678839939065E+003 -0.139678839939065E+003
  0.104366261604374E+000  0.592250654853225E+000  0.619714731809269E+000  0.100378772303186E+000 -0.131028262406404E+000 -0.139678806399648E+003 -0.139678806399648E+003
  0.100652747249456E+000  0.607692060054567E+000  0.374179509934798E+000  0.101850186022833E+000 -0.131028262406404E+000 -0.139677152844472E+003 -0.139677152844472E+003
  0.103271329854181E+000  0.530466292180804E+000  0.283804921018556E+000  0.101968840807556E+000 -0.131028262406404E+000 -0.139678820349553E+003 -0.139678820349553E+003
  0.100421951477478E+000  0.182005009697589E+001  0.713093262223984E+000  0.100596127516448E+000 -0.131028262406404E+000 -0.139678603218397E+003 -0.139678603218397E+003
  0.102357760945155E+000  0.707198259318970E+000  0.687294831979195E+000  0.100109391870569E+000 -0.131028262406404E+000 -0.139677620915671E+003 -0.139677620915671E+003
  0.101950255483033E+000  0.506884657333203E+000  0.210604069400045E+000  0.100574490832632E+000 -0.131028262406404E+000 -0.139676790870226E+003 -0.139676790870226E+003
  0.101544867773369E+000  0.768682541114600E+000  0.150309570257782E+000  0.101295614968721E+000 -0.131028262406404E+000 -0.139678089744566E+003 -0.139678089744566E+003
  0.100813669600345E+000  0.909572067169303E+000  0.771280526707085E+000  0.102102291845946E+000 -0.131028262406404E+000 -0.139678611736496E+003 -0.139678611736496E+003
  0.100933133969476E+000  0.112915300116476E+001  0.250298353132507E+000  0.100297018080632E+000 -0.131028262406404E+000 -0.139678019168563E+003 -0.139678019168563E+003
  0.100011738761076E+000  0.198479024385357E+001  0.498605225916952E+000  0.100548692958866E+000 -0.131028262406404E+000 -0.139678171275681E+003 -0.139678171275681E+003
  0.100451185866327E+000  0.759133026079435E+000  0.395522411234236E+000  0.101785718648901E+000 -0.131028262406404E+000 -0.139677579453341E+003 -0.139677579453341E+003
  0.103828660726611E+000  0.606443760528065E+000  0.613634041592605E+000  0.100046303192701E+000 -0.131028262406404E+000 -0.139678241503224E+003 -0.139678241503224E+003
  0.101624951914543E+000  0.587424573684273E+000  0.660955325886472E+000  0.103065081544143E+000 -0.131028262406404E+000 -0.139678610951056E+003 -0.139678610951056E+003
  0.100265881195404E+000  0.117243442939521E+001  0.946695461496983E+000  0.101987582937162E+000 -0.131028262406404E+000 -0.139678851062402E+003 -0.139678851062402E+003
  0.102961292471472E+000  0.592905881235973E+000  0.588582426220534E+000  0.100281393326671E+000 -0.131028262406404E+000 -0.139677713424236E+003 -0.139677713424236E+003
  0.103832526649233E+000  0.524889481375864E+000  0.939730963725882E-001  0.101124374511889E+000 -0.131028262406404E+000 -0.139678627046683E+003 -0.139678627046683E+003
  0.100415267550962E+000  0.768982847778194E+000  0.484214394450776E-002  0.103054995594232E+000 -0.131028262406404E+000 -0.139678471030122E+003 -0.139678471030122E+003
  0.100733885316960E+000  0.670215342360033E+000  0.713239099255571E+000  0.103088853189109E+000 -0.131028262406404E+000 -0.139678328327749E+003 -0.139678328327749E+003
  0.101226829326243E+000  0.109444317801583E+001  0.292494239433313E+000  0.100072173655700E+000 -0.131028262406404E+000 -0.139677990248462E+003 -0.139677990248462E+003
  0.100067260885562E+000  0.133082911989103E+001  0.156107713036582E+000  0.100084291817349E+000 -0.131028262406404E+000 -0.139677611762457E+003 -0.139677611762457E+003
  0.102122352945148E+000  0.988982456436487E+000  0.258084916983832E+000  0.100117155221052E+000 -0.131028262406404E+000 -0.139678407842768E+003 -0.139678407842768E+003
  0.100475807067855E+000  0.775907352277806E+000  0.692771179822379E+000  0.103409582990476E+000 -0.131028262406404E+000 -0.139678790234639E+003 -0.139678790234639E+003
  0.100545284797932E+000  0.790102460505247E+000  0.424662828957723E+000  0.102999832653405E+000 -0.131028262406404E+000 -0.139678613248439E+003 -0.139678613248439E+003
  0.100659754411132E+000  0.151286315021441E+001  0.790934655003888E+000  0.100315506551190E+000 -0.131028262406404E+000 -0.139678460633724E+003 -0.139678460633724E+003
  0.102043393869659E+000  0.637392769923680E+000  0.805315117451733E+000  0.102537801866915E+000 -0.131028262406404E+000 -0.139678790001405E+003 -0.139678790001405E+003
  0.100356603616167E+000  0.531071330082383E+000  0.226551338313772E+000  0.102618484285733E+000 -0.131028262406404E+000 -0.139677099140629E+003 -0.139677099140629E+003
  0.101222191700671E+000  0.646869371201472E+000  0.426493451704718E+000  0.103495602794932E+000 -0.131028262406404E+000 -0.139678872514684E+003 -0.139678872514684E+003
  0.101401655071090E+000  0.543669649867080E+000  0.548622113841341E+000  0.101923006345566E+000 -0.131028262406404E+000 -0.139677468092419E+003 -0.139677468092419E+003
  0.101761549883459E+000  0.674431749531472E+000  0.424904340268043E+000  0.101865768856438E+000 -0.131028262406404E+000 -0.139678274123227E+003 -0.139678274123227E+003
  0.103442809290343E+000  0.514900001680837E+000  0.652387030334806E+000  0.101032415710625E+000 -0.131028262406404E+000 -0.139678230813914E+003 -0.139678230813914E+003
  0.103700384354888E+000  0.634082454717743E+000  0.399440720292384E+000  0.100812881480909E+000 -0.131028262406404E+000 -0.139678804575967E+003 -0.139678804575967E+003
  0.100117693089132E+000  0.195244604011930E+001  0.600603240322097E+000  0.100286631726565E+000 -0.131028262406404E+000 -0.139678080778248E+003 -0.139678080778248E+003
  0.100717353615268E+000  0.103043669656998E+001  0.571118734282712E+000  0.100439375268383E+000 -0.131028262406404E+000 -0.139677710578428E+003 -0.139677710578428E+003
  0.100083498401627E+000  0.185220092243731E+001  0.408032461258836E+000  0.100671751375575E+000 -0.131028262406404E+000 -0.139678394375684E+003 -0.139678394375684E+003
  0.100236151269701E+000  0.122479680465070E+001  0.551909524417032E+000  0.101479078914192E+000 -0.131028262406404E+000 -0.139678570935356E+003 -0.139678570935356E+003
  0.100366730190690E+000  0.720390552330191E+000  0.378941463972684E+000  0.100169512993622E+000 -0.131028262406404E+000 -0.139676250713544E+003 -0.139676250713544E+003
  0.101227249812281E+000  0.608713782319857E+000  0.297305077870515E+000  0.101909974155898E+000 -0.131028262406404E+000 -0.139677624450477E+003 -0.139677624450477E+003
  0.101463554793343E+000  0.563695332578780E+000  0.292806387432712E+000  0.102643759264561E+000 -0.131028262406404E+000 -0.139678093981744E+003 -0.139678093981744E+003
  0.100124540907058E+000  0.774872388174084E+000  0.765677064319758E+000  0.100638998109474E+000 -0.131028262406404E+000 -0.139676598987080E+003 -0.139676598987080E+003
  0.100132394757194E+000  0.597878560700623E+000  0.263542753059512E+000  0.101723616645433E+000 -0.131028262406404E+000 -0.139676638705665E+003 -0.139676638705665E+003
  0.101425088548981E+000  0.886451652263311E+000  0.372531426114820E+000  0.101408784132164E+000 -0.131028262406404E+000 -0.139678500360366E+003 -0.139678500360366E+003
  0.104487305253824E+000  0.588579722560115E+000  0.862891134362892E+000  0.100369893197909E+000 -0.131028262406404E+000 -0.139678872540055E+003 -0.139678872540055E+003
  0.100125624813186E+000  0.693344597603913E+000  0.263525334905770E+000  0.101203351515596E+000 -0.131028262406404E+000 -0.139676679035888E+003 -0.139676679035888E+003
  0.100609622041896E+000  0.528146012812021E+000  0.746997080784407E+000  0.102650122855902E+000 -0.131028262406404E+000 -0.139677294484302E+003 -0.139677294484302E+003
  0.103538113000988E+000  0.567610895075086E+000  0.846623020971893E+000  0.100825522347773E+000 -0.131028262406404E+000 -0.139678401508846E+003 -0.139678401508846E+003
  0.100606197128270E+000  0.161131211795721E+001  0.410390598416963E+000  0.100603724803540E+000 -0.131028262406404E+000 -0.139678710755274E+003 -0.139678710755274E+003
  0.100108464063815E+000  0.911102952208463E+000  0.712276887148594E+000  0.101340413579852E+000 -0.131028262406404E+000 -0.139677545154087E+003 -0.139677545154087E+003
  0.100966393097609E+000  0.667454850157623E+000  0.167704758476647E+000  0.100538077861893E+000 -0.131028262406404E+000 -0.139676739395472E+003 -0.139676739395472E+003
  0.103073897702376E+000  0.603130959770033E+000  0.754684443052349E+000  0.100014216057476E+000 -0.131028262406404E+000 -0.139677653962257E+003 -0.139677653962257E+003
  0.100072590020409E+000  0.954688804752922E+000  0.881316596715257E+000  0.100054446285168E+000 -0.131028262406404E+000 -0.139676739799206E+003 -0.139676739799206E+003
  0.100815556998495E+000  0.678494186655625E+000  0.494126660752513E+000  0.102566994059802E+000 -0.131028262406404E+000 -0.139678067487971E+003 -0.139678067487971E+003
  0.100529210653257E+000  0.192363189057398E+001  0.284554439238967E+000  0.100124102582562E+000 -0.131028262406404E+000 -0.139678288452157E+003 -0.139678288452157E+003
  0.102152817724433E+000  0.585898846595798E+000  0.686970823503582E+000  0.100397642928779E+000 -0.131028262406404E+000 -0.139677172134881E+003 -0.139677172134881E+003
  0.100659226937465E+000  0.778282261040483E+000  0.857452929613094E+000  0.101493648976001E+000 -0.131028262406404E+000 -0.139677603966191E+003 -0.139677603966191E+003
  0.102983392396669E+000  0.738171887004472E+000  0.220393405949839E+000  0.100092511877500E+000 -0.131028262406404E+000 -0.139678188014449E+003 -0.139678188014449E+003
  0.100753541769074E+000  0.186986352702983E+001  0.150080215277622E-001  0.100390666362901E+000 -0.131028262406404E+000 -0.139678684821944E+003 -0.139678684821944E+003
  0.100767090995462E+000  0.745145727809178E+000  0.640115327138712E+000  0.103367231270786E+000 -0.131028262406404E+000 -0.139678858919637E+003 -0.139678858919637E+003
  0.101728009792598E+000  0.636526366753924E+000  0.433023237205108E+000  0.100314594554367E+000 -0.131028262406404E+000 -0.139677018329498E+003 -0.139677018329498E+003
  0.103133357093332E+000  0.572731861586889E+000  0.788057001141095E-001  0.100034234646582E+000 -0.131028262406404E+000 -0.139677579802323E+003 -0.139677579802323E+003
  0.100537098048645E+000  0.664487230945404E+000  0.589880539267077E+000  0.101677368166715E+000 -0.131028262406404E+000 -0.139677191530744E+003 -0.139677191530744E+003
  0.100526299689364E+000  0.104113151199281E+001  0.194784606139100E+000  0.100625439573951E+000 -0.131028262406404E+000 -0.139677731060378E+003 -0.139677731060378E+003
  0.101226009926760E+000  0.824362887267228E+000  0.696820592021211E+000  0.100012591397293E+000 -0.131028262406404E+000 -0.139677148359367E+003 -0.139677148359367E+003
  0.100846055236220E+000  0.136821285192471E+001  0.707512675942731E+000  0.100647075901643E+000 -0.131028262406404E+000 -0.139678673351141E+003 -0.139678673351141E+003
  0.100822453723795E+000  0.857378738517398E+000  0.427565737654572E+000  0.100178309301319E+000 -0.131028262406404E+000 -0.139677078958999E+003 -0.139677078958999E+003
  0.101173305443677E+000  0.114031140524291E+001  0.831220623739621E+000  0.101070169772293E+000 -0.131028262406404E+000 -0.139678792944125E+003 -0.139678792944125E+003
  0.100949465132773E+000  0.540750212602018E+000  0.681081745037299E-001  0.100148322422530E+000 -0.131028262406404E+000 -0.139675927531151E+003 -0.139675927531151E+003
  0.104081871983285E+000  0.629807386788416E+000  0.514608605675213E+000  0.100066826139999E+000 -0.131028262406404E+000 -0.139678540509782E+003 -0.139678540509782E+003
  0.100811223524556E+000  0.606858992177689E+000  0.550623505814198E+000  0.101544298890099E+000 -0.131028262406404E+000 -0.139677059241801E+003 -0.139677059241801E+003
  0.100557941601320E+000  0.505294612734515E+000  0.697309195900080E+000  0.104154136287500E+000 -0.131028262406404E+000 -0.139678140110953E+003 -0.139678140110953E+003
  0.104823242658277E+000  0.534816439214509E+000  0.855860032705719E+000  0.100174644781235E+000 -0.131028262406404E+000 -0.139678738183970E+003 -0.139678738183970E+003
  0.100495642413075E+000  0.158363893086574E+001  0.953238292767446E-001  0.100548047437062E+000 -0.131028262406404E+000 -0.139678567891535E+003 -0.139678567891535E+003
  0.100153508445990E+000  0.129494041911283E+001  0.614987011643193E+000  0.101427102799205E+000 -0.131028262406404E+000 -0.139678605367926E+003 -0.139678605367926E+003
  0.103173574090509E+000  0.552649543512656E+000  0.627294778516772E+000  0.101157727197370E+000 -0.131028262406404E+000 -0.139678295158743E+003 -0.139678295158743E+003
  0.101633186126776E+000  0.765561349826197E+000  0.555809162867062E+000  0.102128095160106E+000 -0.131028262406404E+000 -0.139678729092899E+003 -0.139678729092899E+003
  0.102668833493002E+000  0.864632798249521E+000  0.352649114233988E+000  0.100012296420402E+000 -0.131028262406404E+000 -0.139678350132935E+003 -0.139678350132935E+003
  0.100426150038383E+000  0.536669347706292E+000  0.147113429754808E+000  0.102129793418050E+000 -0.131028262406404E+000 -0.139676851982294E+003 -0.139676851982294E+003
  0.101259311863715E+000  0.520245657834511E+000  0.101053430360624E+000  0.102571528284450E+000 -0.131028262406404E+000 -0.139677687285488E+003 -0.139677687285488E+003
  0.100418303973719E+000  0.113639622268672E+001  0.235315362833011E+000  0.101940193575031E+000 -0.131028262406404E+000 -0.139678847355287E+003 -0.139678847355287E+003
  0.100917986173919E+000  0.107152848492009E+001  0.124753294623195E+000  0.100366705518513E+000 -0.131028262406404E+000 -0.139677916619921E+003 -0.139677916619921E+003
  0.100151494789965E+000  0.631862130293150E+000  0.112719345816777E+000  0.102419810669068E+000 -0.131028262406404E+000 -0.139677270478949E+003 -0.139677270478949E+003
  0.100481040417840E+000  0.184786781312065E+001  0.458784484122281E+000  0.100874393128051E+000 -0.131028262406404E+000 -0.139678849494148E+003 -0.139678849494148E+003
  0.100598546367854E+000  0.594630678949123E+000  0.389520813900476E+000  0.103673867378284E+000 -0.131028262406404E+000 -0.139678284329708E+003 -0.139678284329708E+003
  0.100122150379487E+000  0.660965596369744E+000  0.435955896972437E+000  0.104575032415408E+000 -0.131028262406404E+000 -0.139678834760363E+003 -0.139678834760363E+003
  0.100264523455098E+000  0.893762838550846E+000  0.835271997110001E-002  0.102980245083721E+000 -0.131028262406404E+000 -0.139678763952791E+003 -0.139678763952791E+003
  0.101480742043232E+000  0.859892958552481E+000  0.114046670188479E+000  0.100181853181518E+000 -0.131028262406404E+000 -0.139677577048008E+003 -0.139677577048008E+003
  0.102146618299784E+000  0.834748064348365E+000  0.643427621706398E+000  0.100598121861178E+000 -0.131028262406404E+000 -0.139678282403374E+003 -0.139678282403374E+003
  0.103329185994627E+000  0.668573877227819E+000  0.512426069337270E-001  0.100316398817736E+000 -0.131028262406404E+000 -0.139678326169283E+003 -0.139678326169283E+003
  0.100900533911936E+000  0.969017770556877E+000  0.677620813311588E+000  0.100985804107820E+000 -0.131028262406404E+000 -0.139678065996272E+003 -0.139678065996272E+003
  0.100439980909466E+000  0.780048812031807E+000  0.788636774771094E-002  0.102227338459367E+000 -0.131028262406404E+000 -0.139677957532158E+003 -0.139677957532158E+003
  0.100034279011160E+000  0.914539174124319E+000  0.901549184294802E+000  0.102070149245245E+000 -0.131028262406404E+000 -0.139678016372030E+003 -0.139678016372030E+003
  0.100144771959564E+000  0.663118385001393E+000  0.425600027595716E+000  0.100150434767264E+000 -0.131028262406404E+000 -0.139675853276509E+003 -0.139675853276509E+003
  0.100972794174622E+000  0.999714437952970E+000  0.363188257295162E+000  0.100534305739863E+000 -0.131028262406404E+000 -0.139677884467437E+003 -0.139677884467437E+003
  0.100206953877204E+000  0.905281051516115E+000  0.763041857622192E-001  0.102762925170082E+000 -0.131028262406404E+000 -0.139678605971777E+003 -0.139678605971777E+003
  0.100152937891785E+000  0.793068101444878E+000  0.647062033113764E+000  0.100242005994605E+000 -0.131028262406404E+000 -0.139676408868432E+003 -0.139676408868432E+003
  0.100174022544712E+000  0.848570419211496E+000  0.368702658950316E-001  0.102677895915812E+000 -0.131028262406404E+000 -0.139678323986521E+003 -0.139678323986521E+003
  0.100343267004078E+000  0.130139969191705E+001  0.383051741450369E+000  0.100045416984517E+000 -0.131028262406404E+000 -0.139677741733437E+003 -0.139677741733437E+003
  0.101679444763387E+000  0.598207702040933E+000  0.906721960891947E+000  0.101912902255566E+000 -0.131028262406404E+000 -0.139677915601283E+003 -0.139677915601283E+003
  0.100405628369287E+000  0.784030763159822E+000  0.589708236606237E+000  0.102974997873382E+000 -0.131028262406404E+000 -0.139678466768269E+003 -0.139678466768269E+003
  0.101365054462820E+000  0.173127998361710E+001  0.500960332699436E+000  0.100003350322301E+000 -0.131028262406404E+000 -0.139678873422356E+003 -0.139678873422356E+003
  0.102323325377987E+000  0.885672093877809E+000  0.413631228006805E+000  0.100403550944370E+000 -0.131028262406404E+000 -0.139678446334870E+003 -0.139678446334870E+003
  0.101233610277878E+000  0.586173389090537E+000  0.715648598277929E+000  0.102846588518052E+000 -0.131028262406404E+000 -0.139678163808730E+003 -0.139678163808730E+003
  0.101795299720302E+000  0.971255899753787E+000  0.722467816747594E+000  0.100121051348434E+000 -0.131028262406404E+000 -0.139678115844235E+003 -0.139678115844235E+003
  0.102358420205414E+000  0.732036345690570E+000  0.330321115933501E+000  0.100755202616490E+000 -0.131028262406404E+000 -0.139678172883747E+003 -0.139678172883747E+003
  0.102020880096118E+000  0.101221297260960E+001  0.946929564588569E+000  0.100274485458652E+000 -0.131028262406404E+000 -0.139678513344574E+003 -0.139678513344574E+003
  0.101403443676285E+000  0.147873719433245E+001  0.159588346042191E+000  0.100067769585071E+000 -0.131028262406404E+000 -0.139678801199751E+003 -0.139678801199751E+003
  0.100044313467369E+000  0.530543851155351E+000  0.491920845778549E+000  0.101233027298169E+000 -0.131028262406404E+000 -0.139675945801265E+003 -0.139675945801265E+003
  0.100099540405042E+000  0.124907031718219E+001  0.476038754613080E+000  0.100567110977009E+000 -0.131028262406404E+000 -0.139677847560826E+003 -0.139677847560826E+003
  0.100677220743573E+000  0.107969552560866E+001  0.247427342823786E+000  0.101846321768689E+000 -0.131028262406404E+000 -0.139678831750595E+003 -0.139678831750595E+003
  0.101455133805293E+000  0.552157199594500E+000  0.658442486293768E+000  0.102033587694212E+000 -0.131028262406404E+000 -0.139677621691915E+003 -0.139677621691915E+003
  0.100625599290508E+000  0.102484429267149E+001  0.156097896338392E+000  0.100482718517067E+000 -0.131028262406404E+000 -0.139677658041782E+003 -0.139677658041782E+003
  0.100102642326421E+000  0.189631560484510E+001  0.764312134645393E+000  0.100197417109145E+000 -0.131028262406404E+000 -0.139678036276008E+003 -0.139678036276008E+003
  0.101802505951983E+000  0.122608584088930E+001  0.399527216087451E+000  0.100237686449758E+000 -0.131028262406404E+000 -0.139678839271502E+003 -0.139678839271502E+003
  0.100982540465709E+000  0.101635144295753E+001  0.210139625830619E-001  0.100165733775337E+000 -0.131028262406404E+000 -0.139677671883131E+003 -0.139677671883131E+003
  0.100484647038968E+000  0.505337117123347E+000  0.613901703641221E+000  0.104649487855538E+000 -0.131028262406404E+000 -0.139678411365934E+003 -0.139678411365934E+003
  0.101256559253633E+000  0.617932292049888E+000  0.780826614069717E+000  0.100168967337332E+000 -0.131028262406404E+000 -0.139676496002005E+003 -0.139676496002005E+003
  0.100636684816653E+000  0.611182813702572E+000  0.642910741264428E+000  0.102186147681256E+000 -0.131028262406404E+000 -0.139677383769404E+003 -0.139677383769404E+003
  0.100542140278442E+000  0.156820934393883E+001  0.993235701822635E+000  0.100905528051498E+000 -0.131028262406404E+000 -0.139678860028393E+003 -0.139678860028393E+003
  0.100057490703126E+000  0.127716254660954E+001  0.659230868668899E-001  0.101022181302488E+000 -0.131028262406404E+000 -0.139678202519446E+003 -0.139678202519446E+003
  0.101011193225377E+000  0.588518316451868E+000  0.374612078176145E+000  0.103716109783859E+000 -0.131028262406404E+000 -0.139678595382743E+003 -0.139678595382743E+003
  0.100918183311647E+000  0.897988424808563E+000  0.853064303698781E+000  0.100263521119701E+000 -0.131028262406404E+000 -0.139677342511820E+003 -0.139677342511820E+003
  0.100489987163057E+000  0.522704410028025E+000  0.255195217131633E+000  0.105187243641033E+000 -0.131028262406404E+000 -0.139678858737156E+003 -0.139678858737156E+003
  0.100425876235828E+000  0.117730911446859E+001  0.789781403257874E+000  0.101518353023424E+000 -0.131028262406404E+000 -0.139678641228738E+003 -0.139678641228738E+003
  0.100009741645383E+000  0.197874996293517E+001  0.151503677827683E+000  0.100877374498780E+000 -0.131028262406404E+000 -0.139678419427467E+003 -0.139678419427467E+003
  0.102160068141380E+000  0.948849049686664E+000  0.754612891411871E+000  0.100742135833968E+000 -0.131028262406404E+000 -0.139678771279651E+003 -0.139678771279651E+003
  0.100104463463557E+000  0.559913016816996E+000  0.220839349138684E+000  0.103258148005574E+000 -0.131028262406404E+000 -0.139677472231985E+003 -0.139677472231985E+003
  0.100238959691251E+000  0.103085170922973E+001  0.975993962459456E+000  0.100265643131816E+000 -0.131028262406404E+000 -0.139677229304523E+003 -0.139677229304523E+003
  0.100007899699538E+000  0.113038932012379E+001  0.963750978377898E+000  0.100338345161135E+000 -0.131028262406404E+000 -0.139677359399500E+003 -0.139677359399500E+003
  0.101728106358556E+000  0.872539319141654E+000  0.153830840865150E+000  0.101531065906362E+000 -0.131028262406404E+000 -0.139678767962012E+003 -0.139678767962012E+003
  0.102047521214987E+000  0.534124806686462E+000  0.703248812715622E-001  0.101012120378728E+000 -0.131028262406404E+000 -0.139677283623931E+003 -0.139677283623931E+003
  0.101177250978243E+000  0.102842074344809E+001  0.987187174654727E+000  0.101030928288261E+000 -0.131028262406404E+000 -0.139678478143336E+003 -0.139678478143336E+003
  0.100499434652541E+000  0.518384410777885E+000  0.427503225201198E+000  0.100479839110609E+000 -0.131028262406404E+000 -0.139675722488303E+003 -0.139675722488303E+003
  0.101352613176102E+000  0.142707234593819E+001  0.407643568092889E+000  0.100080135231890E+000 -0.131028262406404E+000 -0.139678712230885E+003 -0.139678712230885E+003
  0.103852795620587E+000  0.555575612928387E+000  0.112971929673355E+000  0.100947549198286E+000 -0.131028262406404E+000 -0.139678662395496E+003 -0.139678662395496E+003
  0.101143305468927E+000  0.743359493687019E+000  0.656420901054127E+000  0.101769505382647E+000 -0.131028262406404E+000 -0.139678024692014E+003 -0.139678024692014E+003
  0.101360756587996E+000  0.107698871803183E+001  0.132449717245849E+000  0.101144520396030E+000 -0.131028262406404E+000 -0.139678830487939E+003 -0.139678830487939E+003
  0.100198910269056E+000  0.691887204199050E+000  0.481100251827883E+000  0.103915878879388E+000 -0.131028262406404E+000 -0.139678581642971E+003 -0.139678581642971E+003
  0.101471835518688E+000  0.527803389431461E+000  0.549906843920748E+000  0.100790988123720E+000 -0.131028262406404E+000 -0.139676683556551E+003 -0.139676683556551E+003
  0.101383678617012E+000  0.553843625538233E+000  0.470245791838088E+000  0.101913489262895E+000 -0.131028262406404E+000 -0.139677495452191E+003 -0.139677495452191E+003
  0.100636525008181E+000  0.714878433618950E+000  0.606580934335290E+000  0.101899353586826E+000 -0.131028262406404E+000 -0.139677623524253E+003 -0.139677623524253E+003
  0.100313674849893E+000  0.115193280487507E+001  0.769930443790096E-001  0.100066312652262E+000 -0.131028262406404E+000 -0.139677439705227E+003 -0.139677439705227E+003
  0.100882140689144E+000  0.141975606147285E+001  0.676685822255183E+000  0.100733966100901E+000 -0.131028262406404E+000 -0.139678837574416E+003 -0.139678837574416E+003
  0.100846473847708E+000  0.860898962299799E+000  0.186469450971920E+000  0.101669019329831E+000 -0.131028262406404E+000 -0.139678164177575E+003 -0.139678164177575E+003
  0.100650654304314E+000  0.176728707942066E+001  0.933051084917288E+000  0.100634500811606E+000 -0.131028262406404E+000 -0.139678811468590E+003 -0.139678811468590E+003
  0.100846645389686E+000  0.963826606715642E+000  0.662381421787748E-001  0.101486457202757E+000 -0.131028262406404E+000 -0.139678369329854E+003 -0.139678369329854E+003
  0.100634939927262E+000  0.687203356866860E+000  0.172780759887410E+000  0.100267132014161E+000 -0.131028262406404E+000 -0.139676387545870E+003 -0.139676387545870E+003
  0.100276730641208E+000  0.105917228234874E+001  0.887239821223623E+000  0.102048626642781E+000 -0.131028262406404E+000 -0.139678618743151E+003 -0.139678618743151E+003
  0.100532589038104E+000  0.777329788948480E+000  0.553768748216638E+000  0.100608465199786E+000 -0.131028262406404E+000 -0.139676888695273E+003 -0.139676888695273E+003
  0.104076388980598E+000  0.591334532635744E+000  0.935828640388809E+000  0.100295971217972E+000 -0.131028262406404E+000 -0.139678532118150E+003 -0.139678532118150E+003
  0.100127108666155E+000  0.142479868686085E+001  0.661774881481477E+000  0.101434860639664E+000 -0.131028262406404E+000 -0.139678792138476E+003 -0.139678792138476E+003
  0.101149911410764E+000  0.105885811908577E+001  0.758873732328983E+000  0.100739234215006E+000 -0.131028262406404E+000 -0.139678328393706E+003 -0.139678328393706E+003
  0.103356984631277E+000  0.536619394730837E+000  0.392624368402321E+000  0.100358067036505E+000 -0.131028262406404E+000 -0.139677805284312E+003 -0.139677805284312E+003
  0.102863786663491E+000  0.517033360844263E+000  0.322750241634883E+000  0.101304138579907E+000 -0.131028262406404E+000 -0.139678001763412E+003 -0.139678001763412E+003
  0.101103245419632E+000  0.831285176536675E+000  0.628966625311491E-001  0.100675218602843E+000 -0.131028262406404E+000 -0.139677550327011E+003 -0.139677550327011E+003
  0.100872281725877E+000  0.142819956879286E+001  0.257024951935931E-001  0.100266451577893E+000 -0.131028262406404E+000 -0.139678491474754E+003 -0.139678491474754E+003
  0.100080263038067E+000  0.583615423796398E+000  0.629063515272539E+000  0.103349654437434E+000 -0.131028262406404E+000 -0.139677625722246E+003 -0.139677625722246E+003
  0.102736782793475E+000  0.620282455830672E+000  0.461902577443534E-001  0.100158315771932E+000 -0.131028262406404E+000 -0.139677580725708E+003 -0.139677580725708E+003
  0.100116806670539E+000  0.652937060431598E+000  0.201067167564318E+000  0.101624113079588E+000 -0.131028262406404E+000 -0.139676794989018E+003 -0.139676794989018E+003
  0.101878851796358E+000  0.672493082604081E+000  0.165056391360939E+000  0.102321456321072E+000 -0.131028262406404E+000 -0.139678669489783E+003 -0.139678669489783E+003
  0.100751820303831E+000  0.594035050649068E+000  0.162148348748922E+000  0.102788105558222E+000 -0.131028262406404E+000 -0.139677799861127E+003 -0.139677799861127E+003
  0.103523633721292E+000  0.586523498836909E+000  0.657070850171050E+000  0.100634954527660E+000 -0.131028262406404E+000 -0.139678342977429E+003 -0.139678342977429E+003
  0.102054179709391E+000  0.641560916489844E+000  0.811111774164047E+000  0.102151491193385E+000 -0.131028262406404E+000 -0.139678549644050E+003 -0.139678549644050E+003
  0.100968817464341E+000  0.910943139320029E+000  0.363610316248123E+000  0.100094977058585E+000 -0.131028262406404E+000 -0.139677300650208E+003 -0.139677300650208E+003
  0.100470252191357E+000  0.186678453354084E+001  0.300560504388232E+000  0.100618880033472E+000 -0.131028262406404E+000 -0.139678642890068E+003 -0.139678642890068E+003
  0.100212654517866E+000  0.635142279865619E+000  0.580163049268285E+000  0.101596030971892E+000 -0.131028262406404E+000 -0.139676772316946E+003 -0.139676772316946E+003
  0.100600860770053E+000  0.116379035168280E+001  0.689831178372312E+000  0.101691236897956E+000 -0.131028262406404E+000 -0.139678869632204E+003 -0.139678869632204E+003
  0.102115933112056E+000  0.841166441973965E+000  0.649431180727178E+000  0.100783977911575E+000 -0.131028262406404E+000 -0.139678414919996E+003 -0.139678414919996E+003
  0.101785593186815E+000  0.575569760866131E+000  0.162595148819686E+000  0.100151108260755E+000 -0.131028262406404E+000 -0.139676690292599E+003 -0.139676690292599E+003
  0.100117981395539E+000  0.899927871889890E+000  0.961510049784901E+000  0.101149685953060E+000 -0.131028262406404E+000 -0.139677381403294E+003 -0.139677381403294E+003
  0.100821501052943E+000  0.641645892577202E+000  0.868222192506944E+000  0.103285598574103E+000 -0.131028262406404E+000 -0.139678403578565E+003 -0.139678403578565E+003
  0.100874760189251E+000  0.103954292617850E+001  0.410091637319948E-001  0.101545016145721E+000 -0.131028262406404E+000 -0.139678653859726E+003 -0.139678653859726E+003
  0.100505085715258E+000  0.556652732978207E+000  0.601571258091232E+000  0.100849235859373E+000 -0.131028262406404E+000 -0.139676144463683E+003 -0.139676144463683E+003
  0.101199034871231E+000  0.974633363033215E+000  0.530573329451021E+000  0.101680060709698E+000 -0.131028262406404E+000 -0.139678807229560E+003 -0.139678807229560E+003
