  0.199263618866009E+001  0.190239298152468E+001  0.870034905615283E+000  0.175048986825576E+000 -0.131028262406404E+000 -0.134056658448053E+003 -0.134056658448053E+003 -0.134057991202898E+003
  0.199807242071201E+001  0.193696567127378E+001  0.440780154198527E+000  0.177348542451563E+000 -0.131028262406404E+000 -0.134056727328777E+003 -0.134056727328777E+003 -0.134058058778048E+003
  0.198688031401249E+001  0.198020232976011E+001  0.577638683896762E+000  0.173662280371540E+000 -0.131028262406404E+000 -0.134056870558671E+003 -0.134056870558671E+003 -0.134056941370257E+003
  0.199584778067582E+001  0.191322936896944E+001  0.728278225739419E+000  0.176280593791716E+000 -0.131028262406404E+000 -0.134056663157561E+003 -0.134056663157561E+003 -0.134057085165817E+003
  0.198005139499501E+001  0.191318821151943E+001  0.143055479309873E-002  0.175062684163769E+000 -0.131028262406404E+000 -0.134056845781937E+003 -0.134056845781937E+003 -0.134056952705156E+003
  0.198214624188922E+001  0.196274837631923E+001  0.185731930473917E+000  0.179180287718926E+000 -0.131028262406404E+000 -0.134056866680315E+003 -0.134056866680315E+003 -0.134056949163614E+003
  0.198151044440536E+001  0.197344048999697E+001  0.855463063860611E+000  0.179068985294104E+000 -0.131028262406404E+000 -0.134056801436734E+003 -0.134056801436734E+003 -0.134057226534051E+003
  0.199856427366841E+001  0.197196752620218E+001  0.309429195155124E+000  0.174501798397210E+000 -0.131028262406404E+000 -0.134056447395841E+003 -0.134056447395841E+003 -0.134061905904575E+003
  0.198762218104644E+001  0.197669566752754E+001  0.318353541125183E-001  0.175956590626449E+000 -0.131028262406404E+000 -0.134056550915965E+003 -0.134056550915965E+003 -0.134056892942980E+003
  0.196179690934190E+001  0.198286771786162E+001  0.107472796791185E+000  0.178304669004355E+000 -0.131028262406404E+000 -0.134056868726178E+003 -0.134056868726178E+003 -0.134057437467677E+003
  0.199496276157333E+001  0.194651347696180E+001  0.778944821820056E+000  0.174098107682621E+000 -0.131028262406404E+000 -0.134056577755594E+003 -0.134056577755594E+003 -0.134057081050742E+003
  0.199498571691186E+001  0.196399992835104E+001  0.185480674813737E+000  0.172997235812637E+000 -0.131028262406404E+000 -0.134056743226690E+003 -0.134056743226690E+003 -0.134056915304500E+003
  0.199748459548485E+001  0.192777140621973E+001  0.973231022431591E+000  0.177409813471084E+000 -0.131028262406404E+000 -0.134056779420193E+003 -0.134056779420193E+003 -0.134056900215612E+003
  0.199844446738301E+001  0.198380901890207E+001  0.832593118644536E+000  0.177528295838689E+000 -0.131028262406404E+000 -0.134056570727466E+003 -0.134056570727466E+003 -0.134057108026387E+003
  0.197708541239283E+001  0.189485359131339E+001  0.354316738831360E+000  0.176386322902550E+000 -0.131028262406404E+000 -0.134056867813608E+003 -0.134056867813608E+003 -0.134057275144735E+003
  0.199505074284791E+001  0.197983530756004E+001  0.384082124312668E+000  0.176164105137086E+000 -0.131028262406404E+000 -0.134056455945485E+003 -0.134056455945485E+003 -0.134057098146665E+003
  0.197738033302879E+001  0.192486502127373E+001  0.483093954566437E+000  0.177046358260317E+000 -0.131028262406404E+000 -0.134056778126519E+003 -0.134056778126519E+003 -0.134056950612875E+003
  0.199732240911668E+001  0.186657749076894E+001  0.367083647122120E+000  0.174448067181418E+000 -0.131028262406404E+000 -0.134056730361219E+003 -0.134056730361219E+003 -0.134057054962553E+003
  0.199284564483142E+001  0.195994896341571E+001  0.990356097097199E+000  0.174891255122571E+000 -0.131028262406404E+000 -0.134056536924703E+003 -0.134056536924703E+003 -0.134056904626862E+003
  0.197496983094165E+001  0.198427156836638E+001  0.117021389495475E+000  0.178811221361682E+000 -0.131028262406404E+000 -0.134056736218838E+003 -0.134056736218838E+003 -0.134057065777521E+003
  0.198291436970933E+001  0.192472084262867E+001  0.734807685678290E+000  0.177948445329789E+000 -0.131028262406404E+000 -0.134056825557243E+003 -0.134056825557243E+003 -0.134056914266177E+003
  0.199095120881442E+001  0.199205380153596E+001  0.450330334781361E+000  0.179014776766825E+000 -0.131028262406404E+000 -0.134056777883239E+003 -0.134056777883239E+003 -0.134057026006219E+003
  0.199923096387920E+001  0.198807393516294E+001  0.963834905447143E+000  0.173528418415300E+000 -0.131028262406404E+000 -0.134056537480929E+003 -0.134056537480929E+003 -0.134057096578980E+003
  0.199730430664448E+001  0.192462518933305E+001  0.235841239596169E+000  0.174727733651170E+000 -0.131028262406404E+000 -0.134056539950946E+003 -0.134056539950946E+003 -0.134057494139003E+003
  0.199993439633792E+001  0.182717706487839E+001  0.201083819081528E+000  0.173756574855094E+000 -0.131028262406404E+000 -0.134056867929721E+003 -0.134056867929721E+003 -0.134057056613867E+003
  0.199449890738117E+001  0.195493705735357E+001  0.478609758093255E+000  0.173128027985517E+000 -0.131028262406404E+000 -0.134056729115754E+003 -0.134056729115754E+003 -0.134056898058166E+003
  0.198647662505805E+001  0.196562057352149E+001  0.272052538811390E+000  0.176430713418363E+000 -0.131028262406404E+000 -0.134056575268707E+003 -0.134056575268707E+003 -0.134057141309631E+003
  0.198766369704152E+001  0.189318809554663E+001  0.236207296604930E-001  0.174138961881884E+000 -0.131028262406404E+000 -0.134056819418760E+003 -0.134056819418760E+003 -0.134057368729093E+003
  0.198472023258226E+001  0.190300598821439E+001  0.302867106460012E+000  0.177152357016660E+000 -0.131028262406404E+000 -0.134056819634776E+003 -0.134056819634776E+003 -0.134057174103691E+003
  0.199626532536730E+001  0.189608221281043E+001  0.963610293449282E+000  0.172301110567715E+000 -0.131028262406404E+000 -0.134056876367360E+003 -0.134056876367360E+003 -0.134057165363912E+003
  0.199116526249808E+001  0.192534920894660E+001  0.987154408294485E+000  0.173984710947260E+000 -0.131028262406404E+000 -0.134056700589067E+003 -0.134056700589067E+003 -0.134056907164307E+003
  0.199535509658486E+001  0.186113705691460E+001  0.474994954731830E+000  0.173000845381181E+000 -0.131028262406404E+000 -0.134056861772973E+003 -0.134056861772973E+003 -0.134057164658022E+003
  0.199400992250196E+001  0.192302098084176E+001  0.755703688474519E+000  0.174057367129243E+000 -0.131028262406404E+000 -0.134056634746730E+003 -0.134056634746730E+003 -0.134057920601656E+003
  0.197580008042204E+001  0.195589883640336E+001  0.509160103932436E-001  0.176898682732590E+000 -0.131028262406404E+000 -0.134056728166810E+003 -0.134056728166810E+003 -0.134056888780652E+003
  0.197074985842224E+001  0.194233565112239E+001  0.881033248961030E+000  0.177169866454616E+000 -0.131028262406404E+000 -0.134056819864834E+003 -0.134056819864834E+003 -0.134056971760886E+003
  0.197572137179241E+001  0.197250677933545E+001  0.989338293512602E+000  0.176483172795700E+000 -0.131028262406404E+000 -0.134056733018004E+003 -0.134056733018004E+003 -0.134059994193632E+003
  0.199966398892724E+001  0.187736374477378E+001  0.405296416144277E+000  0.175635413631616E+000 -0.131028262406404E+000 -0.134056746126968E+003 -0.134056746126968E+003 -0.134056942954358E+003
  0.199956163266704E+001  0.198831551709759E+001  0.255093543795902E+000  0.176450214058842E+000 -0.131028262406404E+000 -0.134056424797595E+003 -0.134056424797595E+003 -0.134056911715939E+003
  0.199867254991594E+001  0.195421098872494E+001  0.446724561170257E+000  0.178063019632004E+000 -0.131028262406404E+000 -0.134056804240434E+003 -0.134056804240434E+003 -0.134057167226817E+003
  0.199250074912898E+001  0.186172044397296E+001  0.932246205299884E+000  0.173804122126129E+000 -0.131028262406404E+000 -0.134056839716287E+003 -0.134056839716287E+003 -0.134057020599909E+003
  0.199155523030274E+001  0.191764929720020E+001  0.129566331708705E+000  0.174580468235850E+000 -0.131028262406404E+000 -0.134056650608538E+003 -0.134056650608538E+003 -0.134056879430760E+003
  0.198936818541624E+001  0.187739669205397E+001  0.311557965046890E+000  0.175817422631004E+000 -0.131028262406404E+000 -0.134056800164654E+003 -0.134056800164654E+003 -0.134057351985822E+003
  0.199197825488114E+001  0.191433141883722E+001  0.488870292206920E+000  0.175822676299596E+000 -0.131028262406404E+000 -0.134056641433439E+003 -0.134056641433439E+003 -0.134056954585358E+003
  0.199360767617756E+001  0.197765346528255E+001  0.502942805546237E+000  0.177065447107088E+000 -0.131028262406404E+000 -0.134056528084140E+003 -0.134056528084140E+003 -0.134057062549229E+003
  0.196631518674337E+001  0.199754370284727E+001  0.802829678772147E+000  0.179722520044027E+000 -0.131028262406404E+000 -0.134056822027390E+003 -0.134056822027390E+003 -0.134056897580010E+003
  0.198542470844736E+001  0.192653499676792E+001  0.807562240089792E+000  0.177971851821047E+000 -0.131028262406404E+000 -0.134056825852879E+003 -0.134056825852879E+003 -0.134057226423374E+003
  0.199873595284160E+001  0.194168239353158E+001  0.754562827617846E+000  0.172175361863530E+000 -0.131028262406404E+000 -0.134056797968420E+003 -0.134056797968420E+003 -0.134057167717733E+003
  0.198520388681570E+001  0.194285633370477E+001  0.794093415755493E+000  0.178249858283537E+000 -0.131028262406404E+000 -0.134056799518960E+003 -0.134056799518960E+003 -0.134057520966798E+003
  0.199512398076793E+001  0.193778292499965E+001  0.502532979316519E+000  0.172983095645984E+000 -0.131028262406404E+000 -0.134056741391904E+003 -0.134056741391904E+003 -0.134056882868468E+003
  0.198050180138451E+001  0.194443424385772E+001  0.990121876778250E-002  0.178493107569342E+000 -0.131028262406404E+000 -0.134056818986621E+003 -0.134056818986621E+003 -0.134057981271193E+003
  0.199057366545872E+001  0.195693842088212E+001  0.601763320580678E+000  0.174612860267225E+000 -0.131028262406404E+000 -0.134056608435312E+003 -0.134056608435312E+003 -0.134059367894363E+003
  0.199534620819318E+001  0.197708388883081E+001  0.729250680495623E+000  0.178590670476387E+000 -0.131028262406404E+000 -0.134056786747127E+003 -0.134056786747127E+003 -0.134058038448130E+003
  0.198587083229157E+001  0.199464243959794E+001  0.616607237182997E+000  0.174850140524060E+000 -0.131028262406404E+000 -0.134056688583658E+003 -0.134056688583658E+003 -0.134056989536147E+003
  0.197160457465084E+001  0.197678094824243E+001  0.116827465545210E+000  0.178471348911211E+000 -0.131028262406404E+000 -0.134056751061425E+003 -0.134056751061425E+003 -0.134057310509644E+003
  0.199511696229215E+001  0.191090894652179E+001  0.984337057863088E+000  0.177210228298837E+000 -0.131028262406404E+000 -0.134056809341760E+003 -0.134056809341760E+003 -0.134057110135628E+003
  0.199849802539190E+001  0.195404798568425E+001  0.833021243897223E+000  0.177777186258184E+000 -0.131028262406404E+000 -0.134056738654258E+003 -0.134056738654258E+003 -0.134056993108345E+003
  0.199476290180885E+001  0.199619313232434E+001  0.315177357853160E+000  0.175874319937285E+000 -0.131028262406404E+000 -0.134056431290021E+003 -0.134056431290021E+003 -0.134057201944363E+003
  0.199043242958046E+001  0.195379952857469E+001  0.922721833171337E+000  0.175291608402970E+000 -0.131028262406404E+000 -0.134056563881934E+003 -0.134056563881934E+003 -0.134056931385295E+003
  0.197900784917216E+001  0.198430880998454E+001  0.371792074782069E+000  0.176308126380939E+000 -0.131028262406404E+000 -0.134056676227172E+003 -0.134056676227172E+003 -0.134057378710773E+003
  0.199522468647209E+001  0.194175659201715E+001  0.715889992718001E+000  0.177302012122087E+000 -0.131028262406404E+000 -0.134056683971440E+003 -0.134056683971440E+003 -0.134057465645331E+003
  0.198345307720823E+001  0.195643779886993E+001  0.181356023345800E+000  0.177172929090393E+000 -0.131028262406404E+000 -0.134056644139429E+003 -0.134056644139429E+003 -0.134057079958189E+003
  0.198880068006277E+001  0.185908124341041E+001  0.942402915131495E+000  0.175507486360361E+000 -0.131028262406404E+000 -0.134056868808336E+003 -0.134056868808336E+003 -0.134057086161558E+003
  0.198413878849741E+001  0.196568040484438E+001  0.155448561051477E+000  0.178284938183317E+000 -0.131028262406404E+000 -0.134056716338918E+003 -0.134056716338918E+003 -0.134056926787490E+003
  0.199663404673273E+001  0.189150047842516E+001  0.712309410669664E+000  0.175757031238469E+000 -0.131028262406404E+000 -0.134056699793961E+003 -0.134056699793961E+003 -0.134057206937604E+003
  0.198322961045562E+001  0.192269977934280E+001  0.924974354594063E+000  0.174866277730447E+000 -0.131028262406404E+000 -0.134056781403745E+003 -0.134056781403745E+003 -0.134057111193504E+003
  0.196811901542814E+001  0.193298573912124E+001  0.163567353271635E+000  0.177627257143437E+000 -0.131028262406404E+000 -0.134056867594965E+003 -0.134056867594965E+003 -0.134056988124157E+003
  0.199420893938503E+001  0.197758466228392E+001  0.810752243573183E+000  0.174876910560875E+000 -0.131028262406404E+000 -0.134056496587966E+003 -0.134056496587966E+003 -0.134057275446784E+003
  0.199404620517996E+001  0.197236947180149E+001  0.568252726402260E+000  0.178690701276159E+000 -0.131028262406404E+000 -0.134056818197784E+003 -0.134056818197784E+003 -0.134056955032288E+003
  0.198684900996190E+001  0.196440742322060E+001  0.338047864325268E-001  0.177283352085112E+000 -0.131028262406404E+000 -0.134056609204322E+003 -0.134056609204322E+003 -0.134057145842132E+003
  0.197308674224091E+001  0.193227590123633E+001  0.145163489945823E+000  0.177685788088976E+000 -0.131028262406404E+000 -0.134056815661893E+003 -0.134056815661893E+003 -0.134056903424111E+003
  0.197618725586335E+001  0.198036170333803E+001  0.631015357980138E+000  0.176820193946339E+000 -0.131028262406404E+000 -0.134056696634158E+003 -0.134056696634158E+003 -0.134057011433874E+003
  0.198660565094495E+001  0.197858841048682E+001  0.549211662066710E+000  0.176355658698188E+000 -0.131028262406404E+000 -0.134056553524710E+003 -0.134056553524710E+003 -0.134059854451262E+003
  0.199243309808056E+001  0.194340339865208E+001  0.993498621047005E+000  0.177168021694805E+000 -0.131028262406404E+000 -0.134056652693890E+003 -0.134056652693890E+003 -0.134057089070852E+003
  0.198929270761407E+001  0.197556790028146E+001  0.227237262535122E+000  0.178674053575632E+000 -0.131028262406404E+000 -0.134056761471411E+003 -0.134056761471411E+003 -0.134057223545184E+003
  0.199835993925758E+001  0.192665954002277E+001  0.140343181664640E+000  0.173665561514502E+000 -0.131028262406404E+000 -0.134056577132304E+003 -0.134056577132304E+003 -0.134057229364596E+003
  0.198436747783857E+001  0.193549751645791E+001  0.694509576581259E+000  0.176199602802984E+000 -0.131028262406404E+000 -0.134056663894973E+003 -0.134056663894973E+003 -0.134057480460681E+003
  0.197275090111379E+001  0.194969492651813E+001  0.121396579786233E+000  0.178163177074042E+000 -0.131028262406404E+000 -0.134056790971271E+003 -0.134056790971271E+003 -0.134056924644720E+003
  0.199709148647599E+001  0.194453643015332E+001  0.336910883282505E+000  0.175362069307998E+000 -0.131028262406404E+000 -0.134056493378424E+003 -0.134056493378424E+003 -0.134056985517308E+003
  0.198534989268616E+001  0.194328310255053E+001  0.676843325891919E+000  0.174043179110141E+000 -0.131028262406404E+000 -0.134056825267798E+003 -0.134056825267798E+003 -0.134056878462560E+003
  0.199822676787430E+001  0.183367740281830E+001  0.714355061095319E+000  0.173629806719214E+000 -0.131028262406404E+000 -0.134056861847180E+003 -0.134056861847180E+003 -0.134057055600731E+003
  0.199841109441436E+001  0.193832946813735E+001  0.930157347672989E+000  0.175900486511764E+000 -0.131028262406404E+000 -0.134056526733943E+003 -0.134056526733943E+003 -0.134057690602956E+003
  0.198216100241249E+001  0.189666190124580E+001  0.708527601355300E+000  0.176207162304788E+000 -0.131028262406404E+000 -0.134056802277248E+003 -0.134056802277248E+003 -0.134056996128909E+003
  0.199447829542699E+001  0.195198930387981E+001  0.870206480430196E+000  0.174317745696455E+000 -0.131028262406404E+000 -0.134056560344698E+003 -0.134056560344698E+003 -0.134057190349543E+003
  0.199188858810214E+001  0.199893162922136E+001  0.604754580444438E+000  0.175846088017332E+000 -0.131028262406404E+000 -0.134056469939155E+003 -0.134056469939155E+003 -0.134057075223974E+003
  0.198405372115149E+001  0.195359661390352E+001  0.656135154180920E+000  0.177870210789458E+000 -0.131028262406404E+000 -0.134056706166341E+003 -0.134056706166341E+003 -0.134056919855965E+003
  0.196282998030802E+001  0.196073974946201E+001  0.786345562399872E+000  0.178373103205094E+000 -0.131028262406404E+000 -0.134056875552938E+003 -0.134056875552938E+003 -0.134057172802352E+003
  0.198622738904185E+001  0.193376135273409E+001  0.960457623404027E+000  0.177789569678223E+000 -0.131028262406404E+000 -0.134056769743419E+003 -0.134056769743419E+003 -0.134057489966208E+003
  0.198786477526129E+001  0.190643490740583E+001  0.667306782005872E+000  0.174117773303066E+000 -0.131028262406404E+000 -0.134056790379078E+003 -0.134056790379078E+003 -0.134057963653374E+003
  0.198850273653185E+001  0.186937971145703E+001  0.812966300722519E+000  0.174437615725819E+000 -0.131028262406404E+000 -0.134056843539702E+003 -0.134056843539702E+003 -0.134057214247560E+003
  0.197512595799248E+001  0.190463256156654E+001  0.153946987792407E+000  0.176187219749236E+000 -0.131028262406404E+000 -0.134056872980449E+003 -0.134056872980449E+003 -0.134057951907591E+003
  0.197862337037379E+001  0.190222405850450E+001  0.680599929171170E+000  0.177233323813798E+000 -0.131028262406404E+000 -0.134056853257154E+003 -0.134056853257154E+003 -0.134057426733311E+003
  0.199045144143695E+001  0.187575113232638E+001  0.547765372820375E+000  0.174563222115375E+000 -0.131028262406404E+000 -0.134056784632342E+003 -0.134056784632342E+003 -0.134057147557980E+003
  0.198766201791379E+001  0.195875546539610E+001  0.941717929445820E+000  0.175514548050051E+000 -0.131028262406404E+000 -0.134056591704542E+003 -0.134056591704542E+003 -0.134056900464443E+003
  0.198638414081113E+001  0.192577105072715E+001  0.286311977403713E+000  0.174002007877840E+000 -0.131028262406404E+000 -0.134056815567169E+003 -0.134056815567169E+003 -0.134057943423894E+003
  0.198070469459708E+001  0.199818125225122E+001  0.154193489814751E+000  0.177150918490495E+000 -0.131028262406404E+000 -0.134056601250608E+003 -0.134056601250608E+003 -0.134057465123928E+003
  0.198569289245353E+001  0.191067173399148E+001  0.140053110477138E+000  0.176183144240468E+000 -0.131028262406404E+000 -0.134056720019077E+003 -0.134056720019077E+003 -0.134057080768147E+003
  0.197942660658960E+001  0.194995491636232E+001  0.407605399927517E+000  0.177091950085910E+000 -0.131028262406404E+000 -0.134056692928431E+003 -0.134056692928431E+003 -0.134056928640449E+003
  0.197381979572193E+001  0.197310390127333E+001  0.610968699472209E+000  0.176854535834584E+000 -0.131028262406404E+000 -0.134056742493083E+003 -0.134056742493083E+003 -0.134056909449862E+003
  0.198015670424431E+001  0.198440367562308E+001  0.186170326976293E+000  0.174785456331212E+000 -0.131028262406404E+000 -0.134056852266977E+003 -0.134056852266977E+003 -0.134056911558307E+003
  0.197286036933813E+001  0.192045155747191E+001  0.638425200373245E+000  0.177317751142008E+000 -0.131028262406404E+000 -0.134056842852011E+003 -0.134056842852011E+003 -0.134057077757986E+003
  0.197493801018646E+001  0.199927747175452E+001  0.221938651829468E+000  0.178719226285983E+000 -0.131028262406404E+000 -0.134056697936976E+003 -0.134056697936976E+003 -0.134057039480683E+003
  0.198815739331537E+001  0.195035397572283E+001  0.123608029711979E+000  0.175062237667791E+000 -0.131028262406404E+000 -0.134056623414389E+003 -0.134056623414389E+003 -0.134056974219396E+003
  0.198117073801494E+001  0.194989388870663E+001  0.688147520050036E+000  0.178513188342195E+000 -0.131028262406404E+000 -0.134056801822484E+003 -0.134056801822484E+003 -0.134057293754644E+003
  0.197673023752475E+001  0.196492408654400E+001  0.871040376137425E+000  0.176167748987156E+000 -0.131028262406404E+000 -0.134056744066087E+003 -0.134056744066087E+003 -0.134056906922247E+003
  0.198234042147583E+001  0.192651108500265E+001  0.728697537855348E+000  0.176646665433847E+000 -0.131028262406404E+000 -0.134056715220302E+003 -0.134056715220302E+003 -0.134057320832413E+003
  0.199110852620141E+001  0.198119688935802E+001  0.769857290267092E+000  0.176813348809765E+000 -0.131028262406404E+000 -0.134056512802253E+003 -0.134056512802253E+003 -0.134057471892356E+003
  0.199432994391830E+001  0.196725519137023E+001  0.508890543191024E-002  0.172905335439849E+000 -0.131028262406404E+000 -0.134056785681199E+003 -0.134056785681199E+003 -0.134057198121491E+003
  0.199308125258635E+001  0.193553058610689E+001  0.616858862997706E+000  0.173189330947182E+000 -0.131028262406404E+000 -0.134056762788651E+003 -0.134056762788651E+003 -0.134056901241342E+003
  0.199537255119700E+001  0.195644116243784E+001  0.819645392507541E+000  0.174998930269690E+000 -0.131028262406404E+000 -0.134056494292898E+003 -0.134056494292898E+003 -0.134056881212920E+003
  0.199083945197781E+001  0.189579790091166E+001  0.987386790484248E+000  0.175234438916214E+000 -0.131028262406404E+000 -0.134056700724236E+003 -0.134056700724236E+003 -0.134057555595253E+003
  0.198479721272614E+001  0.196729120869166E+001  0.257764834688845E+000  0.178487310962105E+000 -0.131028262406404E+000 -0.134056740738852E+003 -0.134056740738852E+003 -0.134057584690112E+003
  0.198339670451324E+001  0.198275946794344E+001  0.869465867724920E+000  0.178408542517187E+000 -0.131028262406404E+000 -0.134056678415632E+003 -0.134056678415632E+003 -0.134056917415734E+003
  0.197330321847057E+001  0.199611330847823E+001  0.368203604840093E+000  0.177156055049918E+000 -0.131028262406404E+000 -0.134056721454625E+003 -0.134056721454625E+003 -0.134057101600853E+003
  0.198462489785594E+001  0.194928024355512E+001  0.955134118416072E+000  0.178391466083959E+000 -0.131028262406404E+000 -0.134056794136773E+003 -0.134056794136773E+003 -0.134057182846307E+003
  0.198646940111105E+001  0.195273375436482E+001  0.880057659996498E+000  0.174787102706664E+000 -0.131028262406404E+000 -0.134056683251747E+003 -0.134056683251747E+003 -0.134057249449133E+003
  0.199515294831852E+001  0.198380430787743E+001  0.500038857752198E+000  0.178024224001907E+000 -0.131028262406404E+000 -0.134056641912669E+003 -0.134056641912669E+003 -0.134057013592210E+003
  0.197466686494965E+001  0.195077280981355E+001  0.635780898684030E+000  0.176974884272833E+000 -0.131028262406404E+000 -0.134056751474129E+003 -0.134056751474129E+003 -0.134057062078437E+003
  0.199532271416355E+001  0.199599152437968E+001  0.984436320999063E+000  0.176873526083413E+000 -0.131028262406404E+000 -0.134056460636261E+003 -0.134056460636261E+003 -0.134057102601787E+003
  0.199844095089215E+001  0.194924206597181E+001  0.344402203965402E+000  0.174062221419968E+000 -0.131028262406404E+000 -0.134056507283373E+003 -0.134056507283373E+003 -0.134056906843957E+003
  0.198565725107525E+001  0.189322183963822E+001  0.560174651372839E+000  0.175371670956915E+000 -0.131028262406404E+000 -0.134056773767317E+003 -0.134056773767317E+003 -0.134056940010686E+003
  0.199044089514983E+001  0.192812073462644E+001  0.916995661814594E+000  0.174033934377637E+000 -0.131028262406404E+000 -0.134056707639819E+003 -0.134056707639819E+003 -0.134056880985932E+003
  0.199912387763382E+001  0.190254038875477E+001  0.737695372722944E-001  0.174243032954080E+000 -0.131028262406404E+000 -0.134056585032312E+003 -0.134056585032312E+003 -0.134057398240198E+003
  0.199605846285165E+001  0.192469729652251E+001  0.568527628581214E+000  0.175709356118074E+000 -0.131028262406404E+000 -0.134056572004134E+003 -0.134056572004134E+003 -0.134056889568339E+003
  0.197809021746410E+001  0.199987018659403E+001  0.791937749751275E+000  0.179568461805245E+000 -0.131028262406404E+000 -0.134056783251116E+003 -0.134056783251116E+003 -0.134056944873407E+003
  0.198335895571918E+001  0.188218695183937E+001  0.254195528993432E+000  0.175255457896179E+000 -0.131028262406404E+000 -0.134056846114576E+003 -0.134056846114576E+003 -0.134056974138771E+003
  0.198746641067866E+001  0.197643284222945E+001  0.686560309861385E+000  0.177317855060978E+000 -0.131028262406404E+000 -0.134056577752397E+003 -0.134056577752397E+003 -0.134058899065547E+003
  0.199356503563455E+001  0.186672974658219E+001  0.551699967191545E+000  0.173189888206279E+000 -0.131028262406404E+000 -0.134056863681182E+003 -0.134056863681182E+003 -0.134057210894938E+003
  0.198378171631235E+001  0.198695607306725E+001  0.336554728137532E+000  0.175483006035197E+000 -0.131028262406404E+000 -0.134056653143019E+003 -0.134056653143019E+003 -0.134057179790578E+003
  0.199432989002928E+001  0.192199282226591E+001  0.892966333024971E+000  0.174056756284499E+000 -0.131028262406404E+000 -0.134056630171572E+003 -0.134056630171572E+003 -0.134057258122284E+003
  0.199123663197449E+001  0.199657362611430E+001  0.119065292272488E+000  0.175542580877573E+000 -0.131028262406404E+000 -0.134056496269043E+003 -0.134056496269043E+003 -0.134056881439319E+003
  0.198863394502702E+001  0.186764984155675E+001  0.833709560192963E+000  0.175156793565179E+000 -0.131028262406404E+000 -0.134056827426221E+003 -0.134056827426221E+003 -0.134057255762893E+003
  0.199749770219655E+001  0.190547420356548E+001  0.514862184097679E+000  0.173868907723874E+000 -0.131028262406404E+000 -0.134056619771632E+003 -0.134056619771632E+003 -0.134059157708220E+003
  0.199252703361390E+001  0.197119309601642E+001  0.368712751274814E+000  0.176132287521308E+000 -0.131028262406404E+000 -0.134056495468628E+003 -0.134056495468628E+003 -0.134057668378695E+003
  0.198138463011657E+001  0.192878045099452E+001  0.280672980510564E+000  0.175976243193227E+000 -0.131028262406404E+000 -0.134056724772189E+003 -0.134056724772189E+003 -0.134056894407433E+003
  0.199319174737607E+001  0.191602224558009E+001  0.729374842102385E+000  0.176035222193818E+000 -0.131028262406404E+000 -0.134056639412072E+003 -0.134056639412072E+003 -0.134057214744240E+003
  0.199265480835190E+001  0.193654438496382E+001  0.215956090508729E+000  0.173621272929938E+000 -0.131028262406404E+000 -0.134056701791810E+003 -0.134056701791810E+003 -0.134056926288969E+003
  0.199002187247929E+001  0.189747916788974E+001  0.699018537030464E+000  0.174357239917604E+000 -0.131028262406404E+000 -0.134056741002350E+003 -0.134056741002350E+003 -0.134057372589690E+003
  0.198832097711880E+001  0.198482057295103E+001  0.414204273029147E+000  0.176024560514556E+000 -0.131028262406404E+000 -0.134056529529064E+003 -0.134056529529064E+003 -0.134057667817030E+003
  0.199735719713610E+001  0.187030735187206E+001  0.671251699167032E+000  0.172393098583411E+000 -0.131028262406404E+000 -0.134056875739404E+003 -0.134056875739404E+003 -0.134057139674460E+003
  0.199946480383700E+001  0.197119994358477E+001  0.441313660142902E-001  0.175815728772395E+000 -0.131028262406404E+000 -0.134056423961323E+003 -0.134056423961323E+003 -0.134056985929829E+003
  0.199714418715808E+001  0.187697477321355E+001  0.860893472157647E+000  0.175594837472869E+000 -0.131028262406404E+000 -0.134056748082858E+003 -0.134056748082858E+003 -0.134057012555551E+003
  0.199876883938355E+001  0.191026001186824E+001  0.798691181237597E+000  0.176408988750115E+000 -0.131028262406404E+000 -0.134056693387186E+003 -0.134056693387186E+003 -0.134057470968145E+003
  0.198834393967539E+001  0.190186836213079E+001  0.114027231945181E+000  0.173558221947415E+000 -0.131028262406404E+000 -0.134056864409444E+003 -0.134056864409444E+003 -0.134057632377622E+003
  0.199259621473193E+001  0.190498903042610E+001  0.462558358202475E+000  0.176020352726273E+000 -0.131028262406404E+000 -0.134056682689795E+003 -0.134056682689795E+003 -0.134057082110937E+003
  0.198913209265238E+001  0.193719112872864E+001  0.808261633453067E+000  0.173331207298073E+000 -0.131028262406404E+000 -0.134056850708487E+003 -0.134056850708487E+003 -0.134057095052628E+003
  0.199998316875156E+001  0.188174456709576E+001  0.459962544150545E+000  0.172605250998245E+000 -0.131028262406404E+000 -0.134056751935280E+003 -0.134056751935280E+003 -0.134057640510861E+003
  0.198229365893842E+001  0.196909991690006E+001  0.983592912664812E+000  0.178326907695546E+000 -0.131028262406404E+000 -0.134056710662497E+003 -0.134056710662497E+003 -0.134056985439963E+003
  0.197445580933506E+001  0.199931606698905E+001  0.686597084642315E+000  0.179850757690541E+000 -0.131028262406404E+000 -0.134056819865791E+003 -0.134056819865791E+003 -0.134057386753819E+003
  0.197140469758120E+001  0.197627244008876E+001  0.904733801341216E+000  0.177932541620402E+000 -0.131028262406404E+000 -0.134056742228544E+003 -0.134056742228544E+003 -0.134056985129003E+003
  0.199799771789733E+001  0.183556680829305E+001  0.202204351906125E+000  0.173957771446598E+000 -0.131028262406404E+000 -0.134056851990935E+003 -0.134056851990935E+003 -0.134057017557181E+003
  0.199639032376215E+001  0.198593516288390E+001  0.812407869857856E+000  0.173910709403957E+000 -0.131028262406404E+000 -0.134056552249790E+003 -0.134056552249790E+003 -0.134056941023478E+003
  0.199977516018472E+001  0.194947849200756E+001  0.221717011101134E+000  0.174741243287551E+000 -0.131028262406404E+000 -0.134056450941859E+003 -0.134056450941859E+003 -0.134059403668476E+003
  0.198279988095638E+001  0.196206134163498E+001  0.604060823296041E+000  0.174937540248429E+000 -0.131028262406404E+000 -0.134056746913905E+003 -0.134056746913905E+003 -0.134059424966875E+003
  0.197771986259672E+001  0.198538792268153E+001  0.955789511187997E+000  0.177549423194041E+000 -0.131028262406404E+000 -0.134056652067538E+003 -0.134056652067538E+003 -0.134057081744728E+003
  0.199971805618501E+001  0.185930200445612E+001  0.864231592740089E+000  0.174711458767363E+000 -0.131028262406404E+000 -0.134056749839344E+003 -0.134056749839344E+003 -0.134057204079023E+003
  0.199558232330144E+001  0.194537651575064E+001  0.847112447985798E+000  0.174352940690771E+000 -0.131028262406404E+000 -0.134056543773320E+003 -0.134056543773320E+003 -0.134056982918690E+003
  0.199475969335526E+001  0.196678810085456E+001  0.715126606656170E+000  0.174708895559756E+000 -0.131028262406404E+000 -0.134056507372770E+003 -0.134056507372770E+003 -0.134067002152632E+003
  0.197926388451894E+001  0.190266221835858E+001  0.341842194600464E+000  0.175292622233181E+000 -0.131028262406404E+000 -0.134056861283083E+003 -0.134056861283083E+003 -0.134057130584571E+003
  0.199316813047171E+001  0.199548410673662E+001  0.101252318308933E+000  0.177083780364823E+000 -0.131028262406404E+000 -0.134056488285840E+003 -0.134056488285840E+003 -0.134056934949114E+003
  0.199417686150705E+001  0.196417838170419E+001  0.799800772220680E+000  0.174614805605918E+000 -0.131028262406404E+000 -0.134056528250479E+003 -0.134056528250479E+003 -0.134056878709291E+003
  0.199745209941521E+001  0.185635795577325E+001  0.326429037592968E+000  0.172907872323787E+000 -0.131028262406404E+000 -0.134056840495251E+003 -0.134056840495251E+003 -0.134057321587461E+003
  0.199499531269647E+001  0.188088241711699E+001  0.520373275728468E-001  0.174378502468477E+000 -0.131028262406404E+000 -0.134056706877886E+003 -0.134056706877886E+003 -0.134057583035322E+003
  0.199794927631236E+001  0.190458642522129E+001  0.859720693037839E+000  0.174953230504946E+000 -0.131028262406404E+000 -0.134056593274990E+003 -0.134056593274990E+003 -0.134057338583851E+003
  0.198582452210498E+001  0.195717922135707E+001  0.251653865538130E+000  0.176174076456783E+000 -0.131028262406404E+000 -0.134056599864927E+003 -0.134056599864927E+003 -0.134057430744739E+003
  0.198481735816056E+001  0.196990736696753E+001  0.355054468215442E-001  0.178781520877026E+000 -0.131028262406404E+000 -0.134056779215720E+003 -0.134056779215720E+003 -0.134056887733924E+003
  0.198918447874891E+001  0.199043065131091E+001  0.107247436980148E+000  0.175043540865662E+000 -0.131028262406404E+000 -0.134056580694222E+003 -0.134056580694222E+003 -0.134056943963038E+003
  0.198301058841127E+001  0.199112486099601E+001  0.994061427508529E+000  0.175788374987126E+000 -0.131028262406404E+000 -0.134056638481552E+003 -0.134056638481552E+003 -0.134057003462490E+003
  0.197967039894485E+001  0.199092612190109E+001  0.310660371156419E+000  0.178167127800923E+000 -0.131028262406404E+000 -0.134056648512461E+003 -0.134056648512461E+003 -0.134057505563288E+003
  0.198957755464127E+001  0.188679331114796E+001  0.719814037061542E+000  0.176634606218389E+000 -0.131028262406404E+000 -0.134056827249762E+003 -0.134056827249762E+003 -0.134057157000783E+003
  0.199526763373440E+001  0.192425075583191E+001  0.361352392513700E+000  0.175079844353625E+000 -0.131028262406404E+000 -0.134056563455381E+003 -0.134056563455381E+003 -0.134057408558297E+003
  0.199291245881216E+001  0.190736492505727E+001  0.244416760226142E+000  0.176657320245685E+000 -0.131028262406404E+000 -0.134056734896328E+003 -0.134056734896328E+003 -0.134057047285263E+003
  0.199497002213762E+001  0.195032255438987E+001  0.299756681821010E+000  0.173438519628089E+000 -0.131028262406404E+000 -0.134056661747726E+003 -0.134056661747726E+003 -0.134057052616951E+003
  0.199512059827370E+001  0.198193284652875E+001  0.660692311450202E-001  0.175644216861110E+000 -0.131028262406404E+000 -0.134056445664489E+003 -0.134056445664489E+003 -0.134056935110413E+003
  0.199688700169373E+001  0.198193569703123E+001  0.636143886948133E+000  0.177360396732450E+000 -0.131028262406404E+000 -0.134056547710888E+003 -0.134056547710888E+003 -0.134056957673166E+003
  0.199816120785577E+001  0.197944643404243E+001  0.742777020833784E+000  0.174010877413400E+000 -0.131028262406404E+000 -0.134056496529911E+003 -0.134056496529911E+003 -0.134058588434413E+003
  0.199554218714580E+001  0.187776915058939E+001  0.881466742254836E-001  0.176333689461099E+000 -0.131028262406404E+000 -0.134056834011568E+003 -0.134056834011568E+003 -0.134057480501285E+003
  0.199352520719104E+001  0.198191565519147E+001  0.205927225003259E+000  0.177800828772818E+000 -0.131028262406404E+000 -0.134056606066740E+003 -0.134056606066740E+003 -0.134056980294430E+003
  0.197641064258834E+001  0.191313230967165E+001  0.344504879835737E+000  0.177746927646381E+000 -0.131028262406404E+000 -0.134056860963001E+003 -0.134056860963001E+003 -0.134056911310456E+003
  0.198089717578181E+001  0.197297058448936E+001  0.199164214402596E+000  0.178696141728823E+000 -0.131028262406404E+000 -0.134056745346686E+003 -0.134056745346686E+003 -0.134059755441953E+003
  0.199519013950763E+001  0.198435297303104E+001  0.483638012170052E+000  0.173781893172841E+000 -0.131028262406404E+000 -0.134056602370863E+003 -0.134056602370863E+003 -0.134057055689101E+003
  0.199698575428784E+001  0.188806363060662E+001  0.492161731447774E+000  0.175154833823417E+000 -0.131028262406404E+000 -0.134056669322229E+003 -0.134056669322229E+003 -0.134057035657728E+003
  0.198901952760646E+001  0.192115376613767E+001  0.456842753437127E+000  0.177267295213904E+000 -0.131028262406404E+000 -0.134056753292999E+003 -0.134056753292999E+003 -0.134057754155457E+003
  0.199781229801293E+001  0.199350869503140E+001  0.358103001555614E+000  0.174075308083043E+000 -0.131028262406404E+000 -0.134056497691794E+003 -0.134056497691794E+003 -0.134056993221910E+003
  0.199738348218335E+001  0.188412230698436E+001  0.396592320616568E+000  0.172779661783826E+000 -0.131028262406404E+000 -0.134056785158068E+003 -0.134056785158068E+003 -0.134058007795718E+003
  0.199657844791829E+001  0.194226409755878E+001  0.817220090438150E-001  0.174792569337196E+000 -0.131028262406404E+000 -0.134056508662488E+003 -0.134056508662488E+003 -0.134058146961244E+003
  0.199815412755059E+001  0.199708942982118E+001  0.356952595908717E+000  0.177464150970908E+000 -0.131028262406404E+000 -0.134056517565331E+003 -0.134056517565331E+003 -0.134057059664333E+003
  0.198607695489919E+001  0.195884068422245E+001  0.775572315928074E+000  0.174271385325243E+000 -0.131028262406404E+000 -0.134056763114908E+003 -0.134056763114908E+003 -0.134058495428018E+003
  0.198889827228942E+001  0.192494540958303E+001  0.619073836002439E+000  0.173924476822075E+000 -0.131028262406404E+000 -0.134056763583856E+003 -0.134056763583856E+003 -0.134056993893562E+003
  0.198708115817947E+001  0.187074603510307E+001  0.745869208378806E+000  0.175642590018513E+000 -0.131028262406404E+000 -0.134056838732419E+003 -0.134056838732419E+003 -0.134057228347533E+003
  0.199911853418935E+001  0.194002010082939E+001  0.112900198540908E+000  0.172958905592087E+000 -0.131028262406404E+000 -0.134056634707313E+003 -0.134056634707313E+003 -0.134056966716567E+003
  0.198664305879991E+001  0.193564575703833E+001  0.925495299202812E+000  0.177922033420103E+000 -0.131028262406404E+000 -0.134056782216955E+003 -0.134056782216955E+003 -0.134057657326252E+003
  0.199634230938714E+001  0.192760944652890E+001  0.958773145091035E-001  0.172494856099406E+000 -0.131028262406404E+000 -0.134056806088766E+003 -0.134056806088766E+003 -0.134057308055806E+003
  0.196906148064466E+001  0.197546186128423E+001  0.701443488695593E+000  0.178320297341847E+000 -0.131028262406404E+000 -0.134056773794964E+003 -0.134056773794964E+003 -0.134056907576997E+003
  0.199563884526187E+001  0.188732080504217E+001  0.176500806841087E+000  0.176567219625193E+000 -0.131028262406404E+000 -0.134056820662610E+003 -0.134056820662610E+003 -0.134057751230190E+003
  0.198317948653273E+001  0.198458467197757E+001  0.436013375895060E+000  0.175155664404740E+000 -0.131028262406404E+000 -0.134056708011661E+003 -0.134056708011661E+003 -0.134056994755847E+003
  0.198660724666644E+001  0.192232753173547E+001  0.979771378817524E+000  0.177044333956888E+000 -0.131028262406404E+000 -0.134056726423937E+003 -0.134056726423937E+003 -0.134057277421864E+003
  0.197830604980675E+001  0.198662891371045E+001  0.461775980279752E+000  0.178474981262591E+000 -0.131028262406404E+000 -0.134056687933346E+003 -0.134056687933346E+003 -0.134057838578681E+003
  0.197163714730410E+001  0.199005248350663E+001  0.112135483464680E+000  0.179550471654528E+000 -0.131028262406404E+000 -0.134056805422594E+003 -0.134056805422594E+003 -0.134058929817775E+003
  0.199337250684210E+001  0.194986914230335E+001  0.522088392918019E-001  0.174692347645142E+000 -0.131028262406404E+000 -0.134056553681931E+003 -0.134056553681931E+003 -0.134057687058170E+003
  0.198026445727667E+001  0.192556530091327E+001  0.436196726975422E+000  0.178157153457093E+000 -0.131028262406404E+000 -0.134056848277224E+003 -0.134056848277224E+003 -0.134056942899215E+003
  0.198417556736114E+001  0.198087428421797E+001  0.582044324440393E+000  0.175263448075020E+000 -0.131028262406404E+000 -0.134056669264765E+003 -0.134056669264765E+003 -0.134056896929083E+003
  0.197007862627970E+001  0.196019539214875E+001  0.377908996939206E+000  0.178244294384446E+000 -0.131028262406404E+000 -0.134056790874629E+003 -0.134056790874629E+003 -0.134056921909051E+003
  0.198182837745685E+001  0.189610251251546E+001  0.360805649409071E+000  0.177256093177751E+000 -0.131028262406404E+000 -0.134056866629204E+003 -0.134056866629204E+003 -0.134056957860490E+003
  0.199187415017967E+001  0.194773313231442E+001  0.254635089252237E+000  0.177876750394324E+000 -0.131028262406404E+000 -0.134056742689722E+003 -0.134056742689722E+003 -0.134057607459992E+003
  0.199884342394010E+001  0.192823294822542E+001  0.878917803548284E+000  0.177350970206431E+000 -0.131028262406404E+000 -0.134056775161913E+003 -0.134056775161913E+003 -0.134057065266610E+003
  0.198004430987835E+001  0.198333821038749E+001  0.201124099078372E+000  0.175083364649913E+000 -0.131028262406404E+000 -0.134056801486845E+003 -0.134056801486845E+003 -0.134056967785104E+003
  0.198678025381308E+001  0.193749313246366E+001  0.650586745032219E+000  0.177839123902081E+000 -0.131028262406404E+000 -0.134056762484963E+003 -0.134056762484963E+003 -0.134057864646617E+003
  0.197428309639429E+001  0.194527166970461E+001  0.353053773427114E-002  0.178489433034099E+000 -0.131028262406404E+000 -0.134056820646084E+003 -0.134056820646084E+003 -0.134057075363190E+003
  0.199310384486794E+001  0.195075995195097E+001  0.392898892654689E+000  0.176734901650862E+000 -0.131028262406404E+000 -0.134056578003560E+003 -0.134056578003560E+003 -0.134057705291345E+003
  0.199680902934936E+001  0.195592226147162E+001  0.189102698278836E+000  0.177381110361186E+000 -0.131028262406404E+000 -0.134056644635747E+003 -0.134056644635747E+003 -0.134058079039564E+003
  0.198811024097336E+001  0.197546142541066E+001  0.746322530891840E+000  0.175949852366262E+000 -0.131028262406404E+000 -0.134056545149366E+003 -0.134056545149366E+003 -0.134057918382919E+003
  0.197042229915153E+001  0.196583225686007E+001  0.255123317713648E+000  0.177807333253067E+000 -0.131028262406404E+000 -0.134056771179991E+003 -0.134056771179991E+003 -0.134056889539461E+003
  0.199692919481340E+001  0.196495087528378E+001  0.543164872540927E+000  0.175644252018085E+000 -0.131028262406404E+000 -0.134056453944195E+003 -0.134056453944195E+003 -0.134057416195813E+003
  0.198803195995816E+001  0.198187567175303E+001  0.240431054534879E+000  0.173938623290748E+000 -0.131028262406404E+000 -0.134056776934703E+003 -0.134056776934703E+003 -0.134057157268928E+003
  0.198554905097888E+001  0.193538784630566E+001  0.566076273544675E-001  0.174057998492294E+000 -0.131028262406404E+000 -0.134056821073513E+003 -0.134056821073513E+003 -0.134056970945332E+003
  0.198534509747193E+001  0.198255434406197E+001  0.919057487780109E+000  0.175601712965531E+000 -0.131028262406404E+000 -0.134056608689190E+003 -0.134056608689190E+003 -0.134057066429124E+003
  0.198327790145668E+001  0.198583627183067E+001  0.431203590310791E+000  0.179517442263439E+000 -0.131028262406404E+000 -0.134056847539019E+003 -0.134056847539019E+003 -0.134057236773576E+003
  0.199511385817171E+001  0.191884700263752E+001  0.971701179206685E-001  0.173500587244318E+000 -0.131028262406404E+000 -0.134056678838184E+003 -0.134056678838184E+003 -0.134057048963223E+003
  0.199143950348588E+001  0.196090127789910E+001  0.205351525810873E+000  0.176243295178453E+000 -0.131028262406404E+000 -0.134056530232280E+003 -0.134056530232280E+003 -0.134056910153919E+003
  0.198146253258308E+001  0.191263164612357E+001  0.259800437517290E+000  0.176776194971769E+000 -0.131028262406404E+000 -0.134056771062860E+003 -0.134056771062860E+003 -0.134056926060945E+003
  0.199725628855289E+001  0.198510148162077E+001  0.671532420470155E+000  0.175902018333522E+000 -0.131028262406404E+000 -0.134056418548649E+003 -0.134056418548649E+003 -0.134056954442918E+003
  0.199907737079669E+001  0.185804792298727E+001  0.202029798355389E+000  0.175292572255520E+000 -0.131028262406404E+000 -0.134056804625154E+003 -0.134056804625154E+003 -0.134057364281644E+003
  0.198658354231179E+001  0.187758704758911E+001  0.961454149211383E+000  0.175674224180094E+000 -0.131028262406404E+000 -0.134056817043211E+003 -0.134056817043211E+003 -0.134057740968797E+003
  0.199621008157096E+001  0.198550151373122E+001  0.873606093876839E+000  0.172759388982409E+000 -0.131028262406404E+000 -0.134056776428809E+003 -0.134056776428809E+003 -0.134057210267213E+003
  0.198879926279717E+001  0.196918330592331E+001  0.634369222559899E+000  0.175666111328089E+000 -0.131028262406404E+000 -0.134056552499102E+003 -0.134056552499102E+003 -0.134056886290591E+003
  0.198772652950958E+001  0.196375809961424E+001  0.580310702344763E+000  0.174370486659985E+000 -0.131028262406404E+000 -0.134056703259760E+003 -0.134056703259760E+003 -0.134056942218938E+003
  0.198267565082734E+001  0.198764578909665E+001  0.652430510920672E+000  0.174999122027387E+000 -0.131028262406404E+000 -0.134056745891343E+003 -0.134056745891343E+003 -0.134059083896473E+003
  0.199348658305466E+001  0.192266208081688E+001  0.232286939901950E+000  0.175864767350769E+000 -0.131028262406404E+000 -0.134056604535525E+003 -0.134056604535525E+003 -0.134056895605679E+003
  0.198683275862059E+001  0.197402012079388E+001  0.349413836716111E+000  0.177007817198363E+000 -0.131028262406404E+000 -0.134056569351511E+003 -0.134056569351511E+003 -0.134057457846965E+003
  0.199936251999653E+001  0.198708836237373E+001  0.243311287396784E+000  0.178066543300053E+000 -0.131028262406404E+000 -0.134056664418818E+003 -0.134056664418818E+003 -0.134057024742827E+003
  0.198528475408311E+001  0.192470755809054E+001  0.177083251751897E+000  0.176790202293137E+000 -0.131028262406404E+000 -0.134056704150512E+003 -0.134056704150512E+003 -0.134057070215894E+003
  0.199407869872484E+001  0.196030084305517E+001  0.601479165486052E+000  0.177944014161642E+000 -0.131028262406404E+000 -0.134056713541474E+003 -0.134056713541474E+003 -0.134056950615710E+003
  0.198650094869854E+001  0.197714746623086E+001  0.510255304839079E+000  0.177939808880501E+000 -0.131028262406404E+000 -0.134056636579114E+003 -0.134056636579114E+003 -0.134056889457878E+003
  0.198997833717494E+001  0.191704723393587E+001  0.667124932996297E+000  0.175941252936165E+000 -0.131028262406404E+000 -0.134056653469317E+003 -0.134056653469317E+003 -0.134057035499024E+003
  0.196874464633890E+001  0.198478643484528E+001  0.132252015093697E+000  0.178319974663840E+000 -0.131028262406404E+000 -0.134056763895711E+003 -0.134056763895711E+003 -0.134058931562116E+003
  0.198975110332555E+001  0.199867970663260E+001  0.979036498554948E+000  0.174491580767612E+000 -0.131028262406404E+000 -0.134056644337912E+003 -0.134056644337912E+003 -0.134057104333724E+003
  0.196934628361767E+001  0.193529594282535E+001  0.198617287233801E-001  0.177565312873776E+000 -0.131028262406404E+000 -0.134056846752840E+003 -0.134056846752840E+003 -0.134057872928984E+003
  0.199126475108038E+001  0.192103951580579E+001  0.633130913118956E+000  0.175957456085499E+000 -0.131028262406404E+000 -0.134056630710666E+003 -0.134056630710666E+003 -0.134058322604133E+003
  0.199699561583602E+001  0.191700266474062E+001  0.231354704476401E+000  0.175632352221489E+000 -0.131028262406404E+000 -0.134056587899140E+003 -0.134056587899140E+003 -0.134056922125479E+003
  0.196430261998091E+001  0.198680469283140E+001  0.799189451242010E+000  0.177488404197530E+000 -0.131028262406404E+000 -0.134056877519932E+003 -0.134056877519932E+003 -0.134057429871984E+003
  0.197521543680081E+001  0.193169677474846E+001  0.926480235853919E-001  0.176310917278314E+000 -0.131028262406404E+000 -0.134056804963329E+003 -0.134056804963329E+003 -0.134057277371494E+003
  0.197988792374001E+001  0.196585518796555E+001  0.984155023471589E+000  0.175299650460699E+000 -0.131028262406404E+000 -0.134056768971512E+003 -0.134056768971512E+003 -0.134057354943414E+003
  0.197919763608812E+001  0.197684871749642E+001  0.135508665197137E+000  0.178139036610371E+000 -0.131028262406404E+000 -0.134056680226824E+003 -0.134056680226824E+003 -0.134057131541773E+003
  0.197465863778609E+001  0.193980943988196E+001  0.163329295562173E+000  0.176661577334219E+000 -0.131028262406404E+000 -0.134056781933184E+003 -0.134056781933184E+003 -0.134057278772916E+003
  0.198571435704603E+001  0.192347101289764E+001  0.494486968947437E-001  0.177484233238732E+000 -0.131028262406404E+000 -0.134056771214672E+003 -0.134056771214672E+003 -0.134056907748744E+003
  0.199359800758379E+001  0.199193457599522E+001  0.275414644412157E+000  0.175973311047201E+000 -0.131028262406404E+000 -0.134056450068893E+003 -0.134056450068893E+003 -0.134057004830512E+003
  0.199692745815418E+001  0.197959846666113E+001  0.108106118211601E+000  0.175931272078056E+000 -0.131028262406404E+000 -0.134056432190239E+003 -0.134056432190239E+003 -0.134057434246533E+003
  0.198201898978266E+001  0.196268366188624E+001  0.603908537005967E-001  0.177108437666022E+000 -0.131028262406404E+000 -0.134056639137552E+003 -0.134056639137552E+003 -0.134057114859738E+003
  0.199540234295522E+001  0.195881192359863E+001  0.332137425057834E+000  0.177983307260326E+000 -0.131028262406404E+000 -0.134056736154070E+003 -0.134056736154070E+003 -0.134057155863438E+003
  0.197747489561870E+001  0.197627880884352E+001  0.773139249519249E+000  0.176278960905261E+000 -0.131028262406404E+000 -0.134056712543356E+003 -0.134056712543356E+003 -0.134056944444550E+003
  0.199667255915891E+001  0.190090160660068E+001  0.414490513797774E+000  0.176445089797425E+000 -0.131028262406404E+000 -0.134056738364645E+003 -0.134056738364645E+003 -0.134056900670909E+003
  0.198235983173692E+001  0.188864416224413E+001  0.879838990828658E+000  0.175019815876027E+000 -0.131028262406404E+000 -0.134056857797667E+003 -0.134056857797667E+003 -0.134057207227367E+003
  0.199231679213721E+001  0.189819697383810E+001  0.238825191151644E-001  0.174331842597934E+000 -0.131028262406404E+000 -0.134056699268696E+003 -0.134056699268696E+003 -0.134056947369935E+003
  0.199708024581492E+001  0.183683324541163E+001  0.800958718996942E+000  0.173435412514803E+000 -0.131028262406404E+000 -0.134056873920247E+003 -0.134056873920247E+003 -0.134057337377993E+003
  0.198301921276672E+001  0.190757923422732E+001  0.117842485445674E+000  0.177556666355318E+000 -0.131028262406404E+000 -0.134056848168441E+003 -0.134056848168441E+003 -0.134057812976063E+003
  0.196922568204758E+001  0.198569741889493E+001  0.828878926236613E+000  0.177233425053472E+000 -0.131028262406404E+000 -0.134056797029664E+003 -0.134056797029664E+003 -0.134056890617963E+003
  0.198837939883455E+001  0.193273003677592E+001  0.158783837933524E+000  0.173500686485697E+000 -0.131028262406404E+000 -0.134056841714996E+003 -0.134056841714996E+003 -0.134057034926296E+003
  0.197693403788613E+001  0.196887384316113E+001  0.733457234065476E+000  0.179269493843952E+000 -0.131028262406404E+000 -0.134056835850919E+003 -0.134056835850919E+003 -0.134057027985618E+003
  0.199594689801541E+001  0.184564041076062E+001  0.691941854265913E+000  0.173422487642142E+000 -0.131028262406404E+000 -0.134056860383927E+003 -0.134056860383927E+003 -0.134057091358933E+003
  0.199604308134416E+001  0.193475210035840E+001  0.270609281629553E-001  0.175189627088754E+000 -0.131028262406404E+000 -0.134056527246761E+003 -0.134056527246761E+003 -0.134057341305944E+003
  0.196625568575530E+001  0.195939493023505E+001  0.953444194493269E+000  0.178717541547340E+000 -0.131028262406404E+000 -0.134056843818705E+003 -0.134056843818705E+003 -0.134056952643952E+003
  0.198421769753052E+001  0.196445042607020E+001  0.412682334627242E+000  0.176150151360344E+000 -0.131028262406404E+000 -0.134056611697102E+003 -0.134056611697102E+003 -0.134058436710194E+003
  0.199559072428173E+001  0.190422155840117E+001  0.314270247767944E+000  0.172456594191440E+000 -0.131028262406404E+000 -0.134056855322055E+003 -0.134056855322055E+003 -0.134057807241935E+003
  0.197693756213419E+001  0.192396698997973E+001  0.839648484515788E+000  0.177717690209351E+000 -0.131028262406404E+000 -0.134056816720097E+003 -0.134056816720097E+003 -0.134058143025161E+003
  0.196616784905592E+001  0.195487540910096E+001  0.843768267553312E+000  0.178103194490473E+000 -0.131028262406404E+000 -0.134056843665124E+003 -0.134056843665124E+003 -0.134057256560548E+003
  0.199636489758010E+001  0.184781226812608E+001  0.636199706491872E-001  0.174046176903674E+000 -0.131028262406404E+000 -0.134056818806821E+003 -0.134056818806821E+003 -0.134056952359472E+003
  0.199407748900495E+001  0.185982019139684E+001  0.877044925439247E+000  0.174792344936019E+000 -0.131028262406404E+000 -0.134056796692506E+003 -0.134056796692506E+003 -0.134056906121231E+003
  0.199459687862621E+001  0.197117753723041E+001  0.681904936270237E+000  0.177992198361422E+000 -0.131028262406404E+000 -0.134056681201466E+003 -0.134056681201466E+003 -0.134057197047330E+003
  0.197565318621670E+001  0.199009271316088E+001  0.248588110588133E+000  0.178016025237786E+000 -0.131028262406404E+000 -0.134056675406572E+003 -0.134056675406572E+003 -0.134057325396380E+003
  0.198984469141251E+001  0.197892631868795E+001  0.982295037495918E+000  0.178856866651606E+000 -0.131028262406404E+000 -0.134056788571545E+003 -0.134056788571545E+003 -0.134057819347231E+003
  0.198480867738490E+001  0.192910483074134E+001  0.747793915624140E+000  0.175444438693506E+000 -0.131028262406404E+000 -0.134056692753710E+003 -0.134056692753710E+003 -0.134057202580005E+003
  0.198351706016951E+001  0.188209831073374E+001  0.927141859730030E+000  0.174835903990307E+000 -0.131028262406404E+000 -0.134056867786463E+003 -0.134056867786463E+003 -0.134056954054749E+003
  0.197814429787627E+001  0.190947762816153E+001  0.729981146376983E+000  0.177384540541375E+000 -0.131028262406404E+000 -0.134056838758471E+003 -0.134056838758471E+003 -0.134057383332761E+003
  0.198364904750354E+001  0.193354612833113E+001  0.465173021521665E+000  0.176668986924627E+000 -0.131028262406404E+000 -0.134056683554469E+003 -0.134056683554469E+003 -0.134056961095802E+003
  0.197718185584212E+001  0.198005674061712E+001  0.679905728366758E+000  0.176495107223652E+000 -0.131028262406404E+000 -0.134056699407407E+003 -0.134056699407407E+003 -0.134057102617536E+003
  0.199002276968124E+001  0.191996371824729E+001  0.704247126384285E+000  0.174631057762104E+000 -0.131028262406404E+000 -0.134056670117460E+003 -0.134056670117460E+003 -0.134056926622276E+003
  0.199864460017072E+001  0.188365763648013E+001  0.282670016956899E+000  0.173346542190006E+000 -0.131028262406404E+000 -0.134056694239265E+003 -0.134056694239265E+003 -0.134056897656112E+003
  0.199546950447887E+001  0.198789439493825E+001  0.620638443190472E+000  0.178587977888262E+000 -0.131028262406404E+000 -0.134056740832147E+003 -0.134056740832147E+003 -0.134057041413042E+003
  0.199950003730698E+001  0.194834740543974E+001  0.966065585060882E-001  0.175708506917339E+000 -0.131028262406404E+000 -0.134056476878092E+003 -0.134056476878092E+003 -0.134057260640490E+003
  0.199688161847032E+001  0.192354682216490E+001  0.960286745466341E+000  0.173232214331395E+000 -0.131028262406404E+000 -0.134056666097014E+003 -0.134056666097014E+003 -0.134056956011769E+003
  0.198177002611839E+001  0.194729141656784E+001  0.115050315772079E+000  0.176620983267574E+000 -0.131028262406404E+000 -0.134056668020948E+003 -0.134056668020948E+003 -0.134057001595243E+003
  0.199062767409790E+001  0.194412810130721E+001  0.155424235293712E+000  0.178258279926523E+000 -0.131028262406404E+000 -0.134056823786027E+003 -0.134056823786027E+003 -0.134056919363043E+003
  0.199935790215075E+001  0.197529219249699E+001  0.807343903630988E+000  0.177814946406401E+000 -0.131028262406404E+000 -0.134056660381952E+003 -0.134056660381952E+003 -0.134057849635917E+003
  0.199804338238474E+001  0.187209162950748E+001  0.918683271005877E+000  0.175901410267302E+000 -0.131028262406404E+000 -0.134056805863220E+003 -0.134056805863220E+003 -0.134057142524649E+003
  0.198758913675287E+001  0.193633446152105E+001  0.680169697798930E+000  0.174886742540376E+000 -0.131028262406404E+000 -0.134056667936742E+003 -0.134056667936742E+003 -0.134057093690324E+003
  0.198446472960613E+001  0.195584838306848E+001  0.199879498709336E+000  0.174960087671913E+000 -0.131028262406404E+000 -0.134056706671852E+003 -0.134056706671852E+003 -0.134056898710345E+003
  0.197164876897479E+001  0.192399497262161E+001  0.989523975562783E+000  0.176537181534603E+000 -0.131028262406404E+000 -0.134056869513803E+003 -0.134056869513803E+003 -0.134056904114617E+003
  0.197952123718905E+001  0.189331948454478E+001  0.406415972721409E+000  0.176664827784859E+000 -0.131028262406404E+000 -0.134056851190966E+003 -0.134056851190966E+003 -0.134057047014221E+003
  0.197475589863002E+001  0.196920078596485E+001  0.914624481852021E+000  0.178525076467002E+000 -0.131028262406404E+000 -0.134056751120781E+003 -0.134056751120781E+003 -0.134056981170570E+003
  0.198372486253861E+001  0.189336843712853E+001  0.835808549489049E+000  0.175196816778861E+000 -0.131028262406404E+000 -0.134056809607882E+003 -0.134056809607882E+003 -0.134057412095995E+003
  0.197629413052319E+001  0.196398655478848E+001  0.934087550038846E+000  0.179292119452776E+000 -0.131028262406404E+000 -0.134056855437508E+003 -0.134056855437508E+003 -0.134056918785944E+003
  0.199523945432890E+001  0.188700253006995E+001  0.530615128607184E+000  0.175390615801991E+000 -0.131028262406404E+000 -0.134056697921936E+003 -0.134056697921936E+003 -0.134056879661108E+003
  0.198311543072348E+001  0.198895445189144E+001  0.553739244003096E+000  0.174563987449155E+000 -0.131028262406404E+000 -0.134056810358779E+003 -0.134056810358779E+003 -0.134056989704565E+003
  0.198158930668172E+001  0.190638971579808E+001  0.547381920153034E+000  0.174605461264625E+000 -0.131028262406404E+000 -0.134056876149233E+003 -0.134056876149233E+003 -0.134057468678609E+003
  0.198424918314249E+001  0.192821486248718E+001  0.473894763882629E+000  0.175311135858169E+000 -0.131028262406404E+000 -0.134056712493651E+003 -0.134056712493651E+003 -0.134057060396112E+003
  0.198851055804578E+001  0.191524399163378E+001  0.939072488348585E+000  0.176388362150004E+000 -0.131028262406404E+000 -0.134056692162387E+003 -0.134056692162387E+003 -0.134056995383778E+003
  0.199195296868359E+001  0.196988165028109E+001  0.442621902444502E+000  0.175643993531953E+000 -0.131028262406404E+000 -0.134056504976644E+003 -0.134056504976644E+003 -0.134056978238082E+003
  0.198737481497215E+001  0.189421943385750E+001  0.554428601039169E-001  0.175676443076072E+000 -0.131028262406404E+000 -0.134056747987249E+003 -0.134056747987249E+003 -0.134056973266246E+003
  0.199172839503768E+001  0.191867892931569E+001  0.566007438052656E+000  0.177849145525270E+000 -0.131028262406404E+000 -0.134056872379433E+003 -0.134056872379433E+003 -0.134056882842607E+003
  0.197324667396715E+001  0.193435419811777E+001  0.434769655575422E+000  0.176596928536516E+000 -0.131028262406404E+000 -0.134056818437007E+003 -0.134056818437007E+003 -0.134056877548279E+003
