  0.109889340513052E+001  0.717150543709959E+000  0.186215140647586E+000  0.499595089426934E+000 -0.131028262406404E+000 -0.147737438037532E+003 -0.147737438037532E+003
  0.112717866966068E+001  0.704277270437728E+000  0.304286492552900E+000  0.499918337796535E+000 -0.131028262406404E+000 -0.147736487644896E+003 -0.147736487644896E+003
  0.114307526467688E+001  0.706615562079422E+000  0.149980362726673E+000  0.499934827557262E+000 -0.131028262406404E+000 -0.147736557979150E+003 -0.147736557979150E+003
  0.114773738559883E+001  0.721218924284578E+000  0.832662834671612E-001  0.499531107334803E+000 -0.131028262406404E+000 -0.147737138067210E+003 -0.147737138067210E+003
  0.111222847753526E+001  0.712140089542608E+000  0.306649090335138E+000  0.499748519634597E+000 -0.131028262406404E+000 -0.147736692859570E+003 -0.147736692859570E+003
  0.109626934499204E+001  0.744004317755868E+000  0.157635256223229E+000  0.499202705218368E+000 -0.131028262406404E+000 -0.147737095585688E+003 -0.147737095585688E+003
  0.114592252777850E+001  0.726533579537401E+000  0.919601648766060E-002  0.499211278549199E+000 -0.131028262406404E+000 -0.147737418545607E+003 -0.147737418545607E+003
  0.108757329528380E+001  0.746456696549233E+000  0.992529778041168E-001  0.499956182258309E+000 -0.131028262406404E+000 -0.147736796069883E+003 -0.147736796069883E+003
  0.112994707556245E+001  0.711196427197563E+000  0.542537712509480E-001  0.498586252809133E+000 -0.131028262406404E+000 -0.147737364077900E+003 -0.147737364077900E+003
  0.111477458003038E+001  0.772580557314147E+000  0.937236996075497E-001  0.499972553977588E+000 -0.131028262406404E+000 -0.147737493363333E+003 -0.147737493363333E+003
  0.110560401322374E+001  0.751285368133886E+000  0.260188301345795E+000  0.499089967450506E+000 -0.131028262406404E+000 -0.147736991208853E+003 -0.147736991208853E+003
  0.113079558318345E+001  0.743558262548779E+000  0.278678893564144E+000  0.498827414276850E+000 -0.131028262406404E+000 -0.147737481682493E+003 -0.147737481682493E+003
  0.113005890694213E+001  0.710243210258453E+000  0.284690469180983E-002  0.499167084567431E+000 -0.131028262406404E+000 -0.147736869724062E+003 -0.147736869724062E+003
  0.111805855196002E+001  0.750501859828681E+000  0.269360270162551E+000  0.499766920735690E+000 -0.131028262406404E+000 -0.147736328757476E+003 -0.147736328757476E+003
  0.108712736207114E+001  0.753135756171278E+000  0.994907529956512E-001  0.499985794621187E+000 -0.131028262406404E+000 -0.147736757120068E+003 -0.147736757120068E+003
  0.112465565207740E+001  0.739362477061589E+000  0.839447362840882E-001  0.499920277766171E+000 -0.131028262406404E+000 -0.147735975287033E+003 -0.147735975287033E+003
  0.109074140331767E+001  0.728900996057765E+000  0.341049422009027E+000  0.499669400585956E+000 -0.131028262406404E+000 -0.147737403946823E+003 -0.147737403946823E+003
  0.111164157247399E+001  0.728400548746604E+000  0.315769963064275E-001  0.498813236693640E+000 -0.131028262406404E+000 -0.147737025314460E+003 -0.147737025314460E+003
  0.110746101408866E+001  0.739136580699236E+000  0.258226667149560E+000  0.499292054041769E+000 -0.131028262406404E+000 -0.147736558691834E+003 -0.147736558691834E+003
  0.108662933123620E+001  0.773951261461031E+000  0.115487935795942E+000  0.499776407302980E+000 -0.131028262406404E+000 -0.147737607902758E+003 -0.147737607902758E+003
  0.111839606738191E+001  0.727145566075845E+000  0.330174717794070E+000  0.498231639071698E+000 -0.131028262406404E+000 -0.147737480214144E+003 -0.147737480214144E+003
  0.113027519680201E+001  0.735779353816727E+000  0.284887343524677E+000  0.499346590077850E+000 -0.131028262406404E+000 -0.147736643478526E+003 -0.147736643478526E+003
  0.111079797286144E+001  0.726948277590421E+000  0.162396667530394E+000  0.499060311638934E+000 -0.131028262406404E+000 -0.147736830925827E+003 -0.147736830925827E+003
  0.110893651476836E+001  0.732190674232119E+000  0.646724632721329E-001  0.498803942366657E+000 -0.131028262406404E+000 -0.147737065422995E+003 -0.147737065422995E+003
  0.109422963433002E+001  0.743785263232279E+000  0.280264250813998E+000  0.499280026989212E+000 -0.131028262406404E+000 -0.147737128618090E+003 -0.147737128618090E+003
  0.113250942006622E+001  0.722452426593077E+000  0.195357042812786E+000  0.498294117488879E+000 -0.131028262406404E+000 -0.147737510045804E+003 -0.147737510045804E+003
  0.112178740322499E+001  0.733225782045556E+000  0.397918287238425E-001  0.499315070017423E+000 -0.131028262406404E+000 -0.147736401059902E+003 -0.147736401059902E+003
  0.110779252419982E+001  0.770168393592025E+000  0.347517812542249E+000  0.499992175175288E+000 -0.131028262406404E+000 -0.147736988280392E+003 -0.147736988280392E+003
  0.111565199293457E+001  0.722895925217021E+000  0.262211339401768E+000  0.498204983993624E+000 -0.131028262406404E+000 -0.147737630075377E+003 -0.147737630075377E+003
  0.114378299355613E+001  0.697167642789317E+000  0.315227989267522E+000  0.499042777536341E+000 -0.131028262406404E+000 -0.147737623724560E+003 -0.147737623724560E+003
  0.112203007058478E+001  0.749536920046113E+000  0.295472470311880E+000  0.498685786980094E+000 -0.131028262406404E+000 -0.147737533722034E+003 -0.147737533722034E+003
  0.109543674685251E+001  0.741657813465498E+000  0.180069135690281E+000  0.499838855011790E+000 -0.131028262406404E+000 -0.147736460704546E+003 -0.147736460704546E+003
  0.114759818454373E+001  0.718623282446606E+000  0.555060480883977E-001  0.499685736048182E+000 -0.131028262406404E+000 -0.147736951449258E+003 -0.147736951449258E+003
  0.108863312112202E+001  0.743592751057356E+000  0.824483093088764E-001  0.499855359981527E+000 -0.131028262406404E+000 -0.147736874089395E+003 -0.147736874089395E+003
  0.112622303709048E+001  0.733319247664247E+000  0.108625217384732E+000  0.499098027579535E+000 -0.131028262406404E+000 -0.147736693770436E+003 -0.147736693770436E+003
  0.110512534369051E+001  0.745647712816849E+000  0.129839281932975E+000  0.499687836395753E+000 -0.131028262406404E+000 -0.147736235186626E+003 -0.147736235186626E+003
  0.110294637820725E+001  0.764127863964067E+000  0.131658030837068E+000  0.499086388968429E+000 -0.131028262406404E+000 -0.147737557267159E+003 -0.147737557267159E+003
  0.109674977559681E+001  0.767134703202598E+000  0.254369822697345E+000  0.499454702539402E+000 -0.131028262406404E+000 -0.147737353444514E+003 -0.147737353444514E+003
  0.108243850324039E+001  0.741624226208076E+000  0.163915240881539E-001  0.499714966502913E+000 -0.131028262406404E+000 -0.147737634316702E+003 -0.147737634316702E+003
  0.113336674384529E+001  0.720657439781594E+000  0.294591742072648E+000  0.499877668630167E+000 -0.131028262406404E+000 -0.147736079528616E+003 -0.147736079528616E+003
  0.111994883301427E+001  0.733052687169244E+000  0.771982400115019E-001  0.499234573904006E+000 -0.131028262406404E+000 -0.147736465437562E+003 -0.147736465437562E+003
  0.114076418154841E+001  0.716871858890604E+000  0.156477595204566E+000  0.499454661419962E+000 -0.131028262406404E+000 -0.147736743486671E+003 -0.147736743486671E+003
  0.113871731002709E+001  0.718705913079351E+000  0.345998197628232E+000  0.499968257597726E+000 -0.131028262406404E+000 -0.147736201302468E+003 -0.147736201302468E+003
  0.108446312822066E+001  0.758623011278739E+000  0.136380880750051E+000  0.499524258183030E+000 -0.131028262406404E+000 -0.147737520648805E+003 -0.147737520648805E+003
  0.110120122155433E+001  0.748195426578727E+000  0.752759706869074E-001  0.499316793164730E+000 -0.131028262406404E+000 -0.147736776626426E+003 -0.147736776626426E+003
  0.112055597431176E+001  0.755356436978674E+000  0.220256399567964E+000  0.499163497194523E+000 -0.131028262406404E+000 -0.147737305322836E+003 -0.147737305322836E+003
  0.111641884050056E+001  0.731359483349830E+000  0.189134813913040E+000  0.499855500844857E+000 -0.131028262406404E+000 -0.147735852169710E+003 -0.147735852169710E+003
  0.114474433230435E+001  0.730046502382937E+000  0.254833650983628E+000  0.499461670472907E+000 -0.131028262406404E+000 -0.147737226470886E+003 -0.147737226470886E+003
  0.111640348602934E+001  0.759845222626522E+000  0.460831952532828E-001  0.499292167992898E+000 -0.131028262406404E+000 -0.147737294380858E+003 -0.147737294380858E+003
  0.114688424261377E+001  0.727228594393167E+000  0.116820600990495E+000  0.499824980498456E+000 -0.131028262406404E+000 -0.147736979521895E+003 -0.147736979521895E+003
  0.110580445113121E+001  0.736564218277528E+000  0.140318169570997E+000  0.499489070858076E+000 -0.131028262406404E+000 -0.147736410166124E+003 -0.147736410166124E+003
  0.111837054875027E+001  0.710387541562750E+000  0.711390339216755E-001  0.499351762623524E+000 -0.131028262406404E+000 -0.147736900588958E+003 -0.147736900588958E+003
  0.113570348576618E+001  0.700777037568115E+000  0.140244163213666E-001  0.499454398283728E+000 -0.131028262406404E+000 -0.147737016841131E+003 -0.147737016841131E+003
  0.111761994607675E+001  0.720166816175737E+000  0.250239987316218E-001  0.499353529699863E+000 -0.131028262406404E+000 -0.147736522692435E+003 -0.147736522692435E+003
  0.111128122295995E+001  0.775292500395355E+000  0.402799716385073E-001  0.499936939278284E+000 -0.131028262406404E+000 -0.147737614885393E+003 -0.147737614885393E+003
  0.110069340612015E+001  0.750999576328339E+000  0.761547649536686E-001  0.499650515871291E+000 -0.131028262406404E+000 -0.147736468117842E+003 -0.147736468117842E+003
  0.111806101277779E+001  0.726139204582770E+000  0.114633948070176E+000  0.499077776178309E+000 -0.131028262406404E+000 -0.147736655472646E+003 -0.147736655472646E+003
  0.111195055835277E+001  0.761949113375358E+000  0.199115218932721E+000  0.499279923929028E+000 -0.131028262406404E+000 -0.147737310402517E+003 -0.147737310402517E+003
  0.110483192624864E+001  0.753099755629613E+000  0.174836618122202E+000  0.499964942379280E+000 -0.131028262406404E+000 -0.147736094157380E+003 -0.147736094157380E+003
  0.112384829780087E+001  0.715070907649080E+000  0.418267472769947E-001  0.499123104980010E+000 -0.131028262406404E+000 -0.147736789566061E+003 -0.147736789566061E+003
  0.114327735774796E+001  0.719425588706964E+000  0.195641355766532E+000  0.499022925107451E+000 -0.131028262406404E+000 -0.147737259821830E+003 -0.147737259821830E+003
  0.112427236701785E+001  0.759301684599289E+000  0.110107251362947E+000  0.499262196477006E+000 -0.131028262406404E+000 -0.147737665711865E+003 -0.147737665711865E+003
  0.114207309121633E+001  0.697407687663050E+000  0.785455043772490E-001  0.499511160838672E+000 -0.131028262406404E+000 -0.147737198985385E+003 -0.147737198985385E+003
  0.110232220306660E+001  0.771106404559132E+000  0.133040198617139E+000  0.499392141236997E+000 -0.131028262406404E+000 -0.147737648634693E+003 -0.147737648634693E+003
  0.110446543928236E+001  0.761690915612606E+000  0.225688480896928E+000  0.499638417265076E+000 -0.131028262406404E+000 -0.147736801762321E+003 -0.147736801762321E+003
  0.113614307813335E+001  0.723609057510555E+000  0.165847500556764E+000  0.498550353782457E+000 -0.131028262406404E+000 -0.147737392832886E+003 -0.147737392832886E+003
  0.112275746746201E+001  0.753073644807287E+000  0.309833059166831E+000  0.499613502278619E+000 -0.131028262406404E+000 -0.147736795710060E+003 -0.147736795710060E+003
  0.109927859279737E+001  0.757346108912787E+000  0.519953649704316E-001  0.499536269176810E+000 -0.131028262406404E+000 -0.147736793453354E+003 -0.147736793453354E+003
  0.111228627265366E+001  0.717977915543994E+000  0.647891529129063E-001  0.499848093815045E+000 -0.131028262406404E+000 -0.147736294386415E+003 -0.147736294386415E+003
  0.113422284119802E+001  0.720728128282827E+000  0.312812274779029E+000  0.498598135535858E+000 -0.131028262406404E+000 -0.147737270124454E+003 -0.147737270124454E+003
  0.112993142552953E+001  0.727317061754981E+000  0.352449634864526E+000  0.498965685983152E+000 -0.131028262406404E+000 -0.147736839303646E+003 -0.147736839303646E+003
  0.114301648995936E+001  0.738666532808069E+000  0.317562251569351E+000  0.499781127524400E+000 -0.131028262406404E+000 -0.147737192901690E+003 -0.147737192901690E+003
  0.113372180708740E+001  0.748715740427506E+000  0.231066979505179E+000  0.499757445995513E+000 -0.131028262406404E+000 -0.147737053372680E+003 -0.147737053372680E+003
  0.114138110398894E+001  0.725785460895859E+000  0.183384583191352E+000  0.498972296349577E+000 -0.131028262406404E+000 -0.147737301781507E+003 -0.147737301781507E+003
  0.116034195960801E+001  0.707017917600849E+000  0.311463629545103E-001  0.499921623580857E+000 -0.131028262406404E+000 -0.147737685377545E+003 -0.147737685377545E+003
  0.109515534134034E+001  0.745103065133158E+000  0.144338228037121E+000  0.499810468090282E+000 -0.131028262406404E+000 -0.147736477624847E+003 -0.147736477624847E+003
  0.110643143939375E+001  0.766660680142864E+000  0.201736146911378E+000  0.499364510371737E+000 -0.131028262406404E+000 -0.147737417893007E+003 -0.147737417893007E+003
  0.115620193247606E+001  0.720504513156824E+000  0.186775533559782E+000  0.499764534404759E+000 -0.131028262406404E+000 -0.147737666721883E+003 -0.147737666721883E+003
  0.113116242891820E+001  0.756169173389745E+000  0.134699847743225E+000  0.499715682121400E+000 -0.131028262406404E+000 -0.147737435496223E+003 -0.147737435496223E+003
  0.109450795826126E+001  0.740362824644686E+000  0.115360320449182E+000  0.499097498302144E+000 -0.131028262406404E+000 -0.147737353372171E+003 -0.147737353372171E+003
  0.111089977994525E+001  0.763193076622541E+000  0.144613749078895E+000  0.499042769535780E+000 -0.131028262406404E+000 -0.147737629122117E+003 -0.147737629122117E+003
  0.111436052322304E+001  0.734051463726871E+000  0.169782509984998E+000  0.498232796972438E+000 -0.131028262406404E+000 -0.147737515820838E+003 -0.147737515820838E+003
  0.109686850144790E+001  0.742578350886349E+000  0.125809500846878E+000  0.498863360780690E+000 -0.131028262406404E+000 -0.147737445784454E+003 -0.147737445784454E+003
  0.114711637531728E+001  0.691193112826041E+000  0.303840210374376E-001  0.499505845011526E+000 -0.131028262406404E+000 -0.147737618139708E+003 -0.147737618139708E+003
  0.110348075952495E+001  0.764365830858819E+000  0.265352457425557E+000  0.499232256921184E+000 -0.131028262406404E+000 -0.147737404051323E+003 -0.147737404051323E+003
  0.114929407934094E+001  0.696080412200918E+000  0.210750479982762E+000  0.499915235910544E+000 -0.131028262406404E+000 -0.147737144948410E+003 -0.147737144948410E+003
  0.115457291117702E+001  0.709086629869028E+000  0.543250835729392E-002  0.499721887975640E+000 -0.131028262406404E+000 -0.147737361608320E+003 -0.147737361608320E+003
  0.110274397790254E+001  0.760758343175974E+000  0.108551246240429E-001  0.499680719756144E+000 -0.131028262406404E+000 -0.147736713494101E+003 -0.147736713494101E+003
  0.111373250313191E+001  0.746276920124776E+000  0.564080661437128E-001  0.498988960669322E+000 -0.131028262406404E+000 -0.147736919875675E+003 -0.147736919875675E+003
  0.112083555400314E+001  0.730132980547213E+000  0.326013860284376E+000  0.499825348988771E+000 -0.131028262406404E+000 -0.147735881120817E+003 -0.147735881120817E+003
  0.111874283638563E+001  0.736982502462991E+000  0.331323881240052E+000  0.499651291196743E+000 -0.131028262406404E+000 -0.147736076751830E+003 -0.147736076751830E+003
  0.111502014053080E+001  0.711655732500055E+000  0.121410387981706E+000  0.499100769413732E+000 -0.131028262406404E+000 -0.147737205567847E+003 -0.147737205567847E+003
  0.110429833116639E+001  0.736237723942415E+000  0.860093370094499E-001  0.498865146398588E+000 -0.131028262406404E+000 -0.147737130644645E+003 -0.147737130644645E+003
