  0.164632992175657E+001  0.500406971162554E+000  0.555306916295234E+000  0.482142613862487E+000 -0.131028262406404E+000 -0.141506716114036E+003 -0.141506716114036E+003 -0.141507863923525E+003
  0.171671668851251E+001  0.500460489937402E+000  0.605982347570264E+000  0.461807873808439E+000 -0.131028262406404E+000 -0.141506810697356E+003 -0.141506810697356E+003 -0.141507652212914E+003
  0.165821991327444E+001  0.501392688716995E+000  0.771664119760066E+000  0.491016919987751E+000 -0.131028262406404E+000 -0.141506400315609E+003 -0.141506400315609E+003 -0.141507583825827E+003
  0.165052312406533E+001  0.500536357585433E+000  0.985370753146451E+000  0.487372174120219E+000 -0.131028262406404E+000 -0.141506022498982E+003 -0.141506022498982E+003 -0.141507250305301E+003
  0.172457136299468E+001  0.500229252432844E+000  0.464299018306708E+000  0.457279455382272E+000 -0.131028262406404E+000 -0.141506865847200E+003 -0.141506865847200E+003 -0.141507468580997E+003
  0.166850833538787E+001  0.501038354160270E+000  0.535998385909315E+000  0.488227436211787E+000 -0.131028262406404E+000 -0.141506264446716E+003 -0.141506264446716E+003 -0.141508992432697E+003
  0.166063464631949E+001  0.500160307233903E+000  0.906060962718716E+000  0.490527594933711E+000 -0.131028262406404E+000 -0.141505461147837E+003 -0.141505461147837E+003 -0.141508081771730E+003
  0.164748596321999E+001  0.501697619881522E+000  0.282712349128432E+000  0.486001114120217E+000 -0.131028262406404E+000 -0.141507093598617E+003 -0.141507093598617E+003 -0.141508660443368E+003
  0.163835172193757E+001  0.500432801640628E+000  0.890994306115400E+000  0.484362674185901E+000 -0.131028262406404E+000 -0.141506939248174E+003 -0.141506939248174E+003 -0.141507881591631E+003
  0.165926859466071E+001  0.500662460932884E+000  0.368632296797131E+000  0.493089840772298E+000 -0.131028262406404E+000 -0.141505820923315E+003 -0.141505820923315E+003 -0.141508533459447E+003
  0.169463572866773E+001  0.501208323423502E+000  0.709379051674456E+000  0.476113978745930E+000 -0.131028262406404E+000 -0.141506881439894E+003 -0.141506881439894E+003 -0.141507566159959E+003
  0.165486207294383E+001  0.501605700156573E+000  0.289522390616718E+000  0.498843544679817E+000 -0.131028262406404E+000 -0.141506579507894E+003 -0.141506579507894E+003 -0.141527154110126E+003
  0.168799799665451E+001  0.501019355380750E+000  0.465118023122294E+000  0.469916067107690E+000 -0.131028262406404E+000 -0.141506841497369E+003 -0.141506841497369E+003 -0.141507399572103E+003
  0.167275597818325E+001  0.500383464212979E+000  0.975630782923950E+000  0.475600220047440E+000 -0.131028262406404E+000 -0.141506266699699E+003 -0.141506266699699E+003 -0.141507128150492E+003
  0.173803771932270E+001  0.500047616446352E+000  0.352332137717067E+000  0.452217805293218E+000 -0.131028262406404E+000 -0.141507084281533E+003 -0.141507084281533E+003 -0.141507415897805E+003
  0.167265111520901E+001  0.501173480387837E+000  0.933849354397413E+000  0.487631282628232E+000 -0.131028262406404E+000 -0.141506458076030E+003 -0.141506458076030E+003 -0.141508488337616E+003
  0.163814710038269E+001  0.502341522177418E+000  0.581726615508002E-001  0.495596356763325E+000 -0.131028262406404E+000 -0.141507110386553E+003 -0.141507110386553E+003 -0.141507236491153E+003
  0.166673133288412E+001  0.500077595638158E+000  0.871325319586757E+000  0.475540909307344E+000 -0.131028262406404E+000 -0.141506269244103E+003 -0.141506269244103E+003 -0.141508696223353E+003
  0.168098981611875E+001  0.500068741380537E+000  0.622521897471608E+000  0.477300486026055E+000 -0.131028262406404E+000 -0.141505812663502E+003 -0.141505812663502E+003 -0.141509259999502E+003
  0.166090021095836E+001  0.501426963798983E+000  0.420857614893026E+000  0.495794774460761E+000 -0.131028262406404E+000 -0.141506528291521E+003 -0.141506528291521E+003 -0.141508050530731E+003
  0.170671959477761E+001  0.500118651132171E+000  0.933676993264420E+000  0.462522312401082E+000 -0.131028262406404E+000 -0.141506486546688E+003 -0.141506486546688E+003 -0.141511435722643E+003
  0.167057808735107E+001  0.500763871113666E+000  0.385497366125355E+000  0.499441112169685E+000 -0.131028262406404E+000 -0.141506714653307E+003 -0.141506714653307E+003 -0.141507425234993E+003
  0.163806077290613E+001  0.501232939975591E+000  0.660978247883138E+000  0.497622006444927E+000 -0.131028262406404E+000 -0.141506155503853E+003 -0.141506155503853E+003 -0.141507676310440E+003
  0.162397238971936E+001  0.501760922418791E+000  0.987605565970357E+000  0.497698099494089E+000 -0.131028262406404E+000 -0.141507003180266E+003 -0.141507003180266E+003 -0.141507593531818E+003
  0.166307543248909E+001  0.500200237229130E+000  0.319566417221639E+000  0.483785543478925E+000 -0.131028262406404E+000 -0.141505741252693E+003 -0.141505741252693E+003 -0.141507514279014E+003
  0.165221144950639E+001  0.500398460527639E+000  0.356969772713175E+000  0.493161076452547E+000 -0.131028262406404E+000 -0.141505564452750E+003 -0.141505564452750E+003 -0.141507726315492E+003
  0.167399017645147E+001  0.500585356439755E+000  0.778964748940820E+000  0.490832538550349E+000 -0.131028262406404E+000 -0.141506130374120E+003 -0.141506130374120E+003 -0.141514476738840E+003
  0.171861697974782E+001  0.500472856450886E+000  0.486485144207426E+000  0.468040919168457E+000 -0.131028262406404E+000 -0.141506965890203E+003 -0.141506965890203E+003 -0.141507613448700E+003
  0.171022854215513E+001  0.500293842822117E+000  0.790069221461994E+000  0.459507090654848E+000 -0.131028262406404E+000 -0.141506780835861E+003 -0.141506780835861E+003 -0.141507409005094E+003
  0.162957611593005E+001  0.500494950438740E+000  0.596127626355394E+000  0.499612063880193E+000 -0.131028262406404E+000 -0.141505665735488E+003 -0.141505665735488E+003 -0.141508802778422E+003
  0.170447040027364E+001  0.500244550023287E+000  0.768457969779432E+000  0.473227401493338E+000 -0.131028262406404E+000 -0.141506387235864E+003 -0.141506387235864E+003 -0.141507502297842E+003
  0.168658089663083E+001  0.501505521922310E+000  0.814031246160377E+000  0.480924750028435E+000 -0.131028262406404E+000 -0.141506976720714E+003 -0.141506976720714E+003 -0.141507786868426E+003
  0.171270288098901E+001  0.500625767040503E+000  0.116082089143827E-001  0.461751883028353E+000 -0.131028262406404E+000 -0.141506888925545E+003 -0.141506888925545E+003 -0.141507874416561E+003
  0.164479308155169E+001  0.502191666225155E+000  0.979184259767912E+000  0.498396919726320E+000 -0.131028262406404E+000 -0.141506853790894E+003 -0.141506853790894E+003 -0.141507332138585E+003
  0.168591548981622E+001  0.500447528983494E+000  0.371648549319326E+000  0.491154821523066E+000 -0.131028262406404E+000 -0.141506717524258E+003 -0.141506717524258E+003 -0.141507791065358E+003
  0.167774314220009E+001  0.500349869264226E+000  0.701363792322479E+000  0.477140508307903E+000 -0.131028262406404E+000 -0.141506044424833E+003 -0.141506044424833E+003 -0.141508245178188E+003
  0.166395325210937E+001  0.501041874215386E+000  0.804318578311986E+000  0.475615103571208E+000 -0.131028262406404E+000 -0.141507049680216E+003 -0.141507049680216E+003 -0.141508460591413E+003
  0.168291906067868E+001  0.500016162968166E+000  0.448267384360202E+000  0.470636503476884E+000 -0.131028262406404E+000 -0.141506176235125E+003 -0.141506176235125E+003 -0.141507479058610E+003
  0.162405653772311E+001  0.500743800929670E+000  0.219983836685192E+000  0.496354877444542E+000 -0.131028262406404E+000 -0.141506414363902E+003 -0.141506414363902E+003 -0.141521956095429E+003
  0.164345218726806E+001  0.500364684529093E+000  0.741248311226281E+000  0.493172141734966E+000 -0.131028262406404E+000 -0.141505651657193E+003 -0.141505651657193E+003 -0.141507207693083E+003
  0.162852192694874E+001  0.500852808262144E+000  0.875008867223096E+000  0.494936336420407E+000 -0.131028262406404E+000 -0.141506415212254E+003 -0.141506415212254E+003 -0.141507852752141E+003
  0.164851016154160E+001  0.500934030819508E+000  0.330337662778117E+000  0.491212036613892E+000 -0.131028262406404E+000 -0.141506097190645E+003 -0.141506097190645E+003 -0.141509129138029E+003
  0.168216326338025E+001  0.501165138677327E+000  0.507675061549636E-001  0.473316133220119E+000 -0.131028262406404E+000 -0.141506807219031E+003 -0.141506807219031E+003 -0.141507261322471E+003
  0.168122572029687E+001  0.501173641985322E+000  0.321708573381383E-001  0.483420975435180E+000 -0.131028262406404E+000 -0.141506610982821E+003 -0.141506610982821E+003 -0.141508041467979E+003
  0.163216252918577E+001  0.501557432272312E+000  0.425457832952004E+000  0.493318975926615E+000 -0.131028262406404E+000 -0.141506919757340E+003 -0.141506919757340E+003 -0.141507143932131E+003
  0.166304327835721E+001  0.502023759478065E+000  0.402304740459196E+000  0.494010797041095E+000 -0.131028262406404E+000 -0.141507029683654E+003 -0.141507029683654E+003 -0.141507457825223E+003
  0.164039563748781E+001  0.500709267881001E+000  0.809117468685411E-001  0.498928382093274E+000 -0.131028262406404E+000 -0.141505667837782E+003 -0.141505667837782E+003 -0.141507251203283E+003
  0.171714990153413E+001  0.500378359569275E+000  0.107080872722028E+000  0.469693312165241E+000 -0.131028262406404E+000 -0.141506903489709E+003 -0.141506903489709E+003 -0.141508393172339E+003
  0.164381138908513E+001  0.500677507874012E+000  0.604498177294384E-001  0.494750663032462E+000 -0.131028262406404E+000 -0.141505786882613E+003 -0.141505786882613E+003 -0.141508132755445E+003
  0.167333567708349E+001  0.500574052000025E+000  0.627496251932691E+000  0.496091927324429E+000 -0.131028262406404E+000 -0.141506428534424E+003 -0.141506428534424E+003 -0.141511072980584E+003
  0.166993114668111E+001  0.500716053709889E+000  0.717174585644778E+000  0.480204804275197E+000 -0.131028262406404E+000 -0.141506232271339E+003 -0.141506232271339E+003 -0.141507130273591E+003
  0.169437475131019E+001  0.501137085483255E+000  0.872441714129156E+000  0.481923773089777E+000 -0.131028262406404E+000 -0.141507060962316E+003 -0.141507060962316E+003 -0.141507327505297E+003
  0.164630317579108E+001  0.500492363673039E+000  0.985194992093385E+000  0.487859185333773E+000 -0.131028262406404E+000 -0.141506092594066E+003 -0.141506092594066E+003 -0.141507457918506E+003
  0.162795838579403E+001  0.500514942983627E+000  0.280193495843169E+000  0.492286563822051E+000 -0.131028262406404E+000 -0.141506540516646E+003 -0.141506540516646E+003 -0.141507581050558E+003
  0.168407456729115E+001  0.501444937688823E+000  0.943916134628732E+000  0.478117102279548E+000 -0.131028262406404E+000 -0.141506848228421E+003 -0.141506848228421E+003 -0.141508319178837E+003
  0.165725602333599E+001  0.500650557213155E+000  0.707166067282743E-001  0.494584591661593E+000 -0.131028262406404E+000 -0.141505781603170E+003 -0.141505781603170E+003 -0.141509520661920E+003
  0.168190018412976E+001  0.501334130363123E+000  0.140670873710314E+000  0.478222081851919E+000 -0.131028262406404E+000 -0.141506738876092E+003 -0.141506738876092E+003 -0.141512354544827E+003
  0.165547988433150E+001  0.501438119235910E+000  0.223197813847371E+000  0.497476580799950E+000 -0.131028262406404E+000 -0.141506420869640E+003 -0.141506420869640E+003 -0.141508955187085E+003
  0.166689638238117E+001  0.500567139654536E+000  0.841725913120623E+000  0.488531311067800E+000 -0.131028262406404E+000 -0.141505866603818E+003 -0.141505866603818E+003 -0.141507285118903E+003
  0.165466488358238E+001  0.501128350117518E+000  0.169902469984464E+000  0.492290137280971E+000 -0.131028262406404E+000 -0.141506155146714E+003 -0.141506155146714E+003 -0.141509887115770E+003
  0.165259524928021E+001  0.500767623212623E+000  0.860045793555424E+000  0.496633104028093E+000 -0.131028262406404E+000 -0.141505805514495E+003 -0.141505805514495E+003 -0.141509149747397E+003
  0.169163309680306E+001  0.500352160435372E+000  0.410419345957416E+000  0.466222371582690E+000 -0.131028262406404E+000 -0.141506591844762E+003 -0.141506591844762E+003 -0.141507166743408E+003
  0.161364356285019E+001  0.500158746548329E+000  0.807997874312725E+000  0.495820164906267E+000 -0.131028262406404E+000 -0.141506835578649E+003 -0.141506835578649E+003 -0.141507384470485E+003
  0.165817450781212E+001  0.501925302856952E+000  0.869308958628044E-001  0.486387638319693E+000 -0.131028262406404E+000 -0.141506953660268E+003 -0.141506953660268E+003 -0.141507918069911E+003
  0.162765004367801E+001  0.500526375343323E+000  0.572565362356409E+000  0.495227529122892E+000 -0.131028262406404E+000 -0.141506192756130E+003 -0.141506192756130E+003 -0.141507671392796E+003
  0.162757137991298E+001  0.501237773843895E+000  0.863999383119208E+000  0.493549523910195E+000 -0.131028262406404E+000 -0.141506908203261E+003 -0.141506908203261E+003 -0.141507707297984E+003
  0.169847330981325E+001  0.501045417607712E+000  0.486044889739332E+000  0.473938885102379E+000 -0.131028262406404E+000 -0.141506829002360E+003 -0.141506829002360E+003 -0.141508542802875E+003
  0.168537766039098E+001  0.500857279056572E+000  0.698712840780249E+000  0.471179743541710E+000 -0.131028262406404E+000 -0.141506678850087E+003 -0.141506678850087E+003 -0.141507981243372E+003
  0.162145025356393E+001  0.500985287884838E+000  0.115450583329587E+000  0.493864551826204E+000 -0.131028262406404E+000 -0.141507092176156E+003 -0.141507092176156E+003 -0.141507902008116E+003
  0.169539394019274E+001  0.500002845797605E+000  0.860310959188469E+000  0.476568001149616E+000 -0.131028262406404E+000 -0.141505974069986E+003 -0.141505974069986E+003 -0.141515418889515E+003
  0.164298932366496E+001  0.501269946507590E+000  0.150434646104463E-001  0.498152961912747E+000 -0.131028262406404E+000 -0.141506121813816E+003 -0.141506121813816E+003 -0.141507237120591E+003
  0.165477379372531E+001  0.500128893015665E+000  0.790173858365203E+000  0.499318605508398E+000 -0.131028262406404E+000 -0.141505367056312E+003 -0.141505367056312E+003 -0.141508493097510E+003
  0.168027808550383E+001  0.500586631124353E+000  0.903873696318870E+000  0.484460937946406E+000 -0.131028262406404E+000 -0.141506139783788E+003 -0.141506139783788E+003 -0.141508501079296E+003
  0.165722669673592E+001  0.501575289039438E+000  0.629520949738876E+000  0.491125514525630E+000 -0.131028262406404E+000 -0.141506535587533E+003 -0.141506535587533E+003 -0.141508854751287E+003
  0.167123890573926E+001  0.500377177497111E+000  0.241164494323267E+000  0.485047395100238E+000 -0.131028262406404E+000 -0.141505801185455E+003 -0.141505801185455E+003 -0.141508999400987E+003
  0.164188114501615E+001  0.500508184607969E+000  0.768768535142717E+000  0.482144071195230E+000 -0.131028262406404E+000 -0.141507086632952E+003 -0.141507086632952E+003 -0.141509567261023E+003
  0.165957495653379E+001  0.500578408899417E+000  0.728850467006477E+000  0.492135291277067E+000 -0.131028262406404E+000 -0.141505761018344E+003 -0.141505761018344E+003 -0.141507714142673E+003
  0.164878634960323E+001  0.500345423592600E+000  0.394801442095603E+000  0.479300501373520E+000 -0.131028262406404E+000 -0.141506939530864E+003 -0.141506939530864E+003 -0.141507306592281E+003
  0.167178837360752E+001  0.501092747698582E+000  0.466784707079436E+000  0.484727369131253E+000 -0.131028262406404E+000 -0.141506364276677E+003 -0.141506364276677E+003 -0.141508596256682E+003
  0.163319728505154E+001  0.501033230994621E+000  0.973902947242919E+000  0.497543529364349E+000 -0.131028262406404E+000 -0.141506117287784E+003 -0.141506117287784E+003 -0.141507454616975E+003
  0.169031694669323E+001  0.500624751889304E+000  0.226628502069016E+000  0.463631179153982E+000 -0.131028262406404E+000 -0.141507086603104E+003 -0.141507086603104E+003 -0.141508325545709E+003
  0.162613138045036E+001  0.500348465289668E+000  0.753796791407933E+000  0.493259410746576E+000 -0.131028262406404E+000 -0.141506409081442E+003 -0.141506409081442E+003 -0.141507377171071E+003
  0.166219457127454E+001  0.501870416320908E+000  0.428397187651599E+000  0.497384761521913E+000 -0.131028262406404E+000 -0.141507019978462E+003 -0.141507019978462E+003 -0.141509217043900E+003
  0.166870900768365E+001  0.501044384726756E+000  0.585844365582325E+000  0.495585912287900E+000 -0.131028262406404E+000 -0.141506528668401E+003 -0.141506528668401E+003 -0.141507132988631E+003
  0.171773533907797E+001  0.500337940489345E+000  0.839946082344240E+000  0.457461091345944E+000 -0.131028262406404E+000 -0.141506899271266E+003 -0.141506899271266E+003 -0.141509643118856E+003
  0.167769010736542E+001  0.501610409786500E+000  0.974226426589924E+000  0.488196054867964E+000 -0.131028262406404E+000 -0.141507004130571E+003 -0.141507004130571E+003 -0.141507300136209E+003
  0.165436679095360E+001  0.501808951778661E+000  0.569204079395349E+000  0.485860104559266E+000 -0.131028262406404E+000 -0.141506966209825E+003 -0.141506966209825E+003 -0.141507369584615E+003
  0.163115038851708E+001  0.501371810562123E+000  0.469082077818118E-001  0.498172533251026E+000 -0.131028262406404E+000 -0.141506386866537E+003 -0.141506386866537E+003 -0.141507877847758E+003
  0.160445168892131E+001  0.500315500358784E+000  0.580778528175608E+000  0.499994318419928E+000 -0.131028262406404E+000 -0.141507039888085E+003 -0.141507039888085E+003 -0.141507979556238E+003
  0.161150520322563E+001  0.500568276146668E+000  0.691657795318327E+000  0.499152236073333E+000 -0.131028262406404E+000 -0.141506753172273E+003 -0.141506753172273E+003 -0.141507655835418E+003
  0.168276585544841E+001  0.500572891641784E+000  0.915407666606911E+000  0.474099096332518E+000 -0.131028262406404E+000 -0.141506325463472E+003 -0.141506325463472E+003 -0.141507590528390E+003
  0.165826211483059E+001  0.501801166373592E+000  0.666421401233091E+000  0.489757521234398E+000 -0.131028262406404E+000 -0.141506741217705E+003 -0.141506741217705E+003 -0.141508346738059E+003
  0.165667321610334E+001  0.501972647363938E+000  0.661793040487816E+000  0.486449375202061E+000 -0.131028262406404E+000 -0.141507006330142E+003 -0.141507006330142E+003 -0.100000000000000E+031
  0.164842987658107E+001  0.501468566537381E+000  0.338925338107486E+000  0.485558681754299E+000 -0.131028262406404E+000 -0.141506935229935E+003 -0.141506935229935E+003 -0.141508402337016E+003
  0.163139034213322E+001  0.501054009915547E+000  0.424804671683940E-001  0.494004309730908E+000 -0.131028262406404E+000 -0.141506519759726E+003 -0.141506519759726E+003 -0.141507446009801E+003
  0.166701393720751E+001  0.501012035668271E+000  0.747219619649478E+000  0.483931865102551E+000 -0.131028262406404E+000 -0.141506301952188E+003 -0.141506301952188E+003 -0.141507361317228E+003
  0.166127945216532E+001  0.500550494127812E+000  0.263574360403738E+000  0.494078982094207E+000 -0.131028262406404E+000 -0.141505779770611E+003 -0.141505779770611E+003 -0.141508444235978E+003
  0.164416692559322E+001  0.500594619359054E+000  0.685462138526922E+000  0.499820281423004E+000 -0.131028262406404E+000 -0.141505556875931E+003 -0.141505556875931E+003 -0.141509271770493E+003
  0.166122316482197E+001  0.500701343261497E+000  0.511047641122903E+000  0.480888156972613E+000 -0.131028262406404E+000 -0.141506366717296E+003 -0.141506366717296E+003 -0.141512050296025E+003
  0.169085404329586E+001  0.500163412830632E+000  0.954291024684830E+000  0.465650649328498E+000 -0.131028262406404E+000 -0.141506535454288E+003 -0.141506535454288E+003 -0.141507713255292E+003
  0.166933308525283E+001  0.500674438810065E+000  0.392708310443625E-001  0.479549436915279E+000 -0.131028262406404E+000 -0.141506251559512E+003 -0.141506251559512E+003 -0.141507825854659E+003
  0.165982875811882E+001  0.501356793626399E+000  0.233148994772870E+000  0.496967880450825E+000 -0.131028262406404E+000 -0.141506475457183E+003 -0.141506475457183E+003 -0.141508382345957E+003
  0.166604997310680E+001  0.502033737608529E+000  0.317765933788077E+000  0.485539423385515E+000 -0.131028262406404E+000 -0.141507033380205E+003 -0.141507033380205E+003 -0.141507140135271E+003
  0.163931931406866E+001  0.501465412528417E+000  0.923141398878560E+000  0.495014577291026E+000 -0.131028262406404E+000 -0.141506456201727E+003 -0.141506456201727E+003 -0.141509416337188E+003
  0.170670408703548E+001  0.500015549217662E+000  0.191679071646975E-001  0.455248765279028E+000 -0.131028262406404E+000 -0.141507108462559E+003 -0.141507108462559E+003 -0.141508116762732E+003
  0.166279567028403E+001  0.500006610005952E+000  0.245846151940811E+000  0.497842299458262E+000 -0.131028262406404E+000 -0.141505502163543E+003 -0.141505502163543E+003 -0.141511324838526E+003
  0.168559771002597E+001  0.500118875293475E+000  0.385013291190183E+000  0.484631497853437E+000 -0.131028262406404E+000 -0.141505959368602E+003 -0.141505959368602E+003 -0.141510200906016E+003
  0.166797932160105E+001  0.500365021297323E+000  0.626778242119171E-001  0.487395716258231E+000 -0.131028262406404E+000 -0.141505729652151E+003 -0.141505729652151E+003 -0.141507268656666E+003
  0.166544509581094E+001  0.500025692721827E+000  0.607436177492082E+000  0.492957775888478E+000 -0.131028262406404E+000 -0.141505443533406E+003 -0.141505443533406E+003 -0.141509155928449E+003
  0.166305996529591E+001  0.501318055105874E+000  0.207992692544740E+000  0.485663080223445E+000 -0.131028262406404E+000 -0.141506485776013E+003 -0.141506485776013E+003 -0.141508383558300E+003
  0.167048899024425E+001  0.500492319591361E+000  0.421570203494725E+000  0.484576611612327E+000 -0.131028262406404E+000 -0.141505892118978E+003 -0.141505892118978E+003 -0.141508054634845E+003
  0.168590500715508E+001  0.501325573248389E+000  0.243273093576573E+000  0.475716507433778E+000 -0.131028262406404E+000 -0.141506814267014E+003 -0.141506814267014E+003 -0.141508400953590E+003
  0.163997465182911E+001  0.501489889876648E+000  0.529994917506958E+000  0.498366221909596E+000 -0.131028262406404E+000 -0.141506300793772E+003 -0.141506300793772E+003 -0.141508331158844E+003
  0.166322441453934E+001  0.501118097838995E+000  0.458121788031705E+000  0.496845683474769E+000 -0.131028262406404E+000 -0.141506404728180E+003 -0.141506404728180E+003 -0.141508400987284E+003
  0.167821224874078E+001  0.500749126992889E+000  0.739200940049230E+000  0.476174668781470E+000 -0.131028262406404E+000 -0.141506384584845E+003 -0.141506384584845E+003 -0.141507336476711E+003
  0.169113580775139E+001  0.500663285012626E+000  0.747963778904386E+000  0.480428331827358E+000 -0.131028262406404E+000 -0.141506452205933E+003 -0.141506452205933E+003 -0.141507392272558E+003
  0.167978640690644E+001  0.500839141376287E+000  0.326333355359066E+000  0.489198537362857E+000 -0.131028262406404E+000 -0.141506519275960E+003 -0.141506519275960E+003 -0.141510817112061E+003
  0.170299871973301E+001  0.500475445264955E+000  0.227000433405853E+000  0.466727813226277E+000 -0.131028262406404E+000 -0.141506545482893E+003 -0.141506545482893E+003 -0.141509185770807E+003
  0.166441913866424E+001  0.500110744361110E+000  0.243607506378514E-001  0.478425423705490E+000 -0.131028262406404E+000 -0.141506072425805E+003 -0.141506072425805E+003 -0.141509806920100E+003
  0.166462152108181E+001  0.500615947912272E+000  0.434077710986462E+000  0.491048250057331E+000 -0.131028262406404E+000 -0.141505871127023E+003 -0.141505871127023E+003 -0.141507261381762E+003
  0.166888520415631E+001  0.500226442050625E+000  0.275188221098387E+000  0.472289729658931E+000 -0.131028262406404E+000 -0.141506674366632E+003 -0.141506674366632E+003 -0.141507184394077E+003
  0.163988079113458E+001  0.501570543496902E+000  0.995136292701309E+000  0.494865090804749E+000 -0.131028262406404E+000 -0.141506532334214E+003 -0.141506532334214E+003 -0.141507243974215E+003
  0.171078831007012E+001  0.500450283885643E+000  0.372711402677102E+000  0.471222531460440E+000 -0.131028262406404E+000 -0.141506731778215E+003 -0.141506731778215E+003 -0.141511279731523E+003
  0.165905570123683E+001  0.501389471162997E+000  0.614122347193674E+000  0.484782961536375E+000 -0.131028262406404E+000 -0.141506628878183E+003 -0.141506628878183E+003 -0.141507691372174E+003
  0.168323945466486E+001  0.500697818978788E+000  0.857600279459230E+000  0.469203066567920E+000 -0.131028262406404E+000 -0.141506776618948E+003 -0.141506776618948E+003 -0.141509943537167E+003
  0.169897066777982E+001  0.500413227515885E+000  0.110888287223064E+000  0.474263973217905E+000 -0.131028262406404E+000 -0.141506359957639E+003 -0.141506359957639E+003 -0.141507573432384E+003
  0.169649347652533E+001  0.500375475600338E+000  0.931157862041619E+000  0.466674578854442E+000 -0.131028262406404E+000 -0.141506491557596E+003 -0.141506491557596E+003 -0.141508433179596E+003
  0.165568286311759E+001  0.500293387565713E+000  0.104705474022258E+000  0.477115004019134E+000 -0.131028262406404E+000 -0.141506786624526E+003 -0.141506786624526E+003 -0.141507170457273E+003
  0.162933899161125E+001  0.500759408929598E+000  0.278432766635688E+000  0.499569198190845E+000 -0.131028262406404E+000 -0.141505876022860E+003 -0.141505876022860E+003 -0.141507600288412E+003
  0.172533908407795E+001  0.500126467428596E+000  0.906579181910786E+000  0.461478622870746E+000 -0.131028262406404E+000 -0.141506771718122E+003 -0.141506771718122E+003 -0.141507230475002E+003
  0.167249505555403E+001  0.501144473644139E+000  0.851576673631254E+000  0.491629473239853E+000 -0.131028262406404E+000 -0.141506566374041E+003 -0.141506566374041E+003 -0.141507725607711E+003
  0.172270170624967E+001  0.500268501470092E+000  0.350733254809513E-002  0.457097263725053E+000 -0.131028262406404E+000 -0.141506881721025E+003 -0.141506881721025E+003 -0.141508094525270E+003
  0.169196279215882E+001  0.501213820247924E+000  0.510264912345174E+000  0.480546842744923E+000 -0.131028262406404E+000 -0.141506930520726E+003 -0.141506930520726E+003 -0.141507412167651E+003
  0.164703456039820E+001  0.500467359069562E+000  0.961441073392622E+000  0.482646085288920E+000 -0.131028262406404E+000 -0.141506644415628E+003 -0.141506644415628E+003 -0.141507887094208E+003
  0.166090325683260E+001  0.501440352009717E+000  0.126552862222744E+000  0.489202370481644E+000 -0.131028262406404E+000 -0.141506482291014E+003 -0.141506482291014E+003 -0.141507383238294E+003
  0.167510922600029E+001  0.500913807850460E+000  0.491869520296667E+000  0.473041311682796E+000 -0.131028262406404E+000 -0.141506805252584E+003 -0.141506805252584E+003 -0.141507515857515E+003
  0.172045474706229E+001  0.500140015336810E+000  0.962691507125862E+000  0.463311686015340E+000 -0.131028262406404E+000 -0.141506649135395E+003 -0.141506649135395E+003 -0.141507253347102E+003
  0.166300829613736E+001  0.501458311293108E+000  0.254274309668766E+000  0.480053385465458E+000 -0.131028262406404E+000 -0.141506927741929E+003 -0.141506927741929E+003 -0.141507333263283E+003
  0.165887029033159E+001  0.501242939394272E+000  0.453706051295708E+000  0.498858016746785E+000 -0.131028262406404E+000 -0.141506424311135E+003 -0.141506424311135E+003 -0.141507131451524E+003
  0.169774973504523E+001  0.500060421435688E+000  0.821517021304068E+000  0.477241301371439E+000 -0.131028262406404E+000 -0.141506115979404E+003 -0.141506115979404E+003 -0.141507364679788E+003
  0.164993816383178E+001  0.500036076630494E+000  0.775924278586751E+000  0.478793723814822E+000 -0.131028262406404E+000 -0.141506733143692E+003 -0.141506733143692E+003 -0.141507364475984E+003
  0.172457100356330E+001  0.500008917096753E+000  0.639531475136882E-001  0.455184719161785E+000 -0.131028262406404E+000 -0.141506796252468E+003 -0.141506796252468E+003 -0.141508413123047E+003
  0.167621788545642E+001  0.500251065207570E+000  0.982093267524983E+000  0.492148809753962E+000 -0.131028262406404E+000 -0.141506029105147E+003 -0.141506029105147E+003 -0.141508624988489E+003
  0.165731317723126E+001  0.501135899266267E+000  0.681471319395723E+000  0.495272183311699E+000 -0.131028262406404E+000 -0.141506179221279E+003 -0.141506179221279E+003 -0.141508400434542E+003
  0.170556897855492E+001  0.500432712099762E+000  0.837229404359880E+000  0.472966189738160E+000 -0.131028262406404E+000 -0.141506567698564E+003 -0.141506567698564E+003 -0.141510801452290E+003
  0.164169284557393E+001  0.500807000879769E+000  0.693075241349484E+000  0.490268975472292E+000 -0.131028262406404E+000 -0.141506269038086E+003 -0.141506269038086E+003 -0.141507858828936E+003
  0.162476335039822E+001  0.500754634926620E+000  0.175490688686404E-001  0.497780915832716E+000 -0.131028262406404E+000 -0.141506220923263E+003 -0.141506220923263E+003 -0.141507881245065E+003
  0.172063415478501E+001  0.500452100064196E+000  0.412830206760762E+000  0.465431352403121E+000 -0.131028262406404E+000 -0.141506935568942E+003 -0.141506935568942E+003 -0.141520191846016E+003
  0.165752159621971E+001  0.500820083583299E+000  0.254443598757131E+000  0.486509186686654E+000 -0.131028262406404E+000 -0.141506129690688E+003 -0.141506129690688E+003 -0.141507332924628E+003
  0.163744076755242E+001  0.500153702927242E+000  0.916826329550148E+000  0.499801631769277E+000 -0.131028262406404E+000 -0.141505225689055E+003 -0.141505225689055E+003 -0.141508158559185E+003
  0.168365420295396E+001  0.501513132563591E+000  0.273091851285674E+000  0.480603025675919E+000 -0.131028262406404E+000 -0.141506895711299E+003 -0.141506895711299E+003 -0.141507160102748E+003
  0.167667108079736E+001  0.500275829831551E+000  0.250493075280709E-001  0.467196594257553E+000 -0.131028262406404E+000 -0.141507007523083E+003 -0.141507007523083E+003 -0.141507224957958E+003
  0.170306235652054E+001  0.500352896571804E+000  0.186541821038939E-001  0.460216526737885E+000 -0.131028262406404E+000 -0.141506882043705E+003 -0.141506882043705E+003 -0.141507378195045E+003
  0.163942658922368E+001  0.501187844164064E+000  0.686398209303955E+000  0.499096776943761E+000 -0.131028262406404E+000 -0.141506043116138E+003 -0.141506043116138E+003 -0.141507171220229E+003
  0.163009787381235E+001  0.501459059527241E+000  0.420715814334458E+000  0.494661593614086E+000 -0.131028262406404E+000 -0.141506805534851E+003 -0.141506805534851E+003 -0.141508125179229E+003
  0.165924568613123E+001  0.500260415371753E+000  0.155245342862301E+000  0.478774310394978E+000 -0.131028262406404E+000 -0.141506351660311E+003 -0.141506351660311E+003 -0.141512365020139E+003
  0.163268686667963E+001  0.501196801718680E+000  0.310049818587861E+000  0.497872925921814E+000 -0.131028262406404E+000 -0.141506231560125E+003 -0.141506231560125E+003 -0.141507503483054E+003
  0.168327165664753E+001  0.500282799799272E+000  0.753913625136317E+000  0.472218430417322E+000 -0.131028262406404E+000 -0.141506229628263E+003 -0.141506229628263E+003 -0.141507715244327E+003
  0.168456722941242E+001  0.500399232533615E+000  0.275536117597621E+000  0.494542954242661E+000 -0.131028262406404E+000 -0.141506942372841E+003 -0.141506942372841E+003 -0.141507126114146E+003
  0.167593010982826E+001  0.501251841846483E+000  0.897653801573656E+000  0.486018507438862E+000 -0.131028262406404E+000 -0.141506577714635E+003 -0.141506577714635E+003 -0.141513018332313E+003
  0.164645301402478E+001  0.500028041520987E+000  0.646835637793828E+000  0.493812863424247E+000 -0.131028262406404E+000 -0.141505300882564E+003 -0.141505300882564E+003 -0.141507299605880E+003
  0.167695207040699E+001  0.501575691776491E+000  0.136995885956924E+000  0.479191124846028E+000 -0.131028262406404E+000 -0.141506873520124E+003 -0.141506873520124E+003 -0.141509287829715E+003
  0.165793413082483E+001  0.501095962615248E+000  0.475700657116586E+000  0.492116818714704E+000 -0.131028262406404E+000 -0.141506151865099E+003 -0.141506151865099E+003 -0.141507875225340E+003
  0.169361972177541E+001  0.501004449035979E+000  0.209059198545203E+000  0.482301940010361E+000 -0.131028262406404E+000 -0.141506936686083E+003 -0.141506936686083E+003 -0.141507644252944E+003
  0.167723884743746E+001  0.501215516073737E+000  0.371938186039315E+000  0.493297697909955E+000 -0.131028262406404E+000 -0.141506988977999E+003 -0.141506988977999E+003 -0.141507417015688E+003
  0.169592935406015E+001  0.501146582528679E+000  0.320351610055332E+000  0.479544096077969E+000 -0.131028262406404E+000 -0.141507004799495E+003 -0.141507004799495E+003 -0.141507132816977E+003
  0.166473174311671E+001  0.501740809277094E+000  0.620469883962844E+000  0.493502972211463E+000 -0.131028262406404E+000 -0.141506836608678E+003 -0.141506836608678E+003 -0.141507324909504E+003
  0.167106378083530E+001  0.501556687683303E+000  0.552472936962172E+000  0.490418171597423E+000 -0.131028262406404E+000 -0.141506795788993E+003 -0.141506795788993E+003 -0.141508778743907E+003
  0.164996202899033E+001  0.500893181742018E+000  0.682399953758284E+000  0.487050036383959E+000 -0.131028262406404E+000 -0.141506327136503E+003 -0.141506327136503E+003 -0.141507732902877E+003
  0.170319460340052E+001  0.501187109253813E+000  0.680784736769669E+000  0.472225050440611E+000 -0.131028262406404E+000 -0.141507049401205E+003 -0.141507049401205E+003 -0.141508446187645E+003
  0.168630145471320E+001  0.500553515586147E+000  0.516380962360859E-001  0.476149605978424E+000 -0.131028262406404E+000 -0.141506227493740E+003 -0.141506227493740E+003 -0.141509429390869E+003
  0.166826285484563E+001  0.501043691424454E+000  0.940608050253711E+000  0.489767883860229E+000 -0.131028262406404E+000 -0.141506279293418E+003 -0.141506279293418E+003 -0.141507415586727E+003
  0.165225445067270E+001  0.501572543131739E+000  0.120581470277855E+000  0.495189907638909E+000 -0.131028262406404E+000 -0.141506449100589E+003 -0.141506449100589E+003 -0.141508363335553E+003
  0.163403264383529E+001  0.500524527068171E+000  0.152304548483329E-001  0.491884280856683E+000 -0.131028262406404E+000 -0.141506243154572E+003 -0.141506243154572E+003 -0.141511576645059E+003
  0.164443695603105E+001  0.501129073689389E+000  0.449465463577640E+000  0.495779391092813E+000 -0.131028262406404E+000 -0.141506080397284E+003 -0.141506080397284E+003 -0.141507647026116E+003
  0.166480610070630E+001  0.500238278538454E+000  0.266482357343733E+000  0.475149325958408E+000 -0.131028262406404E+000 -0.141506514794759E+003 -0.141506514794759E+003 -0.141507956583141E+003
  0.169762459884689E+001  0.500759633495252E+000  0.760012758282298E+000  0.476414975323799E+000 -0.131028262406404E+000 -0.141506635849588E+003 -0.141506635849588E+003 -0.141510017223899E+003
  0.171489043159790E+001  0.500086499487880E+000  0.461711747212766E+000  0.464623379084499E+000 -0.131028262406404E+000 -0.141506466250395E+003 -0.141506466250395E+003 -0.141516131119944E+003
  0.166470307342113E+001  0.501996002344785E+000  0.463961693030937E+000  0.489138858325272E+000 -0.131028262406404E+000 -0.141506958415932E+003 -0.141506958415932E+003 -0.141507449665940E+003
  0.166477198250786E+001  0.500378137574006E+000  0.541212430092894E+000  0.498991470422937E+000 -0.131028262406404E+000 -0.141505978813783E+003 -0.141505978813783E+003 -0.141507369173751E+003
  0.172156379272201E+001  0.500054970431163E+000  0.544359021557603E+000  0.453548883138430E+000 -0.131028262406404E+000 -0.141506951922359E+003 -0.141506951922359E+003 -0.141507403617281E+003
  0.167646915070394E+001  0.500321245009426E+000  0.932023600380011E+000  0.479119439234816E+000 -0.131028262406404E+000 -0.141505938298712E+003 -0.141505938298712E+003 -0.141507179020301E+003
  0.165990107602150E+001  0.500780985493146E+000  0.426565988593917E+000  0.490505722345216E+000 -0.131028262406404E+000 -0.141505941180314E+003 -0.141505941180314E+003 -0.141507667642893E+003
  0.167216071754548E+001  0.500588745674265E+000  0.808111712730579E-001  0.483181349530797E+000 -0.131028262406404E+000 -0.141506005576214E+003 -0.141506005576214E+003 -0.141508040245146E+003
  0.165559559662301E+001  0.501125973505414E+000  0.825707104828525E+000  0.488812985492482E+000 -0.131028262406404E+000 -0.141506266216217E+003 -0.141506266216217E+003 -0.141507587198776E+003
  0.167368388412456E+001  0.500192617684379E+000  0.761920070018254E+000  0.493823411602421E+000 -0.131028262406404E+000 -0.141505954457828E+003 -0.141505954457828E+003 -0.141508422162858E+003
  0.170662911803689E+001  0.500473856421774E+000  0.490553607688478E+000  0.462696215898512E+000 -0.131028262406404E+000 -0.141506729010636E+003 -0.141506729010636E+003 -0.141507364032318E+003
  0.169831912467608E+001  0.500401302130947E+000  0.358684847099507E-001  0.484521676871504E+000 -0.131028262406404E+000 -0.141506914394739E+003 -0.141506914394739E+003 -0.141508063226110E+003
  0.171836215645293E+001  0.500317271446325E+000  0.728640166145205E+000  0.456763225223128E+000 -0.131028262406404E+000 -0.141506925167643E+003 -0.141506925167643E+003 -0.141507185747648E+003
  0.168815317877995E+001  0.501371419510423E+000  0.356411517827470E+000  0.483069066423920E+000 -0.131028262406404E+000 -0.141507011953696E+003 -0.141507011953696E+003 -0.141508162300294E+003
  0.165794651284891E+001  0.500276472352593E+000  0.140372676174370E+000  0.498179642590786E+000 -0.131028262406404E+000 -0.141505556568179E+003 -0.141505556568179E+003 -0.141507200401861E+003
  0.169337164274065E+001  0.500323637418270E+000  0.567400113906562E+000  0.463108448731965E+000 -0.131028262406404E+000 -0.141506835439418E+003 -0.141506835439418E+003 -0.141508176549986E+003
  0.169136551831392E+001  0.500648945871105E+000  0.907160978172360E+000  0.477031423893682E+000 -0.131028262406404E+000 -0.141506373373234E+003 -0.141506373373234E+003 -0.141507248398076E+003
  0.167817624844945E+001  0.500390797702057E+000  0.142841847844411E+000  0.467826146265925E+000 -0.131028262406404E+000 -0.141506919743208E+003 -0.141506919743208E+003 -0.141507684546049E+003
  0.166131604380443E+001  0.501419600951887E+000  0.450831448326408E-001  0.485857150839274E+000 -0.131028262406404E+000 -0.141506565987183E+003 -0.141506565987183E+003 -0.141507376421004E+003
  0.166565527513002E+001  0.500106946238231E+000  0.679502046411293E+000  0.494406152812111E+000 -0.131028262406404E+000 -0.141505557051040E+003 -0.141505557051040E+003 -0.141507469514161E+003
  0.164054103083743E+001  0.501353668038623E+000  0.717100042002516E+000  0.490916954731661E+000 -0.131028262406404E+000 -0.141506651085045E+003 -0.141506651085045E+003 -0.141507350574500E+003
  0.166799105446658E+001  0.500353978090562E+000  0.142275802187117E+000  0.498254666578746E+000 -0.131028262406404E+000 -0.141506086376303E+003 -0.141506086376303E+003 -0.141507275117439E+003
  0.164048024080884E+001  0.500074879033695E+000  0.816055357195933E-001  0.494579515437779E+000 -0.131028262406404E+000 -0.141505410291716E+003 -0.141505410291716E+003 -0.141508898622913E+003
  0.167859964616519E+001  0.500682355631468E+000  0.852398578440174E+000  0.473893271051549E+000 -0.131028262406404E+000 -0.141506479428500E+003 -0.141506479428500E+003 -0.141507495606950E+003
  0.168525137210011E+001  0.500685052146116E+000  0.885009702863341E+000  0.474406734398420E+000 -0.131028262406404E+000 -0.141506378218584E+003 -0.141506378218584E+003 -0.141507962695208E+003
  0.167559558366966E+001  0.500122464604045E+000  0.931390472583542E+000  0.481145220935329E+000 -0.131028262406404E+000 -0.141505717835126E+003 -0.141505717835126E+003 -0.141508832997079E+003
  0.164839270616104E+001  0.500623099259761E+000  0.367967698141925E+000  0.499953779835151E+000 -0.131028262406404E+000 -0.141505631247763E+003 -0.141505631247763E+003 -0.141507177010344E+003
  0.164557733284003E+001  0.500030063842127E+000  0.202633854803422E+000  0.479232080762139E+000 -0.131028262406404E+000 -0.141506976422909E+003 -0.141506976422909E+003 -0.141507304271843E+003
  0.168736741915874E+001  0.501464804936588E+000  0.861981619037169E+000  0.474914601528463E+000 -0.131028262406404E+000 -0.141506947058570E+003 -0.141506947058570E+003 -0.141508586265631E+003
  0.169781037639242E+001  0.500285866728482E+000  0.681642272010407E+000  0.462370863833143E+000 -0.131028262406404E+000 -0.141506755775180E+003 -0.141506755775180E+003 -0.141507817114112E+003
  0.163278631780484E+001  0.501248076116751E+000  0.451793997908999E+000  0.491973717642887E+000 -0.131028262406404E+000 -0.141506814753878E+003 -0.141506814753878E+003 -0.141508336755862E+003
  0.165046664064291E+001  0.501070482547300E+000  0.138114757652463E-001  0.490481831517047E+000 -0.131028262406404E+000 -0.141506207894338E+003 -0.141506207894338E+003 -0.141513310870258E+003
  0.166972161559370E+001  0.500141870662277E+000  0.684822042423091E+000  0.476464254252884E+000 -0.131028262406404E+000 -0.141506106526921E+003 -0.141506106526921E+003 -0.141514564341250E+003
  0.168191518596148E+001  0.501129137340133E+000  0.380407713852620E+000  0.474639424171528E+000 -0.131028262406404E+000 -0.141506709709884E+003 -0.141506709709884E+003 -0.141508246622533E+003
  0.163781663029819E+001  0.500723905878974E+000  0.175011991215917E+000  0.496385322881095E+000 -0.131028262406404E+000 -0.141505842591327E+003 -0.141505842591327E+003 -0.141508244333117E+003
  0.168524267855864E+001  0.500303071751934E+000  0.112061745695250E+000  0.477933491950961E+000 -0.131028262406404E+000 -0.141505995290270E+003 -0.141505995290270E+003 -0.141507686888899E+003
  0.168019655122079E+001  0.500247225921511E+000  0.385735377932057E+000  0.477291268257372E+000 -0.131028262406404E+000 -0.141505947207827E+003 -0.141505947207827E+003 -0.141507239326355E+003
  0.164993591761833E+001  0.501925740413613E+000  0.871453114693371E+000  0.498627536404867E+000 -0.131028262406404E+000 -0.141506709071090E+003 -0.141506709071090E+003 -0.141507155712852E+003
  0.164112768617436E+001  0.501113107720543E+000  0.307585193034639E-001  0.490365207711208E+000 -0.131028262406404E+000 -0.141506504402149E+003 -0.141506504402149E+003 -0.141508791300085E+003
  0.166507189659339E+001  0.501364174294029E+000  0.619240825048093E+000  0.480765785792266E+000 -0.131028262406404E+000 -0.141506754437676E+003 -0.141506754437676E+003 -0.141507531903257E+003
  0.168267054816265E+001  0.500133894766776E+000  0.856737112923910E+000  0.470801577287966E+000 -0.131028262406404E+000 -0.141506250537313E+003 -0.141506250537313E+003 -0.141507498917473E+003
  0.164678031769214E+001  0.502004262813785E+000  0.706670479967223E+000  0.493229922854885E+000 -0.131028262406404E+000 -0.141506834745001E+003 -0.141506834745001E+003 -0.141508994910764E+003
  0.161722355042451E+001  0.501253240347112E+000  0.548491645404826E+000  0.498532817794315E+000 -0.131028262406404E+000 -0.141506920007562E+003 -0.141506920007562E+003 -0.141508890322650E+003
  0.167713951534944E+001  0.500023146973766E+000  0.699534340492289E-001  0.496704484574147E+000 -0.131028262406404E+000 -0.141506266937956E+003 -0.141506266937956E+003 -0.141510288536426E+003
  0.166054143227437E+001  0.500666119098776E+000  0.604599418410747E-001  0.485492328566117E+000 -0.131028262406404E+000 -0.141506026875272E+003 -0.141506026875272E+003 -0.141511597266128E+003
  0.167517128505255E+001  0.501662004589034E+000  0.306874743063266E+000  0.481045865204037E+000 -0.131028262406404E+000 -0.141506885471294E+003 -0.141506885471294E+003 -0.141507122170803E+003
  0.171711530143041E+001  0.500332641747401E+000  0.305542042326431E+000  0.456075309537101E+000 -0.131028262406404E+000 -0.141506991386119E+003 -0.141506991386119E+003 -0.141507371909613E+003
  0.163216126772150E+001  0.501811245539476E+000  0.736791429447845E+000  0.498286632138762E+000 -0.131028262406404E+000 -0.141506682502720E+003 -0.141506682502720E+003 -0.141512804038858E+003
  0.165893173907274E+001  0.500688516841880E+000  0.499897668739275E+000  0.497420168173059E+000 -0.131028262406404E+000 -0.141505906423381E+003 -0.141505906423381E+003 -0.141513099226721E+003
  0.163502159709512E+001  0.501703430411445E+000  0.408171705699695E+000  0.497396074535362E+000 -0.131028262406404E+000 -0.141506587102133E+003 -0.141506587102133E+003 -0.141508019644204E+003
  0.168283522361968E+001  0.500607414743214E+000  0.113003606851083E+000  0.476129579203785E+000 -0.131028262406404E+000 -0.141506255977229E+003 -0.141506255977229E+003 -0.141507186685514E+003
  0.169355687455352E+001  0.501167677412473E+000  0.299212556497198E+000  0.475086233059907E+000 -0.131028262406404E+000 -0.141506810889830E+003 -0.141506810889830E+003 -0.141507430365898E+003
  0.169863965692184E+001  0.501261666068127E+000  0.197481304882730E+000  0.467342395379681E+000 -0.131028262406404E+000 -0.141507081862061E+003 -0.141507081862061E+003 -0.141508070903977E+003
  0.166008568195587E+001  0.501694041072345E+000  0.984470606517429E+000  0.486654210761057E+000 -0.131028262406404E+000 -0.141506749725248E+003 -0.141506749725248E+003 -0.141507531483732E+003
  0.168064848944643E+001  0.500765806807127E+000  0.540771356464611E+000  0.482299317726783E+000 -0.131028262406404E+000 -0.141506259732396E+003 -0.141506259732396E+003 -0.141509991606561E+003
  0.172545886227810E+001  0.500168325660399E+000  0.606974342984648E+000  0.453350143769270E+000 -0.131028262406404E+000 -0.141507016081900E+003 -0.141507016081900E+003 -0.141507865659024E+003
  0.165193028319099E+001  0.502283794093735E+000  0.382593709276980E+000  0.499345362394095E+000 -0.131028262406404E+000 -0.141507066917583E+003 -0.141507066917583E+003 -0.141509922208590E+003
  0.172592399570419E+001  0.500499183744958E+000  0.725406050756765E+000  0.462903455557028E+000 -0.131028262406404E+000 -0.141507107938368E+003 -0.141507107938368E+003 -0.141508950998555E+003
  0.167761395952094E+001  0.500459073498904E+000  0.439077417090801E+000  0.479171632313252E+000 -0.131028262406404E+000 -0.141506037084613E+003 -0.141506037084613E+003 -0.141510059554812E+003
  0.162005711498527E+001  0.500663832407865E+000  0.523496625446321E+000  0.497962281289789E+000 -0.131028262406404E+000 -0.141506394455799E+003 -0.141506394455799E+003 -0.141507496364615E+003
  0.164593511070115E+001  0.500084067327907E+000  0.565479747091859E+000  0.483019563685501E+000 -0.131028262406404E+000 -0.141506395468433E+003 -0.141506395468433E+003 -0.141508331010008E+003
  0.169353083127486E+001  0.500273107592693E+000  0.793941659513490E+000  0.478993635071431E+000 -0.131028262406404E+000 -0.141506183309634E+003 -0.141506183309634E+003 -0.141508056287988E+003
  0.165953316096476E+001  0.500629915705671E+000  0.957025363431849E+000  0.483632007699202E+000 -0.131028262406404E+000 -0.141506138395103E+003 -0.141506138395103E+003 -0.141507196917652E+003
  0.170583952755663E+001  0.501099264341915E+000  0.158982015008809E+000  0.468201570866518E+000 -0.131028262406404E+000 -0.141507015508088E+003 -0.141507015508088E+003 -0.141508308604302E+003
  0.167022640434561E+001  0.501848970238953E+000  0.129533764728897E+000  0.488894976974688E+000 -0.131028262406404E+000 -0.141506959651360E+003 -0.141506959651360E+003 -0.141509617413987E+003
  0.167199583157461E+001  0.500693946484511E+000  0.471701821391227E-001  0.486686245205175E+000 -0.131028262406404E+000 -0.141506051598934E+003 -0.141506051598934E+003 -0.141508305081461E+003
  0.164819693632143E+001  0.500982733630113E+000  0.229598431187084E-001  0.489458944917416E+000 -0.131028262406404E+000 -0.141506254550949E+003 -0.141506254550949E+003 -0.141507470779296E+003
  0.169699188766475E+001  0.500800967476636E+000  0.100947744995367E+000  0.471763437315453E+000 -0.131028262406404E+000 -0.141506608900249E+003 -0.141506608900249E+003 -0.141507236990743E+003
  0.166959411370094E+001  0.501526976182527E+000  0.681441444331055E-002  0.489290814680896E+000 -0.131028262406404E+000 -0.141506692444665E+003 -0.141506692444665E+003 -0.141507150723785E+003
  0.169511152753073E+001  0.500392765715739E+000  0.759391873641909E+000  0.471006489274303E+000 -0.131028262406404E+000 -0.141506302524799E+003 -0.141506302524799E+003 -0.141510589309176E+003
  0.164918493771059E+001  0.501088899388484E+000  0.173003789716670E+000  0.498558781133527E+000 -0.131028262406404E+000 -0.141506016132339E+003 -0.141506016132339E+003 -0.141507944254086E+003
  0.169162095611481E+001  0.501170173059709E+000  0.201802290021994E+000  0.473797865881972E+000 -0.131028262406404E+000 -0.141506787454430E+003 -0.141506787454430E+003 -0.141512937072935E+003
  0.163151160674101E+001  0.501330687884745E+000  0.678509721300431E+000  0.491438342734249E+000 -0.131028262406404E+000 -0.141507007740430E+003 -0.141507007740430E+003 -0.141509465013931E+003
  0.168301513091913E+001  0.500017665234389E+000  0.198689240406155E+000  0.471880898865099E+000 -0.131028262406404E+000 -0.141506070827550E+003 -0.141506070827550E+003 -0.141510320785897E+003
  0.167505332437856E+001  0.501558539235847E+000  0.334506589360988E+000  0.488865229337907E+000 -0.131028262406404E+000 -0.141506884791404E+003 -0.141506884791404E+003 -0.141507471845886E+003
  0.163337852185803E+001  0.501285773994075E+000  0.168132667468352E+000  0.496387001228035E+000 -0.131028262406404E+000 -0.141506388796142E+003 -0.141506388796142E+003 -0.141509558503631E+003
  0.171321875850566E+001  0.500729662733839E+000  0.845901797446625E+000  0.466280559664269E+000 -0.131028262406404E+000 -0.141506910321044E+003 -0.141506910321044E+003 -0.141508385001600E+003
  0.167013345532502E+001  0.500283085017117E+000  0.145285955999290E+000  0.495084782066991E+000 -0.131028262406404E+000 -0.141505926994420E+003 -0.141505926994420E+003 -0.141507274726663E+003
  0.161930188385813E+001  0.501302929353453E+000  0.599910664292610E+000  0.498904887909379E+000 -0.131028262406404E+000 -0.141506783829618E+003 -0.141506783829618E+003 -0.141507225810436E+003
  0.165634822913729E+001  0.500199731625927E+000  0.751922872908151E+000  0.486451310110981E+000 -0.131028262406404E+000 -0.141505694621650E+003 -0.141505694621650E+003 -0.141507121912122E+003
  0.167132514707997E+001  0.500867320502855E+000  0.847458593693446E+000  0.497647477076357E+000 -0.131028262406404E+000 -0.141506687337864E+003 -0.141506687337864E+003 -0.141507281850056E+003
  0.167560547257951E+001  0.500597945111921E+000  0.413230066146831E+000  0.473610034501535E+000 -0.131028262406404E+000 -0.141506515574287E+003 -0.141506515574287E+003 -0.141513384239849E+003
  0.164655232825776E+001  0.501069404466533E+000  0.685415737473367E+000  0.489358930512743E+000 -0.131028262406404E+000 -0.141506372196447E+003 -0.141506372196447E+003 -0.141508941196831E+003
  0.165112022088616E+001  0.502254279583458E+000  0.576173047315360E+000  0.495376038825522E+000 -0.131028262406404E+000 -0.141506978947426E+003 -0.141506978947426E+003 -0.141508124775846E+003
  0.167827499556971E+001  0.500757223087480E+000  0.387661619350953E+000  0.482783861288195E+000 -0.131028262406404E+000 -0.141506208022629E+003 -0.141506208022629E+003 -0.141509742594839E+003
  0.164248226350236E+001  0.502099105665306E+000  0.799958771073272E+000  0.498080201050672E+000 -0.131028262406404E+000 -0.141506777654805E+003 -0.141506777654805E+003 -0.141508143239941E+003
  0.164280640621820E+001  0.501119725084168E+000  0.851116401670146E-001  0.498626215586647E+000 -0.131028262406404E+000 -0.141505991845304E+003 -0.141505991845304E+003 -0.141508187600026E+003
  0.167188037288139E+001  0.501610773863518E+000  0.379608411227855E+000  0.492113493917942E+000 -0.131028262406404E+000 -0.141506951024297E+003 -0.141506951024297E+003 -0.141507358137236E+003
  0.166570911100825E+001  0.501654403241135E+000  0.791995862850043E+000  0.480868121359564E+000 -0.131028262406404E+000 -0.141506947151901E+003 -0.141506947151901E+003 -0.141509435210408E+003
  0.164666265567387E+001  0.500298169008262E+000  0.435871456610931E+000  0.498906987533978E+000 -0.131028262406404E+000 -0.141505349005845E+003 -0.141505349005845E+003 -0.141509161690703E+003
  0.167507158147975E+001  0.500534576697595E+000  0.603003017623096E+000  0.486099934885717E+000 -0.131028262406404E+000 -0.141505987276790E+003 -0.141505987276790E+003 -0.141507419195889E+003
  0.165312622401887E+001  0.500478191533865E+000  0.582161032604515E+000  0.496179572952712E+000 -0.131028262406404E+000 -0.141505581418925E+003 -0.141505581418925E+003 -0.141507578769098E+003
  0.168862310276940E+001  0.500734948511840E+000  0.845483129039534E+000  0.472307579890188E+000 -0.131028262406404E+000 -0.141506496796922E+003 -0.141506496796922E+003 -0.141508195118676E+003
  0.169085893209784E+001  0.501183402313545E+000  0.612020461925947E+000  0.475608846362665E+000 -0.131028262406404E+000 -0.141506769602973E+003 -0.141506769602973E+003 -0.141507338963291E+003
  0.169913518293483E+001  0.500091620285182E+000  0.452196134021132E+000  0.477563685890678E+000 -0.131028262406404E+000 -0.141506209313691E+003 -0.141506209313691E+003 -0.141507727091548E+003
  0.164742913255002E+001  0.500792338973029E+000  0.177713138494763E+000  0.485603696414935E+000 -0.131028262406404E+000 -0.141506490995932E+003 -0.141506490995932E+003 -0.141507344855933E+003
  0.162301633185149E+001  0.500664050538735E+000  0.783507696174339E+000  0.495103214794114E+000 -0.131028262406404E+000 -0.141506582351570E+003 -0.141506582351570E+003 -0.141508054916736E+003
  0.165904179258287E+001  0.501608269587603E+000  0.564593411539292E+000  0.495434601686501E+000 -0.131028262406404E+000 -0.141506609262628E+003 -0.141506609262628E+003 -0.141508642038214E+003
  0.161764053582801E+001  0.500146340470152E+000  0.377209379942366E+000  0.492490876473519E+000 -0.131028262406404E+000 -0.141507059177017E+003 -0.141507059177017E+003 -0.141507359279960E+003
  0.161954405196095E+001  0.500470180717683E+000  0.326490404807098E+000  0.499833899473304E+000 -0.131028262406404E+000 -0.141506057699049E+003 -0.141506057699049E+003 -0.141508671806210E+003
  0.168335858461298E+001  0.501491364958065E+000  0.293973181616989E+000  0.478739467925434E+000 -0.131028262406404E+000 -0.141506868952348E+003 -0.141506868952348E+003 -0.141507152958117E+003
  0.163128626642247E+001  0.501861111329908E+000  0.813644782195164E-001  0.497305685300328E+000 -0.131028262406404E+000 -0.141506815553815E+003 -0.141506815553815E+003 -0.141508964026940E+003
  0.165560654829706E+001  0.501267379487844E+000  0.977817091728956E-001  0.492727898070612E+000 -0.131028262406404E+000 -0.141506260619575E+003 -0.141506260619575E+003 -0.141507162275953E+003
  0.168522258240647E+001  0.500813407035045E+000  0.608967123350970E+000  0.486819956456925E+000 -0.131028262406404E+000 -0.141506627825001E+003 -0.141506627825001E+003 -0.141511007809723E+003
  0.164710776303978E+001  0.502312695102504E+000  0.925138743498822E+000  0.493494495710638E+000 -0.131028262406404E+000 -0.141507058537120E+003 -0.141507058537120E+003 -0.141507306079483E+003
  0.167506333159927E+001  0.500752557188751E+000  0.467315221394280E+000  0.499471745075886E+000 -0.131028262406404E+000 -0.141507053840278E+003 -0.141507053840278E+003 -0.141507733256283E+003
  0.170166116788722E+001  0.500441384936606E+000  0.383834762824055E+000  0.460855418681190E+000 -0.131028262406404E+000 -0.141506914147917E+003 -0.141506914147917E+003 -0.141507797014235E+003
  0.165321500323619E+001  0.500991178374033E+000  0.506681128925318E+000  0.493005457065175E+000 -0.131028262406404E+000 -0.141506029312833E+003 -0.141506029312833E+003 -0.141508252826441E+003
  0.168012615647984E+001  0.501111065162588E+000  0.603187321639215E+000  0.480484394131286E+000 -0.131028262406404E+000 -0.141506519481530E+003 -0.141506519481530E+003 -0.141507256299578E+003
  0.163564407386135E+001  0.501158861948905E+000  0.490951617508523E+000  0.493341296230650E+000 -0.131028262406404E+000 -0.141506475293055E+003 -0.141506475293055E+003 -0.141507691054028E+003
  0.167705509386455E+001  0.500567614419569E+000  0.775060835796039E-001  0.496028944603092E+000 -0.131028262406404E+000 -0.141506668603140E+003 -0.141506668603140E+003 -0.141508278921663E+003
  0.166757168813820E+001  0.501178503177816E+000  0.900007281298287E+000  0.477567103916715E+000 -0.131028262406404E+000 -0.141506807299123E+003 -0.141506807299123E+003 -0.141508370125321E+003
  0.166786736445075E+001  0.500881088186731E+000  0.233939670249608E+000  0.480088811769007E+000 -0.131028262406404E+000 -0.141506393178399E+003 -0.141506393178399E+003 -0.141510154011798E+003
  0.171101652129658E+001  0.500658828385607E+000  0.272238112010686E+000  0.474597686478035E+000 -0.131028262406404E+000 -0.141507103425162E+003 -0.141507103425162E+003 -0.141507551271645E+003
  0.171608710869621E+001  0.500200853619356E+000  0.156217682410482E+000  0.468202396354753E+000 -0.131028262406404E+000 -0.141506647775177E+003 -0.141506647775177E+003 -0.141509322923363E+003
  0.162670234933353E+001  0.501190005052391E+000  0.270425288082644E+000  0.495072669204233E+000 -0.131028262406404E+000 -0.141506739148389E+003 -0.141506739148389E+003 -0.141507453735624E+003
  0.167216360571038E+001  0.501049039750386E+000  0.406939160010136E+000  0.479586058524158E+000 -0.131028262406404E+000 -0.141506485315269E+003 -0.141506485315269E+003 -0.141507836489807E+003
  0.164288874179792E+001  0.500910267178035E+000  0.449964135964841E+000  0.490748954381750E+000 -0.131028262406404E+000 -0.141506257812864E+003 -0.141506257812864E+003 -0.141507212713956E+003
  0.169693805968562E+001  0.500385329263374E+000  0.283549485188511E+000  0.483130085499736E+000 -0.131028262406404E+000 -0.141506680002733E+003 -0.141506680002733E+003 -0.141514660854509E+003
  0.166777786949212E+001  0.500153432807423E+000  0.354897670471275E+000  0.480040938670890E+000 -0.131028262406404E+000 -0.141505868542130E+003 -0.141505868542130E+003 -0.141509174156447E+003
  0.167186219886900E+001  0.500331636662639E+000  0.375738764136636E+000  0.497109258370554E+000 -0.131028262406404E+000 -0.141506211677355E+003 -0.141506211677355E+003 -0.141508545889952E+003
  0.172029014843857E+001  0.500009268169121E+000  0.138658778606040E-001  0.467536694514345E+000 -0.131028262406404E+000 -0.141506659934400E+003 -0.141506659934400E+003 -0.141507260104633E+003
  0.168327791179901E+001  0.500012336969645E+000  0.862904706151147E+000  0.471285920578836E+000 -0.131028262406404E+000 -0.141506109201150E+003 -0.141506109201150E+003 -0.141511826390447E+003
  0.169751761952909E+001  0.500872211027856E+000  0.263134633660703E+000  0.471174871679886E+000 -0.131028262406404E+000 -0.141506677759402E+003 -0.141506677759402E+003 -0.141507120834884E+003
