  0.726779617064792E+000  0.199544161320535E+001  0.570879367158254E+000  0.497522943104914E+000 -0.131028262406404E+000 -0.142101822266505E+003 -0.142101822266505E+003 -0.142104284905528E+003
  0.797841598150495E+000  0.199273060298423E+001  0.419475483057428E+000  0.499304919469646E+000 -0.131028262406404E+000 -0.142096680167827E+003 -0.142096680167827E+003 -0.142113400209801E+003
  0.762467606675652E+000  0.199932344520153E+001  0.335527350978210E+000  0.495463994656730E+000 -0.131028262406404E+000 -0.142099989906583E+003 -0.142099989906583E+003 -0.142136099671308E+003
  0.773509292247166E+000  0.199176666963396E+001  0.610262259040299E+000  0.499135082756202E+000 -0.131028262406404E+000 -0.142097080113356E+003 -0.142097080113356E+003 -0.142160730072635E+003
  0.792029929225534E+000  0.199453487716168E+001  0.278630536027481E+000  0.498335511089374E+000 -0.131028262406404E+000 -0.142096972070306E+003 -0.142096972070306E+003 -0.142107065486915E+003
  0.819089219718814E+000  0.199720192892800E+001  0.808531700716369E-001  0.499655906977522E+000 -0.131028262406404E+000 -0.142092552067437E+003 -0.142092552067437E+003 -0.142103981284331E+003
  0.766347641670064E+000  0.199978477491566E+001  0.640501023595805E+000  0.494398636785639E+000 -0.131028262406404E+000 -0.142102745961752E+003 -0.142102745961752E+003 -0.142103566842411E+003
  0.738349353880655E+000  0.198668484039431E+001  0.538942994939429E+000  0.499949500731667E+000 -0.131028262406404E+000 -0.142102414090628E+003 -0.142102414090628E+003 -0.142123827426927E+003
  0.797633792509163E+000  0.199497618692396E+001  0.274259866505574E+000  0.498488636530190E+000 -0.131028262406404E+000 -0.142096387245382E+003 -0.142096387245382E+003 -0.142108807007545E+003
  0.794768092986282E+000  0.199781794969720E+001  0.190828819745629E+000  0.499716447974658E+000 -0.131028262406404E+000 -0.142088484429896E+003 -0.142088484429896E+003 -0.142119509841995E+003
  0.739211921376655E+000  0.199817533551270E+001  0.399524771155423E+000  0.496502818393756E+000 -0.131028262406404E+000 -0.142100087129934E+003 -0.142100087129934E+003 -0.142108807007545E+003
  0.769648616487227E+000  0.199836568486981E+001  0.177896228313523E+000  0.497407622992315E+000 -0.131028262406404E+000 -0.142094573908561E+003 -0.142094573908561E+003 -0.142107905391744E+003
  0.867687892857818E+000  0.199931007948915E+001  0.701537725957122E+000  0.499653687546086E+000 -0.131028262406404E+000 -0.142102451104789E+003 -0.142102451104789E+003 -0.142120303718642E+003
  0.774137083114257E+000  0.199803450612133E+001  0.205003525197106E+000  0.498223956990989E+000 -0.131028262406404E+000 -0.142092276199492E+003 -0.142092276199492E+003 -0.142129388907038E+003
  0.707369191608462E+000  0.199584365885447E+001  0.761940546127625E+000  0.498939997596818E+000 -0.131028262406404E+000 -0.142100980242624E+003 -0.142100980242624E+003 -0.142121411803187E+003
  0.804878751688207E+000  0.198963384504530E+001  0.264835583032008E+000  0.499689154307898E+000 -0.131028262406404E+000 -0.142100363056646E+003 -0.142100363056646E+003 -0.142137911560167E+003
  0.737386067114514E+000  0.199374025588901E+001  0.601352164818072E+000  0.498566460672057E+000 -0.131028262406404E+000 -0.142098748863673E+003 -0.142098748863673E+003 -0.142130443644811E+003
  0.730565802586209E+000  0.199031540038979E+001  0.113876387167509E+000  0.499310053408614E+000 -0.131028262406404E+000 -0.142101268946121E+003 -0.142101268946121E+003 -0.142129667096448E+003
  0.784245541935128E+000  0.199974218114700E+001  0.540421686347433E+000  0.495928567215803E+000 -0.131028262406404E+000 -0.142097799417214E+003 -0.142097799417214E+003 -0.142109289657426E+003
  0.776438440586137E+000  0.199938068983282E+001  0.448624395977264E+000  0.499885621916305E+000 -0.131028262406404E+000 -0.142085212602313E+003 -0.142085212602313E+003 -0.142118695041435E+003
  0.754455123359269E+000  0.199446075090210E+001  0.266643417666954E+000  0.497324804825901E+000 -0.131028262406404E+000 -0.142100208653743E+003 -0.142100208653743E+003 -0.142104335370103E+003
  0.737911595308481E+000  0.199182787398636E+001  0.603117737462562E+000  0.498440929965064E+000 -0.131028262406404E+000 -0.142101303444838E+003 -0.142101303444838E+003 -0.142105255853054E+003
  0.807362230039725E+000  0.199792132107378E+001  0.308881793471897E+000  0.498015560352765E+000 -0.131028262406404E+000 -0.142095169227081E+003 -0.142095169227081E+003 -0.142165643779253E+003
  0.724385024638252E+000  0.199969813245317E+001  0.450359702772092E+000  0.499287535156866E+000 -0.131028262406404E+000 -0.142091803239409E+003 -0.142091803239409E+003 -0.142106177384530E+003
  0.776836122027626E+000  0.199213784030252E+001  0.481304483144056E+000  0.497653224818117E+000 -0.131028262406404E+000 -0.142101473107152E+003 -0.142101473107152E+003 -0.142110004473431E+003
  0.845070666865943E+000  0.199850865855124E+001  0.264036851310677E+000  0.498659804938710E+000 -0.131028262406404E+000 -0.142099742553377E+003 -0.142099742553377E+003 -0.142141405418323E+003
  0.839911886090641E+000  0.199714030550377E+001  0.430681372414866E+000  0.498231089431259E+000 -0.131028262406404E+000 -0.142101694756662E+003 -0.142101694756662E+003 -0.142110187297545E+003
  0.792893510714508E+000  0.199818253972888E+001  0.200556091948900E+000  0.498717363627620E+000 -0.131028262406404E+000 -0.142091128875950E+003 -0.142091128875950E+003 -0.142104956942607E+003
  0.795278867349935E+000  0.199280293751492E+001  0.325614286740666E+000  0.497800485196930E+000 -0.131028262406404E+000 -0.142101211660215E+003 -0.142101211660215E+003 -0.142108648760690E+003
  0.755893219606523E+000  0.199805781576177E+001  0.397137642805597E+000  0.496811763945967E+000 -0.131028262406404E+000 -0.142097502853800E+003 -0.142097502853800E+003 -0.142108206532363E+003
  0.790517801811195E+000  0.199085457526079E+001  0.487987261872110E-001  0.498800480180832E+000 -0.131028262406404E+000 -0.142100084536978E+003 -0.142100084536978E+003 -0.142107663799230E+003
  0.783941120259924E+000  0.199043741930820E+001  0.119690517352069E+000  0.499307741356171E+000 -0.131028262406404E+000 -0.142098540687928E+003 -0.142098540687928E+003 -0.142104149568946E+003
  0.747582202615003E+000  0.199584450921915E+001  0.294096086015636E-001  0.498372210323857E+000 -0.131028262406404E+000 -0.142095749480665E+003 -0.142095749480665E+003 -0.142112179749450E+003
  0.821606761836322E+000  0.199435243918358E+001  0.276657112440090E+000  0.498460182318600E+000 -0.131028262406404E+000 -0.142100732635968E+003 -0.142100732635968E+003 -0.142109566752620E+003
  0.747090907534087E+000  0.199632515692424E+001  0.739272534244325E+000  0.496796421541816E+000 -0.131028262406404E+000 -0.142100345166740E+003 -0.142100345166740E+003 -0.142122603203665E+003
  0.774149549553219E+000  0.199509008544605E+001  0.493211820567355E+000  0.496715071433380E+000 -0.131028262406404E+000 -0.142100807978649E+003 -0.142100807978649E+003 -0.142156295400655E+003
  0.848483332411733E+000  0.199916914245083E+001  0.275685903132450E+000  0.497688984013317E+000 -0.131028262406404E+000 -0.142102894493872E+003 -0.142102894493872E+003 -0.142104529476362E+003
  0.794820460176388E+000  0.198895169021313E+001  0.686313674286980E+000  0.499125129807906E+000 -0.131028262406404E+000 -0.142101891850851E+003 -0.142101891850851E+003 -0.142109046959355E+003
  0.722597923003616E+000  0.199585738317503E+001  0.692788250576225E+000  0.499175673492667E+000 -0.131028262406404E+000 -0.142096794651954E+003 -0.142096794651954E+003 -0.142103998625800E+003
  0.759486389566000E+000  0.198511983982551E+001  0.575839233080213E+000  0.499966279242924E+000 -0.131028262406404E+000 -0.142102764474678E+003 -0.142102764474678E+003 -0.142107908446811E+003
  0.746527192308290E+000  0.199488704748022E+001  0.268919191104078E+000  0.499798117561395E+000 -0.131028262406404E+000 -0.142092359106303E+003 -0.142092359106303E+003 -0.142121757515440E+003
  0.727555627728555E+000  0.199759172299026E+001  0.483460039118682E+000  0.496984210657723E+000 -0.131028262406404E+000 -0.142101013354174E+003 -0.142101013354174E+003 -0.142127613770292E+003
  0.725514263586059E+000  0.199703508827775E+001  0.611163971954117E+000  0.496802550127075E+000 -0.131028262406404E+000 -0.142102593899215E+003 -0.142102593899215E+003 -0.142119948419764E+003
  0.730280945319018E+000  0.199785300123290E+001  0.769520829305782E+000  0.497351067477695E+000 -0.131028262406404E+000 -0.142099059552255E+003 -0.142099059552255E+003 -0.142121480479880E+003
  0.746979720455896E+000  0.199517318288380E+001  0.126974718328842E+000  0.496986877884927E+000 -0.131028262406404E+000 -0.142101085911948E+003 -0.142101085911948E+003 -0.142114191251790E+003
  0.848959205033542E+000  0.199576742069571E+001  0.670327223201127E+000  0.499458999534930E+000 -0.131028262406404E+000 -0.142102126092513E+003 -0.142102126092513E+003 -0.142139842490085E+003
  0.780242795836358E+000  0.199481123785671E+001  0.429160985813897E+000  0.497929557679805E+000 -0.131028262406404E+000 -0.142097319234350E+003 -0.142097319234350E+003 -0.142105541891298E+003
  0.775441024180468E+000  0.199594556128003E+001  0.383670587237810E+000  0.498608550468228E+000 -0.131028262406404E+000 -0.142093609214302E+003 -0.142093609214302E+003 -0.142140529824650E+003
  0.773306534616934E+000  0.199231624088418E+001  0.514668868061976E+000  0.498051356334150E+000 -0.131028262406404E+000 -0.142099904107296E+003 -0.142099904107296E+003 -0.142112521618147E+003
  0.780217942897076E+000  0.199862548277749E+001  0.177072190331663E+000  0.495354308184833E+000 -0.131028262406404E+000 -0.142100945897092E+003 -0.142100945897092E+003 -0.142109135584571E+003
  0.754039950226722E+000  0.199103496078601E+001  0.404531650094590E+000  0.497788966531364E+000 -0.131028262406404E+000 -0.142102830296481E+003 -0.142102830296481E+003 -0.142120899398792E+003
  0.729594213514876E+000  0.199669448618371E+001  0.516867800129286E+000  0.498507622839176E+000 -0.131028262406404E+000 -0.142096739262047E+003 -0.142096739262047E+003 -0.142104969296241E+003
  0.754272121833716E+000  0.199134941443255E+001  0.394548807471570E+000  0.499001000513883E+000 -0.131028262406404E+000 -0.142098518233230E+003 -0.142098518233230E+003 -0.142106832964024E+003
  0.784146922757257E+000  0.199191483670376E+001  0.527557128818336E+000  0.499011497639884E+000 -0.131028262406404E+000 -0.142097626714309E+003 -0.142097626714309E+003 -0.142104302763357E+003
  0.781796807623620E+000  0.199823360128194E+001  0.164133291353929E+000  0.498895396764964E+000 -0.131028262406404E+000 -0.142089944052848E+003 -0.142089944052848E+003 -0.142108206532363E+003
  0.685030612462460E+000  0.199960907168512E+001  0.325150867654007E+000  0.499763689732450E+000 -0.131028262406404E+000 -0.142101086583550E+003 -0.142101086583550E+003 -0.142103699440458E+003
  0.802944766803534E+000  0.199864490190039E+001  0.523728670291569E+000  0.496400288396284E+000 -0.131028262406404E+000 -0.142098966637339E+003 -0.142098966637339E+003 -0.142112339907858E+003
  0.740478499321374E+000  0.199709420653225E+001  0.364029753188516E+000  0.498618250775545E+000 -0.131028262406404E+000 -0.142094303172579E+003 -0.142094303172579E+003 -0.142104896237582E+003
  0.739824220596593E+000  0.199311145900796E+001  0.245628774742968E+000  0.498074784045547E+000 -0.131028262406404E+000 -0.142100757460815E+003 -0.142100757460815E+003 -0.142108166763609E+003
  0.737627216224718E+000  0.199702797867922E+001  0.184017054083651E+000  0.497451188085545E+000 -0.131028262406404E+000 -0.142098542630302E+003 -0.142098542630302E+003 -0.142141574344673E+003
  0.788758671159875E+000  0.199722507521842E+001  0.126646307445113E+000  0.499539393857819E+000 -0.131028262406404E+000 -0.142089411595271E+003 -0.142089411595271E+003 -0.142112172428065E+003
  0.719015091690355E+000  0.199016893835457E+001  0.404316432836441E+000  0.499873263463818E+000 -0.131028262406404E+000 -0.142101629324911E+003 -0.142101629324911E+003 -0.142129471248735E+003
  0.725611740450434E+000  0.199942436266948E+001  0.326937131337227E-001  0.496649076717546E+000 -0.131028262406404E+000 -0.142100413154874E+003 -0.142100413154874E+003 -0.142104857612996E+003
  0.714709203235376E+000  0.199466194504598E+001  0.576753183970442E-001  0.499715460557756E+000 -0.131028262406404E+000 -0.142098028711818E+003 -0.142098028711818E+003 -0.142104857612996E+003
  0.746792706360488E+000  0.199039959379207E+001  0.473252754469144E+000  0.499894592648872E+000 -0.131028262406404E+000 -0.142097332841116E+003 -0.142097332841116E+003 -0.142118119964734E+003
  0.741185208924429E+000  0.199721246646473E+001  0.623640211799410E+000  0.496216191697192E+000 -0.131028262406404E+000 -0.142101864782386E+003 -0.142101864782386E+003 -0.142104049211468E+003
  0.800526248052636E+000  0.199352932045574E+001  0.429681676173633E+000  0.497750123337747E+000 -0.131028262406404E+000 -0.142100962972258E+003 -0.142100962972258E+003 -0.142109483081485E+003
  0.778935085798008E+000  0.199892102014035E+001  0.621500173364339E+000  0.499845839061578E+000 -0.131028262406404E+000 -0.142085934635754E+003 -0.142085934635754E+003 -0.142106018228657E+003
  0.869273547763215E+000  0.199960812141882E+001  0.647316995969966E+000  0.499585973428097E+000 -0.131028262406404E+000 -0.142102800740575E+003 -0.142102800740575E+003 -0.142105207216875E+003
  0.783067730484997E+000  0.199938229444339E+001  0.218651876324015E+000  0.498017786339552E+000 -0.131028262406404E+000 -0.142091404185640E+003 -0.142091404185640E+003 -0.142106186471355E+003
  0.826376583574555E+000  0.199181333460014E+001  0.565796261831979E+000  0.499455278772215E+000 -0.131028262406404E+000 -0.142101952149224E+003 -0.142101952149224E+003 -0.142112156751787E+003
  0.843930010350669E+000  0.199894326054129E+001  0.493463904110405E+000  0.499395636136992E+000 -0.131028262406404E+000 -0.142096447114063E+003 -0.142096447114063E+003 -0.142104490466249E+003
  0.722627033107380E+000  0.199782317118898E+001  0.510114737069959E+000  0.498046651572401E+000 -0.131028262406404E+000 -0.142098247233256E+003 -0.142098247233256E+003 -0.142161648208087E+003
  0.817276248391582E+000  0.199992494086212E+001  0.699659164952133E+000  0.496142499206579E+000 -0.131028262406404E+000 -0.142100035923747E+003 -0.142100035923747E+003 -0.142108183073385E+003
  0.748232083033329E+000  0.199349795678735E+001  0.381787980848667E+000  0.498524751683235E+000 -0.131028262406404E+000 -0.142097957680130E+003 -0.142097957680130E+003 -0.142176773292310E+003
  0.837632860381794E+000  0.199628057069925E+001  0.896913698106237E-001  0.498939026960064E+000 -0.131028262406404E+000 -0.142100032133256E+003 -0.142100032133256E+003 -0.142112521618147E+003
  0.808424831415992E+000  0.199098601967196E+001  0.473375771783382E+000  0.499050060554585E+000 -0.131028262406404E+000 -0.142101130566067E+003 -0.142101130566067E+003 -0.142103915338546E+003
  0.719833973281690E+000  0.199979243449592E+001  0.223354034617319E+000  0.496470977236463E+000 -0.131028262406404E+000 -0.142101745713706E+003 -0.142101745713706E+003 -0.142133394368969E+003
  0.822584969373374E+000  0.199719836448838E+001  0.513595670522274E+000  0.499509873381153E+000 -0.131028262406404E+000 -0.142093660501367E+003 -0.142093660501367E+003 -0.142104770519479E+003
  0.754706650494300E+000  0.199021859535714E+001  0.339235122174413E+000  0.498707861193315E+000 -0.131028262406404E+000 -0.142100802543648E+003 -0.142100802543648E+003 -0.142114423512674E+003
  0.790919035596046E+000  0.199347545018438E+001  0.517336247754628E+000  0.498238865655427E+000 -0.131028262406404E+000 -0.142098561677725E+003 -0.142098561677725E+003 -0.142105814304972E+003
  0.814804340466642E+000  0.199791180292358E+001  0.465757553532047E-001  0.498158414489618E+000 -0.131028262406404E+000 -0.142095762684249E+003 -0.142095762684249E+003 -0.142103882660077E+003
  0.766023651197725E+000  0.199772291621185E+001  0.183233227564837E+000  0.495168516233730E+000 -0.131028262406404E+000 -0.142102727325997E+003 -0.142102727325997E+003 -0.142114984990353E+003
  0.768544958588778E+000  0.199286437069699E+001  0.296526140221519E+000  0.498392417067309E+000 -0.131028262406404E+000 -0.142098124678290E+003 -0.142098124678290E+003 -0.142119900824761E+003
  0.780752401121711E+000  0.199533817665030E+001  0.602832649043162E+000  0.497311685732198E+000 -0.131028262406404E+000 -0.142098681268228E+003 -0.142098681268228E+003 -0.142114674154094E+003
  0.789336559799249E+000  0.199969004376770E+001  0.385701679977054E+000  0.499492275757071E+000 -0.131028262406404E+000 -0.142086473734246E+003 -0.142086473734246E+003 -0.142104315969258E+003
  0.761670188729943E+000  0.199714016405017E+001  0.557985340446461E+000  0.499374431558375E+000 -0.131028262406404E+000 -0.142089929314729E+003 -0.142089929314729E+003 -0.142114106735290E+003
  0.721930428814848E+000  0.199914426850162E+001  0.538034741266783E+000  0.497018608822573E+000 -0.131028262406404E+000 -0.142100250384148E+003 -0.142100250384148E+003 -0.142105244634628E+003
  0.763260272174549E+000  0.199419848739895E+001  0.123149201337364E-001  0.496731039475792E+000 -0.131028262406404E+000 -0.142101999421242E+003 -0.142101999421242E+003 -0.142126538029049E+003
  0.752709607231043E+000  0.199171882548736E+001  0.337193445677474E+000  0.498346866787764E+000 -0.131028262406404E+000 -0.142100293065200E+003 -0.142100293065200E+003 -0.142112848687797E+003
  0.783620806569138E+000  0.199999263429692E+001  0.347354950175574E+000  0.498479337388165E+000 -0.131028262406404E+000 -0.142089156244205E+003 -0.142089156244205E+003 -0.142108155556760E+003
  0.740222913608244E+000  0.199849638231607E+001  0.214185823629549E-001  0.499156805314177E+000 -0.131028262406404E+000 -0.142090974517778E+003 -0.142090974517778E+003 -0.142106283284710E+003
  0.780717719907118E+000  0.199351796979179E+001  0.442794414780508E+000  0.496536064364728E+000 -0.131028262406404E+000 -0.142103477668187E+003 -0.142103477668187E+003 -0.142113802012865E+003
  0.791351126899920E+000  0.199823257537553E+001  0.541774075367164E+000  0.497213860331597E+000 -0.131028262406404E+000 -0.142095854386055E+003 -0.142095854386055E+003 -0.142106589166720E+003
  0.786944877546636E+000  0.199729480872169E+001  0.407976711814030E+000  0.498417581150915E+000 -0.131028262406404E+000 -0.142092874950046E+003 -0.142092874950046E+003 -0.142107065486915E+003
  0.736399961631234E+000  0.199544010803453E+001  0.763843761623148E+000  0.498997814692877E+000 -0.131028262406404E+000 -0.142095528346027E+003 -0.142095528346027E+003 -0.142149515843436E+003
  0.817856582182871E+000  0.199363411513597E+001  0.369780745763919E+000  0.499431125725154E+000 -0.131028262406404E+000 -0.142097873548801E+003 -0.142097873548801E+003 -0.142106768061555E+003
  0.787957076089642E+000  0.198654470746283E+001  0.500983100019288E+000  0.499591318296795E+000 -0.131028262406404E+000 -0.142102908271516E+003 -0.142102908271516E+003 -0.142111601422403E+003
  0.781970795618080E+000  0.198764546011160E+001  0.366156119667105E-001  0.498928476859924E+000 -0.131028262406404E+000 -0.142103230150488E+003 -0.142103230150488E+003 -0.142120000248689E+003
  0.771616766239757E+000  0.199112453546024E+001  0.487753119410929E+000  0.499346952824663E+000 -0.131028262406404E+000 -0.142097179546314E+003 -0.142097179546314E+003 -0.142112203627318E+003
  0.722459054506108E+000  0.199562053662629E+001  0.679598191475222E+000  0.498947676135352E+000 -0.131028262406404E+000 -0.142097822437218E+003 -0.142097822437218E+003 -0.142118975995709E+003
  0.793891340097573E+000  0.199116467359377E+001  0.591229040282706E+000  0.499109846130519E+000 -0.131028262406404E+000 -0.142098968096831E+003 -0.142098968096831E+003 -0.142106678328851E+003
  0.788550228270198E+000  0.199954586166398E+001  0.518362751276076E+000  0.496958403419426E+000 -0.131028262406404E+000 -0.142094868742421E+003 -0.142094868742421E+003 -0.142126409545867E+003
  0.737490050287651E+000  0.199029804517295E+001  0.300458422522566E+000  0.499902576984231E+000 -0.131028262406404E+000 -0.142098422331311E+003 -0.142098422331311E+003 -0.142149604545644E+003
  0.730408465830373E+000  0.199815445649895E+001  0.347853024160448E-001  0.497243221193168E+000 -0.131028262406404E+000 -0.142099047953933E+003 -0.142099047953933E+003 -0.142104340735543E+003
  0.786716401286482E+000  0.199892309740973E+001  0.365539789224082E+000  0.498941677932567E+000 -0.131028262406404E+000 -0.142089106196401E+003 -0.142089106196401E+003 -0.142112870731422E+003
  0.696489678031843E+000  0.199878574136557E+001  0.559837314936298E+000  0.499605206166280E+000 -0.131028262406404E+000 -0.142098722866219E+003 -0.142098722866219E+003 -0.142110164630212E+003
  0.787889047453690E+000  0.198974172378526E+001  0.605617919443856E+000  0.499455577978370E+000 -0.131028262406404E+000 -0.142099203659979E+003 -0.142099203659979E+003 -0.142106480207095E+003
  0.760845364613888E+000  0.199368310114797E+001  0.675589608537199E+000  0.497131828605476E+000 -0.131028262406404E+000 -0.142101414785820E+003 -0.142101414785820E+003 -0.142114524502272E+003
  0.735865801717910E+000  0.199174510681966E+001  0.632154316655325E+000  0.498573549863756E+000 -0.131028262406404E+000 -0.142101237282386E+003 -0.142101237282386E+003 -0.142105139661301E+003
  0.793822521646657E+000  0.199507987708387E+001  0.424521712683167E+000  0.498046300096902E+000 -0.131028262406404E+000 -0.142097351627060E+003 -0.142097351627060E+003 -0.142110726763020E+003
  0.836661786214326E+000  0.199935304139549E+001  0.155681529541906E+000  0.497987087453059E+000 -0.131028262406404E+000 -0.142098627280119E+003 -0.142098627280119E+003 -0.142125623403563E+003
  0.726303924608712E+000  0.199867615760041E+001  0.519144989112954E+000  0.498593201888403E+000 -0.131028262406404E+000 -0.142094821623023E+003 -0.142094821623023E+003 -0.142109201417344E+003
  0.734871255053828E+000  0.199465246809783E+001  0.542835268714583E+000  0.499734808371840E+000 -0.131028262406404E+000 -0.142094268697046E+003 -0.142094268697046E+003 -0.142105512265645E+003
  0.747247020810757E+000  0.199737840287281E+001  0.376828549699719E+000  0.499416188576460E+000 -0.131028262406404E+000 -0.142090599667445E+003 -0.142090599667445E+003 -0.142114437597443E+003
  0.715080134519734E+000  0.199304924188902E+001  0.630042742201413E+000  0.499334444007976E+000 -0.131028262406404E+000 -0.142100957598168E+003 -0.142100957598168E+003 -0.142109665509539E+003
  0.763259269307400E+000  0.199603966816114E+001  0.500896342794945E+000  0.499464624130334E+000 -0.131028262406404E+000 -0.142090897932818E+003 -0.142090897932818E+003 -0.142108609227398E+003
  0.806192968788385E+000  0.199497964324917E+001  0.351289143441263E+000  0.497148658061685E+000 -0.131028262406404E+000 -0.142101693055734E+003 -0.142101693055734E+003 -0.142105598737668E+003
  0.794858283016992E+000  0.199827114681953E+001  0.371820284779038E+000  0.496780455014474E+000 -0.131028262406404E+000 -0.142097463554223E+003 -0.142097463554223E+003 -0.142104586863249E+003
  0.818174877683193E+000  0.199876783789237E+001  0.311676425924416E+000  0.498518647840185E+000 -0.131028262406404E+000 -0.142093992446040E+003 -0.142093992446040E+003 -0.142104722287730E+003
  0.785129845292036E+000  0.198870412585184E+001  0.397299659356403E+000  0.499600050571396E+000 -0.131028262406404E+000 -0.142099887063704E+003 -0.142099887063704E+003 -0.142112306101076E+003
  0.767670386676172E+000  0.199733747051407E+001  0.935752414223488E-001  0.495800026500359E+000 -0.131028262406404E+000 -0.142101093539280E+003 -0.142101093539280E+003 -0.142109358992194E+003
  0.724884044505944E+000  0.199274424267512E+001  0.294510327527099E+000  0.498596646798991E+000 -0.131028262406404E+000 -0.142101734865074E+003 -0.142101734865074E+003 -0.142104529476362E+003
  0.793051613335335E+000  0.199358019932554E+001  0.307189024972598E+000  0.498583067291180E+000 -0.131028262406404E+000 -0.142097476869198E+003 -0.142097476869198E+003 -0.142105728731786E+003
  0.745269828235605E+000  0.199355476127307E+001  0.449496906001786E+000  0.497751591045089E+000 -0.131028262406404E+000 -0.142100677516559E+003 -0.142100677516559E+003 -0.142111022842248E+003
  0.756136635427095E+000  0.199963508820444E+001  0.417928541331852E+000  0.495023556758054E+000 -0.131028262406404E+000 -0.142101439926728E+003 -0.142101439926728E+003 -0.142330975256816E+003
  0.760477946863694E+000  0.199046009929519E+001  0.267562324894082E+000  0.498435531334829E+000 -0.131028262406404E+000 -0.142101119332442E+003 -0.142101119332442E+003 -0.142107862786205E+003
  0.746417337887834E+000  0.198805514674463E+001  0.216875010437633E+000  0.499814791632213E+000 -0.131028262406404E+000 -0.142100420073565E+003 -0.142100420073565E+003 -0.142103915338546E+003
  0.749954332117092E+000  0.199997320181431E+001  0.732360537099289E+000  0.498201046519924E+000 -0.131028262406404E+000 -0.142091239676095E+003 -0.142091239676095E+003 -0.142105470989501E+003
  0.777473051989278E+000  0.199165099114789E+001  0.544476684377701E+000  0.497337472262217E+000 -0.131028262406404E+000 -0.142103121654092E+003 -0.142103121654092E+003 -0.142109895822991E+003
  0.793375415777518E+000  0.199485050635904E+001  0.194636878971220E-001  0.498390550484723E+000 -0.131028262406404E+000 -0.142096492843532E+003 -0.142096492843532E+003 -0.142105170482735E+003
  0.754070238265718E+000  0.199737923717613E+001  0.742792777605086E+000  0.498710311070126E+000 -0.131028262406404E+000 -0.142092273849520E+003 -0.142092273849520E+003 -0.142120043840221E+003
  0.750364307987005E+000  0.199403663820843E+001  0.242730967539016E+000  0.496715497947820E+000 -0.131028262406404E+000 -0.142102995329066E+003 -0.142102995329066E+003 -0.142113712662313E+003
  0.733381130243291E+000  0.198870198448172E+001  0.163963073424613E+000  0.499439254776067E+000 -0.131028262406404E+000 -0.142102313843763E+003 -0.142102313843763E+003 -0.142122030798007E+003
  0.728547810389154E+000  0.199453828127345E+001  0.147614447085507E+000  0.497478630722829E+000 -0.131028262406404E+000 -0.142102679855381E+003 -0.142102679855381E+003 -0.142109058223919E+003
  0.812732064286594E+000  0.199344334746674E+001  0.207088077274569E+000  0.498335278628524E+000 -0.131028262406404E+000 -0.142100818584579E+003 -0.142100818584579E+003 -0.142110545887924E+003
  0.798376075848941E+000  0.199563342126932E+001  0.200261389594716E+000  0.498622994436747E+000 -0.131028262406404E+000 -0.142095171367117E+003 -0.142095171367117E+003 -0.142107026770065E+003
  0.770370115457953E+000  0.199932526374045E+001  0.285383662757572E+000  0.498957808958318E+000 -0.131028262406404E+000 -0.142088346973793E+003 -0.142088346973793E+003 -0.142110085789108E+003
  0.788420038363282E+000  0.199270684352769E+001  0.182301421623960E+000  0.499330540135635E+000 -0.131028262406404E+000 -0.142095833117402E+003 -0.142095833117402E+003 -0.142110327542725E+003
  0.734272463348339E+000  0.199797673817107E+001  0.450353623334488E-002  0.496219910368166E+000 -0.131028262406404E+000 -0.142101941749168E+003 -0.142101941749168E+003 -0.142105455499269E+003
  0.841662965768274E+000  0.199692962341359E+001  0.737680282360796E+000  0.498309869074547E+000 -0.131028262406404E+000 -0.142102183329567E+003 -0.142102183329567E+003 -0.142104723901545E+003
  0.784269308807866E+000  0.198776484418390E+001  0.415477227296435E-001  0.499275197345464E+000 -0.131028262406404E+000 -0.142102090383663E+003 -0.142102090383663E+003 -0.142104830276781E+003
  0.726811425139199E+000  0.199881964041273E+001  0.372640127809785E+000  0.498023169178213E+000 -0.131028262406404E+000 -0.142096412460115E+003 -0.142096412460115E+003 -0.142116293588410E+003
  0.747600208536857E+000  0.199499309326763E+001  0.627682879728829E+000  0.497031639367535E+000 -0.131028262406404E+000 -0.142101091696243E+003 -0.142101091696243E+003 -0.142103985339268E+003
  0.802810576832514E+000  0.199924709460938E+001  0.148803464729774E+000  0.499523510411185E+000 -0.131028262406404E+000 -0.142088007982096E+003 -0.142088007982096E+003 -0.142105470989501E+003
  0.743425234993411E+000  0.199734631469312E+001  0.432008843237030E+000  0.496171454452936E+000 -0.131028262406404E+000 -0.142101584805742E+003 -0.142101584805742E+003 -0.142108737713079E+003
  0.796874370423737E+000  0.199785229503640E+001  0.294145738602722E+000  0.495140356352378E+000 -0.131028262406404E+000 -0.142103499570154E+003 -0.142103499570154E+003 -0.142104984514767E+003
  0.855735251317376E+000  0.199906306644489E+001  0.273812664214752E+000  0.499903475870547E+000 -0.131028262406404E+000 -0.142098027020531E+003 -0.142098027020531E+003 -0.142105103585038E+003
  0.859066283837934E+000  0.199862342288031E+001  0.112117316637052E-001  0.499866383136717E+000 -0.131028262406404E+000 -0.142099834201104E+003 -0.142099834201104E+003 -0.142122976538602E+003
  0.777614420694440E+000  0.198613076262580E+001  0.238421854391780E+000  0.499929928785075E+000 -0.131028262406404E+000 -0.142101729301644E+003 -0.142101729301644E+003 -0.142113607481698E+003
  0.747679193444443E+000  0.199226497130609E+001  0.243952350195395E+000  0.498665763612993E+000 -0.131028262406404E+000 -0.142099010046259E+003 -0.142099010046259E+003 -0.142118271467877E+003
  0.769768315692038E+000  0.199509688587241E+001  0.417807216811910E+000  0.498187287492340E+000 -0.131028262406404E+000 -0.142096031941015E+003 -0.142096031941015E+003 -0.142107941437302E+003
  0.794081752548620E+000  0.199633503568382E+001  0.623179241139334E+000  0.498196662137474E+000 -0.131028262406404E+000 -0.142095272987127E+003 -0.142095272987127E+003 -0.142111719114490E+003
  0.831623246442167E+000  0.199670101172395E+001  0.280930271393741E+000  0.499593416339357E+000 -0.131028262406404E+000 -0.142095920685375E+003 -0.142095920685375E+003 -0.142116547773857E+003
  0.837993101229252E+000  0.199677653064904E+001  0.708499889747742E+000  0.498508447477199E+000 -0.131028262406404E+000 -0.142100824131034E+003 -0.142100824131034E+003 -0.142122346390512E+003
  0.790562327643037E+000  0.199266561021641E+001  0.190650903847454E+000  0.499694139721995E+000 -0.131028262406404E+000 -0.142094858626366E+003 -0.142094858626366E+003 -0.142129486845117E+003
  0.761480803174586E+000  0.199708831503940E+001  0.837470023497980E-001  0.497269719523020E+000 -0.131028262406404E+000 -0.142096838701327E+003 -0.142096838701327E+003 -0.142107192062894E+003
  0.759448970565620E+000  0.198819529723774E+001  0.490952695493687E+000  0.499232116558079E+000 -0.131028262406404E+000 -0.142101349617427E+003 -0.142101349617427E+003 -0.142120773930671E+003
  0.786186650124627E+000  0.199492081196621E+001  0.352202176980551E-001  0.496911925165953E+000 -0.131028262406404E+000 -0.142100728656344E+003 -0.142100728656344E+003 -0.142104401584545E+003
  0.767129325986725E+000  0.199114367124425E+001  0.583658572284269E+000  0.497833299939320E+000 -0.131028262406404E+000 -0.142102070603988E+003 -0.142102070603988E+003 -0.142117592384361E+003
  0.820281437590607E+000  0.199530890273245E+001  0.309659515818966E+000  0.498371540824812E+000 -0.131028262406404E+000 -0.142099479103262E+003 -0.142099479103262E+003 -0.142113573341043E+003
  0.757826719468472E+000  0.199568057260938E+001  0.857859135643107E-001  0.496271639793558E+000 -0.131028262406404E+000 -0.142101957371796E+003 -0.142101957371796E+003 -0.142137438156328E+003
  0.797905870864654E+000  0.198979602316712E+001  0.661242572444309E+000  0.499934103660671E+000 -0.131028262406404E+000 -0.142098494323628E+003 -0.142098494323628E+003 -0.142103688848608E+003
  0.812793425045380E+000  0.198829889276181E+001  0.212365430215932E+000  0.499812663526979E+000 -0.131028262406404E+000 -0.142102979881358E+003 -0.142102979881358E+003 -0.142128774206578E+003
  0.709211320405536E+000  0.199681261902392E+001  0.175001972291545E+000  0.499333453802056E+000 -0.131028262406404E+000 -0.142098201406532E+003 -0.142098201406532E+003 -0.142124221328038E+003
  0.742665509504377E+000  0.199081796503564E+001  0.962964025702176E-001  0.498826574753224E+000 -0.131028262406404E+000 -0.142100688506467E+003 -0.142100688506467E+003 -0.142104401584545E+003
  0.807909435986656E+000  0.198960449284292E+001  0.152247017894207E+000  0.498968431716610E+000 -0.131028262406404E+000 -0.142103164145492E+003 -0.142103164145492E+003 -0.142193951409959E+003
  0.811584225755969E+000  0.199948565063743E+001  0.339147548566294E+000  0.496389388896004E+000 -0.131028262406404E+000 -0.142098966815093E+003 -0.142098966815093E+003 -0.142108762697737E+003
  0.791854023683669E+000  0.198954989122505E+001  0.577837898876061E+000  0.499417020446898E+000 -0.131028262406404E+000 -0.142099890945215E+003 -0.142099890945215E+003 -0.142108951239842E+003
  0.782386128814164E+000  0.198613525685093E+001  0.567834648603794E+000  0.499443757213194E+000 -0.131028262406404E+000 -0.142103528389408E+003 -0.142103528389408E+003 -0.142106621056888E+003
  0.778960189420721E+000  0.199645304087274E+001  0.709345961285757E+000  0.495600610368127E+000 -0.131028262406404E+000 -0.142102807096825E+003 -0.142102807096825E+003 -0.142128388950770E+003
  0.828297820648210E+000  0.199868216414971E+001  0.355046802651065E+000  0.498221614139930E+000 -0.131028262406404E+000 -0.142096946660752E+003 -0.142096946660752E+003 -0.142111527308817E+003
  0.727178797955100E+000  0.199367173790591E+001  0.497968965077671E+000  0.498925118098654E+000 -0.131028262406404E+000 -0.142099223419043E+003 -0.142099223419043E+003 -0.142122259419425E+003
  0.807157041637895E+000  0.199489120780414E+001  0.631348730956504E+000  0.496989689479612E+000 -0.131028262406404E+000 -0.142102450900805E+003 -0.142102450900805E+003 -0.142111376710710E+003
  0.808647114012273E+000  0.199523970178526E+001  0.219622698037985E+000  0.498700569976077E+000 -0.131028262406404E+000 -0.142096642691395E+003 -0.142096642691395E+003 -0.142110462037772E+003
  0.793745726475489E+000  0.199613577814312E+001  0.824465525398640E-001  0.499525166086544E+000 -0.131028262406404E+000 -0.142091186064820E+003 -0.142091186064820E+003 -0.142107258478679E+003
  0.764480626968008E+000  0.199686101664679E+001  0.391247569002250E+000  0.496977009873952E+000 -0.131028262406404E+000 -0.142097938893319E+003 -0.142097938893319E+003 -0.142105841323066E+003
  0.786635255109627E+000  0.199430416783157E+001  0.721737059242036E+000  0.498385271448512E+000 -0.131028262406404E+000 -0.142096751685870E+003 -0.142096751685870E+003 -0.142141082718834E+003
  0.794033959768641E+000  0.199346647969583E+001  0.538121918917755E+000  0.497880528880378E+000 -0.131028262406404E+000 -0.142099984014200E+003 -0.142099984014200E+003 -0.142106288089816E+003
  0.823262246017695E+000  0.199495267047541E+001  0.645535279112449E+000  0.498779354062854E+000 -0.131028262406404E+000 -0.142099202565618E+003 -0.142099202565618E+003 -0.142111921403993E+003
  0.756500964687027E+000  0.199122784445315E+001  0.470676598457265E+000  0.498729531598328E+000 -0.131028262406404E+000 -0.142099414196125E+003 -0.142099414196125E+003 -0.142119976266907E+003
  0.749036851061435E+000  0.199836624836997E+001  0.631767160129879E+000  0.497736608130401E+000 -0.131028262406404E+000 -0.142094715926723E+003 -0.142094715926723E+003 -0.142103816056599E+003
  0.836233510642418E+000  0.199930600786854E+001  0.473853091153762E+000  0.499951866141932E+000 -0.131028262406404E+000 -0.142092220293419E+003 -0.142092220293419E+003 -0.142116657205875E+003
  0.808503017402260E+000  0.199665812577715E+001  0.271169411755340E+000  0.496860330508260E+000 -0.131028262406404E+000 -0.142100727658640E+003 -0.142100727658640E+003 -0.142106118451172E+003
  0.799126530416979E+000  0.199100082564599E+001  0.661187314195959E+000  0.498201763389487E+000 -0.131028262406404E+000 -0.142102650771099E+003 -0.142102650771099E+003 -0.142149514891498E+003
  0.731380224665402E+000  0.199323325069905E+001  0.559358799292854E+000  0.499830798930285E+000 -0.131028262406404E+000 -0.142096112320358E+003 -0.142096112320358E+003 -0.142115705039709E+003
  0.825828387423258E+000  0.199796818612320E+001  0.702852761881782E+000  0.498747914903304E+000 -0.131028262406404E+000 -0.142095712295793E+003 -0.142095712295793E+003 -0.142107281868999E+003
  0.850877248474063E+000  0.199681838113483E+001  0.585655590249496E+000  0.499373341697716E+000 -0.131028262406404E+000 -0.142101470456822E+003 -0.142101470456822E+003 -0.142108398822908E+003
  0.776266172401119E+000  0.199341164044063E+001  0.343458733562492E+000  0.496540364780132E+000 -0.131028262406404E+000 -0.142103479809665E+003 -0.142103479809665E+003 -0.142104720562612E+003
  0.760825554136013E+000  0.199965307227165E+001  0.229031759170268E-001  0.497829710268929E+000 -0.131028262406404E+000 -0.142091983259295E+003 -0.142091983259295E+003 -0.142110393939440E+003
  0.819768106851290E+000  0.199800059049673E+001  0.630727629781473E+000  0.497118620600238E+000 -0.131028262406404E+000 -0.142099835923115E+003 -0.142099835923115E+003 -0.142105415392682E+003
  0.838553278649297E+000  0.199767044438460E+001  0.846921386465602E-001  0.499069690370994E+000 -0.131028262406404E+000 -0.142097903330522E+003 -0.142097903330522E+003 -0.142107525615846E+003
  0.709762702477505E+000  0.199860459491727E+001  0.957726159164064E-001  0.499857476055649E+000 -0.131028262406404E+000 -0.142094433414882E+003 -0.142094433414882E+003 -0.142106195180253E+003
  0.763274805507653E+000  0.199206569246563E+001  0.460646218447507E+000  0.498654164805219E+000 -0.131028262406404E+000 -0.142098361220597E+003 -0.142098361220597E+003 -0.142117285945768E+003
  0.770802508968586E+000  0.199988033358632E+001  0.627797460346620E+000  0.498581196085670E+000 -0.131028262406404E+000 -0.142088889087076E+003 -0.142088889087076E+003 -0.142115804247862E+003
  0.742057107577544E+000  0.199678510736981E+001  0.598502293597914E+000  0.499549591904271E+000 -0.131028262406404E+000 -0.142091444317582E+003 -0.142091444317582E+003 -0.142111376710710E+003
  0.800091108733994E+000  0.199536721481218E+001  0.247542297600601E-001  0.496824813409287E+000 -0.131028262406404E+000 -0.142101527840261E+003 -0.142101527840261E+003 -0.142111663047634E+003
  0.833973302154661E+000  0.199906522028267E+001  0.716851962458424E+000  0.498128568386856E+000 -0.131028262406404E+000 -0.142097945469974E+003 -0.142097945469974E+003 -0.142144733344870E+003
  0.837902117697010E+000  0.199771516227602E+001  0.602235195401209E+000  0.497879422364379E+000 -0.131028262406404E+000 -0.142101535523911E+003 -0.142101535523911E+003 -0.142118374983034E+003
  0.727424325022027E+000  0.199699972480273E+001  0.556122681831861E+000  0.498242997937780E+000 -0.131028262406404E+000 -0.142097628453629E+003 -0.142097628453629E+003 -0.142104222641527E+003
  0.838566677651177E+000  0.199963121285868E+001  0.523982623836376E-001  0.499342073969726E+000 -0.131028262406404E+000 -0.142094303495628E+003 -0.142094303495628E+003 -0.142107632328477E+003
  0.806767178629881E+000  0.199712392317385E+001  0.138422648910694E+000  0.497391859750674E+000 -0.131028262406404E+000 -0.142098165392437E+003 -0.142098165392437E+003 -0.142108245525460E+003
  0.755747606163197E+000  0.199358682504975E+001  0.244470554841867E+000  0.496798916616417E+000 -0.131028262406404E+000 -0.142102872218791E+003 -0.142102872218791E+003 -0.142107941437302E+003
  0.797545619771878E+000  0.199791858870795E+001  0.135701227989033E+000  0.496151344169035E+000 -0.131028262406404E+000 -0.142100183753895E+003 -0.142100183753895E+003 -0.142147768559292E+003
  0.783572987058247E+000  0.198895895343361E+001  0.486641376984556E+000  0.499766700661057E+000 -0.131028262406404E+000 -0.142098928006381E+003 -0.142098928006381E+003 -0.142107646801679E+003
  0.759807104561028E+000  0.199022690028031E+001  0.172891435138257E+000  0.497955638845186E+000 -0.131028262406404E+000 -0.142102980002362E+003 -0.142102980002362E+003 -0.142103699440458E+003
  0.754787863077442E+000  0.199914625794307E+001  0.446613954809517E+000  0.498744538163698E+000 -0.131028262406404E+000 -0.142090015677437E+003 -0.142090015677437E+003 -0.142103661249708E+003
  0.723848397617170E+000  0.199199714221096E+001  0.523347379549824E+000  0.499973776832234E+000 -0.131028262406404E+000 -0.142098328290700E+003 -0.142098328290700E+003 -0.142103566842411E+003
  0.722776096235026E+000  0.199970698927018E+001  0.862681080236755E+000  0.496729600520798E+000 -0.131028262406404E+000 -0.142100394089473E+003 -0.142100394089473E+003 -0.142120066064499E+003
  0.761326221405746E+000  0.199691375283617E+001  0.919408841531880E+000  0.495287039109616E+000 -0.131028262406404E+000 -0.142103497492214E+003 -0.142103497492214E+003 -0.142110508284419E+003
  0.845003583087886E+000  0.199802488750369E+001  0.982102192569086E+000  0.499276766136097E+000 -0.131028262406404E+000 -0.142098407937437E+003 -0.142098407937437E+003 -0.142109608545642E+003
  0.819224836480751E+000  0.199434271479102E+001  0.932859006716716E+000  0.499517309229995E+000 -0.131028262406404E+000 -0.142096881630609E+003 -0.142096881630609E+003 -0.142110151122871E+003
  0.816833955209374E+000  0.199702056535308E+001  0.864432735207165E+000  0.498188637122150E+000 -0.131028262406404E+000 -0.142097175781025E+003 -0.142097175781025E+003 -0.142110508284419E+003
  0.788853369778422E+000  0.199787498318550E+001  0.951976176514911E+000  0.496292320472461E+000 -0.131028262406404E+000 -0.142099156563761E+003 -0.142099156563761E+003 -0.142126195447753E+003
  0.759147339392832E+000  0.199392066033334E+001  0.866094989187689E+000  0.499565556824324E+000 -0.131028262406404E+000 -0.142093317064055E+003 -0.142093317064055E+003 -0.142117110639743E+003
  0.731948713115781E+000  0.199741091235156E+001  0.810483082666071E+000  0.499635827224609E+000 -0.131028262406404E+000 -0.142091886004144E+003 -0.142091886004144E+003 -0.142115945417927E+003
  0.779506035714988E+000  0.199652932258924E+001  0.827356331711203E+000  0.496023049793892E+000 -0.131028262406404E+000 -0.142101351073740E+003 -0.142101351073740E+003 -0.142103720356882E+003
  0.773018521835914E+000  0.198799050612627E+001  0.947359640376080E+000  0.498923081031801E+000 -0.131028262406404E+000 -0.142102488847467E+003 -0.142102488847467E+003 -0.142277376605890E+003
  0.732504586090084E+000  0.199867465469316E+001  0.880711037525823E+000  0.495626247047357E+000 -0.131028262406404E+000 -0.142103355774935E+003 -0.142103355774935E+003 -0.142122371970075E+003
  0.774433553648836E+000  0.199445728116623E+001  0.803320388106816E+000  0.499551704490841E+000 -0.131028262406404E+000 -0.142092386469591E+003 -0.142092386469591E+003 -0.142145120352850E+003
  0.811794121556363E+000  0.199051200092119E+001  0.944060450533058E+000  0.499922672620583E+000 -0.131028262406404E+000 -0.142099467477138E+003 -0.142099467477138E+003 -0.142110252603563E+003
  0.710471340036284E+000  0.199976607935796E+001  0.978022854580169E+000  0.496612109906864E+000 -0.131028262406404E+000 -0.142103474693744E+003 -0.142103474693744E+003 -0.142104425491198E+003
  0.777321166030490E+000  0.199662313880454E+001  0.872781256043409E+000  0.495669230786121E+000 -0.131028262406404E+000 -0.142102344662295E+003 -0.142102344662295E+003 -0.142113984894412E+003
  0.728906066908794E+000  0.199832974120872E+001  0.884354088208003E+000  0.498926294003561E+000 -0.131028262406404E+000 -0.142093659857716E+003 -0.142093659857716E+003 -0.142122267389643E+003
  0.769448600353379E+000  0.199741127484857E+001  0.903105007481400E+000  0.497273735503159E+000 -0.131028262406404E+000 -0.142096174695761E+003 -0.142096174695761E+003 -0.142117663884327E+003
  0.754402710583354E+000  0.199634064575474E+001  0.835562244942701E+000  0.497646062437122E+000 -0.131028262406404E+000 -0.142096935409520E+003 -0.142096935409520E+003 -0.142117262620949E+003
  0.748183681234949E+000  0.199364667005725E+001  0.871752755665602E+000  0.497032020917658E+000 -0.131028262406404E+000 -0.142102619109841E+003 -0.142102619109841E+003 -0.142113324651339E+003
  0.804704563885894E+000  0.198974570621434E+001  0.996318665716084E+000  0.499290158995241E+000 -0.131028262406404E+000 -0.142101479383714E+003 -0.142101479383714E+003 -0.142116080701759E+003
  0.778723482439694E+000  0.199395428636827E+001  0.914674172337150E+000  0.498448089732603E+000 -0.131028262406404E+000 -0.142096667705353E+003 -0.142096667705353E+003 -0.142108264815754E+003
  0.814949805720027E+000  0.199397867034122E+001  0.879595089017830E+000  0.497640054290386E+000 -0.131028262406404E+000 -0.142102711974413E+003 -0.142102711974413E+003 -0.142109050298770E+003
  0.712457411950941E+000  0.199973378382737E+001  0.990807578482988E+000  0.499707793400873E+000 -0.131028262406404E+000 -0.142093027498099E+003 -0.142093027498099E+003 -0.142112248454113E+003
  0.757009024227553E+000  0.199900190981690E+001  0.816643403502663E+000  0.499080877893414E+000 -0.131028262406404E+000 -0.142088928694872E+003 -0.142088928694872E+003 -0.142131033041363E+003
  0.782776010737861E+000  0.199589342582898E+001  0.907792367248134E+000  0.496840855323663E+000 -0.131028262406404E+000 -0.142099583628156E+003 -0.142099583628156E+003 -0.142111646635934E+003
  0.776841284222089E+000  0.199714640804664E+001  0.897804457623560E+000  0.496807883509999E+000 -0.131028262406404E+000 -0.142097989725176E+003 -0.142097989725176E+003 -0.142137143310486E+003
  0.802024403108616E+000  0.199375661947864E+001  0.952390106229249E+000  0.499787588160954E+000 -0.131028262406404E+000 -0.142094230623500E+003 -0.142094230623500E+003 -0.142121940073268E+003
  0.772955099283737E+000  0.199931364197873E+001  0.926623548771077E+000  0.498234999384824E+000 -0.131028262406404E+000 -0.142090677929625E+003 -0.142090677929625E+003 -0.142120036513509E+003
  0.807520113838784E+000  0.199539781088992E+001  0.802805351401716E+000  0.496908096317996E+000 -0.131028262406404E+000 -0.142102097654674E+003 -0.142102097654674E+003 -0.142104546351380E+003
  0.717464231219045E+000  0.199120553569527E+001  0.940377866638354E+000  0.499909733007155E+000 -0.131028262406404E+000 -0.142100658274513E+003 -0.142100658274513E+003 -0.142108068446946E+003
  0.778200820508660E+000  0.198844533245310E+001  0.825135901970932E+000  0.499227186923180E+000 -0.131028262406404E+000 -0.142101075014926E+003 -0.142101075014926E+003 -0.142108264815754E+003
  0.790404015424445E+000  0.199823028205112E+001  0.932010210158478E+000  0.499387764801036E+000 -0.131028262406404E+000 -0.142088724283868E+003 -0.142088724283868E+003 -0.142103615249642E+003
  0.790815777148616E+000  0.199773004585992E+001  0.934655802936194E+000  0.495495983863054E+000 -0.131028262406404E+000 -0.142102046915657E+003 -0.142102046915657E+003 -0.142107325012350E+003
  0.791919997577857E+000  0.199640752584737E+001  0.893292640371236E+000  0.496946654383414E+000 -0.131028262406404E+000 -0.142099080974311E+003 -0.142099080974311E+003 -0.142105916003296E+003
  0.774721554074819E+000  0.199473135207593E+001  0.926031460401367E+000  0.498646588336217E+000 -0.131028262406404E+000 -0.142094985654616E+003 -0.142094985654616E+003 -0.142112025201832E+003
  0.797557565970302E+000  0.199254573504448E+001  0.880169375288115E+000  0.499985255841481E+000 -0.131028262406404E+000 -0.142094688487059E+003 -0.142094688487059E+003 -0.142107694976771E+003
  0.815575790225396E+000  0.199998987695072E+001  0.837146322296685E+000  0.498415606653606E+000 -0.131028262406404E+000 -0.142092289038762E+003 -0.142092289038762E+003 -0.142118258508387E+003
  0.722953346809029E+000  0.199014634558568E+001  0.910803978446253E+000  0.499334530544599E+000 -0.131028262406404E+000 -0.142102646275147E+003 -0.142102646275147E+003 -0.142114178167150E+003
  0.730141816459750E+000  0.199659935246805E+001  0.805479911856065E+000  0.499496356647063E+000 -0.131028262406404E+000 -0.142093556331324E+003 -0.142093556331324E+003 -0.142134357544962E+003
  0.833392157913277E+000  0.199857242249866E+001  0.770193665962474E+000  0.496989319175274E+000 -0.131028262406404E+000 -0.142102185782178E+003 -0.142102185782178E+003 -0.142118510246949E+003
  0.777706179209255E+000  0.199738769432018E+001  0.953467392240685E+000  0.498636733022308E+000 -0.131028262406404E+000 -0.142091754324235E+003 -0.142091754324235E+003 -0.142107124236983E+003
  0.757453501778769E+000  0.199537069375173E+001  0.826188093538953E+000  0.498934499247730E+000 -0.131028262406404E+000 -0.142093709815061E+003 -0.142093709815061E+003 -0.142173747631898E+003
  0.788585247126867E+000  0.199761093409820E+001  0.933703599836400E+000  0.496472440724976E+000 -0.131028262406404E+000 -0.142098888670414E+003 -0.142098888670414E+003 -0.142114978069941E+003
  0.820461131410390E+000  0.199515478991010E+001  0.767974345319784E+000  0.499480769636985E+000 -0.131028262406404E+000 -0.142096126516147E+003 -0.142096126516147E+003 -0.142155288928115E+003
  0.770633714014331E+000  0.199105284453232E+001  0.936747519943643E+000  0.499550801430483E+000 -0.131028262406404E+000 -0.142096605687384E+003 -0.142096605687384E+003 -0.142108816539988E+003
  0.732897526947612E+000  0.199949649845788E+001  0.973795184451281E+000  0.499470135876808E+000 -0.131028262406404E+000 -0.142089903879833E+003 -0.142089903879833E+003 -0.142109050298770E+003
  0.829896102323209E+000  0.199577749515637E+001  0.843029678215638E+000  0.497896474522263E+000 -0.131028262406404E+000 -0.142102303652631E+003 -0.142102303652631E+003 -0.142108068446946E+003
  0.743217848347865E+000  0.199876686795214E+001  0.828804148252581E+000  0.497743253425688E+000 -0.131028262406404E+000 -0.142094868744824E+003 -0.142094868744824E+003 -0.142122137162230E+003
  0.721832847497106E+000  0.199290875788026E+001  0.972085372745482E+000  0.498504331402525E+000 -0.131028262406404E+000 -0.142102410127915E+003 -0.142102410127915E+003 -0.142125088973920E+003
  0.800655167458974E+000  0.199808825478376E+001  0.887301133716533E+000  0.497745204987499E+000 -0.131028262406404E+000 -0.142095072948372E+003 -0.142095072948372E+003 -0.142164799876858E+003
  0.828880350456420E+000  0.199543831356057E+001  0.875247972787875E+000  0.499347078383795E+000 -0.131028262406404E+000 -0.142097853381201E+003 -0.142097853381201E+003 -0.142105483122604E+003
  0.708399159163031E+000  0.199811236757498E+001  0.893148905361922E+000  0.499611161208262E+000 -0.131028262406404E+000 -0.142096104319339E+003 -0.142096104319339E+003 -0.142124498361758E+003
  0.794871194972901E+000  0.199278736580979E+001  0.841972922944196E+000  0.498702464162640E+000 -0.131028262406404E+000 -0.142098271387099E+003 -0.142098271387099E+003 -0.142107694976771E+003
  0.748323439334036E+000  0.199411589032299E+001  0.920087309802282E+000  0.498135027677146E+000 -0.131028262406404E+000 -0.142098481575233E+003 -0.142098481575233E+003 -0.142121536128349E+003
  0.730229276985061E+000  0.199565755135486E+001  0.825909362372326E+000  0.497586799525859E+000 -0.131028262406404E+000 -0.142100784388638E+003 -0.142100784388638E+003 -0.142104016058016E+003
  0.814879169425176E+000  0.199969989555774E+001  0.778143864720140E+000  0.497290833552974E+000 -0.131028262406404E+000 -0.142096226638758E+003 -0.142096226638758E+003 -0.142151459343997E+003
  0.835610779106899E+000  0.199988870672245E+001  0.787003627326493E+000  0.498726209852745E+000 -0.131028262406404E+000 -0.142095248040925E+003 -0.142095248040925E+003 -0.142113258378085E+003
  0.768804998919416E+000  0.199203947476651E+001  0.922334616130957E+000  0.497755748605195E+000 -0.131028262406404E+000 -0.142101201462900E+003 -0.142101201462900E+003 -0.142128508652375E+003
  0.791553978941224E+000  0.199754985989260E+001  0.772639954714857E+000  0.497767294981801E+000 -0.131028262406404E+000 -0.142094933775802E+003 -0.142094933775802E+003 -0.142139022569377E+003
  0.803389190687697E+000  0.199636183996561E+001  0.838200658562483E+000  0.497171854572251E+000 -0.131028262406404E+000 -0.142099469372750E+003 -0.142099469372750E+003 -0.142114870473342E+003
  0.815434270280581E+000  0.199889739496532E+001  0.907361135915216E+000  0.497414766481280E+000 -0.131028262406404E+000 -0.142096969734358E+003 -0.142096969734358E+003 -0.142104016058016E+003
  0.822962237579071E+000  0.199409880291740E+001  0.963906390069854E+000  0.499067771202333E+000 -0.131028262406404E+000 -0.142099372144193E+003 -0.142099372144193E+003 -0.142105146955014E+003
  0.705335944700385E+000  0.199751565252827E+001  0.813158692751161E+000  0.498365715222210E+000 -0.131028262406404E+000 -0.142101553047314E+003 -0.142101553047314E+003 -0.142145088994372E+003
  0.728213474645119E+000  0.199825771373924E+001  0.937123071467906E+000  0.498325187957911E+000 -0.131028262406404E+000 -0.142095809413233E+003 -0.142095809413233E+003 -0.142103949844208E+003
  0.739847862223885E+000  0.199935039598463E+001  0.817960866588443E+000  0.496378876110956E+000 -0.131028262406404E+000 -0.142099060623547E+003 -0.142099060623547E+003 -0.142103720356882E+003
  0.801086536631136E+000  0.199324964117863E+001  0.938751147727826E+000  0.499422943661389E+000 -0.131028262406404E+000 -0.142095969764532E+003 -0.142095969764532E+003 -0.142113441522450E+003
  0.711623122737927E+000  0.199013177607599E+001  0.931946693826208E+000  0.499941236737789E+000 -0.131028262406404E+000 -0.142103007103474E+003 -0.142103007103474E+003 -0.142108264815754E+003
  0.797647854436817E+000  0.199476579206680E+001  0.886959812561199E+000  0.497541024708260E+000 -0.131028262406404E+000 -0.142099736509076E+003 -0.142099736509076E+003 -0.142132466860634E+003
  0.752592285701284E+000  0.199860577643280E+001  0.996653714687077E+000  0.498781890334704E+000 -0.131028262406404E+000 -0.142090712175248E+003 -0.142090712175248E+003 -0.142105146955014E+003
  0.813862081044133E+000  0.198837559469521E+001  0.795783430082743E+000  0.499899610544066E+000 -0.131028262406404E+000 -0.142102780638947E+003 -0.142102780638947E+003 -0.142111250423261E+003
  0.752440346142050E+000  0.199276303598575E+001  0.913936867263009E+000  0.498474651994484E+000 -0.131028262406404E+000 -0.142098650335162E+003 -0.142098650335162E+003 -0.142108068446946E+003
  0.858087886201368E+000  0.199799713827934E+001  0.863071233891680E+000  0.499926313463245E+000 -0.131028262406404E+000 -0.142100227581044E+003 -0.142100227581044E+003 -0.142107694976771E+003
  0.711328008871553E+000  0.199862880897238E+001  0.968058310688623E+000  0.498442331184755E+000 -0.131028262406404E+000 -0.142098584259928E+003 -0.142098584259928E+003 -0.142107694976771E+003
  0.812306159687536E+000  0.199910616157110E+001  0.979745152720858E+000  0.499813907869611E+000 -0.131028262406404E+000 -0.142088427470348E+003 -0.142088427470348E+003 -0.142104691572859E+003
  0.749869150577451E+000  0.199669677140947E+001  0.953316390421866E+000  0.496984339771158E+000 -0.131028262406404E+000 -0.142099034343914E+003 -0.142099034343914E+003 -0.142106765875759E+003
  0.811813903776894E+000  0.199537008498416E+001  0.957601123714042E+000  0.498055308250445E+000 -0.131028262406404E+000 -0.142099017922018E+003 -0.142099017922018E+003 -0.142106765875759E+003
  0.726690454710973E+000  0.199339170470586E+001  0.979830249409622E+000  0.498184239784635E+000 -0.131028262406404E+000 -0.142102015548634E+003 -0.142102015548634E+003 -0.142106765875759E+003
  0.747875275327266E+000  0.199951114319670E+001  0.968878275810996E+000  0.498660972565336E+000 -0.131028262406404E+000 -0.142090495977637E+003 -0.142090495977637E+003 -0.142105916003296E+003
  0.783187211768421E+000  0.199940494170809E+001  0.757260355693418E+000  0.498499038625604E+000 -0.131028262406404E+000 -0.142089812113009E+003 -0.142089812113009E+003 -0.142106140736026E+003
  0.777923424039643E+000  0.199391248927303E+001  0.957388960690909E+000  0.497411553384920E+000 -0.131028262406404E+000 -0.142100063357445E+003 -0.142100063357445E+003 -0.142104871224979E+003
  0.789345338742765E+000  0.199094947085501E+001  0.919443272557188E+000  0.499179851215202E+000 -0.131028262406404E+000 -0.142098644707601E+003 -0.142098644707601E+003 -0.142105916003296E+003
  0.800724651987372E+000  0.199202097341613E+001  0.895749935604062E+000  0.499416589499122E+000 -0.131028262406404E+000 -0.142097561642937E+003 -0.142097561642937E+003 -0.142105483122604E+003
  0.780035046807057E+000  0.198877099418334E+001  0.972733077376628E+000  0.499031509533077E+000 -0.131028262406404E+000 -0.142101367310545E+003 -0.142101367310545E+003 -0.142105347463748E+003
  0.821738582223458E+000  0.199492573830583E+001  0.847929186295339E+000  0.499300102539471E+000 -0.131028262406404E+000 -0.142097260319183E+003 -0.142097260319183E+003 -0.142105146955014E+003
  0.754959805539894E+000  0.198665212833017E+001  0.799233232211285E+000  0.499264286235538E+000 -0.131028262406404E+000 -0.142103318332558E+003 -0.142103318332558E+003 -0.142105146955014E+003
  0.798840896506273E+000  0.199491907813273E+001  0.751297637088078E+000  0.496456588901670E+000 -0.131028262406404E+000 -0.142103175519618E+003 -0.142103175519618E+003 -0.142104871224979E+003
  0.824490976462469E+000  0.199670485491671E+001  0.938847722152488E+000  0.498916630503529E+000 -0.131028262406404E+000 -0.142096617169895E+003 -0.142096617169895E+003 -0.142104871224979E+003
  0.746412022569781E+000  0.199882073547551E+001  0.829966533894067E+000  0.499208513420057E+000 -0.131028262406404E+000 -0.142089679155705E+003 -0.142089679155705E+003 -0.142104691572859E+003
  0.802913011821370E+000  0.199638002834712E+001  0.970669189556632E+000  0.499573118277656E+000 -0.131028262406404E+000 -0.142091592009178E+003 -0.142091592009178E+003 -0.142104546351380E+003
  0.791777964856502E+000  0.199849947130729E+001  0.903201150371068E+000  0.499267420817966E+000 -0.131028262406404E+000 -0.142088859839931E+003 -0.142088859839931E+003 -0.142104425491198E+003
  0.788701330250930E+000  0.199362736717221E+001  0.863942408144707E+000  0.499605573174224E+000 -0.131028262406404E+000 -0.142093780702245E+003 -0.142093780702245E+003 -0.142104425491198E+003
  0.773907004827342E+000  0.198982715047490E+001  0.968302407679462E+000  0.498412556540184E+000 -0.131028262406404E+000 -0.142101849509812E+003 -0.142101849509812E+003 -0.142104016058016E+003
