  0.134990953587545E+001  0.510866790343186E+000  0.656276218903765E+000  0.499483038924298E+000 -0.131028262406404E+000 -0.138707137104700E+003 -0.138707137104700E+003
  0.142064181534792E+001  0.507083166305910E+000  0.513283324641320E+000  0.499978482182248E+000 -0.131028262406404E+000 -0.138699427758210E+003 -0.138699427758210E+003
  0.141388892107000E+001  0.500601711894274E+000  0.827102272465309E+000  0.498362891083834E+000 -0.131028262406404E+000 -0.138698881072552E+003 -0.138698881072552E+003
  0.141053148507542E+001  0.506092811479867E+000  0.674465656901215E+000  0.499489559527068E+000 -0.131028262406404E+000 -0.138699841705335E+003 -0.138699841705335E+003
  0.138281732898465E+001  0.508822605120014E+000  0.793375396131463E+000  0.499136819351820E+000 -0.131028262406404E+000 -0.138703607743843E+003 -0.138703607743843E+003
  0.141929082805906E+001  0.514138326899114E+000  0.812878967220827E+000  0.499416001712614E+000 -0.131028262406404E+000 -0.138706736635762E+003 -0.138706736635762E+003
  0.134558622216661E+001  0.507756208554694E+000  0.653296806564410E+000  0.498853683065845E+000 -0.131028262406404E+000 -0.138707693368448E+003 -0.138707693368448E+003
  0.138197975932381E+001  0.501287760950550E+000  0.603681535792678E+000  0.498575495434759E+000 -0.131028262406404E+000 -0.138700089513791E+003 -0.138700089513791E+003
  0.135701341707162E+001  0.500300963071270E+000  0.878559178555091E+000  0.499666309853554E+000 -0.131028262406404E+000 -0.138699073590518E+003 -0.138699073590518E+003
  0.143957972118112E+001  0.511467279400714E+000  0.960005064688816E+000  0.499610737649776E+000 -0.131028262406404E+000 -0.138705350354071E+003 -0.138705350354071E+003
  0.145156908000368E+001  0.501881301526033E+000  0.877946056263108E+000  0.499406683916049E+000 -0.131028262406404E+000 -0.138698718295955E+003 -0.138698718295955E+003
  0.148242131289170E+001  0.506014528449875E+000  0.928981993648324E+000  0.499461409529492E+000 -0.131028262406404E+000 -0.138706703288822E+003 -0.138706703288822E+003
  0.146467238900751E+001  0.503958925907448E+000  0.549604172782366E+000  0.498580868688821E+000 -0.131028262406404E+000 -0.138704360692815E+003 -0.138704360692815E+003
  0.138127358842706E+001  0.506126141417020E+000  0.883736862852793E+000  0.498027111784517E+000 -0.131028262406404E+000 -0.138705052613365E+003 -0.138705052613365E+003
  0.136503061640188E+001  0.500071822507078E+000  0.601523578126534E+000  0.499499842102292E+000 -0.131028262406404E+000 -0.138698344324648E+003 -0.138698344324648E+003
  0.134957783338788E+001  0.509842174843806E+000  0.745775127085074E+000  0.499601091692742E+000 -0.131028262406404E+000 -0.138706187575069E+003 -0.138706187575069E+003
  0.136175821278421E+001  0.500866259717876E+000  0.706891991530028E+000  0.497216581176325E+000 -0.131028262406404E+000 -0.138705973318132E+003 -0.138705973318132E+003
  0.138609633681108E+001  0.503954981102658E+000  0.825113321744272E+000  0.497921689761854E+000 -0.131028262406404E+000 -0.138703525446289E+003 -0.138703525446289E+003
  0.149622783648504E+001  0.501645836938961E+000  0.820534534306671E+000  0.498606818571291E+000 -0.131028262406404E+000 -0.138707433648983E+003 -0.138707433648983E+003
  0.137919324011610E+001  0.507380409618595E+000  0.521235442377988E+000  0.497832375547176E+000 -0.131028262406404E+000 -0.138706643655942E+003 -0.138706643655942E+003
  0.140185398738152E+001  0.507560519061830E+000  0.686786669179615E+000  0.498814697790624E+000 -0.131028262406404E+000 -0.138702935568082E+003 -0.138702935568082E+003
  0.136151746740101E+001  0.503589604560673E+000  0.495530270828295E+000  0.499558047578739E+000 -0.131028262406404E+000 -0.138700814658686E+003 -0.138700814658686E+003
  0.142507633066861E+001  0.510771733315200E+000  0.727841496501048E+000  0.498669391114804E+000 -0.131028262406404E+000 -0.138706356895247E+003 -0.138706356895247E+003
  0.142461963210814E+001  0.506820080790367E+000  0.894481824616403E+000  0.498961567914153E+000 -0.131028262406404E+000 -0.138702251675870E+003 -0.138702251675870E+003
  0.144639219039007E+001  0.506379382081194E+000  0.693554932012526E+000  0.499470775674202E+000 -0.131028262406404E+000 -0.138701943367844E+003 -0.138701943367844E+003
  0.150693606146577E+001  0.501676171489261E+000  0.610568199434898E+000  0.499888579528951E+000 -0.131028262406404E+000 -0.138706376136223E+003 -0.138706376136223E+003
  0.147683116361736E+001  0.503815387727654E+000  0.653639463303522E+000  0.498969874076616E+000 -0.131028262406404E+000 -0.138704961472437E+003 -0.138704961472437E+003
  0.136035453118076E+001  0.506293314329749E+000  0.986295984066132E+000  0.497823261265070E+000 -0.131028262406404E+000 -0.138707784399970E+003 -0.138707784399970E+003
  0.135621266516522E+001  0.505179719502334E+000  0.534840286705607E+000  0.499622726037356E+000 -0.131028262406404E+000 -0.138702305057103E+003 -0.138702305057103E+003
  0.143841127462172E+001  0.502440765401634E+000  0.703573768375161E+000  0.499123306237023E+000 -0.131028262406404E+000 -0.138698928781331E+003 -0.138698928781331E+003
  0.143806075284832E+001  0.504392726615309E+000  0.897503533510782E+000  0.497134030778937E+000 -0.131028262406404E+000 -0.138706166037530E+003 -0.138706166037530E+003
  0.141471624206650E+001  0.501643809031250E+000  0.912519791537807E+000  0.497852491124063E+000 -0.131028262406404E+000 -0.138701135072438E+003 -0.138701135072438E+003
  0.144378858868391E+001  0.514138308774724E+000  0.907878926474967E+000  0.499733041746324E+000 -0.131028262406404E+000 -0.138707812479796E+003 -0.138707812479796E+003
  0.145702218036245E+001  0.503059140608086E+000  0.733828611366722E+000  0.497633730428954E+000 -0.131028262406404E+000 -0.138705264317371E+003 -0.138705264317371E+003
  0.143193553562327E+001  0.501396673745192E+000  0.643750528134025E+000  0.498367090609765E+000 -0.131028262406404E+000 -0.138699858768969E+003 -0.138699858768969E+003
  0.138627202922603E+001  0.512598699896948E+000  0.925195703847137E+000  0.499869668576123E+000 -0.131028262406404E+000 -0.138704042700222E+003 -0.138704042700222E+003
  0.137398526540246E+001  0.500435721579183E+000  0.607446249609623E+000  0.496658422390692E+000 -0.131028262406404E+000 -0.138705888777763E+003 -0.138705888777763E+003
  0.134215534718162E+001  0.500240027584453E+000  0.985934219124899E+000  0.499568309344221E+000 -0.131028262406404E+000 -0.138701738683789E+003 -0.138701738683789E+003
  0.147087913366001E+001  0.502409668010596E+000  0.743749483288239E+000  0.498544443755776E+000 -0.131028262406404E+000 -0.138703902738185E+003 -0.138703902738185E+003
  0.144337288404611E+001  0.500253700335372E+000  0.808120581751329E+000  0.496336582463757E+000 -0.131028262406404E+000 -0.138705319621886E+003 -0.138705319621886E+003
  0.142553246023397E+001  0.506759751976961E+000  0.802256749838933E+000  0.499864206622110E+000 -0.131028262406404E+000 -0.138699683895278E+003 -0.138699683895278E+003
  0.131668137663626E+001  0.500271928560419E+000  0.742365144466054E+000  0.499455580317103E+000 -0.131028262406404E+000 -0.138707512299395E+003 -0.138707512299395E+003
  0.136823032428790E+001  0.502714309922828E+000  0.855265658845253E+000  0.496827405432665E+000 -0.131028262406404E+000 -0.138707497492759E+003 -0.138707497492759E+003
  0.141417905854268E+001  0.510702711277645E+000  0.653912040287218E+000  0.498432303702704E+000 -0.131028262406404E+000 -0.138706552683262E+003 -0.138706552683262E+003
  0.142018140396313E+001  0.505027952275562E+000  0.776787988072344E+000  0.498496126297763E+000 -0.131028262406404E+000 -0.138701992243526E+003 -0.138701992243526E+003
  0.142735873391637E+001  0.503287028144323E+000  0.558927251739067E+000  0.499779497238210E+000 -0.131028262406404E+000 -0.138697193429979E+003 -0.138697193429979E+003
  0.142036320056720E+001  0.504699764643439E+000  0.552456493797637E+000  0.496831970967922E+000 -0.131028262406404E+000 -0.138706513015476E+003 -0.138706513015476E+003
  0.138229078925747E+001  0.503738065494122E+000  0.979380458083110E+000  0.498887982732510E+000 -0.131028262406404E+000 -0.138700820555025E+003 -0.138700820555025E+003
  0.145056357479835E+001  0.500535359631533E+000  0.770321701651816E+000  0.497618026218263E+000 -0.131028262406404E+000 -0.138702476107978E+003 -0.138702476107978E+003
  0.141665125036895E+001  0.504382551815834E+000  0.590300905958124E+000  0.497915569033719E+000 -0.131028262406404E+000 -0.138703080328479E+003 -0.138703080328479E+003
  0.138932403639055E+001  0.502197582279176E+000  0.745001196303820E+000  0.497964005748244E+000 -0.131028262406404E+000 -0.138701975102244E+003 -0.138701975102244E+003
  0.133660787005789E+001  0.504842239183702E+000  0.972719631236590E+000  0.498931793642919E+000 -0.131028262406404E+000 -0.138707259219715E+003 -0.138707259219715E+003
  0.147559117972445E+001  0.502277074576603E+000  0.897668386664959E+000  0.498334952968350E+000 -0.131028262406404E+000 -0.138705063462344E+003 -0.138705063462344E+003
  0.140568065179340E+001  0.511788389892306E+000  0.799146370273167E+000  0.498526104477093E+000 -0.131028262406404E+000 -0.138707009335789E+003 -0.138707009335789E+003
  0.140112023947216E+001  0.512411507015052E+000  0.873973506910779E+000  0.498981483013411E+000 -0.131028262406404E+000 -0.138706170748844E+003 -0.138706170748844E+003
  0.133898836001787E+001  0.501075131174477E+000  0.931725977717528E+000  0.498214879315581E+000 -0.131028262406404E+000 -0.138706803376645E+003 -0.138706803376645E+003
  0.144099558988555E+001  0.506065058127547E+000  0.677362372603145E+000  0.497578784875216E+000 -0.131028262406404E+000 -0.138706529927025E+003 -0.138706529927025E+003
  0.132260149415393E+001  0.500762985170641E+000  0.583288884070615E+000  0.499012612445444E+000 -0.131028262406404E+000 -0.138707681553218E+003 -0.138707681553218E+003
  0.137174108655211E+001  0.503710714456964E+000  0.522588163268502E+000  0.499087866575647E+000 -0.131028262406404E+000 -0.138701126095986E+003 -0.138701126095986E+003
  0.143868723157764E+001  0.509540416398307E+000  0.778141184068738E+000  0.499694719750988E+000 -0.131028262406404E+000 -0.138703357717976E+003 -0.138703357717976E+003
  0.144796007661805E+001  0.502605191372611E+000  0.905048859525337E+000  0.497660546301810E+000 -0.131028262406404E+000 -0.138703905450487E+003 -0.138703905450487E+003
  0.137724688530635E+001  0.502536485105433E+000  0.632924713648075E+000  0.497752355830507E+000 -0.131028262406404E+000 -0.138703736134064E+003 -0.138703736134064E+003
  0.138497331685849E+001  0.504605062719964E+000  0.634036056200141E+000  0.496732308424570E+000 -0.131028262406404E+000 -0.138707538018951E+003 -0.138707538018951E+003
  0.135030460953216E+001  0.511999099720738E+000  0.987661928609981E+000  0.499467692169777E+000 -0.131028262406404E+000 -0.138707850703122E+003 -0.138707850703122E+003
  0.138116690712334E+001  0.501933888888032E+000  0.806848728831256E+000  0.496868226160883E+000 -0.131028262406404E+000 -0.138705587979028E+003 -0.138705587979028E+003
  0.132758004254481E+001  0.507858963735908E+000  0.837043833153082E+000  0.499897419163904E+000 -0.131028262406404E+000 -0.138707832166829E+003 -0.138707832166829E+003
  0.137178309532262E+001  0.502854733616902E+000  0.741535170051653E+000  0.497559261483514E+000 -0.131028262406404E+000 -0.138705042772830E+003 -0.138705042772830E+003
  0.141047434097204E+001  0.502971160445121E+000  0.919288006918191E+000  0.497170236956611E+000 -0.131028262406404E+000 -0.138704124343024E+003 -0.138704124343024E+003
  0.136972770623998E+001  0.501038972206145E+000  0.872681623643647E+000  0.496580886691728E+000 -0.131028262406404E+000 -0.138706976111886E+003 -0.138706976111886E+003
  0.141896802070121E+001  0.503411458828050E+000  0.894792890156306E+000  0.499500896166724E+000 -0.131028262406404E+000 -0.138697832090318E+003 -0.138697832090318E+003
  0.143831399255757E+001  0.502824761276772E+000  0.851508704400783E+000  0.497719649038409E+000 -0.131028262406404E+000 -0.138703206492574E+003 -0.138703206492574E+003
  0.134588607665436E+001  0.502566906514444E+000  0.855834608089254E+000  0.499600830688273E+000 -0.131028262406404E+000 -0.138702335525179E+003 -0.138702335525179E+003
  0.135666362585176E+001  0.504712019594062E+000  0.915747158237386E+000  0.498476696814786E+000 -0.131028262406404E+000 -0.138705327070127E+003 -0.138705327070127E+003
  0.145125141036947E+001  0.501789496062467E+000  0.833266277622744E+000  0.497031583279205E+000 -0.131028262406404E+000 -0.138705269344114E+003 -0.138705269344114E+003
  0.141336370411427E+001  0.502543198615764E+000  0.623248389256794E+000  0.497042542304003E+000 -0.131028262406404E+000 -0.138704155648639E+003 -0.138704155648639E+003
  0.141067791478443E+001  0.502494455210312E+000  0.804692960855915E+000  0.499188484265876E+000 -0.131028262406404E+000 -0.138697959122817E+003 -0.138697959122817E+003
  0.144381837397962E+001  0.505886539475713E+000  0.638582936575620E+000  0.498871268517062E+000 -0.131028262406404E+000 -0.138702960823141E+003 -0.138702960823141E+003
  0.140213601321881E+001  0.502099874475605E+000  0.854884803732965E+000  0.499574325331033E+000 -0.131028262406404E+000 -0.138696695553293E+003 -0.138696695553293E+003
  0.144141483171837E+001  0.500653442120281E+000  0.988977356314861E+000  0.496917357271382E+000 -0.131028262406404E+000 -0.138703873518660E+003 -0.138703873518660E+003
  0.140589606969657E+001  0.501900742722917E+000  0.571943279929560E+000  0.496307298035231E+000 -0.131028262406404E+000 -0.138705895655574E+003 -0.138705895655574E+003
  0.137722471600256E+001  0.503512531790990E+000  0.735216268035660E+000  0.499830426147838E+000 -0.131028262406404E+000 -0.138698329558934E+003 -0.138698329558934E+003
  0.140027580256122E+001  0.512855687931219E+000  0.524913534074080E+000  0.499653395832812E+000 -0.131028262406404E+000 -0.138704580007140E+003 -0.138704580007140E+003
  0.147377536294743E+001  0.500391945439462E+000  0.647311332912425E+000  0.499455079863463E+000 -0.131028262406404E+000 -0.138699962028073E+003 -0.138699962028073E+003
  0.134779251599970E+001  0.503112270997521E+000  0.697380382133166E+000  0.499296591804875E+000 -0.131028262406404E+000 -0.138703242977146E+003 -0.138703242977146E+003
  0.142800821462329E+001  0.502733155867721E+000  0.783157856245371E+000  0.499579882070947E+000 -0.131028262406404E+000 -0.138697338321011E+003 -0.138697338321011E+003
  0.141408803886826E+001  0.503258919351063E+000  0.802277609834252E+000  0.496460450371095E+000 -0.131028262406404E+000 -0.138706389396694E+003 -0.138706389396694E+003
  0.144715686863036E+001  0.500886213617123E+000  0.947992954506733E+000  0.498369359430448E+000 -0.131028262406404E+000 -0.138700377559775E+003 -0.138700377559775E+003
  0.143621039943491E+001  0.500501078030669E+000  0.843304661300051E+000  0.498155067990572E+000 -0.131028262406404E+000 -0.138699937565513E+003 -0.138699937565513E+003
  0.138559202162241E+001  0.503769371680305E+000  0.704954156514828E+000  0.499607112061656E+000 -0.131028262406404E+000 -0.138698531500770E+003 -0.138698531500770E+003
  0.145690423503064E+001  0.500812712966978E+000  0.790026178679183E+000  0.498022517782780E+000 -0.131028262406404E+000 -0.138702185239433E+003 -0.138702185239433E+003
  0.135219073533578E+001  0.505101957099686E+000  0.793753333104488E+000  0.498919113168049E+000 -0.131028262406404E+000 -0.138704887674448E+003 -0.138704887674448E+003
  0.151263372466919E+001  0.501147681897151E+000  0.660042298050116E+000  0.499865576098133E+000 -0.131028262406404E+000 -0.138707267036045E+003 -0.138707267036045E+003
  0.144349925279690E+001  0.500332060197058E+000  0.527018088320298E+000  0.497899364447384E+000 -0.131028262406404E+000 -0.138700961338842E+003 -0.138700961338842E+003
  0.137479181441975E+001  0.507481320418873E+000  0.543884049255854E+000  0.499805924872488E+000 -0.131028262406404E+000 -0.138701283116726E+003 -0.138701283116726E+003
  0.145370282240331E+001  0.505470294779127E+000  0.901055784624141E+000  0.497469335661700E+000 -0.131028262406404E+000 -0.138707503812653E+003 -0.138707503812653E+003
  0.143693070297081E+001  0.500594462623748E+000  0.656865057189483E+000  0.499910017783818E+000 -0.131028262406404E+000 -0.138695111859846E+003 -0.138695111859846E+003
  0.143270649929612E+001  0.508664988956125E+000  0.960823281342338E+000  0.497829428642659E+000 -0.131028262406404E+000 -0.138707434135448E+003 -0.138707434135448E+003
  0.141931011109869E+001  0.510190619486803E+000  0.702181484295903E+000  0.499385602358306E+000 -0.131028262406404E+000 -0.138703574429539E+003 -0.138703574429539E+003
  0.137121504264015E+001  0.500177795921115E+000  0.762604146102934E+000  0.497302510953685E+000 -0.131028262406404E+000 -0.138704123055535E+003 -0.138704123055535E+003
  0.146928401020951E+001  0.501045630725371E+000  0.890855992890643E+000  0.497739413272237E+000 -0.131028262406404E+000 -0.138704660514896E+003 -0.138704660514896E+003
  0.143955527949213E+001  0.504730523840995E+000  0.680531175808819E+000  0.497462040050134E+000 -0.131028262406404E+000 -0.138705619272477E+003 -0.138705619272477E+003
  0.138223414799362E+001  0.504559829799043E+000  0.600311916938807E+000  0.499473159497704E+000 -0.131028262406404E+000 -0.138699689143246E+003 -0.138699689143246E+003
  0.141017426687767E+001  0.502867355605721E+000  0.993324004885269E+000  0.496977747022131E+000 -0.131028262406404E+000 -0.138704605275232E+003 -0.138704605275232E+003
  0.138045409217216E+001  0.506035995955809E+000  0.567180693890218E+000  0.497769128698882E+000 -0.131028262406404E+000 -0.138705804805166E+003 -0.138705804805166E+003
  0.147637224112852E+001  0.508680801697752E+000  0.867459264998751E+000  0.499792909958356E+000 -0.131028262406404E+000 -0.138707284387473E+003 -0.138707284387473E+003
  0.143198203692968E+001  0.502400188010328E+000  0.939987196507870E+000  0.498252526676119E+000 -0.131028262406404E+000 -0.138700998845860E+003 -0.138700998845860E+003
  0.138347405959942E+001  0.500163753389304E+000  0.926403205462714E+000  0.498448914848337E+000 -0.131028262406404E+000 -0.138699581962816E+003 -0.138699581962816E+003
  0.142797542127122E+001  0.509258246292392E+000  0.849721406611480E+000  0.499941458177818E+000 -0.131028262406404E+000 -0.138701650203977E+003 -0.138701650203977E+003
  0.142445081908028E+001  0.507440157775341E+000  0.707719004781319E+000  0.498213913047076E+000 -0.131028262406404E+000 -0.138704880057436E+003 -0.138704880057436E+003
  0.141388453812812E+001  0.508552116091595E+000  0.574214654911255E+000  0.499254886469343E+000 -0.131028262406404E+000 -0.138702474637082E+003 -0.138702474637082E+003
  0.139750797782045E+001  0.503947129962242E+000  0.932045646285040E+000  0.499223866998382E+000 -0.131028262406404E+000 -0.138699185086431E+003 -0.138699185086431E+003
  0.141800644489977E+001  0.513594904303413E+000  0.870189354292671E+000  0.499231128383611E+000 -0.131028262406404E+000 -0.138706753432337E+003 -0.138706753432337E+003
  0.143193484159245E+001  0.507423297779943E+000  0.991882168409759E+000  0.498309475212090E+000 -0.131028262406404E+000 -0.138704976046135E+003 -0.138704976046135E+003
  0.143057360186666E+001  0.509514511324453E+000  0.502368186636798E+000  0.498030599204167E+000 -0.131028262406404E+000 -0.138707441739067E+003 -0.138707441739067E+003
  0.145464827502390E+001  0.502330712679208E+000  0.913087638966907E+000  0.498205532287590E+000 -0.131028262406404E+000 -0.138702768150996E+003 -0.138702768150996E+003
  0.140398942958055E+001  0.506441895983384E+000  0.934354753421377E+000  0.497468015768182E+000 -0.131028262406404E+000 -0.138705956943671E+003 -0.138705956943671E+003
  0.133947913423351E+001  0.506072037396424E+000  0.952205354196003E+000  0.499294386020891E+000 -0.131028262406404E+000 -0.138706382270838E+003 -0.138706382270838E+003
  0.141147815400876E+001  0.504527091050143E+000  0.769350899198369E+000  0.496437887937720E+000 -0.131028262406404E+000 -0.138707430582798E+003 -0.138707430582798E+003
  0.137942332536594E+001  0.509291514506658E+000  0.628845338504852E+000  0.499195521445126E+000 -0.131028262406404E+000 -0.138703976478193E+003 -0.138703976478193E+003
  0.148273531345797E+001  0.505105722894634E+000  0.930526005667850E+000  0.499475464023976E+000 -0.131028262406404E+000 -0.138705840650199E+003 -0.138705840650199E+003
  0.145546632822988E+001  0.501336193796308E+000  0.660550598756087E+000  0.496438571586640E+000 -0.131028262406404E+000 -0.138706951123538E+003 -0.138706951123538E+003
  0.144883181081508E+001  0.503165565005715E+000  0.934059224424071E+000  0.497057181077268E+000 -0.131028262406404E+000 -0.138706168743955E+003 -0.138706168743955E+003
  0.147156999057722E+001  0.506661252240519E+000  0.872686913124526E+000  0.499287826990181E+000 -0.131028262406404E+000 -0.138705925615267E+003 -0.138705925615267E+003
  0.143704530460349E+001  0.500101320945067E+000  0.892654846019096E+000  0.499772439755121E+000 -0.131028262406404E+000 -0.138695101599133E+003 -0.138695101599133E+003
  0.140494869108495E+001  0.506931914291710E+000  0.896653319342103E+000  0.496968336056597E+000 -0.131028262406404E+000 -0.138707769084913E+003 -0.138707769084913E+003
  0.142831942465525E+001  0.506384984012543E+000  0.860960571795329E+000  0.497249471750717E+000 -0.131028262406404E+000 -0.138706945588040E+003 -0.138706945588040E+003
  0.146822479203458E+001  0.502194702838059E+000  0.786958865871453E+000  0.498842159483015E+000 -0.131028262406404E+000 -0.138702509037188E+003 -0.138702509037188E+003
  0.138056297407655E+001  0.511761158684764E+000  0.769627042218514E+000  0.498640733152029E+000 -0.131028262406404E+000 -0.138707281245124E+003 -0.138707281245124E+003
  0.138518473605874E+001  0.501010937151332E+000  0.861866085978924E+000  0.498281389440472E+000 -0.131028262406404E+000 -0.138700511354253E+003 -0.138700511354253E+003
  0.144421767240999E+001  0.501362349024504E+000  0.826342467152467E+000  0.497714127786378E+000 -0.131028262406404E+000 -0.138702399376205E+003 -0.138702399376205E+003
  0.148347526817437E+001  0.500056945542799E+000  0.643864280009628E+000  0.498472347606359E+000 -0.131028262406404E+000 -0.138703874589862E+003 -0.138703874589862E+003
  0.139934657674608E+001  0.501828774932522E+000  0.823430794920827E+000  0.499223994921818E+000 -0.131028262406404E+000 -0.138697589861099E+003 -0.138697589861099E+003
  0.143345390922691E+001  0.501467425016394E+000  0.652000285389321E+000  0.498032205766983E+000 -0.131028262406404E+000 -0.138700935593857E+003 -0.138700935593857E+003
  0.136074749886345E+001  0.506158773277729E+000  0.988503915823329E+000  0.498799132183742E+000 -0.131028262406404E+000 -0.138704769092698E+003 -0.138704769092698E+003
  0.141870627554998E+001  0.503811805652469E+000  0.798929025758136E+000  0.499994308824553E+000 -0.131028262406404E+000 -0.138696740076618E+003 -0.138696740076618E+003
  0.145448932696481E+001  0.500210273030987E+000  0.953391645286252E+000  0.497510175778014E+000 -0.131028262406404E+000 -0.138702856831851E+003 -0.138702856831851E+003
  0.140794168846179E+001  0.514054012516817E+000  0.612542217280038E+000  0.499867047120279E+000 -0.131028262406404E+000 -0.138704982098958E+003 -0.138704982098958E+003
  0.149890698908187E+001  0.503275065266509E+000  0.617486975098776E+000  0.499301909916603E+000 -0.131028262406404E+000 -0.138707751977312E+003 -0.138707751977312E+003
  0.144540170619666E+001  0.504337106814774E+000  0.885292966267314E+000  0.498805371051906E+000 -0.131028262406404E+000 -0.138701950495013E+003 -0.138701950495013E+003
  0.136586833671400E+001  0.502323198333038E+000  0.911322028594444E+000  0.499219799199942E+000 -0.131028262406404E+000 -0.138700478033630E+003 -0.138700478033630E+003
  0.143572187964188E+001  0.503098686192797E+000  0.557204392883669E+000  0.499966576806362E+000 -0.131028262406404E+000 -0.138696936936403E+003 -0.138696936936403E+003
  0.139839585048599E+001  0.503060461098003E+000  0.767031253046915E+000  0.497274759780480E+000 -0.131028262406404E+000 -0.138704153208584E+003 -0.138704153208584E+003
  0.135174400944954E+001  0.502835481876390E+000  0.918521036437781E+000  0.499210494460710E+000 -0.131028262406404E+000 -0.138702716253377E+003 -0.138702716253377E+003
  0.134094887593286E+001  0.503722146193119E+000  0.818313922087117E+000  0.499179159316994E+000 -0.131028262406404E+000 -0.138705097650267E+003 -0.138705097650267E+003
  0.145921145439653E+001  0.504026715501083E+000  0.747328957063270E+000  0.498503779964405E+000 -0.131028262406404E+000 -0.138703945624261E+003 -0.138703945624261E+003
  0.137792849859794E+001  0.507285165563674E+000  0.982809649440224E+000  0.499265623798735E+000 -0.131028262406404E+000 -0.138702479339457E+003 -0.138702479339457E+003
