  0.329576182758778E+000  0.775085108475646E+000  0.961913213502708E+000  0.498246239755554E+000 -0.131028262406404E+000 -0.125342109640554E+003 -0.125342109640554E+003 -0.125345237335301E+003
  0.312964159221779E+000  0.786069959838065E+000  0.921839017689404E+000  0.497376854828421E+000 -0.131028262406404E+000 -0.125342278148315E+003 -0.125342278148315E+003 -0.125342732866558E+003
  0.322655305780391E+000  0.705179795548387E+000  0.319569894145961E+000  0.497852319039808E+000 -0.131028262406404E+000 -0.125342245856992E+003 -0.125342245856992E+003 -0.125342364064945E+003
  0.309745830374506E+000  0.791824197387108E+000  0.784597127169686E+000  0.499595779190176E+000 -0.131028262406404E+000 -0.125341696129476E+003 -0.125341696129476E+003 -0.125342937377217E+003
  0.338975798932818E+000  0.697854831563590E+000  0.946193953464937E+000  0.499799749939565E+000 -0.131028262406404E+000 -0.125341982874885E+003 -0.125341982874885E+003 -0.125344060300922E+003
  0.308059413927328E+000  0.774700663313822E+000  0.817906397410431E+000  0.498829210601464E+000 -0.131028262406404E+000 -0.125341903212796E+003 -0.125341903212796E+003 -0.125342736806193E+003
  0.314077363137567E+000  0.796221762202459E+000  0.689565579943765E+000  0.498108936491083E+000 -0.131028262406404E+000 -0.125342140493586E+003 -0.125342140493586E+003 -0.125342871603555E+003
  0.338702928490773E+000  0.725870100043014E+000  0.834664799342327E+000  0.499243639549795E+000 -0.131028262406404E+000 -0.125341950387332E+003 -0.125341950387332E+003 -0.125342522372638E+003
  0.335006987424122E+000  0.691128425774085E+000  0.122980652723333E+000  0.498802665064836E+000 -0.131028262406404E+000 -0.125342201043775E+003 -0.125342201043775E+003 -0.125342498054700E+003
  0.310984255262844E+000  0.776271165686433E+000  0.911921132825780E+000  0.497448272633627E+000 -0.131028262406404E+000 -0.125342236152009E+003 -0.125342236152009E+003 -0.125342426464782E+003
  0.320564202585593E+000  0.740178536735492E+000  0.786440945418877E+000  0.497357092399367E+000 -0.131028262406404E+000 -0.125342100589180E+003 -0.125342100589180E+003 -0.125345449299738E+003
  0.324307638558048E+000  0.726081849073041E+000  0.243220656404737E+000  0.499630924475330E+000 -0.131028262406404E+000 -0.125341550735287E+003 -0.125341550735287E+003 -0.125342619989949E+003
  0.328431973539912E+000  0.734351664255523E+000  0.840940011178745E+000  0.497126162872451E+000 -0.131028262406404E+000 -0.125342197932253E+003 -0.125342197932253E+003 -0.125343975656205E+003
  0.307241719650278E+000  0.755464897944167E+000  0.832309907306610E+000  0.498248295585544E+000 -0.131028262406404E+000 -0.125342140489204E+003 -0.125342140489204E+003 -0.125345783591578E+003
  0.320300365928021E+000  0.705324503987138E+000  0.867137742049319E+000  0.499655619057747E+000 -0.131028262406404E+000 -0.125341840716994E+003 -0.125341840716994E+003 -0.125342526327359E+003
  0.319652020802944E+000  0.757497778077910E+000  0.747819759025663E+000  0.496610881568443E+000 -0.131028262406404E+000 -0.125342303979108E+003 -0.125342303979108E+003 -0.125343705376610E+003
  0.323765491601611E+000  0.769282608993812E+000  0.430052837208264E+000  0.497928739316361E+000 -0.131028262406404E+000 -0.125341998266219E+003 -0.125341998266219E+003 -0.125344895862455E+003
  0.328768345999166E+000  0.699836776064202E+000  0.146284888223009E+000  0.499467149238044E+000 -0.131028262406404E+000 -0.125341873545980E+003 -0.125341873545980E+003 -0.125343195575931E+003
  0.342506672462007E+000  0.736623483634171E+000  0.581604535123195E+000  0.498865707481185E+000 -0.131028262406404E+000 -0.125342263504877E+003 -0.125342263504877E+003 -0.125346116602454E+003
  0.321944209032412E+000  0.739874279723632E+000  0.905327241145052E+000  0.499981216857026E+000 -0.131028262406404E+000 -0.125341378083400E+003 -0.125341378083400E+003 -0.125342960868906E+003
  0.317314622066982E+000  0.767728954720907E+000  0.551854577658584E+000  0.497224081114371E+000 -0.131028262406404E+000 -0.125342170580211E+003 -0.125342170580211E+003 -0.125342651047988E+003
  0.314362720634323E+000  0.710181420261198E+000  0.389640998853830E+000  0.498938302221729E+000 -0.131028262406404E+000 -0.125342131049563E+003 -0.125342131049563E+003 -0.125342578620660E+003
  0.317649803206029E+000  0.760279136119757E+000  0.767842752266555E+000  0.498314581035703E+000 -0.131028262406404E+000 -0.125341832636516E+003 -0.125341832636516E+003 -0.125343391643158E+003
  0.338101870442274E+000  0.716243681170817E+000  0.310124415781168E+000  0.498841106093916E+000 -0.131028262406404E+000 -0.125342052211249E+003 -0.125342052211249E+003 -0.125349971266074E+003
  0.325895521687427E+000  0.689990943421080E+000  0.921263384432700E+000  0.498704720704482E+000 -0.131028262406404E+000 -0.125342227940058E+003 -0.125342227940058E+003 -0.125344409367915E+003
  0.340880652470898E+000  0.759507066224525E+000  0.320668794578174E+000  0.498832956288930E+000 -0.131028262406404E+000 -0.125342351334347E+003 -0.125342351334347E+003 -0.125342466768141E+003
  0.305501098559400E+000  0.835717629713686E+000  0.120938156161016E+000  0.499799655780987E+000 -0.131028262406404E+000 -0.125342297682810E+003 -0.125342297682810E+003 -0.125342561081461E+003
  0.321422620908794E+000  0.760241288798372E+000  0.954480204994158E+000  0.499011395512266E+000 -0.131028262406404E+000 -0.125341623269348E+003 -0.125341623269348E+003 -0.125352875689486E+003
  0.340940315242629E+000  0.703039719541958E+000  0.580184474199076E+000  0.498418307331301E+000 -0.131028262406404E+000 -0.125342334419113E+003 -0.125342334419113E+003 -0.125342413531622E+003
  0.328750561300691E+000  0.710926642000299E+000  0.754388509943383E+000  0.498290561519948E+000 -0.131028262406404E+000 -0.125342032313394E+003 -0.125342032313394E+003 -0.125342680431432E+003
  0.321271123455391E+000  0.784629053224915E+000  0.317810403131636E+000  0.498851466983615E+000 -0.131028262406404E+000 -0.125341822513106E+003 -0.125341822513106E+003 -0.125342956679189E+003
  0.315071812730435E+000  0.740885581238586E+000  0.243563070507415E+000  0.497153007368910E+000 -0.131028262406404E+000 -0.125342249082322E+003 -0.125342249082322E+003 -0.125342377610228E+003
  0.323700716200653E+000  0.757414565146289E+000  0.992506728891994E+000  0.499469576336701E+000 -0.131028262406404E+000 -0.125341502836234E+003 -0.125341502836234E+003 -0.125342383678877E+003
  0.334013822759431E+000  0.754001795085175E+000  0.791697152266193E+000  0.497946931894532E+000 -0.131028262406404E+000 -0.125342175989945E+003 -0.125342175989945E+003 -0.125342590656745E+003
  0.305396691596342E+000  0.774937083344172E+000  0.271580434764727E+000  0.499026212485851E+000 -0.131028262406404E+000 -0.125341946198986E+003 -0.125341946198986E+003 -0.125342847426428E+003
  0.326043884371598E+000  0.815653534060671E+000  0.253695128388447E+000  0.499495021102986E+000 -0.131028262406404E+000 -0.125342280659199E+003 -0.125342280659199E+003 -0.125343042426689E+003
  0.301046422777248E+000  0.779747661367142E+000  0.369064554404877E+000  0.499290156676050E+000 -0.131028262406404E+000 -0.125342077950960E+003 -0.125342077950960E+003 -0.125342460517425E+003
  0.321798153762490E+000  0.716606583367475E+000  0.961252927532613E+000  0.497266674988595E+000 -0.131028262406404E+000 -0.125342271814953E+003 -0.125342271814953E+003 -0.125343528351592E+003
  0.333652939089040E+000  0.685843122191866E+000  0.642279566684182E+000  0.499802069026405E+000 -0.131028262406404E+000 -0.125342031607256E+003 -0.125342031607256E+003 -0.125342476284806E+003
  0.332564597284547E+000  0.749096540309720E+000  0.728162508722379E+000  0.497402923984678E+000 -0.131028262406404E+000 -0.125342243226955E+003 -0.125342243226955E+003 -0.125348257205838E+003
  0.317443464956143E+000  0.769262622325886E+000  0.301785407172180E-001  0.498915941323069E+000 -0.131028262406404E+000 -0.125341680414214E+003 -0.125341680414214E+003 -0.125342579541410E+003
  0.324510659394778E+000  0.804060635717508E+000  0.206067642551341E+000  0.499754688521967E+000 -0.131028262406404E+000 -0.125341901748814E+003 -0.125341901748814E+003 -0.125342577877229E+003
  0.314737664337864E+000  0.767858928760036E+000  0.856601436092479E+000  0.499480627786660E+000 -0.131028262406404E+000 -0.125341539144185E+003 -0.125341539144185E+003 -0.125342380877070E+003
  0.328242550395976E+000  0.700623288705839E+000  0.835514010083682E+000  0.498957205089040E+000 -0.131028262406404E+000 -0.125341986242365E+003 -0.125341986242365E+003 -0.125343848830912E+003
  0.329483515624839E+000  0.770807964359948E+000  0.193827151196584E+000  0.499764569606005E+000 -0.131028262406404E+000 -0.125341624274605E+003 -0.125341624274605E+003 -0.125342412313773E+003
  0.312951731084501E+000  0.747859965331564E+000  0.843574446161209E+000  0.497919575249301E+000 -0.131028262406404E+000 -0.125342058177687E+003 -0.125342058177687E+003 -0.125342638936039E+003
  0.324934211962005E+000  0.734834322000652E+000  0.339844263472078E+000  0.497062410473826E+000 -0.131028262406404E+000 -0.125342185301565E+003 -0.125342185301565E+003 -0.125343945858094E+003
  0.328390058962546E+000  0.711542231855160E+000  0.506198015026957E+000  0.499928209124908E+000 -0.131028262406404E+000 -0.125341615500645E+003 -0.125341615500645E+003 -0.125342539334832E+003
  0.336117854456091E+000  0.734998225784763E+000  0.561800668657050E+000  0.498454700312231E+000 -0.131028262406404E+000 -0.125342048107853E+003 -0.125342048107853E+003 -0.125343942819816E+003
  0.322681177138264E+000  0.781787059735322E+000  0.315283411326990E+000  0.497408563297790E+000 -0.131028262406404E+000 -0.125342245996907E+003 -0.125342245996907E+003 -0.125342519694728E+003
  0.306669557469446E+000  0.729705499046869E+000  0.175368418322037E+000  0.499149633384156E+000 -0.131028262406404E+000 -0.125342154450918E+003 -0.125342154450918E+003 -0.125343175965831E+003
  0.311778622996859E+000  0.771751263521187E+000  0.712180000157278E+000  0.497503351823213E+000 -0.131028262406404E+000 -0.125342186110984E+003 -0.125342186110984E+003 -0.125342790299671E+003
  0.315436776917873E+000  0.753297470985233E+000  0.688677156979705E+000  0.498123237256446E+000 -0.131028262406404E+000 -0.125341921786047E+003 -0.125341921786047E+003 -0.125342398964971E+003
  0.316597039530498E+000  0.789712623484218E+000  0.967727746270911E+000  0.498079030414812E+000 -0.131028262406404E+000 -0.125342073980424E+003 -0.125342073980424E+003 -0.125342499225782E+003
  0.319121268389361E+000  0.785047823097851E+000  0.856546107959714E-001  0.497058567452623E+000 -0.131028262406404E+000 -0.125342344540690E+003 -0.125342344540690E+003 -0.125342516527586E+003
  0.318801126904320E+000  0.789776071640602E+000  0.657985000183302E+000  0.499665560327679E+000 -0.131028262406404E+000 -0.125341602595826E+003 -0.125341602595826E+003 -0.125342394157589E+003
  0.338789174845523E+000  0.696565704972431E+000  0.537670818141601E+000  0.499384303825163E+000 -0.131028262406404E+000 -0.125342087420469E+003 -0.125342087420469E+003 -0.125342993354667E+003
  0.302010749858908E+000  0.791812051054156E+000  0.455246999744862E-001  0.498689598413847E+000 -0.131028262406404E+000 -0.125342237610384E+003 -0.125342237610384E+003 -0.125342459127383E+003
  0.309841658364174E+000  0.724274664189177E+000  0.429206572491406E+000  0.499996081887455E+000 -0.131028262406404E+000 -0.125341837501693E+003 -0.125341837501693E+003 -0.125342474703181E+003
  0.297805311904888E+000  0.811191816082606E+000  0.606256651209567E-001  0.499530039608018E+000 -0.131028262406404E+000 -0.125342304029373E+003 -0.125342304029373E+003 -0.125342453369050E+003
  0.313603804943941E+000  0.693003072747263E+000  0.473077250094660E+000  0.499857576689314E+000 -0.131028262406404E+000 -0.125342267662858E+003 -0.125342267662858E+003 -0.125343691215722E+003
  0.319172207176861E+000  0.732004046404854E+000  0.304445075264651E-001  0.497535409506316E+000 -0.131028262406404E+000 -0.125342111389047E+003 -0.125342111389047E+003 -0.125343481081063E+003
  0.300993501531548E+000  0.788018378995650E+000  0.820397476469447E+000  0.498776916910553E+000 -0.131028262406404E+000 -0.125342247571433E+003 -0.125342247571433E+003 -0.125344136740631E+003
  0.307631862446384E+000  0.797471784798595E+000  0.206586359413712E+000  0.498605495832358E+000 -0.131028262406404E+000 -0.125342096465312E+003 -0.125342096465312E+003 -0.125342408171956E+003
  0.304703533788622E+000  0.733202240894418E+000  0.496404792214073E+000  0.498796258254512E+000 -0.131028262406404E+000 -0.125342320385331E+003 -0.125342320385331E+003 -0.125342622081343E+003
  0.330186094483846E+000  0.740081453719113E+000  0.278835229053487E+000  0.499453994099391E+000 -0.131028262406404E+000 -0.125341600937701E+003 -0.125341600937701E+003 -0.125343404408251E+003
  0.300466825641380E+000  0.782347482987319E+000  0.923503121991724E+000  0.499489083770730E+000 -0.131028262406404E+000 -0.125342049312838E+003 -0.125342049312838E+003 -0.125342760206072E+003
  0.320193407392960E+000  0.726425792369915E+000  0.333086374630102E+000  0.498343565958975E+000 -0.131028262406404E+000 -0.125341921729237E+003 -0.125341921729237E+003 -0.125342513124632E+003
  0.314375893757099E+000  0.751013449659533E+000  0.879495404451288E+000  0.496735798780197E+000 -0.131028262406404E+000 -0.125342344405750E+003 -0.125342344405750E+003 -0.125342801311414E+003
  0.323815420709952E+000  0.744005836583944E+000  0.868610633708702E+000  0.498326054213566E+000 -0.131028262406404E+000 -0.125341817092263E+003 -0.125341817092263E+003 -0.125344842507262E+003
  0.302669227254664E+000  0.744120101404464E+000  0.262677550324467E+000  0.499067164146562E+000 -0.131028262406404E+000 -0.125342243150931E+003 -0.125342243150931E+003 -0.125342913340314E+003
  0.315330887289999E+000  0.741795708957383E+000  0.145522476634217E+000  0.498850046812931E+000 -0.131028262406404E+000 -0.125341767385676E+003 -0.125341767385676E+003 -0.125343288833328E+003
  0.322382368605230E+000  0.740736131704326E+000  0.602294032969763E+000  0.499549221729547E+000 -0.131028262406404E+000 -0.125341490400785E+003 -0.125341490400785E+003 -0.125344009631024E+003
  0.313383793538305E+000  0.765461518931334E+000  0.375642528794184E+000  0.497725801688364E+000 -0.131028262406404E+000 -0.125342072696036E+003 -0.125342072696036E+003 -0.125342716597461E+003
  0.334371556985144E+000  0.708664154705349E+000  0.773394998399603E+000  0.499985553284914E+000 -0.131028262406404E+000 -0.125341710806110E+003 -0.125341710806110E+003 -0.125342692758143E+003
  0.334288569121817E+000  0.747583282728005E+000  0.785401215424853E+000  0.498624721619204E+000 -0.131028262406404E+000 -0.125341966060914E+003 -0.125341966060914E+003 -0.125346947080783E+003
  0.339596913042799E+000  0.750379434927180E+000  0.519833136095486E+000  0.498625016159335E+000 -0.131028262406404E+000 -0.125342240387516E+003 -0.125342240387516E+003 -0.125343766756720E+003
  0.317207582705096E+000  0.753458914805175E+000  0.381345803894942E+000  0.499984121786501E+000 -0.131028262406404E+000 -0.125341367170411E+003 -0.125341367170411E+003 -0.125342509233862E+003
  0.322321184324198E+000  0.770592973990968E+000  0.794816582584477E+000  0.498692209116770E+000 -0.131028262406404E+000 -0.125341766154510E+003 -0.125341766154510E+003 -0.125342427984224E+003
  0.331432504351187E+000  0.716284512253656E+000  0.916417967713823E+000  0.498405443594207E+000 -0.131028262406404E+000 -0.125341986474974E+003 -0.125341986474974E+003 -0.125342366864749E+003
  0.320690038699595E+000  0.733382840348726E+000  0.805488823602725E+000  0.498245616522120E+000 -0.131028262406404E+000 -0.125341890283581E+003 -0.125341890283581E+003 -0.125342369632796E+003
  0.340006878068885E+000  0.730190250081795E+000  0.619956278037392E+000  0.498003345190812E+000 -0.131028262406404E+000 -0.125342329114368E+003 -0.125342329114368E+003 -0.125344106340199E+003
  0.330364799670039E+000  0.692754775233944E+000  0.289064629809098E+000  0.498589805680915E+000 -0.131028262406404E+000 -0.125342186823854E+003 -0.125342186823854E+003 -0.125343059859682E+003
  0.338315677579616E+000  0.755564161816329E+000  0.955185681237858E-001  0.499854205919961E+000 -0.131028262406404E+000 -0.125341875502546E+003 -0.125341875502546E+003 -0.125342861878609E+003
  0.316528407929376E+000  0.762481572701587E+000  0.571304028596061E+000  0.499352861176536E+000 -0.131028262406404E+000 -0.125341547194474E+003 -0.125341547194474E+003 -0.125345746296060E+003
  0.327926489765628E+000  0.757537019999125E+000  0.335933916424955E+000  0.497876698900656E+000 -0.131028262406404E+000 -0.125342021377328E+003 -0.125342021377328E+003 -0.125342848607109E+003
  0.315497252910873E+000  0.735603624402439E+000  0.620749648398864E-001  0.497398771964421E+000 -0.131028262406404E+000 -0.125342203196607E+003 -0.125342203196607E+003 -0.125342705509712E+003
  0.319997431675960E+000  0.800135811321244E+000  0.619566477942082E+000  0.499495683222044E+000 -0.131028262406404E+000 -0.125341799996158E+003 -0.125341799996158E+003 -0.125342374454868E+003
  0.327353602749068E+000  0.767125763738348E+000  0.873789333469399E-001  0.498956542767730E+000 -0.131028262406404E+000 -0.125341760119215E+003 -0.125341760119215E+003 -0.125342702968993E+003
  0.330055819278321E+000  0.715462159956112E+000  0.551714917273687E+000  0.499366086711568E+000 -0.131028262406404E+000 -0.125341732089559E+003 -0.125341732089559E+003 -0.125342361642069E+003
  0.323806942687825E+000  0.711124251717259E+000  0.742731487173131E+000  0.498879372227212E+000 -0.131028262406404E+000 -0.125341895414519E+003 -0.125341895414519E+003 -0.125342479648353E+003
  0.342272159271671E+000  0.741773051105934E+000  0.296873967926649E+000  0.499888456425465E+000 -0.131028262406404E+000 -0.125342009154294E+003 -0.125342009154294E+003 -0.125343153358870E+003
  0.318677584727758E+000  0.787646479690534E+000  0.997564268756665E+000  0.499956282682909E+000 -0.131028262406404E+000 -0.125341492500904E+003 -0.125341492500904E+003 -0.125343548984939E+003
  0.319994641047245E+000  0.748386601291686E+000  0.682870139342808E+000  0.499372414406556E+000 -0.131028262406404E+000 -0.125341524105315E+003 -0.125341524105315E+003 -0.125346891617137E+003
  0.325547588576442E+000  0.766259191423130E+000  0.240711727333165E+000  0.497940375146291E+000 -0.131028262406404E+000 -0.125342004622897E+003 -0.125342004622897E+003 -0.125343013422346E+003
  0.319434789665159E+000  0.766930670117452E+000  0.400839459217374E+000  0.499029521357934E+000 -0.131028262406404E+000 -0.125341633901594E+003 -0.125341633901594E+003 -0.125342446852214E+003
  0.342338558455636E+000  0.702726739289117E+000  0.893850922472475E+000  0.498895080808797E+000 -0.131028262406404E+000 -0.125342281227762E+003 -0.125342281227762E+003 -0.125342438712294E+003
  0.325982790469421E+000  0.764094834707767E+000  0.794527848925955E+000  0.496744086600265E+000 -0.131028262406404E+000 -0.125342342332369E+003 -0.125342342332369E+003 -0.125342976253128E+003
  0.315543007163210E+000  0.764031181181284E+000  0.654289222798442E+000  0.499531134401964E+000 -0.131028262406404E+000 -0.125341508984765E+003 -0.125341508984765E+003 -0.125343097379391E+003
  0.327284220071927E+000  0.736293894480898E+000  0.602366550384229E+000  0.499663943893782E+000 -0.131028262406404E+000 -0.125341501102016E+003 -0.125341501102016E+003 -0.125342930958237E+003
  0.332499347765098E+000  0.757039526911904E+000  0.840181008130355E+000  0.499294958661027E+000 -0.131028262406404E+000 -0.125341762760094E+003 -0.125341762760094E+003 -0.125343680909834E+003
  0.312487553035697E+000  0.765368413626191E+000  0.171285549926959E+000  0.497355660957637E+000 -0.131028262406404E+000 -0.125342201114244E+003 -0.125342201114244E+003 -0.125342573028238E+003
  0.319481860829983E+000  0.756111891565564E+000  0.471131470598497E+000  0.499879258308312E+000 -0.131028262406404E+000 -0.125341373930230E+003 -0.125341373930230E+003 -0.125343152044851E+003
  0.314981331195273E+000  0.789342156483748E+000  0.238691625947281E+000  0.497540909806707E+000 -0.131028262406404E+000 -0.125342238364400E+003 -0.125342238364400E+003 -0.125342916280953E+003
  0.321003924342662E+000  0.752852102921386E+000  0.777090177617734E+000  0.497771949286414E+000 -0.131028262406404E+000 -0.125341963824648E+003 -0.125341963824648E+003 -0.125342427162078E+003
  0.342233831758060E+000  0.719223714619636E+000  0.262038607971909E+000  0.498869406008755E+000 -0.131028262406404E+000 -0.125342218669928E+003 -0.125342218669928E+003 -0.125343038012546E+003
  0.321529008371393E+000  0.806602703906254E+000  0.703504075617337E+000  0.498714571371593E+000 -0.131028262406404E+000 -0.125342180372188E+003 -0.125342180372188E+003 -0.125342825478821E+003
  0.315202027864645E+000  0.808956347478684E+000  0.919195964091320E+000  0.498852800581497E+000 -0.131028262406404E+000 -0.125342080080202E+003 -0.125342080080202E+003 -0.125351966815434E+003
  0.323437714650441E+000  0.744486252162055E+000  0.445395441128776E+000  0.499580334410363E+000 -0.131028262406404E+000 -0.125341471301484E+003 -0.125341471301484E+003 -0.125344082989770E+003
  0.320224335646934E+000  0.704132045553205E+000  0.441153744133800E+000  0.497870249288853E+000 -0.131028262406404E+000 -0.125342306843874E+003 -0.125342306843874E+003 -0.125346176755141E+003
  0.340153885056041E+000  0.736001010567324E+000  0.491398295433319E+000  0.498600021051014E+000 -0.131028262406404E+000 -0.125342197154688E+003 -0.125342197154688E+003 -0.125345277118024E+003
  0.318630143157233E+000  0.725293510903434E+000  0.138642902569320E+000  0.499640152279450E+000 -0.131028262406404E+000 -0.125341618078663E+003 -0.125341618078663E+003 -0.125342985285180E+003
  0.331339473146238E+000  0.712504685421957E+000  0.202735050577101E+000  0.497298494052011E+000 -0.131028262406404E+000 -0.125342291171789E+003 -0.125342291171789E+003 -0.125342889986139E+003
  0.304321790574151E+000  0.746395218731989E+000  0.720367083448647E-001  0.498637819091986E+000 -0.131028262406404E+000 -0.125342241690959E+003 -0.125342241690959E+003 -0.125342381228063E+003
  0.314547757671830E+000  0.792457166205133E+000  0.198153598039945E+000  0.498348989313599E+000 -0.131028262406404E+000 -0.125342023678071E+003 -0.125342023678071E+003 -0.125342726804600E+003
  0.326824121902796E+000  0.723845027624606E+000  0.199263092622370E+000  0.498073408118118E+000 -0.131028262406404E+000 -0.125341975587371E+003 -0.125341975587371E+003 -0.125342510989407E+003
  0.315579499793489E+000  0.773842413859963E+000  0.716089434161091E+000  0.498247932126379E+000 -0.131028262406404E+000 -0.125341909597869E+003 -0.125341909597869E+003 -0.125342798756208E+003
  0.327200762440360E+000  0.801643043368043E+000  0.225355719461133E+000  0.499043546893921E+000 -0.131028262406404E+000 -0.125342179237659E+003 -0.125342179237659E+003 -0.125344625086455E+003
  0.315744589017404E+000  0.717620569635511E+000  0.830160355343937E+000  0.497639171481833E+000 -0.131028262406404E+000 -0.125342308900721E+003 -0.125342308900721E+003 -0.125343735371132E+003
  0.342068193574251E+000  0.715228379052772E+000  0.379531664222054E-002  0.499515395715880E+000 -0.131028262406404E+000 -0.125342060118092E+003 -0.125342060118092E+003 -0.125342661084428E+003
  0.334559201922959E+000  0.746112566211667E+000  0.316583988661235E+000  0.497257522594559E+000 -0.131028262406404E+000 -0.125342340827272E+003 -0.125342340827272E+003 -0.125342948816245E+003
  0.304863636191858E+000  0.767989720106858E+000  0.122327472292657E+000  0.499417422535151E+000 -0.131028262406404E+000 -0.125341862163146E+003 -0.125341862163146E+003 -0.125342655523944E+003
  0.324985136294149E+000  0.724020948307377E+000  0.526871136074700E+000  0.499657611120509E+000 -0.131028262406404E+000 -0.125341559325551E+003 -0.125341559325551E+003 -0.125342607598844E+003
  0.322570590695653E+000  0.712065904286638E+000  0.884396321156473E+000  0.499560366995069E+000 -0.131028262406404E+000 -0.125341726381503E+003 -0.125341726381503E+003 -0.125343443066886E+003
  0.311578167595782E+000  0.791368434317947E+000  0.163028064387147E+000  0.499909725905500E+000 -0.131028262406404E+000 -0.125341564033910E+003 -0.125341564033910E+003 -0.125343395398623E+003
  0.315446711043893E+000  0.743995752275078E+000  0.358774967104995E+000  0.497034925915704E+000 -0.131028262406404E+000 -0.125342257586852E+003 -0.125342257586852E+003 -0.125343855891321E+003
  0.319118002900379E+000  0.757648869551767E+000  0.693263872267617E+000  0.499618998056957E+000 -0.131028262406404E+000 -0.125341448845194E+003 -0.125341448845194E+003 -0.125342812722481E+003
  0.342863443011420E+000  0.727876240992384E+000  0.909188482044394E+000  0.499970214940246E+000 -0.131028262406404E+000 -0.125341977923608E+003 -0.125341977923608E+003 -0.125344280643398E+003
  0.338982186986166E+000  0.767530939321782E+000  0.259194190576584E+000  0.499282798492748E+000 -0.131028262406404E+000 -0.125342199611011E+003 -0.125342199611011E+003 -0.125343508058164E+003
  0.297491205540506E+000  0.816879282099396E+000  0.316079719336825E+000  0.499694908413803E+000 -0.131028262406404E+000 -0.125342319513408E+003 -0.125342319513408E+003 -0.125343242770315E+003
  0.313882377314425E+000  0.768341749929849E+000  0.220301827242218E+000  0.499602016070903E+000 -0.131028262406404E+000 -0.125341517995957E+003 -0.125341517995957E+003 -0.125342730768260E+003
  0.305233992190394E+000  0.793024483598335E+000  0.645526754088175E+000  0.499661245342598E+000 -0.131028262406404E+000 -0.125341809772539E+003 -0.125341809772539E+003 -0.125342470770167E+003
  0.327918034098752E+000  0.710172095928755E+000  0.991040423443548E+000  0.499373868348493E+000 -0.131028262406404E+000 -0.125341766576766E+003 -0.125341766576766E+003 -0.125342375023105E+003
  0.316478604578539E+000  0.736129879180890E+000  0.863341821155012E+000  0.498174011755737E+000 -0.131028262406404E+000 -0.125341963086692E+003 -0.125341963086692E+003 -0.125344102360825E+003
  0.338890895065437E+000  0.757352857027858E+000  0.156881722760441E-001  0.499390639119962E+000 -0.131028262406404E+000 -0.125342051023505E+003 -0.125342051023505E+003 -0.125342801933962E+003
  0.313341504314415E+000  0.764347277414958E+000  0.525021309570075E+000  0.498661460909099E+000 -0.131028262406404E+000 -0.125341799595271E+003 -0.125341799595271E+003 -0.125342616884562E+003
  0.326290293490798E+000  0.775324366191381E+000  0.410851096966281E-001  0.497969617856322E+000 -0.131028262406404E+000 -0.125342089595897E+003 -0.125342089595897E+003 -0.125342429110287E+003
  0.314637389723656E+000  0.774945187735603E+000  0.735931762674869E+000  0.497510923180149E+000 -0.131028262406404E+000 -0.125342144472393E+003 -0.125342144472393E+003 -0.125342455010567E+003
  0.310058323256528E+000  0.763003476869346E+000  0.987224049759237E+000  0.498037710364759E+000 -0.131028262406404E+000 -0.125342070121688E+003 -0.125342070121688E+003 -0.125342743406152E+003
  0.322561341882556E+000  0.716668899661415E+000  0.768853570448786E+000  0.497736495312192E+000 -0.131028262406404E+000 -0.125342139282618E+003 -0.125342139282618E+003 -0.125343134144591E+003
  0.336587071250448E+000  0.752290852083645E+000  0.927218015650832E+000  0.499948316490146E+000 -0.131028262406404E+000 -0.125341734390606E+003 -0.125341734390606E+003 -0.125343006301071E+003
  0.311897168830989E+000  0.720272413598860E+000  0.920228400738371E+000  0.499508697445210E+000 -0.131028262406404E+000 -0.125341930146707E+003 -0.125341930146707E+003 -0.125342580375052E+003
  0.306741865694837E+000  0.818580709927936E+000  0.865539527946331E+000  0.498716122775850E+000 -0.131028262406404E+000 -0.125342331881223E+003 -0.125342331881223E+003 -0.125342860697138E+003
  0.316434516451755E+000  0.721309407679706E+000  0.982956291179854E+000  0.497654152552694E+000 -0.131028262406404E+000 -0.125342239200309E+003 -0.125342239200309E+003 -0.125347384770230E+003
  0.329010085268983E+000  0.713773973251684E+000  0.322606561844385E+000  0.497739711981076E+000 -0.131028262406404E+000 -0.125342146949637E+003 -0.125342146949637E+003 -0.125343874342720E+003
  0.316177996172678E+000  0.763815772077060E+000  0.805392725554557E+000  0.499467723297375E+000 -0.131028262406404E+000 -0.125341519092296E+003 -0.125341519092296E+003 -0.125342492221242E+003
  0.320120563913207E+000  0.766941688307147E+000  0.503066647859695E+000  0.499441518237416E+000 -0.131028262406404E+000 -0.125341515666105E+003 -0.125341515666105E+003 -0.125343554465675E+003
  0.340508421633552E+000  0.750682495503282E+000  0.121735339560104E+000  0.499578780369472E+000 -0.131028262406404E+000 -0.125342040609892E+003 -0.125342040609892E+003 -0.125343203881790E+003
  0.327483348232438E+000  0.745849991141377E+000  0.317250434995525E+000  0.497036543136139E+000 -0.131028262406404E+000 -0.125342207791964E+003 -0.125342207791964E+003 -0.125342449206366E+003
  0.309110944897653E+000  0.727458031790947E+000  0.976840906487256E+000  0.498877714619461E+000 -0.131028262406404E+000 -0.125342128213709E+003 -0.125342128213709E+003 -0.125342955401335E+003
  0.329452394906323E+000  0.768016575805934E+000  0.272697332843780E+000  0.498476917384650E+000 -0.131028262406404E+000 -0.125341966924882E+003 -0.125341966924882E+003 -0.125346768260895E+003
  0.326106292246778E+000  0.718258453065089E+000  0.871185737494834E+000  0.497388368278550E+000 -0.131028262406404E+000 -0.125342191735599E+003 -0.125342191735599E+003 -0.125343007034186E+003
  0.315215691699034E+000  0.806450864520207E+000  0.571151009580727E+000  0.498800385029519E+000 -0.131028262406404E+000 -0.125342058314032E+003 -0.125342058314032E+003 -0.125342619202792E+003
  0.317410525021038E+000  0.748917009529720E+000  0.103433866287415E+000  0.497484598456613E+000 -0.131028262406404E+000 -0.125342077801178E+003 -0.125342077801178E+003 -0.125345929913999E+003
  0.309400183239598E+000  0.823774601712844E+000  0.696968949936087E+000  0.499167235752208E+000 -0.131028262406404E+000 -0.125342235348782E+003 -0.125342235348782E+003 -0.125342589976987E+003
  0.326519051956743E+000  0.696510070640385E+000  0.180817086471694E+000  0.497759675430283E+000 -0.131028262406404E+000 -0.125342343016778E+003 -0.125342343016778E+003 -0.125343553650984E+003
  0.322776310956231E+000  0.735642188638036E+000  0.697264635136042E+000  0.499931509305394E+000 -0.131028262406404E+000 -0.125341410764312E+003 -0.125341410764312E+003 -0.125342583495569E+003
  0.332094480453286E+000  0.741463867840356E+000  0.646801135121552E+000  0.497315998754904E+000 -0.131028262406404E+000 -0.125342225801211E+003 -0.125342225801211E+003 -0.125342634855600E+003
  0.327565710706154E+000  0.773757597547412E+000  0.101828261384093E+000  0.499772797182455E+000 -0.131028262406404E+000 -0.125341585743985E+003 -0.125341585743985E+003 -0.125342724740919E+003
  0.316073941189452E+000  0.735930683019902E+000  0.954365525008203E+000  0.497456411470154E+000 -0.131028262406404E+000 -0.125342170294076E+003 -0.125342170294076E+003 -0.125342517253202E+003
  0.335727114977291E+000  0.730802013842216E+000  0.414437156297361E-001  0.499858771366748E+000 -0.131028262406404E+000 -0.125341668403717E+003 -0.125341668403717E+003 -0.125342691899902E+003
  0.324727353819267E+000  0.702706391113733E+000  0.822090121552258E+000  0.498003205258894E+000 -0.131028262406404E+000 -0.125342213161538E+003 -0.125342213161538E+003 -0.125342454182314E+003
  0.308408456398502E+000  0.770317609627379E+000  0.722423932419373E+000  0.498454701220894E+000 -0.131028262406404E+000 -0.125341999481475E+003 -0.125341999481475E+003 -0.125342666703262E+003
  0.338371748781031E+000  0.738248411966483E+000  0.617675573272511E+000  0.499938567195260E+000 -0.131028262406404E+000 -0.125341764711220E+003 -0.125341764711220E+003 -0.125342812276774E+003
  0.310837148606740E+000  0.763265311431295E+000  0.852347713283759E+000  0.499389024369886E+000 -0.131028262406404E+000 -0.125341651937319E+003 -0.125341651937319E+003 -0.125342384271186E+003
  0.325274377384112E+000  0.746118630785026E+000  0.228209953977637E+000  0.497642651128504E+000 -0.131028262406404E+000 -0.125342013414810E+003 -0.125342013414810E+003 -0.125342462936442E+003
  0.316184010021793E+000  0.712764662335824E+000  0.877632401853893E+000  0.499772572211843E+000 -0.131028262406404E+000 -0.125341810460341E+003 -0.125341810460341E+003 -0.125342501068767E+003
  0.322653363320705E+000  0.810458320678670E+000  0.208767211836676E+000  0.498861698239213E+000 -0.131028262406404E+000 -0.125342238830580E+003 -0.125342238830580E+003 -0.125342746578943E+003
  0.320553460177940E+000  0.827478488115454E+000  0.356501419895698E+000  0.499686043825853E+000 -0.131028262406404E+000 -0.125342283642281E+003 -0.125342283642281E+003 -0.125344090757886E+003
  0.311312105823072E+000  0.745064273158302E+000  0.683866723863300E+000  0.498950041916772E+000 -0.131028262406404E+000 -0.125341838370027E+003 -0.125341838370027E+003 -0.125343401774701E+003
  0.324553583207502E+000  0.720178838182353E+000  0.139469673643005E+000  0.497239616095686E+000 -0.131028262406404E+000 -0.125342219296818E+003 -0.125342219296818E+003 -0.125343303060467E+003
  0.323515289695327E+000  0.766129971010029E+000  0.806684542222153E+000  0.499890907503641E+000 -0.131028262406404E+000 -0.125341410413855E+003 -0.125341410413855E+003 -0.125342696761921E+003
  0.334042025536406E+000  0.747183461616826E+000  0.418513249907033E+000  0.499928702361376E+000 -0.131028262406404E+000 -0.125341602732960E+003 -0.125341602732960E+003 -0.125342590893816E+003
  0.296453607144719E+000  0.766722300241145E+000  0.457978820756225E+000  0.499528388566068E+000 -0.131028262406404E+000 -0.125342348518842E+003 -0.125342348518842E+003 -0.125342877165256E+003
  0.338977969939007E+000  0.689158381727641E+000  0.468242827004733E+000  0.499474019960694E+000 -0.131028262406404E+000 -0.125342157516549E+003 -0.125342157516549E+003 -0.125342684137782E+003
  0.314486993181126E+000  0.762116656637500E+000  0.602165465758553E+000  0.497684734895518E+000 -0.131028262406404E+000 -0.125342059759632E+003 -0.125342059759632E+003 -0.125342362506778E+003
  0.327165502484000E+000  0.712985020514879E+000  0.693160874877339E+000  0.497156851386668E+000 -0.131028262406404E+000 -0.125342295371819E+003 -0.125342295371819E+003 -0.125342385039138E+003
  0.310067901268915E+000  0.742587210158112E+000  0.267725409533810E+000  0.498138798667731E+000 -0.131028262406404E+000 -0.125342130652134E+003 -0.125342130652134E+003 -0.125342402033912E+003
  0.338922099330200E+000  0.739388533500090E+000  0.396779901351866E+000  0.499613733671796E+000 -0.131028262406404E+000 -0.125341880178706E+003 -0.125341880178706E+003 -0.125346356646868E+003
  0.317009055127261E+000  0.780232954878842E+000  0.461322502726670E+000  0.497542123427816E+000 -0.131028262406404E+000 -0.125342150643934E+003 -0.125342150643934E+003 -0.125343844475897E+003
  0.309561686738424E+000  0.768191384774032E+000  0.954779572211354E+000  0.497229493280523E+000 -0.131028262406404E+000 -0.125342323026354E+003 -0.125342323026354E+003 -0.125342867693309E+003
  0.325639844418684E+000  0.806042390583372E+000  0.179285583579544E+000  0.499547426235553E+000 -0.131028262406404E+000 -0.125342044468272E+003 -0.125342044468272E+003 -0.125344329283726E+003
  0.297664031002787E+000  0.765031036904636E+000  0.246094812509346E+000  0.499259711454043E+000 -0.131028262406404E+000 -0.125342349848494E+003 -0.125342349848494E+003 -0.125342666456999E+003
  0.311585106237123E+000  0.732270529596343E+000  0.317873674008335E+000  0.497709381333787E+000 -0.131028262406404E+000 -0.125342277970203E+003 -0.125342277970203E+003 -0.125343323771954E+003
  0.311573719141598E+000  0.791566485194830E+000  0.709932206864399E+000  0.498753334902541E+000 -0.131028262406404E+000 -0.125341920599364E+003 -0.125341920599364E+003 -0.125342430312870E+003
  0.337350875112437E+000  0.734855994955560E+000  0.420247197230939E+000  0.499391459130002E+000 -0.131028262406404E+000 -0.125341854204023E+003 -0.125341854204023E+003 -0.125342449709393E+003
  0.301629650063101E+000  0.758122413475242E+000  0.546233782189504E+000  0.499566032295833E+000 -0.131028262406404E+000 -0.125342041644271E+003 -0.125342041644271E+003 -0.125343216188925E+003
  0.328617842173192E+000  0.774989310281359E+000  0.948066430088199E+000  0.499102519307340E+000 -0.131028262406404E+000 -0.125341825887125E+003 -0.125341825887125E+003 -0.125344537704857E+003
  0.316454210641182E+000  0.773848277684057E+000  0.680650414699433E+000  0.497859354908890E+000 -0.131028262406404E+000 -0.125342017451222E+003 -0.125342017451222E+003 -0.125343125601476E+003
  0.335901235396082E+000  0.715980424833605E+000  0.791001430416543E+000  0.497850580294259E+000 -0.131028262406404E+000 -0.125342227937978E+003 -0.125342227937978E+003 -0.125358762699921E+003
  0.338537711261226E+000  0.771758451295824E+000  0.994799631834428E+000  0.499171577354282E+000 -0.131028262406404E+000 -0.125342259224009E+003 -0.125342259224009E+003 -0.125342568405425E+003
  0.324684072969657E+000  0.757473416329613E+000  0.772940401663246E+000  0.499736022115259E+000 -0.131028262406404E+000 -0.125341439551129E+003 -0.125341439551129E+003 -0.125342400516408E+003
  0.317257261975803E+000  0.703187868839737E+000  0.976228551416882E+000  0.499318661880759E+000 -0.131028262406404E+000 -0.125342046761202E+003 -0.125342046761202E+003 -0.125345841184394E+003
  0.308186421962324E+000  0.799995845829293E+000  0.405063346217337E+000  0.498351587785197E+000 -0.131028262406404E+000 -0.125342185790880E+003 -0.125342185790880E+003 -0.125342763771357E+003
  0.325203078519747E+000  0.683554614714979E+000  0.307668677237464E+000  0.499518606733144E+000 -0.131028262406404E+000 -0.125342169375991E+003 -0.125342169375991E+003 -0.125342936412929E+003
  0.308509812105882E+000  0.736877360495880E+000  0.730137900233669E+000  0.498311687034229E+000 -0.131028262406404E+000 -0.125342202603120E+003 -0.125342202603120E+003 -0.125343455280583E+003
  0.303530756490936E+000  0.729197625640053E+000  0.336369140006388E+000  0.499376312682519E+000 -0.131028262406404E+000 -0.125342293377735E+003 -0.125342293377735E+003 -0.125342595017534E+003
  0.317935634140182E+000  0.765036001803839E+000  0.743816488223446E+000  0.499069959964132E+000 -0.131028262406404E+000 -0.125341620739014E+003 -0.125341620739014E+003 -0.125344081756740E+003
  0.310511549301854E+000  0.767355604798185E+000  0.842555207880167E+000  0.497606078466500E+000 -0.131028262406404E+000 -0.125342181771847E+003 -0.125342181771847E+003 -0.125342357243254E+003
  0.303629994161391E+000  0.813723937152519E+000  0.670606257188310E+000  0.499032213585426E+000 -0.131028262406404E+000 -0.125342243588557E+003 -0.125342243588557E+003 -0.125343069635908E+003
  0.328496658852576E+000  0.783715644208624E+000  0.799342134187783E+000  0.499192692815700E+000 -0.131028262406404E+000 -0.125341898576904E+003 -0.125341898576904E+003 -0.125342421476043E+003
  0.338623049990890E+000  0.710889331769710E+000  0.165867656366043E+000  0.498183311532193E+000 -0.131028262406404E+000 -0.125342258183439E+003 -0.125342258183439E+003 -0.125343965485347E+003
  0.327498787754350E+000  0.683187414136769E+000  0.664692933746648E+000  0.499875322449152E+000 -0.131028262406404E+000 -0.125342063368820E+003 -0.125342063368820E+003 -0.125343279303928E+003
  0.321702158385199E+000  0.700984211975617E+000  0.571060291301180E+000  0.499846866300620E+000 -0.131028262406404E+000 -0.125341833687332E+003 -0.125341833687332E+003 -0.125344622109832E+003
  0.325616022321707E+000  0.718188964657525E+000  0.234155292894357E+000  0.496813209608053E+000 -0.131028262406404E+000 -0.125342341768627E+003 -0.125342341768627E+003 -0.125342435900152E+003
  0.327603200792087E+000  0.797423574064412E+000  0.520299298119334E+000  0.498759746052739E+000 -0.131028262406404E+000 -0.125342205457213E+003 -0.125342205457213E+003 -0.125343294663673E+003
  0.309040928955056E+000  0.760115109379972E+000  0.707648365073492E+000  0.497987120650554E+000 -0.131028262406404E+000 -0.125342125533276E+003 -0.125342125533276E+003 -0.125342430625256E+003
  0.332752772573415E+000  0.700699053896899E+000  0.340531308415044E+000  0.499246185706798E+000 -0.131028262406404E+000 -0.125341943447008E+003 -0.125341943447008E+003 -0.125342501403628E+003
  0.325199093823472E+000  0.740778072655421E+000  0.826235060775643E-001  0.498898820256574E+000 -0.131028262406404E+000 -0.125341674339977E+003 -0.125341674339977E+003 -0.125342564564185E+003
  0.317222341509974E+000  0.719976346886962E+000  0.134153388367393E+000  0.498360765648349E+000 -0.131028262406404E+000 -0.125342046363386E+003 -0.125342046363386E+003 -0.125342395991565E+003
  0.312404821831181E+000  0.772111792314012E+000  0.878038509026679E+000  0.497022136670587E+000 -0.131028262406404E+000 -0.125342316378123E+003 -0.125342316378123E+003 -0.125342462161617E+003
  0.329231746261771E+000  0.804465790637460E+000  0.705367977948234E+000  0.499392854310487E+000 -0.131028262406404E+000 -0.125342222314220E+003 -0.125342222314220E+003 -0.125342411543350E+003
  0.339125769072051E+000  0.728443657424210E+000  0.674510629014502E+000  0.498054950309023E+000 -0.131028262406404E+000 -0.125342272137038E+003 -0.125342272137038E+003 -0.125343755799617E+003
  0.330236687419870E+000  0.733889592437359E+000  0.922994552555461E+000  0.498082499279861E+000 -0.131028262406404E+000 -0.125341973928048E+003 -0.125341973928048E+003 -0.125342661014514E+003
  0.330339104274608E+000  0.764163681056697E+000  0.613143148275640E+000  0.498957665132542E+000 -0.131028262406404E+000 -0.125341828093541E+003 -0.125341828093541E+003 -0.125342387317569E+003
  0.333337195187400E+000  0.733031420001775E+000  0.940361227383419E+000  0.498807099258834E+000 -0.131028262406404E+000 -0.125341860205499E+003 -0.125341860205499E+003 -0.125345504013435E+003
  0.344212872620810E+000  0.699440254058016E+000  0.406054176169716E+000  0.499575367369940E+000 -0.131028262406404E+000 -0.125342230419128E+003 -0.125342230419128E+003 -0.125344601484026E+003
  0.321016617076091E+000  0.720526788337029E+000  0.212945929262820E+000  0.497812996633969E+000 -0.131028262406404E+000 -0.125342102494845E+003 -0.125342102494845E+003 -0.125342732965067E+003
  0.327858418576638E+000  0.743500923023089E+000  0.189101595991268E+000  0.499449307271477E+000 -0.131028262406404E+000 -0.125341553674683E+003 -0.125341553674683E+003 -0.125342439799363E+003
  0.299901318909614E+000  0.822918299514641E+000  0.485384206045891E+000  0.499544793470224E+000 -0.131028262406404E+000 -0.125342327792438E+003 -0.125342327792438E+003 -0.125342527004003E+003
  0.308975154061529E+000  0.749565309769904E+000  0.313768112840005E+000  0.497866442331883E+000 -0.131028262406404E+000 -0.125342206052947E+003 -0.125342206052947E+003 -0.125343754087703E+003
  0.325446577139386E+000  0.750135607079643E+000  0.702166444706007E+000  0.499307105700811E+000 -0.131028262406404E+000 -0.125341557563883E+003 -0.125341557563883E+003 -0.125342883643787E+003
  0.335198279873367E+000  0.752882692099254E+000  0.235294776314438E+000  0.499040135115535E+000 -0.131028262406404E+000 -0.125341919432494E+003 -0.125341919432494E+003 -0.125342996127416E+003
  0.315681759084143E+000  0.735505152098817E+000  0.369872861561160E+000  0.499792094409625E+000 -0.131028262406404E+000 -0.125341547443156E+003 -0.125341547443156E+003 -0.125342407473033E+003
  0.340908693764299E+000  0.724516278220670E+000  0.372605528700908E+000  0.499691858246445E+000 -0.131028262406404E+000 -0.125341941548547E+003 -0.125341941548547E+003 -0.125343793824349E+003
  0.309184000188110E+000  0.733406990345533E+000  0.748578002903690E+000  0.498969143977734E+000 -0.131028262406404E+000 -0.125342027196606E+003 -0.125342027196606E+003 -0.125342800771944E+003
  0.325101791644446E+000  0.734763704184836E+000  0.945159593644933E+000  0.499930935785143E+000 -0.131028262406404E+000 -0.125341418024912E+003 -0.125341418024912E+003 -0.125342463666997E+003
  0.317493568964002E+000  0.743807385128239E+000  0.864097718066431E+000  0.497754416546055E+000 -0.131028262406404E+000 -0.125342016516017E+003 -0.125342016516017E+003 -0.125345167238972E+003
  0.297627795779426E+000  0.769640232338593E+000  0.727758421669948E+000  0.499804423740580E+000 -0.131028262406404E+000 -0.125342164443041E+003 -0.125342164443041E+003 -0.125342743427922E+003
  0.319540285300698E+000  0.723849192057176E+000  0.193868213297827E+000  0.499089618397980E+000 -0.131028262406404E+000 -0.125341760094749E+003 -0.125341760094749E+003 -0.125342368552309E+003
  0.341248650862421E+000  0.715909383454940E+000  0.114058679856069E+000  0.499176328929136E+000 -0.131028262406404E+000 -0.125342101838621E+003 -0.125342101838621E+003 -0.125345463456003E+003
  0.331086484228920E+000  0.695441136244518E+000  0.888228897852563E+000  0.498599741792576E+000 -0.131028262406404E+000 -0.125342149096590E+003 -0.125342149096590E+003 -0.125342556696437E+003
  0.315446581147718E+000  0.721079763875093E+000  0.784471412231985E-001  0.497881918483682E+000 -0.131028262406404E+000 -0.125342212490137E+003 -0.125342212490137E+003 -0.125342400006151E+003
  0.325203142960513E+000  0.754250348225485E+000  0.539707837747802E+000  0.498823418406073E+000 -0.131028262406404E+000 -0.125341694696759E+003 -0.125341694696759E+003 -0.125342388114531E+003
  0.327925246230018E+000  0.795000068080619E+000  0.153283839751692E+000  0.499413913859458E+000 -0.131028262406404E+000 -0.125341978937322E+003 -0.125341978937322E+003 -0.125342801358955E+003
  0.323887369462051E+000  0.736361404474351E+000  0.673125184005036E+000  0.498532695461900E+000 -0.131028262406404E+000 -0.125341781814536E+003 -0.125341781814536E+003 -0.125342787856486E+003
  0.312169648036552E+000  0.724173238052867E+000  0.418967810775729E-001  0.499586324705520E+000 -0.131028262406404E+000 -0.125341843560728E+003 -0.125341843560728E+003 -0.125342664323614E+003
  0.330345893237012E+000  0.779230277348626E+000  0.828677840001211E+000  0.497790741298409E+000 -0.131028262406404E+000 -0.125342324292640E+003 -0.125342324292640E+003 -0.125347449001348E+003
  0.335392097660854E+000  0.786741511835987E+000  0.584861278987650E+000  0.499629380937283E+000 -0.131028262406404E+000 -0.125342163182454E+003 -0.125342163182454E+003 -0.125342822857567E+003
  0.330040908426663E+000  0.750076401982734E+000  0.378334682067669E-002  0.499978068085121E+000 -0.131028262406404E+000 -0.125341464429515E+003 -0.125341464429515E+003 -0.125342981874656E+003
  0.306576882256244E+000  0.760463856829915E+000  0.324655005459668E+000  0.497546499460490E+000 -0.131028262406404E+000 -0.125342354307365E+003 -0.125342354307365E+003 -0.125343521037902E+003
  0.305070834714279E+000  0.786494011329389E+000  0.960211838570124E+000  0.497984117564639E+000 -0.131028262406404E+000 -0.125342301385081E+003 -0.125342301385081E+003 -0.125342417919547E+003
  0.319833319272277E+000  0.800494022644791E+000  0.906065821836079E+000  0.498999212188207E+000 -0.131028262406404E+000 -0.125341955714201E+003 -0.125341955714201E+003 -0.125342471101821E+003
  0.311200239052354E+000  0.790168957489970E+000  0.165480140210032E-001  0.497796082981878E+000 -0.131028262406404E+000 -0.125342209596865E+003 -0.125342209596865E+003 -0.125344089282033E+003
  0.318720053459665E+000  0.796008655320452E+000  0.876426528150913E+000  0.498855381274170E+000 -0.131028262406404E+000 -0.125341921947865E+003 -0.125341921947865E+003 -0.125342737131297E+003
  0.312637812797755E+000  0.715822648565354E+000  0.122812495154358E+000  0.499683700177058E+000 -0.131028262406404E+000 -0.125341920141346E+003 -0.125341920141346E+003 -0.125342627549710E+003
  0.309847597601968E+000  0.801817983014601E+000  0.543288101481302E+000  0.498309909454506E+000 -0.131028262406404E+000 -0.125342185490236E+003 -0.125342185490236E+003 -0.125344297506385E+003
  0.301243342346543E+000  0.766967030320680E+000  0.973674069631469E-001  0.498840068405620E+000 -0.131028262406404E+000 -0.125342229158514E+003 -0.125342229158514E+003 -0.125342503473811E+003
  0.330317238197226E+000  0.800079435753979E+000  0.158306424221345E+000  0.499817660986728E+000 -0.131028262406404E+000 -0.125342060989460E+003 -0.125342060989460E+003 -0.125344105513163E+003
  0.309222605292056E+000  0.806960659149418E+000  0.162510264258734E+000  0.499556973225272E+000 -0.131028262406404E+000 -0.125341861857701E+003 -0.125341861857701E+003 -0.125342460160208E+003
  0.312126665384169E+000  0.757894187506752E+000  0.941990826679455E+000  0.498278312657394E+000 -0.131028262406404E+000 -0.125341945994621E+003 -0.125341945994621E+003 -0.125342386640397E+003
  0.313251123088658E+000  0.747607630008262E+000  0.863437526245696E+000  0.497334379474789E+000 -0.131028262406404E+000 -0.125342215675009E+003 -0.125342215675009E+003 -0.125342547889238E+003
  0.299828992508230E+000  0.796087730609112E+000  0.530254911156163E+000  0.498976827032788E+000 -0.131028262406404E+000 -0.125342275235226E+003 -0.125342275235226E+003 -0.125344708259720E+003
  0.321616973731685E+000  0.794511781655649E+000  0.668105012683361E+000  0.498813946166331E+000 -0.131028262406404E+000 -0.125341959359962E+003 -0.125341959359962E+003 -0.125342630767125E+003
  0.315153367485317E+000  0.749839657670103E+000  0.815127332233336E+000  0.498617626859702E+000 -0.131028262406404E+000 -0.125341797299330E+003 -0.125341797299330E+003 -0.125342605420937E+003
  0.323131242516312E+000  0.700168860516599E+000  0.755710763087571E+000  0.498138421751516E+000 -0.131028262406404E+000 -0.125342239310014E+003 -0.125342239310014E+003 -0.125342483832844E+003
  0.302297130574404E+000  0.829759962709326E+000  0.371748426263097E+000  0.499735902729659E+000 -0.131028262406404E+000 -0.125342282463450E+003 -0.125342282463450E+003 -0.125345311178937E+003
  0.309009733694929E+000  0.720825314886358E+000  0.391390123054818E+000  0.498899821251211E+000 -0.131028262406404E+000 -0.125342221308713E+003 -0.125342221308713E+003 -0.125350583957159E+003
  0.313072132137315E+000  0.735339150511396E+000  0.887215101442015E+000  0.498521243576136E+000 -0.131028262406404E+000 -0.125341972016083E+003 -0.125341972016083E+003 -0.125342570672235E+003
  0.312001401390683E+000  0.766288760039245E+000  0.747185513234713E-001  0.498576103681396E+000 -0.131028262406404E+000 -0.125341855792588E+003 -0.125341855792588E+003 -0.125343279285595E+003
  0.337409761227328E+000  0.743593771679919E+000  0.514319230925415E+000  0.498169522474035E+000 -0.131028262406404E+000 -0.125342205153197E+003 -0.125342205153197E+003 -0.125342734253489E+003
  0.334349108166598E+000  0.756910203198554E+000  0.584290175247265E+000  0.498240092280198E+000 -0.131028262406404E+000 -0.125342130092835E+003 -0.125342130092835E+003 -0.125342479335008E+003
  0.304635381612113E+000  0.755722719722254E+000  0.905178264399618E+000  0.499801236137027E+000 -0.131028262406404E+000 -0.125341818768694E+003 -0.125341818768694E+003 -0.125343212142763E+003
  0.345646184843072E+000  0.689539439102653E+000  0.276746496425034E+000  0.499861797974496E+000 -0.131028262406404E+000 -0.125342317708449E+003 -0.125342317708449E+003 -0.125344770376703E+003
  0.309395031878648E+000  0.806649286273574E+000  0.370051507261627E+000  0.498457735771375E+000 -0.131028262406404E+000 -0.125342203301374E+003 -0.125342203301374E+003 -0.125342543837001E+003
  0.344281924721162E+000  0.727104246519202E+000  0.744214681812588E+000  0.499556218175532E+000 -0.131028262406404E+000 -0.125342165645064E+003 -0.125342165645064E+003 -0.125342576511336E+003
  0.309786389141316E+000  0.769721798316642E+000  0.209727972382744E-001  0.498973791760988E+000 -0.131028262406404E+000 -0.125341800886887E+003 -0.125341800886887E+003 -0.125343259289846E+003
  0.342088400815231E+000  0.708443842881524E+000  0.922981387013736E+000  0.499973960325946E+000 -0.131028262406404E+000 -0.125341979412293E+003 -0.125341979412293E+003 -0.125342501442568E+003
  0.342428377407123E+000  0.722580540729304E+000  0.518768001982209E+000  0.498709399754402E+000 -0.131028262406404E+000 -0.125342266610447E+003 -0.125342266610447E+003 -0.125343149313420E+003
  0.311571084609549E+000  0.832248669956514E+000  0.750391657051230E+000  0.499861033223703E+000 -0.131028262406404E+000 -0.125342171045916E+003 -0.125342171045916E+003 -0.125345107724982E+003
  0.324009757488849E+000  0.691565321436315E+000  0.573582380652778E+000  0.498660951447045E+000 -0.131028262406404E+000 -0.125342239306022E+003 -0.125342239306022E+003 -0.125344515694248E+003
  0.337860737928411E+000  0.728122348142229E+000  0.424138745910460E+000  0.498939580607571E+000 -0.131028262406404E+000 -0.125341990337338E+003 -0.125341990337338E+003 -0.125350594822688E+003
  0.307030838671123E+000  0.754626188969485E+000  0.391056368629523E+000  0.499229177793733E+000 -0.131028262406404E+000 -0.125341872438355E+003 -0.125341872438355E+003 -0.125343350423662E+003
  0.340604804161902E+000  0.720363151329762E+000  0.765480159714203E+000  0.498415425833282E+000 -0.131028262406404E+000 -0.125342250812523E+003 -0.125342250812523E+003 -0.125342594234198E+003
  0.331965131742896E+000  0.745581618862702E+000  0.780224170698081E+000  0.498451863195268E+000 -0.131028262406404E+000 -0.125341924537036E+003 -0.125341924537036E+003 -0.125343673209266E+003
  0.315526752627132E+000  0.713254543944646E+000  0.858632236474956E+000  0.499323749561869E+000 -0.131028262406404E+000 -0.125341940251884E+003 -0.125341940251884E+003 -0.125342896222639E+003
  0.337503117314321E+000  0.750890275650291E+000  0.988472963600865E+000  0.498766518927486E+000 -0.131028262406404E+000 -0.125342091744908E+003 -0.125342091744908E+003 -0.125342410142386E+003
  0.334278540139306E+000  0.729125800637247E+000  0.379036300575008E+000  0.499542455417002E+000 -0.131028262406404E+000 -0.125341703835259E+003 -0.125341703835259E+003 -0.125348717292038E+003
  0.325061711745362E+000  0.787393590074866E+000  0.666433411836351E+000  0.498562181096885E+000 -0.131028262406404E+000 -0.125342021700767E+003 -0.125342021700767E+003 -0.125342709850405E+003
  0.325075846211095E+000  0.718908106736346E+000  0.533352149962849E-001  0.497251918453335E+000 -0.131028262406404E+000 -0.125342224065270E+003 -0.125342224065270E+003 -0.125344402954288E+003
  0.318297986959453E+000  0.757233564851534E+000  0.578534269403765E+000  0.498707983684605E+000 -0.131028262406404E+000 -0.125341712843592E+003 -0.125341712843592E+003 -0.125342531625143E+003
  0.325330805743657E+000  0.746845411705703E+000  0.689582803656211E+000  0.497501000303057E+000 -0.131028262406404E+000 -0.125342053430216E+003 -0.125342053430216E+003 -0.125342566285881E+003
  0.312749533993103E+000  0.778597587160680E+000  0.438019255420597E-001  0.497953252298713E+000 -0.131028262406404E+000 -0.125342058401455E+003 -0.125342058401455E+003 -0.125342508369571E+003
  0.327855042434494E+000  0.815975751020653E+000  0.820293958588298E-001  0.499627873871821E+000 -0.131028262406404E+000 -0.125342334698892E+003 -0.125342334698892E+003 -0.125344625014813E+003
  0.321244484816566E+000  0.806677379515202E+000  0.809889021230603E+000  0.499765711193582E+000 -0.131028262406404E+000 -0.125341847097657E+003 -0.125341847097657E+003 -0.125351504395567E+003
  0.336966747023000E+000  0.701724956927725E+000  0.513392802070310E+000  0.498558125141010E+000 -0.131028262406404E+000 -0.125342181222049E+003 -0.125342181222049E+003 -0.125342951190613E+003
  0.307189693156702E+000  0.738856713680438E+000  0.182996022347397E+000  0.498732205724616E+000 -0.131028262406404E+000 -0.125342131722574E+003 -0.125342131722574E+003 -0.125344216973801E+003
  0.325000228522914E+000  0.774578408998841E+000  0.812238071463143E+000  0.496999109814394E+000 -0.131028262406404E+000 -0.125342336621113E+003 -0.125342336621113E+003 -0.125343078348419E+003
  0.313145216081706E+000  0.774722915832406E+000  0.275339315149982E+000  0.497001557749964E+000 -0.131028262406404E+000 -0.125342318278962E+003 -0.125342318278962E+003 -0.125342680489789E+003
  0.301654056285837E+000  0.745237632856974E+000  0.872850107806672E+000  0.499776125816992E+000 -0.131028262406404E+000 -0.125342097224537E+003 -0.125342097224537E+003 -0.125343725249288E+003
  0.332040069198562E+000  0.783323564126440E+000  0.184275360012958E+000  0.499142799948057E+000 -0.131028262406404E+000 -0.125342062633187E+003 -0.125342062633187E+003 -0.125342478189111E+003
  0.317959928813352E+000  0.735701204847997E+000  0.791881123243433E+000  0.497828788159478E+000 -0.131028262406404E+000 -0.125342029102072E+003 -0.125342029102072E+003 -0.125344063684720E+003
  0.331468807372716E+000  0.750176048900208E+000  0.119203756258409E+000  0.498979128832547E+000 -0.131028262406404E+000 -0.125341779975530E+003 -0.125341779975530E+003 -0.125343428205127E+003
  0.328112659560000E+000  0.756866561365604E+000  0.226854453415166E+000  0.497130493059504E+000 -0.131028262406404E+000 -0.125342232314398E+003 -0.125342232314398E+003 -0.125343829939588E+003
  0.312908880974975E+000  0.816400168650891E+000  0.476017983661976E+000  0.499097282633957E+000 -0.131028262406404E+000 -0.125342117285999E+003 -0.125342117285999E+003 -0.125342494997752E+003
  0.312803865159918E+000  0.726814464217356E+000  0.990577598626954E+000  0.499458571414006E+000 -0.131028262406404E+000 -0.125341818612900E+003 -0.125341818612900E+003 -0.125344510245313E+003
  0.339804696135566E+000  0.672837691429001E+000  0.702122014737546E+000  0.499783745604543E+000 -0.131028262406404E+000 -0.125342355746611E+003 -0.125342355746611E+003 -0.125344043968772E+003
  0.325453763688682E+000  0.790488011078549E+000  0.985358299024608E+000  0.499527073478127E+000 -0.131028262406404E+000 -0.125341785803091E+003 -0.125341785803091E+003 -0.125342629844885E+003
  0.326635523160140E+000  0.751499406373209E+000  0.657084687574032E+000  0.498898402745192E+000 -0.131028262406404E+000 -0.125341689508560E+003 -0.125341689508560E+003 -0.125342399967351E+003
  0.319397307811133E+000  0.809099123000023E+000  0.705837857281606E+000  0.499506782266536E+000 -0.131028262406404E+000 -0.125341928736233E+003 -0.125341928736233E+003 -0.125342356270950E+003
