  0.100890040162608E+000  0.159605156692621E+001  0.751904428532715E+000  0.100122780754937E+000 -0.131028262406404E+000 -0.139411380037404E+003 -0.139411380037404E+003 -0.139413822328822E+003
  0.101106132641356E+000  0.169700828213981E+001  0.738701625243020E-001  0.100733254739541E+000 -0.131028262406404E+000 -0.139411765482679E+003 -0.139411765482679E+003 -0.139412795745799E+003
  0.100506861862717E+000  0.928915621173709E+000  0.114295734368749E-001  0.100847628880569E+000 -0.131028262406404E+000 -0.139411929886087E+003 -0.139411929886087E+003 -0.139413292386820E+003
  0.101424997055808E+000  0.185248350666030E+001  0.995780836039935E+000  0.101007577651622E+000 -0.131028262406404E+000 -0.139411817861604E+003 -0.139411817861604E+003 -0.139412592894860E+003
  0.100927903107327E+000  0.166389569375209E+001  0.832306122781132E+000  0.101037458530499E+000 -0.131028262406404E+000 -0.139411914904569E+003 -0.139411914904569E+003 -0.139412908424053E+003
  0.100506483049751E+000  0.176588605816413E+001  0.735135828881364E+000  0.101655350324228E+000 -0.131028262406404E+000 -0.139411829998156E+003 -0.139411829998156E+003 -0.139412795557875E+003
  0.100365320056920E+000  0.105474133524136E+001  0.768015914073125E+000  0.101179929284971E+000 -0.131028262406404E+000 -0.139412122403437E+003 -0.139412122403437E+003 -0.139413238276013E+003
  0.100980123860810E+000  0.606627334857146E+000  0.559998221358055E+000  0.100550729896477E+000 -0.131028262406404E+000 -0.139411647146142E+003 -0.139411647146142E+003 -0.139413226970835E+003
  0.100552612048826E+000  0.150787128743498E+001  0.529743759892869E+000  0.100508209078454E+000 -0.131028262406404E+000 -0.139411542422387E+003 -0.139411542422387E+003 -0.139413232304104E+003
  0.100023215343166E+000  0.566592056438901E+000  0.508600813064910E+000  0.102054293727550E+000 -0.131028262406404E+000 -0.139411929869202E+003 -0.139411929869202E+003 -0.139413732158268E+003
  0.100475939431820E+000  0.584544178658611E+000  0.348745095403616E+000  0.100859485244145E+000 -0.131028262406404E+000 -0.139411469243285E+003 -0.139411469243285E+003 -0.139412333921345E+003
  0.100834032985661E+000  0.148798553884462E+001  0.937388403275181E+000  0.100238576664490E+000 -0.131028262406404E+000 -0.139411576014380E+003 -0.139411576014380E+003 -0.139414686023032E+003
  0.100014892267801E+000  0.173008959970704E+001  0.660407336641734E+000  0.102055178010086E+000 -0.131028262406404E+000 -0.139411837203338E+003 -0.139411837203338E+003 -0.139412778555230E+003
  0.100058320224564E+000  0.191528665793267E+001  0.145720730326813E+000  0.101607220782225E+000 -0.131028262406404E+000 -0.139411109161656E+003 -0.139411109161656E+003 -0.139412737741867E+003
  0.100100116758076E+000  0.158107647167232E+001  0.341090994699241E+000  0.101070337441162E+000 -0.131028262406404E+000 -0.139411508075777E+003 -0.139411508075777E+003 -0.139412994584698E+003
  0.100926946661556E+000  0.142364882732892E+001  0.985663516590108E+000  0.101023985557262E+000 -0.131028262406404E+000 -0.139412259099170E+003 -0.139412259099170E+003 -0.139412379075891E+003
  0.100465415883463E+000  0.123400822258181E+001  0.112608360171624E+000  0.100246457998692E+000 -0.131028262406404E+000 -0.139411532233954E+003 -0.139411532233954E+003 -0.139413594996918E+003
  0.100295468815753E+000  0.102602368144571E+001  0.775390488165635E-001  0.101032936290081E+000 -0.131028262406404E+000 -0.139411962707183E+003 -0.139411962707183E+003 -0.139414405576799E+003
  0.100403806803667E+000  0.130145995494148E+001  0.157402369949539E+000  0.100974612094732E+000 -0.131028262406404E+000 -0.139411962334104E+003 -0.139411962334104E+003 -0.139414264419624E+003
  0.100622574059114E+000  0.178566615327820E+001  0.955642450747445E+000  0.100894187980650E+000 -0.131028262406404E+000 -0.139411351097725E+003 -0.139411351097725E+003 -0.139413486448164E+003
  0.100326176497717E+000  0.122044734887995E+001  0.988401178039165E+000  0.100134619004393E+000 -0.131028262406404E+000 -0.139411362967515E+003 -0.139411362967515E+003 -0.139413293363604E+003
  0.100011009422380E+000  0.607088650930151E+000  0.547724614988235E+000  0.102266449204272E+000 -0.131028262406404E+000 -0.139412144113579E+003 -0.139412144113579E+003 -0.139413327848970E+003
  0.100415518981235E+000  0.114078846978135E+001  0.634349175382472E+000  0.101212077393740E+000 -0.131028262406404E+000 -0.139412188895648E+003 -0.139412188895648E+003 -0.139413129221308E+003
  0.100815297740733E+000  0.179587917689044E+001  0.538005615868528E-001  0.102156822172716E+000 -0.131028262406404E+000 -0.139412312991843E+003 -0.139412312991843E+003 -0.139418775138495E+003
  0.100682203585132E+000  0.869120974747654E+000  0.272252636558648E+000  0.101130032711911E+000 -0.131028262406404E+000 -0.139412199637584E+003 -0.139412199637584E+003 -0.139413145602786E+003
  0.100006876287957E+000  0.118558503149701E+001  0.115575052720104E-001  0.100731781676566E+000 -0.131028262406404E+000 -0.139411565087580E+003 -0.139411565087580E+003 -0.139413918997038E+003
  0.102107371734318E+000  0.165744637732876E+001  0.311956555849975E+000  0.100370275047119E+000 -0.131028262406404E+000 -0.139412281520843E+003 -0.139412281520843E+003 -0.139412456291873E+003
  0.100486429445707E+000  0.151453605502929E+001  0.814474120924087E+000  0.101183128596029E+000 -0.131028262406404E+000 -0.139411952568334E+003 -0.139411952568334E+003 -0.139412643878989E+003
  0.100462326770860E+000  0.180222472140389E+001  0.510587376089228E+000  0.100004439985144E+000 -0.131028262406404E+000 -0.139410603692008E+003 -0.139410603692008E+003 -0.139412755276977E+003
  0.101550940248462E+000  0.193599488347308E+001  0.199566169916255E+000  0.101640394422525E+000 -0.131028262406404E+000 -0.139412102623075E+003 -0.139412102623075E+003 -0.139416434489825E+003
  0.100538909369653E+000  0.554912848898971E+000  0.861050890852345E+000  0.100446377610894E+000 -0.131028262406404E+000 -0.139411174547373E+003 -0.139411174547373E+003 -0.139412645144066E+003
  0.100877036966102E+000  0.178693280130982E+001  0.498710027942139E+000  0.101123584827443E+000 -0.131028262406404E+000 -0.139411678649190E+003 -0.139411678649190E+003 -0.139537919249172E+003
  0.100677529558264E+000  0.802863513550173E+000  0.554170654838548E-001  0.101357683589416E+000 -0.131028262406404E+000 -0.139412285338661E+003 -0.139412285338661E+003 -0.139413579435159E+003
  0.100854869049757E+000  0.900158861751632E+000  0.477971066592626E+000  0.100039612697363E+000 -0.131028262406404E+000 -0.139411587947952E+003 -0.139411587947952E+003 -0.139412570302663E+003
  0.102545530542473E+000  0.197316260284856E+001  0.880921053159023E-002  0.100465406397018E+000 -0.131028262406404E+000 -0.139411886720484E+003 -0.139411886720484E+003 -0.139412521181283E+003
  0.100657661869968E+000  0.187309512964688E+001  0.642290634443630E+000  0.101895237247020E+000 -0.131028262406404E+000 -0.139411830471819E+003 -0.139411830471819E+003 -0.139413820847339E+003
  0.100048906346465E+000  0.170113555976410E+001  0.526355120589836E+000  0.101826942185017E+000 -0.131028262406404E+000 -0.139411767948445E+003 -0.139411767948445E+003 -0.139412563042547E+003
  0.100276731726826E+000  0.148249135018710E+001  0.827151149702791E+000  0.100592946698795E+000 -0.131028262406404E+000 -0.139411442477041E+003 -0.139411442477041E+003 -0.139414157794093E+003
  0.100882572273308E+000  0.686340918318498E+000  0.185558551400313E+000  0.100706048673512E+000 -0.131028262406404E+000 -0.139411820292044E+003 -0.139411820292044E+003 -0.139412537480046E+003
  0.102874193388889E+000  0.192526485482933E+001  0.352389898412108E+000  0.100367834850464E+000 -0.131028262406404E+000 -0.139412182369606E+003 -0.139412182369606E+003 -0.139412780783458E+003
  0.100257961399280E+000  0.121115224009801E+001  0.191755694071202E+000  0.100259614407066E+000 -0.131028262406404E+000 -0.139411405446684E+003 -0.139411405446684E+003 -0.139413794179177E+003
  0.101252464623299E+000  0.154077470772183E+001  0.419961729408668E+000  0.100787246064658E+000 -0.131028262406404E+000 -0.139412173778805E+003 -0.139412173778805E+003 -0.139414652202347E+003
  0.100064622581665E+000  0.577447786409226E+000  0.471027879549406E+000  0.100905902490826E+000 -0.131028262406404E+000 -0.139411203211101E+003 -0.139411203211101E+003 -0.139415179448257E+003
  0.100444819530650E+000  0.170864716899555E+001  0.413318877660164E-001  0.101817146674328E+000 -0.131028262406404E+000 -0.139412021674006E+003 -0.139412021674006E+003 -0.139413088881264E+003
  0.100100193703311E+000  0.184576563161875E+001  0.994226420622321E+000  0.102599251280651E+000 -0.131028262406404E+000 -0.139411984744700E+003 -0.139411984744700E+003 -0.139412357585960E+003
  0.100566023586882E+000  0.179222476508248E+001  0.283832000664747E+000  0.100806283476111E+000 -0.131028262406404E+000 -0.139411237744973E+003 -0.139411237744973E+003 -0.139413466745397E+003
  0.100820057812096E+000  0.195486855081167E+001  0.929156680919316E-001  0.102323579932391E+000 -0.131028262406404E+000 -0.139411996190855E+003 -0.139411996190855E+003 -0.139415482341297E+003
  0.101682560653478E+000  0.180949334257414E+001  0.785875949906598E-001  0.100301651651286E+000 -0.131028262406404E+000 -0.139411621626445E+003 -0.139411621626445E+003 -0.139413353075226E+003
  0.100291287793646E+000  0.774382888403293E+000  0.118738095693735E+000  0.100949248193061E+000 -0.131028262406404E+000 -0.139411700611722E+003 -0.139411700611722E+003 -0.139412550316858E+003
  0.100420924434617E+000  0.171571689640957E+001  0.680308232048297E+000  0.101360018775890E+000 -0.131028262406404E+000 -0.139411680245686E+003 -0.139411680245686E+003 -0.139414289184613E+003
  0.100795711251200E+000  0.162049764956574E+001  0.491282012506619E+000  0.101243662164642E+000 -0.131028262406404E+000 -0.139412043692544E+003 -0.139412043692544E+003 -0.139412785218287E+003
  0.101011320728387E+000  0.161316460957672E+001  0.709583208903171E+000  0.100431905618166E+000 -0.131028262406404E+000 -0.139411647858317E+003 -0.139411647858317E+003 -0.139412983824055E+003
  0.101266844532779E+000  0.187210457542709E+001  0.216004975519629E+000  0.101844640955012E+000 -0.131028262406404E+000 -0.139412221604380E+003 -0.139412221604380E+003 -0.139413946578405E+003
  0.101548530264926E+000  0.673093079001190E+000  0.451806652885735E+000  0.100295937279428E+000 -0.131028262406404E+000 -0.139411975851376E+003 -0.139411975851376E+003 -0.139412380654703E+003
  0.100817495604598E+000  0.178907411433503E+001  0.813994949272009E+000  0.100827246780636E+000 -0.131028262406404E+000 -0.139411432227146E+003 -0.139411432227146E+003 -0.139413599623827E+003
  0.100665260354794E+000  0.544909590562389E+000  0.665664115955512E+000  0.100412732591454E+000 -0.131028262406404E+000 -0.139411218555258E+003 -0.139411218555258E+003 -0.139413219868017E+003
  0.100998311729036E+000  0.638738418170198E+000  0.847440690822618E+000  0.100433636798358E+000 -0.131028262406404E+000 -0.139411635696348E+003 -0.139411635696348E+003 -0.139412338977461E+003
  0.100954580692531E+000  0.168811131733129E+001  0.719443641751697E+000  0.100333795784278E+000 -0.131028262406404E+000 -0.139411405571955E+003 -0.139411405571955E+003 -0.139412566384164E+003
  0.100703720308238E+000  0.158682271360504E+001  0.778655058722795E-001  0.101150548295976E+000 -0.131028262406404E+000 -0.139411972780094E+003 -0.139411972780094E+003 -0.139416088336584E+003
  0.100175881209506E+000  0.118621163944615E+001  0.685689537496551E+000  0.100392536659096E+000 -0.131028262406404E+000 -0.139411447042539E+003 -0.139411447042539E+003 -0.139413428626280E+003
  0.100321434249996E+000  0.916143557547850E+000  0.557646844400863E-001  0.100205127216192E+000 -0.131028262406404E+000 -0.139411346919536E+003 -0.139411346919536E+003 -0.139413348514469E+003
  0.100482304007777E+000  0.157175034265232E+001  0.142636137541384E+000  0.101184428885813E+000 -0.131028262406404E+000 -0.139411866342889E+003 -0.139411866342889E+003 -0.139412570597461E+003
  0.100231917987022E+000  0.198967616966816E+001  0.904195457205325E-001  0.101437601465788E+000 -0.131028262406404E+000 -0.139410900930920E+003 -0.139410900930920E+003 -0.139413171307290E+003
  0.102183520411927E+000  0.169426859028718E+001  0.984925294237314E+000  0.100235828014982E+000 -0.131028262406404E+000 -0.139412170131248E+003 -0.139412170131248E+003 -0.139412346491771E+003
  0.101105454037889E+000  0.110318660847603E+001  0.308177924666710E+000  0.100549300602936E+000 -0.131028262406404E+000 -0.139412205765690E+003 -0.139412205765690E+003 -0.139419088448970E+003
  0.100504364353821E+000  0.182076197039280E+001  0.758386589076858E+000  0.102213589094537E+000 -0.131028262406404E+000 -0.139412072974924E+003 -0.139412072974924E+003 -0.139412769687658E+003
  0.100073621948543E+000  0.507749303133820E+000  0.744809794103490E+000  0.102220368133671E+000 -0.131028262406404E+000 -0.139411951710379E+003 -0.139411951710379E+003 -0.139412558958041E+003
  0.100448758499128E+000  0.594251851221012E+000  0.883722760994450E+000  0.101148225502939E+000 -0.131028262406404E+000 -0.139411665213209E+003 -0.139411665213209E+003 -0.139413227566428E+003
  0.101766559484980E+000  0.175469660440134E+001  0.699530453205953E+000  0.100208633734291E+000 -0.131028262406404E+000 -0.139411739993036E+003 -0.139411739993036E+003 -0.139417293579930E+003
  0.102265300809712E+000  0.192437210509842E+001  0.677721218409535E+000  0.100940345596702E+000 -0.131028262406404E+000 -0.139412156471296E+003 -0.139412156471296E+003 -0.139414783518024E+003
  0.100612952504225E+000  0.564123442756421E+000  0.885144872020885E+000  0.100321357954677E+000 -0.131028262406404E+000 -0.139411158457289E+003 -0.139411158457289E+003 -0.139414181384680E+003
  0.101117958100231E+000  0.186878185759696E+001  0.137204070228505E+000  0.100313907409063E+000 -0.131028262406404E+000 -0.139411098199278E+003 -0.139411098199278E+003 -0.139412957119578E+003
  0.100306315789711E+000  0.196056032262977E+001  0.508356267273322E+000  0.101672555176453E+000 -0.131028262406404E+000 -0.139411193609764E+003 -0.139411193609764E+003 -0.139414336439203E+003
  0.101682498416474E+000  0.194652365960529E+001  0.200003610705136E+000  0.101143303229282E+000 -0.131028262406404E+000 -0.139411829757124E+003 -0.139411829757124E+003 -0.139412699279562E+003
  0.100471968508192E+000  0.129120570338342E+001  0.919507069138150E+000  0.100644220027138E+000 -0.131028262406404E+000 -0.139411786345334E+003 -0.139411786345334E+003 -0.139412798702855E+003
  0.101416107441237E+000  0.169969440456679E+001  0.414231420092067E+000  0.101167705401733E+000 -0.131028262406404E+000 -0.139412271893473E+003 -0.139412271893473E+003 -0.139412718163866E+003
  0.101828739504720E+000  0.708314810817502E+000  0.443861091605162E+000  0.100128390990074E+000 -0.131028262406404E+000 -0.139412105833765E+003 -0.139412105833765E+003 -0.139413091526923E+003
  0.100300188343363E+000  0.644890503155106E+000  0.773351597211210E+000  0.101249898446443E+000 -0.131028262406404E+000 -0.139411722204025E+003 -0.139411722204025E+003 -0.139412340929826E+003
  0.102937342333998E+000  0.196329838879151E+001  0.228323449502381E+000  0.100530697821865E+000 -0.131028262406404E+000 -0.139412226995648E+003 -0.139412226995648E+003 -0.139412796959091E+003
  0.100617340369125E+000  0.677511513166432E+000  0.232748722861796E+000  0.100108329387592E+000 -0.131028262406404E+000 -0.139411213145216E+003 -0.139411213145216E+003 -0.139412956324999E+003
  0.101591695660049E+000  0.177053580150362E+001  0.172746947346028E+000  0.100073234183814E+000 -0.131028262406404E+000 -0.139411492970432E+003 -0.139411492970432E+003 -0.139414183584082E+003
  0.100878930682164E+000  0.188009560265619E+001  0.591975306152083E+000  0.101433510068359E+000 -0.131028262406404E+000 -0.139411655890945E+003 -0.139411655890945E+003 -0.139412718819587E+003
  0.100272083988336E+000  0.121061354736614E+001  0.239393821742782E+000  0.101332812617149E+000 -0.131028262406404E+000 -0.139412160592711E+003 -0.139412160592711E+003 -0.139412472013154E+003
  0.102052649853200E+000  0.577575692717760E+000  0.805473810580055E+000  0.100518209846169E+000 -0.131028262406404E+000 -0.139412308893362E+003 -0.139412308893362E+003 -0.139426227810717E+003
  0.101413060058062E+000  0.174940911018617E+001  0.417719811368983E+000  0.100533964042879E+000 -0.131028262406404E+000 -0.139411731441112E+003 -0.139411731441112E+003 -0.139413199998024E+003
  0.100489691163452E+000  0.172036004670433E+001  0.809693380566942E+000  0.101644032398496E+000 -0.131028262406404E+000 -0.139411910828549E+003 -0.139411910828549E+003 -0.139412636396296E+003
  0.100299584316534E+000  0.148059003502125E+001  0.412744483782597E+000  0.101793786064214E+000 -0.131028262406404E+000 -0.139412287613484E+003 -0.139412287613484E+003 -0.139412334699018E+003
  0.100738688668119E+000  0.160066976030137E+001  0.214516929930940E-001  0.100509661510189E+000 -0.131028262406404E+000 -0.139411534167283E+003 -0.139411534167283E+003 -0.139416238288142E+003
  0.100773952490772E+000  0.132678633301744E+001  0.778482326071475E+000  0.101024336412903E+000 -0.131028262406404E+000 -0.139412237975188E+003 -0.139412237975188E+003 -0.139416188230638E+003
  0.100623594223200E+000  0.569554877247936E+000  0.623137194090045E+000  0.100561286006674E+000 -0.131028262406404E+000 -0.139411339466768E+003 -0.139411339466768E+003 -0.139412760769208E+003
  0.101454885775548E+000  0.194595450494160E+001  0.849892035002590E+000  0.100631168218213E+000 -0.131028262406404E+000 -0.139411332835159E+003 -0.139411332835159E+003 -0.139412886537696E+003
  0.100310108685580E+000  0.133667583229918E+001  0.218385187485978E+000  0.100801949316390E+000 -0.131028262406404E+000 -0.139411753662972E+003 -0.139411753662972E+003 -0.139412947400899E+003
  0.100962674895154E+000  0.176880421164359E+001  0.312450669574967E+000  0.100638593974460E+000 -0.131028262406404E+000 -0.139411450385455E+003 -0.139411450385455E+003 -0.139413670683567E+003
  0.100296613986254E+000  0.198165482316540E+001  0.758786308433682E+000  0.101900171663542E+000 -0.131028262406404E+000 -0.139411273507675E+003 -0.139411273507675E+003 -0.139412331115086E+003
  0.100457967589934E+000  0.173950171003754E+001  0.276879322522403E+000  0.101876866274046E+000 -0.131028262406404E+000 -0.139412005133517E+003 -0.139412005133517E+003 -0.139412430583307E+003
  0.101821847322519E+000  0.190919920750705E+001  0.519151966163036E+000  0.100021525313945E+000 -0.131028262406404E+000 -0.139411275175018E+003 -0.139411275175018E+003 -0.139414987670941E+003
  0.100480155562550E+000  0.160881453961840E+001  0.903938255873153E+000  0.100599175125351E+000 -0.131028262406404E+000 -0.139411403626551E+003 -0.139411403626551E+003 -0.139413209441095E+003
  0.100037082601600E+000  0.107254143318144E+001  0.612947122573489E+000  0.100713164365125E+000 -0.131028262406404E+000 -0.139411573880965E+003 -0.139411573880965E+003 -0.139423645625268E+003
  0.100004655186967E+000  0.137500665067908E+001  0.633665981028442E+000  0.100507305877935E+000 -0.131028262406404E+000 -0.139411307597787E+003 -0.139411307597787E+003 -0.139412361253430E+003
  0.101655078253272E+000  0.139565614541271E+001  0.735054764194891E+000  0.100088779742927E+000 -0.131028262406404E+000 -0.139412138550181E+003 -0.139412138550181E+003 -0.139412336181309E+003
  0.101164716552701E+000  0.198557529274832E+001  0.127524160306909E-001  0.102055365157264E+000 -0.131028262406404E+000 -0.139411963608080E+003 -0.139411963608080E+003 -0.139413504425623E+003
  0.100034985551839E+000  0.125375018884320E+001  0.917887440737479E+000  0.101234720457596E+000 -0.131028262406404E+000 -0.139411910823524E+003 -0.139411910823524E+003 -0.139413663587150E+003
  0.101121571439996E+000  0.114773910378276E+001  0.620419296264367E+000  0.100149238376616E+000 -0.131028262406404E+000 -0.139411936952140E+003 -0.139411936952140E+003 -0.139412508296065E+003
  0.100476067394598E+000  0.186942095403400E+001  0.393539145872850E+000  0.102222510598351E+000 -0.131028262406404E+000 -0.139411932810605E+003 -0.139411932810605E+003 -0.139412369561780E+003
  0.101078584181664E+000  0.111363275501998E+001  0.619135914346864E+000  0.100063835502145E+000 -0.131028262406404E+000 -0.139411847845516E+003 -0.139411847845516E+003 -0.139414145815053E+003
  0.101828906321856E+000  0.657924679123030E+000  0.617690488098580E+000  0.100537266360028E+000 -0.131028262406404E+000 -0.139412311804002E+003 -0.139412311804002E+003 -0.139412359292528E+003
  0.101154291400470E+000  0.106962482185286E+001  0.415500680541865E+000  0.100496233970975E+000 -0.131028262406404E+000 -0.139412197638182E+003 -0.139412197638182E+003 -0.139412880914313E+003
  0.100163119632998E+000  0.918829797387444E+000  0.577382133876658E+000  0.101222524581935E+000 -0.131028262406404E+000 -0.139411943007992E+003 -0.139411943007992E+003 -0.139412870816439E+003
  0.102292205207447E+000  0.191975368840005E+001  0.347408744212801E+000  0.100045106169162E+000 -0.131028262406404E+000 -0.139411582339163E+003 -0.139411582339163E+003 -0.139413112322741E+003
  0.101335032353135E+000  0.182418989686184E+001  0.526020877612899E+000  0.100097350170867E+000 -0.131028262406404E+000 -0.139411210448418E+003 -0.139411210448418E+003 -0.139412812070492E+003
  0.100351095219944E+000  0.697855342993413E+000  0.486565221743374E+000  0.101444775527564E+000 -0.131028262406404E+000 -0.139411976536746E+003 -0.139411976536746E+003 -0.139412676039313E+003
  0.100579352645690E+000  0.191834916719183E+001  0.794018249739369E+000  0.101255272452251E+000 -0.131028262406404E+000 -0.139411226347717E+003 -0.139411226347717E+003 -0.139413909438464E+003
  0.100093026343733E+000  0.198654182391462E+001  0.747295977868965E+000  0.103442859764671E+000 -0.131028262406404E+000 -0.139412128365510E+003 -0.139412128365510E+003 -0.139418955134777E+003
  0.100337736261314E+000  0.100959089599613E+001  0.251811752157530E+000  0.100470445124239E+000 -0.131028262406404E+000 -0.139411595255359E+003 -0.139411595255359E+003 -0.139412415019431E+003
  0.100305865230543E+000  0.558139895603006E+000  0.264116990926990E+000  0.101010778368002E+000 -0.131028262406404E+000 -0.139411403143018E+003 -0.139411403143018E+003 -0.139412566238346E+003
  0.100177863476030E+000  0.841394109541423E+000  0.122325122770514E+000  0.100969835604314E+000 -0.131028262406404E+000 -0.139411711210437E+003 -0.139411711210437E+003 -0.139412562321593E+003
  0.101043136360200E+000  0.781712220947985E+000  0.789022305584592E+000  0.100031953137274E+000 -0.131028262406404E+000 -0.139411595501907E+003 -0.139411595501907E+003 -0.139415073907889E+003
  0.100064677750244E+000  0.182713953698680E+001  0.720677925811929E+000  0.102668133686258E+000 -0.131028262406404E+000 -0.139412054078833E+003 -0.139412054078833E+003 -0.139413267371348E+003
  0.100584539824170E+000  0.865867993558758E+000  0.520752233420923E+000  0.101339184218035E+000 -0.131028262406404E+000 -0.139412273581866E+003 -0.139412273581866E+003 -0.139415466688650E+003
  0.100879513631512E+000  0.192465974869636E+001  0.667721166396986E+000  0.100663352486222E+000 -0.131028262406404E+000 -0.139411020816630E+003 -0.139411020816630E+003 -0.139413001005461E+003
  0.100553492687559E+000  0.769100620957320E+000  0.157059509242476E-003  0.100633430200042E+000 -0.131028262406404E+000 -0.139411658229221E+003 -0.139411658229221E+003 -0.139412429735980E+003
  0.101109986458226E+000  0.167620346715083E+001  0.372493323580411E+000  0.101395966811090E+000 -0.131028262406404E+000 -0.139412262994565E+003 -0.139412262994565E+003 -0.139412813677410E+003
  0.100861612229559E+000  0.168103154311610E+001  0.962496582115132E+000  0.100603858526609E+000 -0.131028262406404E+000 -0.139411539825971E+003 -0.139411539825971E+003 -0.139414732083977E+003
  0.100888232167134E+000  0.157720885639840E+001  0.366867916416359E+000  0.101341776213763E+000 -0.131028262406404E+000 -0.139412248161938E+003 -0.139412248161938E+003 -0.139413770402133E+003
  0.100060719567439E+000  0.151184703813314E+001  0.503391226336643E+000  0.100077295965752E+000 -0.131028262406404E+000 -0.139410901815352E+003 -0.139410901815352E+003 -0.139413192035532E+003
  0.101662462425783E+000  0.193225272935129E+001  0.273286539459206E+000  0.101154662722032E+000 -0.131028262406404E+000 -0.139411864605686E+003 -0.139411864605686E+003 -0.139412680869610E+003
  0.100848768710374E+000  0.723060113904244E+000  0.947872627055395E+000  0.101021861833094E+000 -0.131028262406404E+000 -0.139412069116132E+003 -0.139412069116132E+003 -0.139412397105314E+003
  0.101350280927353E+000  0.162440080304505E+001  0.724387713128266E+000  0.100916377735332E+000 -0.131028262406404E+000 -0.139412196307652E+003 -0.139412196307652E+003 -0.139412334383514E+003
  0.100221166733767E+000  0.189961061928389E+001  0.566104224147860E+000  0.101662525515494E+000 -0.131028262406404E+000 -0.139411301521981E+003 -0.139411301521981E+003 -0.139413341703709E+003
  0.100173181309909E+000  0.889663291365003E+000  0.311595442794453E+000  0.100057934502836E+000 -0.131028262406404E+000 -0.139411122502732E+003 -0.139411122502732E+003 -0.139412819777213E+003
  0.101469096940593E+000  0.155281373963499E+001  0.391140489898169E+000  0.100416752599760E+000 -0.131028262406404E+000 -0.139412048910564E+003 -0.139412048910564E+003 -0.139413780681867E+003
  0.100400987893675E+000  0.185161613819679E+001  0.180796130444148E+000  0.100908763897922E+000 -0.131028262406404E+000 -0.139411049485062E+003 -0.139411049485062E+003 -0.139414951073903E+003
  0.100117579922775E+000  0.190618237899543E+001  0.451191488282498E+000  0.100980703477926E+000 -0.131028262406404E+000 -0.139410760263329E+003 -0.139410760263329E+003 -0.139412633120176E+003
  0.100577375082093E+000  0.920380097035753E+000  0.248603747955910E+000  0.101083484855033E+000 -0.131028262406404E+000 -0.139412136607310E+003 -0.139412136607310E+003 -0.139412342942551E+003
  0.101686627313078E+000  0.167284225524355E+001  0.159778481205074E+000  0.100455777339820E+000 -0.131028262406404E+000 -0.139412022074732E+003 -0.139412022074732E+003 -0.139413526118416E+003
  0.102146883861609E+000  0.570070108040293E+000  0.157768791086631E+000  0.100027020734556E+000 -0.131028262406404E+000 -0.139412019717482E+003 -0.139412019717482E+003 -0.139414708288363E+003
  0.100548446833996E+000  0.948805959486720E+000  0.287644757672985E+000  0.100417465873909E+000 -0.131028262406404E+000 -0.139411673117423E+003 -0.139411673117423E+003 -0.139412715687116E+003
  0.100825597704746E+000  0.174141074851641E+001  0.530239750296183E+000  0.100349256093669E+000 -0.131028262406404E+000 -0.139411219426675E+003 -0.139411219426675E+003 -0.139412961869870E+003
  0.101312669934925E+000  0.138588170743153E+001  0.859928892690067E+000  0.100289801544391E+000 -0.131028262406404E+000 -0.139412051805324E+003 -0.139412051805324E+003 -0.139412943750451E+003
  0.100189934450899E+000  0.833442962927376E+000  0.533308207029901E+000  0.100704984563148E+000 -0.131028262406404E+000 -0.139411528935589E+003 -0.139411528935589E+003 -0.139412629305396E+003
  0.101120092180124E+000  0.126763265411809E+001  0.385534150388028E+000  0.100600219565708E+000 -0.131028262406404E+000 -0.139412218048105E+003 -0.139412218048105E+003 -0.139413203758029E+003
  0.100797942293647E+000  0.169984078693543E+001  0.678462840071451E+000  0.101177713134349E+000 -0.131028262406404E+000 -0.139411850242371E+003 -0.139411850242371E+003 -0.139412640072022E+003
  0.100228744773658E+000  0.167081763960482E+001  0.871414185413533E+000  0.101774732880911E+000 -0.131028262406404E+000 -0.139411918592502E+003 -0.139411918592502E+003 -0.139412369046290E+003
  0.101141378382374E+000  0.125806062628059E+001  0.335947751170572E+000  0.100319213537109E+000 -0.131028262406404E+000 -0.139412040670138E+003 -0.139412040670138E+003 -0.139412480657889E+003
  0.100656006368616E+000  0.963963437984335E+000  0.395882423703170E+000  0.100795488733674E+000 -0.131028262406404E+000 -0.139412019623630E+003 -0.139412019623630E+003 -0.139413252387424E+003
  0.100403560051432E+000  0.195564897043098E+001  0.470521462319100E+000  0.102265236406880E+000 -0.131028262406404E+000 -0.139411666278794E+003 -0.139411666278794E+003 -0.139412963487983E+003
  0.100256984276606E+000  0.144767794346287E+001  0.876600209912085E+000  0.100259695177098E+000 -0.131028262406404E+000 -0.139411239974505E+003 -0.139411239974505E+003 -0.139413063764235E+003
  0.100160168475257E+000  0.193975128660699E+001  0.456892411063185E+000  0.101680397757010E+000 -0.131028262406404E+000 -0.139411158583175E+003 -0.139411158583175E+003 -0.139412421595581E+003
  0.102232096237453E+000  0.193637709888729E+001  0.815610488918822E+000  0.101175161905163E+000 -0.131028262406404E+000 -0.139412257975114E+003 -0.139412257975114E+003 -0.139413521784894E+003
  0.100155350405506E+000  0.857100957868414E+000  0.818701201443949E+000  0.100100492437458E+000 -0.131028262406404E+000 -0.139411111309804E+003 -0.139411111309804E+003 -0.139414468129189E+003
  0.100557023326824E+000  0.183441779838393E+001  0.406918338700638E+000  0.100683235479284E+000 -0.131028262406404E+000 -0.139411048285153E+003 -0.139411048285153E+003 -0.139412333819490E+003
  0.100188762141976E+000  0.105956842003658E+001  0.322151104855039E+000  0.100232671688499E+000 -0.131028262406404E+000 -0.139411343171041E+003 -0.139411343171041E+003 -0.139412917771664E+003
  0.101031838594151E+000  0.792077706840498E+000  0.391186273327419E+000  0.100364999565801E+000 -0.131028262406404E+000 -0.139411830931357E+003 -0.139411830931357E+003 -0.139413860269907E+003
  0.100033122562561E+000  0.906396302874523E+000  0.384009734870416E+000  0.100809189438379E+000 -0.131028262406404E+000 -0.139411557553533E+003 -0.139411557553533E+003 -0.139412494777927E+003
  0.100371711830741E+000  0.611777372933496E+000  0.302855725709221E+000  0.100161920493552E+000 -0.131028262406404E+000 -0.139410972559834E+003 -0.139410972559834E+003 -0.139412449682744E+003
  0.100069141211526E+000  0.198678110923135E+001  0.325516303313451E+000  0.100597215692191E+000 -0.131028262406404E+000 -0.139410247076467E+003 -0.139410247076467E+003 -0.139413283705105E+003
  0.100440521095031E+000  0.150342109315166E+001  0.469532449203985E+000  0.101217834274786E+000 -0.131028262406404E+000 -0.139411959558594E+003 -0.139411959558594E+003 -0.139413042300311E+003
  0.100302833453312E+000  0.195442834704050E+001  0.514739821153693E+000  0.100931903057436E+000 -0.131028262406404E+000 -0.139410720648558E+003 -0.139410720648558E+003 -0.139412679055542E+003
  0.100166261482766E+000  0.168730776254588E+001  0.763390845548258E+000  0.101963914993386E+000 -0.131028262406404E+000 -0.139411970699244E+003 -0.139411970699244E+003 -0.139412826137723E+003
  0.100020066165714E+000  0.147595046938922E+001  0.882807974853608E+000  0.100238860588595E+000 -0.131028262406404E+000 -0.139411029724139E+003 -0.139411029724139E+003 -0.139413050621619E+003
  0.101124188171696E+000  0.186599240126431E+001  0.810339239651515E+000  0.101296839798258E+000 -0.131028262406404E+000 -0.139411770671186E+003 -0.139411770671186E+003 -0.139412495372586E+003
  0.100437092896618E+000  0.189411194178822E+001  0.313334231857870E-001  0.102625036150651E+000 -0.131028262406404E+000 -0.139412106156104E+003 -0.139412106156104E+003 -0.139412909450104E+003
  0.100386528519687E+000  0.174898379824435E+001  0.817923959181001E+000  0.102275216535955E+000 -0.131028262406404E+000 -0.139412203484196E+003 -0.139412203484196E+003 -0.139412757033002E+003
  0.100070681628499E+000  0.675566938581657E+000  0.253431919757499E+000  0.100651661532790E+000 -0.131028262406404E+000 -0.139411205318879E+003 -0.139411205318879E+003 -0.139412599904004E+003
  0.101086946164713E+000  0.138441017883567E+001  0.592116095846598E+000  0.100345096383031E+000 -0.131028262406404E+000 -0.139411935692999E+003 -0.139411935692999E+003 -0.139412374957429E+003
  0.101370781693232E+000  0.833351808297298E+000  0.424960563363490E+000  0.100646584199304E+000 -0.131028262406404E+000 -0.139412306750504E+003 -0.139412306750504E+003 -0.139412499388716E+003
  0.100048718120963E+000  0.196476857741968E+001  0.717288671896230E+000  0.103688460267368E+000 -0.131028262406404E+000 -0.139412327091051E+003 -0.139412327091051E+003 -0.139414028920255E+003
  0.100944949532544E+000  0.131291189686890E+001  0.807321697911910E+000  0.100016995720328E+000 -0.131028262406404E+000 -0.139411663700533E+003 -0.139411663700533E+003 -0.139413301477293E+003
  0.100961692281486E+000  0.128259816168091E+001  0.291813018510651E+000  0.100245282236562E+000 -0.131028262406404E+000 -0.139411852479858E+003 -0.139411852479858E+003 -0.139413531587248E+003
  0.101382954889520E+000  0.127043360259445E+001  0.866219207653648E+000  0.100186380014112E+000 -0.131028262406404E+000 -0.139412108751489E+003 -0.139412108751489E+003 -0.139420061681575E+003
  0.100383345581396E+000  0.125656074459521E+001  0.727513061854000E-001  0.100419051319886E+000 -0.131028262406404E+000 -0.139411586172196E+003 -0.139411586172196E+003 -0.139412412047454E+003
  0.100252116776096E+000  0.548034964251108E+000  0.805955153708116E+000  0.101321710378743E+000 -0.131028262406404E+000 -0.139411556032094E+003 -0.139411556032094E+003 -0.139412515969476E+003
  0.101536322050873E+000  0.172019726155960E+001  0.214394250929926E+000  0.100679207595498E+000 -0.131028262406404E+000 -0.139411977729025E+003 -0.139411977729025E+003 -0.139414609328326E+003
  0.100110223163919E+000  0.197462713098704E+001  0.992816105051901E+000  0.102261286548140E+000 -0.131028262406404E+000 -0.139411403097466E+003 -0.139411403097466E+003 -0.139417699989357E+003
  0.100055084229695E+000  0.535089870735860E+000  0.758895966931802E+000  0.102683596342420E+000 -0.131028262406404E+000 -0.139412310941766E+003 -0.139412310941766E+003 -0.139413179295960E+003
  0.101126938284678E+000  0.838314863833434E+000  0.500213859712782E+000  0.100298674549835E+000 -0.131028262406404E+000 -0.139411900694852E+003 -0.139411900694852E+003 -0.139412703084729E+003
  0.100288818599611E+000  0.136795224570916E+001  0.211239379072468E+000  0.101328997905261E+000 -0.131028262406404E+000 -0.139412078934460E+003 -0.139412078934460E+003 -0.139413166280133E+003
  0.100652636145044E+000  0.177057046414562E+001  0.188461984321496E+000  0.100326831811347E+000 -0.131028262406404E+000 -0.139411022520874E+003 -0.139411022520874E+003 -0.139412391807702E+003
  0.101029938621179E+000  0.767210225712386E+000  0.426798551489380E+000  0.100850418999076E+000 -0.131028262406404E+000 -0.139412135898329E+003 -0.139412135898329E+003 -0.139414694243800E+003
  0.100228930937841E+000  0.161927750653063E+001  0.970857753446836E-001  0.101865416363887E+000 -0.131028262406404E+000 -0.139412076264131E+003 -0.139412076264131E+003 -0.139413370772054E+003
  0.101079773868096E+000  0.160547951757261E+001  0.716566685194179E+000  0.100385477004587E+000 -0.131028262406404E+000 -0.139411675939733E+003 -0.139411675939733E+003 -0.139412909604410E+003
  0.100130129951991E+000  0.525643079631201E+000  0.123373695289233E-001  0.100449741806226E+000 -0.131028262406404E+000 -0.139410837043147E+003 -0.139410837043147E+003 -0.139414874337979E+003
  0.102090433733536E+000  0.650198771109427E+000  0.361631261533156E+000  0.100205832549198E+000 -0.131028262406404E+000 -0.139412248970491E+003 -0.139412248970491E+003 -0.139413565121170E+003
  0.100641936788306E+000  0.145962127590874E+001  0.138202823074069E+000  0.100865675208743E+000 -0.131028262406404E+000 -0.139411911288627E+003 -0.139411911288627E+003 -0.139414019377497E+003
  0.102428095816352E+000  0.177073191514660E+001  0.535283910737317E+000  0.100025667545143E+000 -0.131028262406404E+000 -0.139412031648721E+003 -0.139412031648721E+003 -0.139419028604294E+003
  0.100021655587752E+000  0.526402440672916E+000  0.502663431412278E+000  0.101371964956797E+000 -0.131028262406404E+000 -0.139411385266876E+003 -0.139411385266876E+003 -0.139414447114287E+003
  0.101633201504177E+000  0.148772588474852E+001  0.497226562934798E+000  0.100057229211169E+000 -0.131028262406404E+000 -0.139412000908578E+003 -0.139412000908578E+003 -0.139413463955351E+003
  0.100207213205034E+000  0.669942254861168E+000  0.656974528610712E+000  0.100786637358470E+000 -0.131028262406404E+000 -0.139411382896807E+003 -0.139411382896807E+003 -0.139412332550569E+003
  0.100048203142250E+000  0.758137136952466E+000  0.774714585111492E+000  0.101727844443422E+000 -0.131028262406404E+000 -0.139412045199747E+003 -0.139412045199747E+003 -0.139414993955916E+003
  0.100935025308248E+000  0.167977835609553E+001  0.770647852557983E+000  0.100446482939085E+000 -0.131028262406404E+000 -0.139411485221856E+003 -0.139411485221856E+003 -0.139413995552841E+003
  0.100377430832581E+000  0.123952341955571E+001  0.830266606090494E+000  0.101021767798518E+000 -0.131028262406404E+000 -0.139412008017255E+003 -0.139412008017255E+003 -0.139415217433470E+003
  0.100049351572123E+000  0.717165995808036E+000  0.374350968173473E+000  0.100774113448345E+000 -0.131028262406404E+000 -0.139411336462211E+003 -0.139411336462211E+003 -0.139413177956002E+003
  0.100928330662705E+000  0.160019303231006E+001  0.808509354486600E-001  0.100341109896279E+000 -0.131028262406404E+000 -0.139411549818201E+003 -0.139411549818201E+003 -0.139415682038881E+003
  0.100094679119018E+000  0.101786491583289E+001  0.760876969050807E+000  0.100012673103743E+000 -0.131028262406404E+000 -0.139411113087041E+003 -0.139411113087041E+003 -0.139412978997260E+003
  0.100678491604164E+000  0.129800324748889E+001  0.913076323243611E+000  0.100677004560581E+000 -0.131028262406404E+000 -0.139411948525608E+003 -0.139411948525608E+003 -0.139412504600216E+003
  0.101004734155286E+000  0.196477161528235E+001  0.238580698096772E-001  0.101157973139973E+000 -0.131028262406404E+000 -0.139411321176973E+003 -0.139411321176973E+003 -0.139413442937737E+003
  0.101362651745107E+000  0.194863919379064E+001  0.272279147954177E+000  0.102188103655983E+000 -0.131028262406404E+000 -0.139412301221158E+003 -0.139412301221158E+003 -0.139413931022638E+003
  0.100128414494959E+000  0.111753800531735E+001  0.127549366367546E+000  0.101281122988039E+000 -0.131028262406404E+000 -0.139412036406467E+003 -0.139412036406467E+003 -0.139413021252342E+003
  0.101562071086810E+000  0.191736239581646E+001  0.359529555040421E+000  0.100712685626531E+000 -0.131028262406404E+000 -0.139411540839687E+003 -0.139411540839687E+003 -0.139412419988843E+003
  0.101596623013908E+000  0.646131398844870E+000  0.335264177520128E+000  0.100207147280381E+000 -0.131028262406404E+000 -0.139411903669705E+003 -0.139411903669705E+003 -0.139413171971841E+003
  0.100362134172939E+000  0.166015544604520E+001  0.683868341838855E+000  0.100308461460830E+000 -0.131028262406404E+000 -0.139411033918515E+003 -0.139411033918515E+003 -0.139412486118564E+003
  0.101133741424670E+000  0.993446674860514E+000  0.919499863114741E+000  0.100640989963988E+000 -0.131028262406404E+000 -0.139412259083559E+003 -0.139412259083559E+003 -0.139414085034812E+003
  0.100471031924608E+000  0.791303852900941E+000  0.362059717492769E+000  0.100379689860903E+000 -0.131028262406404E+000 -0.139411453002888E+003 -0.139411453002888E+003 -0.139412444703452E+003
  0.102249979097157E+000  0.194128151283055E+001  0.491437914014097E+000  0.100565186136892E+000 -0.131028262406404E+000 -0.139411844826805E+003 -0.139411844826805E+003 -0.139412458266049E+003
  0.101135168889657E+000  0.669265703260217E+000  0.761078742663027E+000  0.100441183797756E+000 -0.131028262406404E+000 -0.139411785402943E+003 -0.139411785402943E+003 -0.139412338934192E+003
  0.100365946408669E+000  0.179108967606502E+001  0.715492365959434E+000  0.100963169115193E+000 -0.131028262406404E+000 -0.139411208267728E+003 -0.139411208267728E+003 -0.139412564438336E+003
  0.100071042054530E+000  0.514350759063594E+000  0.634098698355361E+000  0.101794743457041E+000 -0.131028262406404E+000 -0.139411678206164E+003 -0.139411678206164E+003 -0.139412961426718E+003
  0.100731317464686E+000  0.178511272882178E+001  0.400946739687535E+000  0.102151251294371E+000 -0.131028262406404E+000 -0.139412276580079E+003 -0.139412276580079E+003 -0.139412483711930E+003
  0.100597481489028E+000  0.115697607050355E+001  0.418984855207883E+000  0.100647920719671E+000 -0.131028262406404E+000 -0.139411921525072E+003 -0.139411921525072E+003 -0.139412370782277E+003
  0.101277893089645E+000  0.115620377689356E+001  0.989145502475148E+000  0.100250713958762E+000 -0.131028262406404E+000 -0.139412115463173E+003 -0.139412115463173E+003 -0.139412717440574E+003
  0.101566596821411E+000  0.172974378813103E+001  0.799055886322500E+000  0.100213388321021E+000 -0.131028262406404E+000 -0.139411659386352E+003 -0.139411659386352E+003 -0.139422084627825E+003
  0.100595293013405E+000  0.126227525578545E+001  0.683066132845102E+000  0.100166483930662E+000 -0.131028262406404E+000 -0.139411554552525E+003 -0.139411554552525E+003 -0.139421349963673E+003
  0.100287807052031E+000  0.537188454735398E+000  0.250580400630025E+000  0.101132252491015E+000 -0.131028262406404E+000 -0.139411430297086E+003 -0.139411430297086E+003 -0.139413890818683E+003
  0.100661947675208E+000  0.190343619816611E+001  0.634543148436169E+000  0.100093814742749E+000 -0.131028262406404E+000 -0.139410550109260E+003 -0.139410550109260E+003 -0.139413962241689E+003
  0.101042622631485E+000  0.175825189425857E+001  0.554700549107921E+000  0.101491701541176E+000 -0.131028262406404E+000 -0.139412108554194E+003 -0.139412108554194E+003 -0.139413127938699E+003
  0.100043696277143E+000  0.195726176152363E+001  0.217130255251600E+000  0.101411562568658E+000 -0.131028262406404E+000 -0.139410850637047E+003 -0.139410850637047E+003 -0.139412818134069E+003
  0.100948347955305E+000  0.164745356768771E+001  0.856550284300811E-001  0.101505544452449E+000 -0.131028262406404E+000 -0.139412280703639E+003 -0.139412280703639E+003 -0.139412559337665E+003
  0.100819191710937E+000  0.613647628419135E+000  0.771203923442114E+000  0.100416276278712E+000 -0.131028262406404E+000 -0.139411456918047E+003 -0.139411456918047E+003 -0.139412574859790E+003
  0.101417864521992E+000  0.145339841170988E+001  0.350611301980436E+000  0.100405723677955E+000 -0.131028262406404E+000 -0.139412136500375E+003 -0.139412136500375E+003 -0.139413028691088E+003
  0.100212222072096E+000  0.778615352412641E+000  0.158504126664951E+000  0.101558612510074E+000 -0.131028262406404E+000 -0.139412069955581E+003 -0.139412069955581E+003 -0.139413864893661E+003
  0.100713340238216E+000  0.199092438054277E+001  0.502223229430981E+000  0.101798408211034E+000 -0.131028262406404E+000 -0.139411465664859E+003 -0.139411465664859E+003 -0.139415908001354E+003
  0.100239712558155E+000  0.147305140786401E+001  0.324674221024759E+000  0.101590026740657E+000 -0.131028262406404E+000 -0.139412114848232E+003 -0.139412114848232E+003 -0.139412929583423E+003
  0.101299834619802E+000  0.629969440987742E+000  0.599458895000300E+000  0.101083845846913E+000 -0.131028262406404E+000 -0.139412275932867E+003 -0.139412275932867E+003 -0.139412395464477E+003
  0.100758307508520E+000  0.125213316986126E+001  0.882073772051177E+000  0.100582199853627E+000 -0.131028262406404E+000 -0.139411961613199E+003 -0.139411961613199E+003 -0.139412616619406E+003
  0.100962327053470E+000  0.603858138947612E+000  0.911106452289773E+000  0.101045602293558E+000 -0.131028262406404E+000 -0.139411968684339E+003 -0.139411968684339E+003 -0.139412675456013E+003
  0.103093730224397E+000  0.189504777827581E+001  0.554427923661831E+000  0.100161985208650E+000 -0.131028262406404E+000 -0.139412274344721E+003 -0.139412274344721E+003 -0.139412333745930E+003
  0.101280133056719E+000  0.149346027301001E+001  0.573803697716951E-001  0.100271877458633E+000 -0.131028262406404E+000 -0.139411899847376E+003 -0.139411899847376E+003 -0.139412494965738E+003
  0.101047971861920E+000  0.120000483457317E+001  0.262203765317383E+000  0.100408448327986E+000 -0.131028262406404E+000 -0.139412059061952E+003 -0.139412059061952E+003 -0.139413172633965E+003
  0.101295386234476E+000  0.197561918590379E+001  0.566578135606859E+000  0.100632507687953E+000 -0.131028262406404E+000 -0.139411139063047E+003 -0.139411139063047E+003 -0.139413116919630E+003
  0.100214630787136E+000  0.176716829428671E+001  0.303752830211304E+000  0.101861867837651E+000 -0.131028262406404E+000 -0.139411763439892E+003 -0.139411763439892E+003 -0.139412668585869E+003
  0.101054715610967E+000  0.122886651338234E+001  0.244107235675460E+000  0.100213293826729E+000 -0.131028262406404E+000 -0.139411918402563E+003 -0.139411918402563E+003 -0.139414178119225E+003
  0.100288123121664E+000  0.773120510707746E+000  0.965696894427207E+000  0.101774251499414E+000 -0.131028262406404E+000 -0.139412264429994E+003 -0.139412264429994E+003 -0.139422169534634E+003
  0.102190360882453E+000  0.198496461318576E+001  0.570435679128272E+000  0.100795821628383E+000 -0.131028262406404E+000 -0.139411831192993E+003 -0.139411831192993E+003 -0.139412490706421E+003
  0.101618922566827E+000  0.165200306320247E+001  0.900767784497390E+000  0.100226886246833E+000 -0.131028262406404E+000 -0.139411856499712E+003 -0.139411856499712E+003 -0.139412534109800E+003
  0.100553948328095E+000  0.183602787572657E+001  0.234641039308787E+000  0.101220720981094E+000 -0.131028262406404E+000 -0.139411402808696E+003 -0.139411402808696E+003 -0.139412681702253E+003
  0.101219426995121E+000  0.119173876711707E+001  0.474551591880618E+000  0.100577090243599E+000 -0.131028262406404E+000 -0.139412298095107E+003 -0.139412298095107E+003 -0.139413322357369E+003
  0.100602692071747E+000  0.179097221211442E+001  0.346022883589631E+000  0.101459760797091E+000 -0.131028262406404E+000 -0.139411706561344E+003 -0.139411706561344E+003 -0.139413022546859E+003
  0.100253431166526E+000  0.111477449861376E+001  0.198318715117202E+000  0.100757627371949E+000 -0.131028262406404E+000 -0.139411760050056E+003 -0.139411760050056E+003 -0.139413111638986E+003
  0.101630646249364E+000  0.510056800751094E+000  0.395456799553751E+000  0.100488772014519E+000 -0.131028262406404E+000 -0.139411860654376E+003 -0.139411860654376E+003 -0.139412370696464E+003
  0.100383775602398E+000  0.158858400208051E+001  0.747980080970892E+000  0.101295983113122E+000 -0.131028262406404E+000 -0.139411847306296E+003 -0.139411847306296E+003 -0.139412973797966E+003
  0.100472997853026E+000  0.882941408389447E+000  0.428096805098275E+000  0.100412025162436E+000 -0.131028262406404E+000 -0.139411568808164E+003 -0.139411568808164E+003 -0.139413989948262E+003
  0.101460442205476E+000  0.176805725430821E+001  0.480409072533505E+000  0.101198583648972E+000 -0.131028262406404E+000 -0.139412176149942E+003 -0.139412176149942E+003 -0.139413008026952E+003
  0.101121762712013E+000  0.825200379574099E+000  0.850672332412435E+000  0.100923703718711E+000 -0.131028262406404E+000 -0.139412318429451E+003 -0.139412318429451E+003 -0.139412904459203E+003
  0.100086131657244E+000  0.869905941469442E+000  0.428143840452796E+000  0.100937468969479E+000 -0.131028262406404E+000 -0.139411652328910E+003 -0.139411652328910E+003 -0.139412873581467E+003
  0.100350395043422E+000  0.721631827142088E+000  0.606357314925940E-001  0.100195273107883E+000 -0.131028262406404E+000 -0.139411153981112E+003 -0.139411153981112E+003 -0.139412624910134E+003
  0.100710541639553E+000  0.520705599029134E+000  0.872724202782504E+000  0.101699107421904E+000 -0.131028262406404E+000 -0.139412072039809E+003 -0.139412072039809E+003 -0.139412560783878E+003
  0.100771676036168E+000  0.163005662561469E+001  0.708303079358444E+000  0.101534818267880E+000 -0.131028262406404E+000 -0.139412209638099E+003 -0.139412209638099E+003 -0.139412554851227E+003
  0.101546622459761E+000  0.169872082169136E+001  0.851942285661443E+000  0.100373522131256E+000 -0.131028262406404E+000 -0.139411818750935E+003 -0.139411818750935E+003 -0.139412990738776E+003
  0.102114750904704E+000  0.196776092881382E+001  0.573797505123199E+000  0.100477523848610E+000 -0.131028262406404E+000 -0.139411617204906E+003 -0.139411617204906E+003 -0.139413664607087E+003
  0.100143450009537E+000  0.197157743997064E+001  0.913772922884302E+000  0.102547379932431E+000 -0.131028262406404E+000 -0.139411623257202E+003 -0.139411623257202E+003 -0.139415478778825E+003
  0.101035772809152E+000  0.198467989052677E+001  0.765631314674746E+000  0.102319835808564E+000 -0.131028262406404E+000 -0.139412052206288E+003 -0.139412052206288E+003 -0.139412904128340E+003
  0.100013976737901E+000  0.609373061063561E+000  0.309774385717599E+000  0.101379512763887E+000 -0.131028262406404E+000 -0.139411548856992E+003 -0.139411548856992E+003 -0.139412532446672E+003
  0.100116303146167E+000  0.166364134349431E+001  0.415037244192447E+000  0.101835698137664E+000 -0.131028262406404E+000 -0.139411895453179E+003 -0.139411895453179E+003 -0.139414874036525E+003
  0.100459126947427E+000  0.556165048953880E+000  0.930489644131763E+000  0.100346703826971E+000 -0.131028262406404E+000 -0.139411054588085E+003 -0.139411054588085E+003 -0.139412650817514E+003
  0.101971235626208E+000  0.186384251181361E+001  0.103532689791571E+000  0.100467390285472E+000 -0.131028262406404E+000 -0.139411797767398E+003 -0.139411797767398E+003 -0.139455623448662E+003
  0.101248620782640E+000  0.529429771996675E+000  0.443348429874251E+000  0.100827787373429E+000 -0.131028262406404E+000 -0.139411870581308E+003 -0.139411870581308E+003 -0.139413639221104E+003
  0.100965388034888E+000  0.173237926511074E+001  0.455553444014993E+000  0.100602591491322E+000 -0.131028262406404E+000 -0.139411506816291E+003 -0.139411506816291E+003 -0.139413434818383E+003
  0.100386298452940E+000  0.161688820043187E+001  0.323385357627377E+000  0.101514963587271E+000 -0.131028262406404E+000 -0.139411950992186E+003 -0.139411950992186E+003 -0.139427969559778E+003
  0.100766788856609E+000  0.185775478993945E+001  0.182706613620562E+000  0.100970015830466E+000 -0.131028262406404E+000 -0.139411326369096E+003 -0.139411326369096E+003 -0.139413370207605E+003
  0.100631774978746E+000  0.163051753887352E+001  0.695118978509329E+000  0.100196503524839E+000 -0.131028262406404E+000 -0.139411195551837E+003 -0.139411195551837E+003 -0.139412699502743E+003
  0.100418375910271E+000  0.154079198983482E+001  0.387138416036952E+000  0.100052249167293E+000 -0.131028262406404E+000 -0.139411091067188E+003 -0.139411091067188E+003 -0.139412558211564E+003
  0.102596621750710E+000  0.170843466028378E+001  0.962229671504466E-001  0.100032660606777E+000 -0.131028262406404E+000 -0.139412284321504E+003 -0.139412284321504E+003 -0.139413985226063E+003
  0.100324368262516E+000  0.139080934576258E+001  0.726589831892817E+000  0.100696999131197E+000 -0.131028262406404E+000 -0.139411646119090E+003 -0.139411646119090E+003 -0.139413809791503E+003
  0.101086643114483E+000  0.589824535422545E+000  0.363287830539966E-001  0.100335498773947E+000 -0.131028262406404E+000 -0.139411542165338E+003 -0.139411542165338E+003 -0.139412880101889E+003
  0.101293441444956E+000  0.175501608016888E+001  0.703262770511921E+000  0.101143645932020E+000 -0.131028262406404E+000 -0.139412052605722E+003 -0.139412052605722E+003 -0.139412389913331E+003
  0.100284416316102E+000  0.185902859601294E+001  0.526885755569041E+000  0.100675659328401E+000 -0.131028262406404E+000 -0.139410795070334E+003 -0.139410795070334E+003 -0.139412442744231E+003
  0.100837526357125E+000  0.885681645096746E+000  0.934449270393319E+000  0.100571977950798E+000 -0.131028262406404E+000 -0.139411934480623E+003 -0.139411934480623E+003 -0.139413519367322E+003
  0.100820942420265E+000  0.512713358540637E+000  0.973458647116840E+000  0.101838055870315E+000 -0.131028262406404E+000 -0.139412225472243E+003 -0.139412225472243E+003 -0.139414575257237E+003
  0.100103371131648E+000  0.167449113943883E+001  0.827600966587498E+000  0.100123187056219E+000 -0.131028262406404E+000 -0.139410703917802E+003 -0.139410703917802E+003 -0.139414401353646E+003
  0.100315142716225E+000  0.157646995229367E+001  0.385139373414139E+000  0.100911048626422E+000 -0.131028262406404E+000 -0.139411555531114E+003 -0.139411555531114E+003 -0.139416256420009E+003
  0.100050930523427E+000  0.111374270892650E+001  0.943026661461359E-002  0.101489803276363E+000 -0.131028262406404E+000 -0.139412126764229E+003 -0.139412126764229E+003 -0.139412390580997E+003
  0.100328542796372E+000  0.192986277603800E+001  0.173252728438328E+000  0.103183847643768E+000 -0.131028262406404E+000 -0.139412297656853E+003 -0.139412297656853E+003 -0.139412544591341E+003
  0.101463043421467E+000  0.139211154044432E+001  0.309976750212213E+000  0.100186107819825E+000 -0.131028262406404E+000 -0.139412077490591E+003 -0.139412077490591E+003 -0.139412915222124E+003
  0.100255031192277E+000  0.164622343276571E+001  0.753577976269904E-001  0.101103480284325E+000 -0.131028262406404E+000 -0.139411526740095E+003 -0.139411526740095E+003 -0.139412556210248E+003
  0.100660307450324E+000  0.191387048831539E+001  0.247546063772900E+000  0.100882036854486E+000 -0.131028262406404E+000 -0.139411046040272E+003 -0.139411046040272E+003 -0.139412731444406E+003
  0.101622302080886E+000  0.173754878106459E+001  0.414934365677073E+000  0.100661025901532E+000 -0.131028262406404E+000 -0.139411987843194E+003 -0.139411987843194E+003 -0.139413918323996E+003
  0.100925760258655E+000  0.170199667602859E+001  0.462026264383159E+000  0.101272716889762E+000 -0.131028262406404E+000 -0.139411999223487E+003 -0.139411999223487E+003 -0.139417268992389E+003
  0.100968944719107E+000  0.107107852602174E+001  0.315798370650564E+000  0.100456696025558E+000 -0.131028262406404E+000 -0.139412041747481E+003 -0.139412041747481E+003 -0.139412436081051E+003
  0.101175735509374E+000  0.168314814908806E+001  0.453765280236152E+000  0.100988964523990E+000 -0.131028262406404E+000 -0.139412016057915E+003 -0.139412016057915E+003 -0.139416030467422E+003
  0.100524364813123E+000  0.119018466428013E+001  0.257116249845492E+000  0.100756326116443E+000 -0.131028262406404E+000 -0.139411940852958E+003 -0.139411940852958E+003 -0.139417035447390E+003
  0.100214926155941E+000  0.501449595391638E+000  0.799110775221556E+000  0.101401406358136E+000 -0.131028262406404E+000 -0.139411484931564E+003 -0.139411484931564E+003 -0.139413360793689E+003
  0.101599870873347E+000  0.170954613651657E+001  0.120584264596993E+000  0.101093885791923E+000 -0.131028262406404E+000 -0.139412328231137E+003 -0.139412328231137E+003 -0.139412742135060E+003
  0.100847946997500E+000  0.653031013450471E+000  0.351248358730537E-001  0.100085890944926E+000 -0.131028262406404E+000 -0.139411317298357E+003 -0.139411317298357E+003 -0.139412493228084E+003
  0.101401395441763E+000  0.158981754739216E+001  0.826013986660636E+000  0.100577903808284E+000 -0.131028262406404E+000 -0.139412056304504E+003 -0.139412056304504E+003 -0.139412421323579E+003
  0.100983183280590E+000  0.193387114585632E+001  0.656026431841612E+000  0.102028922940277E+000 -0.131028262406404E+000 -0.139411975619105E+003 -0.139411975619105E+003 -0.139423090428331E+003
  0.100203495111639E+000  0.172548919390776E+001  0.726644672160590E+000  0.100706838537252E+000 -0.131028262406404E+000 -0.139411067497681E+003 -0.139411067497681E+003 -0.139412470587859E+003
  0.100867436402376E+000  0.129572333019844E+001  0.116811697823480E+000  0.100776853391034E+000 -0.131028262406404E+000 -0.139412150722866E+003 -0.139412150722866E+003 -0.139421223758943E+003
  0.100434692406241E+000  0.720105370042346E+000  0.624126919836003E+000  0.100035469414868E+000 -0.131028262406404E+000 -0.139411100124599E+003 -0.139411100124599E+003 -0.139413086759797E+003
  0.101847967396918E+000  0.180399109441636E+001  0.696539524348536E-001  0.100027442536287E+000 -0.131028262406404E+000 -0.139411560728530E+003 -0.139411560728530E+003 -0.139413134846734E+003
  0.100221068634596E+000  0.184049510273352E+001  0.951291505672725E+000  0.102613227571296E+000 -0.131028262406404E+000 -0.139412092338984E+003 -0.139412092338984E+003 -0.139413166826254E+003
  0.101185094392383E+000  0.195917120426031E+001  0.431526709561588E+000  0.101115688269089E+000 -0.131028262406404E+000 -0.139411433204634E+003 -0.139411433204634E+003 -0.139419782178004E+003
  0.102695958663581E+000  0.182862786689829E+001  0.141794808629869E+000  0.100028598759238E+000 -0.131028262406404E+000 -0.139412081513561E+003 -0.139412081513561E+003 -0.139412636287053E+003
  0.100475310162428E+000  0.628735155396655E+000  0.282875097000265E+000  0.100010082219351E+000 -0.131028262406404E+000 -0.139410969421807E+003 -0.139410969421807E+003 -0.139412482486233E+003
  0.101562221353797E+000  0.152563148095676E+001  0.109516454663432E+000  0.100037107165191E+000 -0.131028262406404E+000 -0.139411888229727E+003 -0.139411888229727E+003 -0.139414454194942E+003
  0.100610787363222E+000  0.148831574681292E+001  0.818325020847098E+000  0.100113093850844E+000 -0.131028262406404E+000 -0.139411335052308E+003 -0.139411335052308E+003 -0.139414744094850E+003
  0.100945740027053E+000  0.986879971501130E+000  0.374890924066888E+000  0.100706182547209E+000 -0.131028262406404E+000 -0.139412170934545E+003 -0.139412170934545E+003 -0.139412481935273E+003
  0.100208930025897E+000  0.183194716130815E+001  0.383631430804587E+000  0.101797980600160E+000 -0.131028262406404E+000 -0.139411560950631E+003 -0.139411560950631E+003 -0.139412692137228E+003
  0.100326002405236E+000  0.167535178654637E+001  0.911542786543407E+000  0.101200553255840E+000 -0.131028262406404E+000 -0.139411587245337E+003 -0.139411587245337E+003 -0.139412942166968E+003
  0.102295047676925E+000  0.593960816961900E+000  0.462354566868479E+000  0.100162085109348E+000 -0.131028262406404E+000 -0.139412260044155E+003 -0.139412260044155E+003 -0.139413123993879E+003
  0.100822589413029E+000  0.552250969790435E+000  0.558221771456770E+000  0.100675775824197E+000 -0.131028262406404E+000 -0.139411520303453E+003 -0.139411520303453E+003 -0.139412329975575E+003
