  0.296911638818334E+000  0.198174926465737E+001  0.728995351038525E+000  0.101937942019060E+000 -0.131028262406404E+000 -0.145834648140574E+003 -0.145834648140574E+003
  0.247741212757530E+000  0.199678063742678E+001  0.931356268493556E+000  0.118945070166662E+000 -0.131028262406404E+000 -0.145834653036393E+003 -0.145834653036393E+003
  0.293877423591860E+000  0.199542495418515E+001  0.773921812880009E+000  0.101389157115153E+000 -0.131028262406404E+000 -0.145834636319288E+003 -0.145834636319288E+003
  0.285178968862086E+000  0.196628021213215E+001  0.880751146211041E+000  0.104756239557061E+000 -0.131028262406404E+000 -0.145834654937596E+003 -0.145834654937596E+003
  0.265465277824971E+000  0.199473792762734E+001  0.928520478417666E+000  0.108001454016865E+000 -0.131028262406404E+000 -0.145834655059626E+003 -0.145834655059626E+003
  0.253080000713066E+000  0.199589753777567E+001  0.807726971365725E+000  0.117331551230990E+000 -0.131028262406404E+000 -0.145834650753373E+003 -0.145834650753373E+003
  0.238133854483634E+000  0.199956528653836E+001  0.857345175615117E+000  0.123367914567631E+000 -0.131028262406404E+000 -0.145834657071259E+003 -0.145834657071259E+003
  0.253681323780604E+000  0.199735975971415E+001  0.688131851913190E+000  0.116353730631663E+000 -0.131028262406404E+000 -0.145834649495511E+003 -0.145834649495511E+003
  0.290094528875991E+000  0.199392524441384E+001  0.940604090427499E+000  0.104492144108015E+000 -0.131028262406404E+000 -0.145834644441526E+003 -0.145834644441526E+003
  0.272836412739276E+000  0.196953748586265E+001  0.913526542830732E+000  0.109086791758044E+000 -0.131028262406404E+000 -0.145834657664403E+003 -0.145834657664403E+003
  0.284961271727332E+000  0.198877433270606E+001  0.647093963827515E+000  0.107536661732964E+000 -0.131028262406404E+000 -0.145834656145587E+003 -0.145834656145587E+003
  0.248653967432449E+000  0.199331512324753E+001  0.791300146687572E+000  0.120505753828033E+000 -0.131028262406404E+000 -0.145834656171900E+003 -0.145834656171900E+003
  0.286659868090729E+000  0.199036998792682E+001  0.911348549443569E+000  0.105182467791925E+000 -0.131028262406404E+000 -0.145834644759734E+003 -0.145834644759734E+003
  0.299116539915633E+000  0.198886370683564E+001  0.869618078758283E+000  0.101234647331126E+000 -0.131028262406404E+000 -0.145834644113740E+003 -0.145834644113740E+003
  0.294792861020306E+000  0.195471585403118E+001  0.898085597300086E+000  0.100692773137171E+000 -0.131028262406404E+000 -0.145834655371506E+003 -0.145834655371506E+003
  0.285099072074313E+000  0.196916853126560E+001  0.908311665006779E+000  0.104436568504559E+000 -0.131028262406404E+000 -0.145834652595629E+003 -0.145834652595629E+003
  0.302725769423938E+000  0.199695773938368E+001  0.787311288324737E+000  0.102267684933339E+000 -0.131028262406404E+000 -0.145834656463966E+003 -0.145834656463966E+003
  0.280921603720816E+000  0.199609670582160E+001  0.817603552204834E+000  0.100887420172730E+000 -0.131028262406404E+000 -0.145834656132397E+003 -0.145834656132397E+003
  0.293327112295244E+000  0.196160841066019E+001  0.665874448228835E+000  0.100847912026106E+000 -0.131028262406404E+000 -0.145834652108583E+003 -0.145834652108583E+003
  0.288354651340983E+000  0.196263195284182E+001  0.946491031219467E+000  0.103452770800507E+000 -0.131028262406404E+000 -0.145834655147373E+003 -0.145834655147373E+003
  0.294888619195436E+000  0.197545693128442E+001  0.867484334620468E+000  0.100251096106571E+000 -0.131028262406404E+000 -0.145834644792136E+003 -0.145834644792136E+003
  0.274952197460913E+000  0.197698655313355E+001  0.866346948247683E+000  0.105256306959977E+000 -0.131028262406404E+000 -0.145834655319565E+003 -0.145834655319565E+003
  0.266259399514419E+000  0.199427216302944E+001  0.880185654927409E+000  0.110269051241615E+000 -0.131028262406404E+000 -0.145834646160507E+003 -0.145834646160507E+003
  0.258382341029212E+000  0.197977589637695E+001  0.786899106362164E+000  0.114659244339703E+000 -0.131028262406404E+000 -0.145834658169553E+003 -0.145834658169553E+003
  0.263941827825521E+000  0.199442454138070E+001  0.882126009435888E+000  0.113118094780873E+000 -0.131028262406404E+000 -0.145834647475309E+003 -0.145834647475309E+003
  0.282530028565757E+000  0.199780246895230E+001  0.947709866314863E+000  0.103957822592856E+000 -0.131028262406404E+000 -0.145834638133515E+003 -0.145834638133515E+003
  0.290569867749867E+000  0.198963215845088E+001  0.923791593273266E+000  0.103929550739534E+000 -0.131028262406404E+000 -0.145834644697021E+003 -0.145834644697021E+003
  0.274694909897005E+000  0.197201689756169E+001  0.902331503333472E+000  0.107386097244010E+000 -0.131028262406404E+000 -0.145834654503087E+003 -0.145834654503087E+003
  0.291147086544745E+000  0.198755001175671E+001  0.871236806153707E+000  0.101080769138077E+000 -0.131028262406404E+000 -0.145834640210955E+003 -0.145834640210955E+003
  0.291791085209884E+000  0.199124803634872E+001  0.856100072035114E+000  0.101919231076492E+000 -0.131028262406404E+000 -0.145834638686462E+003 -0.145834638686462E+003
  0.285289636169554E+000  0.199011271246799E+001  0.832085514209460E+000  0.103494173418777E+000 -0.131028262406404E+000 -0.145834640791102E+003 -0.145834640791102E+003
  0.283716082651068E+000  0.199057186281925E+001  0.995311574292653E+000  0.106336276937221E+000 -0.131028262406404E+000 -0.145834645833075E+003 -0.145834645833075E+003
  0.299436980875468E+000  0.198056175865237E+001  0.863764944587010E+000  0.102364015730383E+000 -0.131028262406404E+000 -0.145834656798114E+003 -0.145834656798114E+003
  0.281788803280037E+000  0.199077206009709E+001  0.866814219564689E+000  0.100576892314338E+000 -0.131028262406404E+000 -0.145834658167834E+003 -0.145834658167834E+003
  0.292211507381294E+000  0.199716482485330E+001  0.978767921230493E+000  0.100252195498398E+000 -0.131028262406404E+000 -0.145834635805683E+003 -0.145834635805683E+003
  0.302799352341394E+000  0.196941072168867E+001  0.693343549501863E+000  0.100499278775001E+000 -0.131028262406404E+000 -0.145834656106615E+003 -0.145834656106615E+003
  0.263123287249128E+000  0.199874240674337E+001  0.913079744685856E+000  0.110443967214131E+000 -0.131028262406404E+000 -0.145834647534763E+003 -0.145834647534763E+003
  0.275559343149118E+000  0.198073834196220E+001  0.909369339465632E+000  0.105702421439288E+000 -0.131028262406404E+000 -0.145834651091463E+003 -0.145834651091463E+003
  0.296462714990132E+000  0.196666648760362E+001  0.859301711871194E+000  0.100425348195524E+000 -0.131028262406404E+000 -0.145834649510340E+003 -0.145834649510340E+003
  0.280418033067338E+000  0.197420016688247E+001  0.941051782578365E+000  0.107521474463652E+000 -0.131028262406404E+000 -0.145834655988022E+003 -0.145834655988022E+003
  0.278214989090195E+000  0.196627521338871E+001  0.997292611830305E+000  0.106422582435566E+000 -0.131028262406404E+000 -0.145834656213923E+003 -0.145834656213923E+003
  0.279667761959428E+000  0.198421631580107E+001  0.984402581481904E+000  0.107006581610040E+000 -0.131028262406404E+000 -0.145834647824081E+003 -0.145834647824081E+003
  0.280433399980694E+000  0.199458464928285E+001  0.809939720481676E+000  0.103178104037069E+000 -0.131028262406404E+000 -0.145834644470991E+003 -0.145834644470991E+003
  0.269434724190604E+000  0.197381458034520E+001  0.932570753311489E+000  0.109307659576390E+000 -0.131028262406404E+000 -0.145834655999480E+003 -0.145834655999480E+003
  0.253486036388452E+000  0.198602867674708E+001  0.915042855288572E+000  0.117892865639943E+000 -0.131028262406404E+000 -0.145834657971490E+003 -0.145834657971490E+003
  0.288449971777009E+000  0.196616973227387E+001  0.852840978682046E+000  0.100021652601340E+000 -0.131028262406404E+000 -0.145834655868044E+003 -0.145834655868044E+003
  0.274247636081625E+000  0.199675529678414E+001  0.910229491403343E+000  0.105705896956084E+000 -0.131028262406404E+000 -0.145834644945002E+003 -0.145834644945002E+003
  0.285010435444772E+000  0.197816931293102E+001  0.907512147871631E+000  0.101212964229854E+000 -0.131028262406404E+000 -0.145834651809975E+003 -0.145834651809975E+003
  0.285789386270236E+000  0.199597764424757E+001  0.782628469605589E+000  0.105422253425548E+000 -0.131028262406404E+000 -0.145834641626052E+003 -0.145834641626052E+003
  0.265718518097940E+000  0.198030038880999E+001  0.764287246904701E+000  0.109115345773429E+000 -0.131028262406404E+000 -0.145834657267935E+003 -0.145834657267935E+003
  0.260883482251776E+000  0.199456546043061E+001  0.645415675196313E+000  0.109953926004574E+000 -0.131028262406404E+000 -0.145834656974383E+003 -0.145834656974383E+003
  0.292290944868913E+000  0.199876229073371E+001  0.813870592281493E+000  0.101949715997982E+000 -0.131028262406404E+000 -0.145834635103680E+003 -0.145834635103680E+003
  0.286208430020219E+000  0.198646837948671E+001  0.647677860193314E+000  0.105815551216554E+000 -0.131028262406404E+000 -0.145834649225530E+003 -0.145834649225530E+003
  0.257686742267788E+000  0.199732386405612E+001  0.907789555219157E+000  0.117366560818177E+000 -0.131028262406404E+000 -0.145834652364722E+003 -0.145834652364722E+003
  0.280772092762363E+000  0.197929009689980E+001  0.762920548545434E+000  0.102851032199978E+000 -0.131028262406404E+000 -0.145834652536904E+003 -0.145834652536904E+003
  0.263981064991131E+000  0.197529031573562E+001  0.971846509294759E+000  0.111176349183797E+000 -0.131028262406404E+000 -0.145834658129617E+003 -0.145834658129617E+003
  0.299021537119515E+000  0.196735487657023E+001  0.913200141046698E+000  0.101669505190753E+000 -0.131028262406404E+000 -0.145834657701835E+003 -0.145834657701835E+003
  0.270111212860602E+000  0.199208122527929E+001  0.803050213959159E+000  0.106861126281674E+000 -0.131028262406404E+000 -0.145834650843844E+003 -0.145834650843844E+003
  0.269785677274711E+000  0.198866319758553E+001  0.772496888945337E+000  0.109596302917561E+000 -0.131028262406404E+000 -0.145834647418766E+003 -0.145834647418766E+003
  0.278215026537804E+000  0.198447325870622E+001  0.934521758481818E+000  0.109584380690677E+000 -0.131028262406404E+000 -0.145834657165609E+003 -0.145834657165609E+003
  0.274045565317105E+000  0.197136172358767E+001  0.755476816376299E+000  0.108882061592832E+000 -0.131028262406404E+000 -0.145834656623344E+003 -0.145834656623344E+003
  0.277405069482597E+000  0.196968285992517E+001  0.817468145594574E+000  0.107592517948562E+000 -0.131028262406404E+000 -0.145834656137469E+003 -0.145834656137469E+003
  0.267263573449810E+000  0.198718846674695E+001  0.841125640377147E+000  0.107291937135589E+000 -0.131028262406404E+000 -0.145834658038891E+003 -0.145834658038891E+003
  0.280915500460979E+000  0.199905910573321E+001  0.946267194243467E+000  0.102416915176056E+000 -0.131028262406404E+000 -0.145834644824617E+003 -0.145834644824617E+003
  0.261037268455154E+000  0.199897973777338E+001  0.932059128814499E+000  0.114836551733227E+000 -0.131028262406404E+000 -0.145834646734650E+003 -0.145834646734650E+003
  0.264300460294844E+000  0.199491746080378E+001  0.932051929298774E+000  0.112845440661614E+000 -0.131028262406404E+000 -0.145834646830551E+003 -0.145834646830551E+003
  0.276987767385942E+000  0.198375962924676E+001  0.694942341072437E+000  0.104525446317429E+000 -0.131028262406404E+000 -0.145834650887606E+003 -0.145834650887606E+003
  0.251365036233835E+000  0.199331011797323E+001  0.856650803950655E+000  0.118246502600651E+000 -0.131028262406404E+000 -0.145834653392648E+003 -0.145834653392648E+003
  0.289951270649683E+000  0.196480935027882E+001  0.844688517770381E+000  0.102165028320791E+000 -0.131028262406404E+000 -0.145834652024448E+003 -0.145834652024448E+003
  0.307495509771282E+000  0.199532602067685E+001  0.866116619994350E+000  0.100311348532345E+000 -0.131028262406404E+000 -0.145834652730408E+003 -0.145834652730408E+003
  0.264831292554368E+000  0.199821207289579E+001  0.987326792307646E+000  0.108439609363667E+000 -0.131028262406404E+000 -0.145834652560620E+003 -0.145834652560620E+003
  0.298734156672625E+000  0.197707821826671E+001  0.700711508268947E+000  0.101850214594498E+000 -0.131028262406404E+000 -0.145834653262318E+003 -0.145834653262318E+003
  0.267048009710573E+000  0.198458404208150E+001  0.677150993926356E+000  0.111377840139267E+000 -0.131028262406404E+000 -0.145834651441502E+003 -0.145834651441502E+003
  0.265735469054295E+000  0.197454213261490E+001  0.965060217694427E+000  0.111398540506559E+000 -0.131028262406404E+000 -0.145834657497829E+003 -0.145834657497829E+003
  0.268205833463162E+000  0.198613357756406E+001  0.832522114249634E+000  0.107634471093487E+000 -0.131028262406404E+000 -0.145834654717884E+003 -0.145834654717884E+003
  0.254505035079076E+000  0.198412327490862E+001  0.821762455409302E+000  0.116778973914545E+000 -0.131028262406404E+000 -0.145834657761267E+003 -0.145834657761267E+003
  0.279693337913571E+000  0.199295787973331E+001  0.807481341977775E+000  0.104822122649163E+000 -0.131028262406404E+000 -0.145834641830946E+003 -0.145834641830946E+003
  0.281718411536661E+000  0.199740802138045E+001  0.983775539575386E+000  0.108354122076792E+000 -0.131028262406404E+000 -0.145834649126215E+003 -0.145834649126215E+003
  0.288088191942739E+000  0.196252588306681E+001  0.723661214310372E+000  0.103604527573340E+000 -0.131028262406404E+000 -0.145834655461280E+003 -0.145834655461280E+003
  0.272141354401462E+000  0.199805345521381E+001  0.894382623540543E+000  0.109192708106276E+000 -0.131028262406404E+000 -0.145834641438991E+003 -0.145834641438991E+003
  0.255284163794125E+000  0.198503631158576E+001  0.831144644843217E+000  0.114714391880827E+000 -0.131028262406404E+000 -0.145834657266179E+003 -0.145834657266179E+003
  0.288414189439827E+000  0.199237656669483E+001  0.989482325140354E+000  0.100327582679407E+000 -0.131028262406404E+000 -0.145834642712542E+003 -0.145834642712542E+003
  0.273236297803901E+000  0.197625643914817E+001  0.892421268789409E+000  0.109217016925845E+000 -0.131028262406404E+000 -0.145834654201798E+003 -0.145834654201798E+003
  0.285955464058163E+000  0.198998883095445E+001  0.925585024457552E+000  0.106710222084222E+000 -0.131028262406404E+000 -0.145834651979056E+003 -0.145834651979056E+003
  0.277001851961875E+000  0.197356969094134E+001  0.639337170716488E+000  0.107860329720864E+000 -0.131028262406404E+000 -0.145834654401520E+003 -0.145834654401520E+003
  0.280711794176886E+000  0.199449118464472E+001  0.715130442655819E+000  0.103017335094540E+000 -0.131028262406404E+000 -0.145834644651184E+003 -0.145834644651184E+003
  0.276847919645111E+000  0.199394039535154E+001  0.763448885908059E+000  0.105095237817107E+000 -0.131028262406404E+000 -0.145834644129344E+003 -0.145834644129344E+003
  0.276104080556931E+000  0.198001329277032E+001  0.826304881183754E+000  0.108580650165163E+000 -0.131028262406404E+000 -0.145834652127265E+003 -0.145834652127265E+003
  0.294462976076125E+000  0.198628447127157E+001  0.896503453987876E+000  0.103953354918139E+000 -0.131028262406404E+000 -0.145834653965046E+003 -0.145834653965046E+003
  0.275266779389900E+000  0.197241396421395E+001  0.903905847457787E+000  0.108739802864216E+000 -0.131028262406404E+000 -0.145834656346890E+003 -0.145834656346890E+003
  0.255225958093482E+000  0.199015581325286E+001  0.677582445131079E+000  0.116762692229602E+000 -0.131028262406404E+000 -0.145834653832028E+003 -0.145834653832028E+003
  0.290316393232391E+000  0.199087972804504E+001  0.809951287618144E+000  0.103255586479432E+000 -0.131028262406404E+000 -0.145834641180391E+003 -0.145834641180391E+003
  0.262230281623480E+000  0.199451502761388E+001  0.920005719084002E+000  0.115887930567111E+000 -0.131028262406404E+000 -0.145834654802238E+003 -0.145834654802238E+003
  0.280443821837736E+000  0.199716566720936E+001  0.926956555113366E+000  0.100974112255556E+000 -0.131028262406404E+000 -0.145834656513411E+003 -0.145834656513411E+003
  0.287103086994244E+000  0.198589499161773E+001  0.974886661398020E+000  0.105745822722117E+000 -0.131028262406404E+000 -0.145834650664612E+003 -0.145834650664612E+003
  0.260133945497195E+000  0.198518571044514E+001  0.861674103321617E+000  0.114123073710770E+000 -0.131028262406404E+000 -0.145834654084219E+003 -0.145834654084219E+003
  0.288910250693008E+000  0.199350940700797E+001  0.945375192562303E+000  0.103188937779102E+000 -0.131028262406404E+000 -0.145834638831133E+003 -0.145834638831133E+003
  0.277631425465701E+000  0.197880656214344E+001  0.715419667741743E+000  0.107368374947503E+000 -0.131028262406404E+000 -0.145834650650611E+003 -0.145834650650611E+003
  0.257695191819663E+000  0.198652777545404E+001  0.730857100897273E+000  0.116605351501127E+000 -0.131028262406404E+000 -0.145834657041552E+003 -0.145834657041552E+003
  0.243384870379342E+000  0.199936215919920E+001  0.706385078367303E+000  0.120553467537769E+000 -0.131028262406404E+000 -0.145834654347240E+003 -0.145834654347240E+003
  0.257531501060555E+000  0.199735483784897E+001  0.838195951812520E+000  0.116582327420719E+000 -0.131028262406404E+000 -0.145834649706541E+003 -0.145834649706541E+003
  0.272586377976589E+000  0.198697095904643E+001  0.863594726807493E+000  0.109792216305060E+000 -0.131028262406404E+000 -0.145834648985121E+003 -0.145834648985121E+003
  0.283476265355615E+000  0.198300744697757E+001  0.888204401659851E+000  0.102259770902038E+000 -0.131028262406404E+000 -0.145834648204597E+003 -0.145834648204597E+003
  0.268802728419497E+000  0.199246899911995E+001  0.748055817517132E+000  0.107261395167023E+000 -0.131028262406404E+000 -0.145834651733039E+003 -0.145834651733039E+003
