  0.110459279813099E+000  0.517539119230114E+000  0.331333362839876E+000  0.100728140057604E+000 -0.131028262406404E+000 -0.143063712545686E+003 -0.143063712545686E+003
  0.101807201287713E+000  0.128536914764137E+001  0.640159023520458E-002  0.102829319682651E+000 -0.131028262406404E+000 -0.143064002702306E+003 -0.143064002702306E+003
  0.103563561589236E+000  0.740072812660461E+000  0.134966124157225E-001  0.100736266402012E+000 -0.131028262406404E+000 -0.143062924347747E+003 -0.143062924347747E+003
  0.101829938340376E+000  0.915177791897201E+000  0.498605212796806E+000  0.103510161091352E+000 -0.131028262406404E+000 -0.143063425129462E+003 -0.143063425129462E+003
  0.103989427513984E+000  0.531353469049980E+000  0.329515231923042E+000  0.101700887430792E+000 -0.131028262406404E+000 -0.143062688690791E+003 -0.143062688690791E+003
  0.111381165320489E+000  0.574274277337040E+000  0.426010007506361E+000  0.100784777965345E+000 -0.131028262406404E+000 -0.143064034239298E+003 -0.143064034239298E+003
  0.107353773710632E+000  0.101938441605589E+001  0.819411519223895E-001  0.100203207983438E+000 -0.131028262406404E+000 -0.143064128347803E+003 -0.143064128347803E+003
  0.102119328993977E+000  0.748974084800951E+000  0.106695551428340E+000  0.106027497849116E+000 -0.131028262406404E+000 -0.143063523829317E+003 -0.143063523829317E+003
  0.103256840430365E+000  0.916649096483938E+000  0.485631849628092E+000  0.101517077409327E+000 -0.131028262406404E+000 -0.143063364203340E+003 -0.143063364203340E+003
  0.103756840119904E+000  0.648355631113645E+000  0.452837337179814E+000  0.104774664236197E+000 -0.131028262406404E+000 -0.143063402190160E+003 -0.143063402190160E+003
  0.110184265689160E+000  0.749171124290210E+000  0.107722787413804E+000  0.101197318706677E+000 -0.131028262406404E+000 -0.143064291846544E+003 -0.143064291846544E+003
  0.105002308845187E+000  0.119870441274003E+001  0.733446235811635E+000  0.100815478303419E+000 -0.131028262406404E+000 -0.143064110225427E+003 -0.143064110225427E+003
  0.103190143788667E+000  0.143252513216666E+001  0.965552670349563E+000  0.102279096824454E+000 -0.131028262406404E+000 -0.143064417753283E+003 -0.143064417753283E+003
  0.101678786239647E+000  0.773965857208662E+000  0.352418022497915E+000  0.102598608115299E+000 -0.131028262406404E+000 -0.143062940905820E+003 -0.143062940905820E+003
  0.100790546766447E+000  0.624411503863047E+000  0.888239344548146E+000  0.108002724460896E+000 -0.131028262406404E+000 -0.143063246781719E+003 -0.143063246781719E+003
  0.108781233106956E+000  0.777605895192598E+000  0.155806501538081E+000  0.103714895531186E+000 -0.131028262406404E+000 -0.143064529558289E+003 -0.143064529558289E+003
  0.103169364423378E+000  0.511076608975315E+000  0.120420930453543E+000  0.113473641910173E+000 -0.131028262406404E+000 -0.143064179663041E+003 -0.143064179663041E+003
  0.105002421935404E+000  0.544051901079224E+000  0.626850521271415E+000  0.100461584446586E+000 -0.131028262406404E+000 -0.143062716682261E+003 -0.143062716682261E+003
  0.109574957525912E+000  0.528049499203793E+000  0.395110935859914E+000  0.102204992301316E+000 -0.131028262406404E+000 -0.143063811499514E+003 -0.143063811499514E+003
  0.100828263844317E+000  0.183403867275177E+001  0.854631917671484E+000  0.100885827877659E+000 -0.131028262406404E+000 -0.143064159049928E+003 -0.143064159049928E+003
  0.103960927507045E+000  0.678904220831445E+000  0.100369379494738E+000  0.106081106908823E+000 -0.131028262406404E+000 -0.143063725045025E+003 -0.143063725045025E+003
  0.100099844012925E+000  0.821606700422346E+000  0.173266702798157E+000  0.110925324529461E+000 -0.131028262406404E+000 -0.143064073029023E+003 -0.143064073029023E+003
  0.104020871604261E+000  0.685062637262439E+000  0.856974639490102E+000  0.107672626282205E+000 -0.131028262406404E+000 -0.143064004720539E+003 -0.143064004720539E+003
  0.100862971411738E+000  0.146032250812699E+001  0.992749950142275E+000  0.104284501928237E+000 -0.131028262406404E+000 -0.143064376984416E+003 -0.143064376984416E+003
  0.106142034555262E+000  0.797824049145896E+000  0.513124614850636E+000  0.100532835898341E+000 -0.131028262406404E+000 -0.143063504948403E+003 -0.143063504948403E+003
  0.101177095562197E+000  0.123089446213949E+001  0.728448120423959E+000  0.104226918747237E+000 -0.131028262406404E+000 -0.143064042154205E+003 -0.143064042154205E+003
  0.107102708469638E+000  0.810005074889066E+000  0.823997449237227E+000  0.103152686929405E+000 -0.131028262406404E+000 -0.143064175588834E+003 -0.143064175588834E+003
  0.103455889529176E+000  0.825275091858952E+000  0.561683314198394E+000  0.104531614087603E+000 -0.131028262406404E+000 -0.143063724701727E+003 -0.143063724701727E+003
  0.103536333879242E+000  0.105053813117817E+001  0.835948734309371E+000  0.105112150319153E+000 -0.131028262406404E+000 -0.143064337888745E+003 -0.143064337888745E+003
  0.103214097779062E+000  0.963578316963983E+000  0.437113294273690E-001  0.100680903955970E+000 -0.131028262406404E+000 -0.143063300744583E+003 -0.143063300744583E+003
  0.100711384242611E+000  0.129508326466334E+001  0.290886768464147E+000  0.103783803183583E+000 -0.131028262406404E+000 -0.143063976149068E+003 -0.143063976149068E+003
