  0.107489234459588E+000  0.515381752735937E+000  0.329474388252700E+000  0.498562813659053E+000 -0.131028262406404E+000 -0.143045034731885E+003 -0.143045034731885E+003
  0.114208934978562E+000  0.501208154972123E+000  0.798023773397816E+000  0.499676977248655E+000 -0.131028262406404E+000 -0.143044802785067E+003 -0.143044802785067E+003
  0.103694298340200E+000  0.519094463173756E+000  0.527793789486927E+000  0.490222181005501E+000 -0.131028262406404E+000 -0.143045867454663E+003 -0.143045867454663E+003
  0.100572177644923E+000  0.507464589223652E+000  0.769891578786769E+000  0.485436407202827E+000 -0.131028262406404E+000 -0.143045309088543E+003 -0.143045309088543E+003
  0.102343324540532E+000  0.520066941844197E+000  0.357467328654975E+000  0.493665850625855E+000 -0.131028262406404E+000 -0.143045292389513E+003 -0.143045292389513E+003
  0.106350300815921E+000  0.504440201410771E+000  0.317398769248564E+000  0.498742962871663E+000 -0.131028262406404E+000 -0.143044088862732E+003 -0.143044088862732E+003
  0.107150260425303E+000  0.524708979592906E+000  0.942328086035106E-001  0.495789481985441E+000 -0.131028262406404E+000 -0.143046023255950E+003 -0.143046023255950E+003
  0.103680189614065E+000  0.506832061961508E+000  0.771090132152159E+000  0.481904196577213E+000 -0.131028262406404E+000 -0.143046160934020E+003 -0.143046160934020E+003
  0.101029945301354E+000  0.509641785683534E+000  0.298224616824122E+000  0.483445694271662E+000 -0.131028262406404E+000 -0.143045770396595E+003 -0.143045770396595E+003
  0.105135020976404E+000  0.514079769104246E+000  0.376051231713037E+000  0.492405446431106E+000 -0.131028262406404E+000 -0.143045439596218E+003 -0.143045439596218E+003
  0.106849252355996E+000  0.503391045786168E+000  0.509450133241625E+000  0.484939222079048E+000 -0.131028262406404E+000 -0.143045967484924E+003 -0.143045967484924E+003
  0.111346238981443E+000  0.500344130104152E+000  0.247545399229768E+000  0.494781557303954E+000 -0.131028262406404E+000 -0.143045021511995E+003 -0.143045021511995E+003
  0.104561336941559E+000  0.515674089936503E+000  0.977269225341045E+000  0.487919556540958E+000 -0.131028262406404E+000 -0.143046067014646E+003 -0.143046067014646E+003
  0.100566296429622E+000  0.518360203371440E+000  0.466340833330151E+000  0.499710699803130E+000 -0.131028262406404E+000 -0.143044168606421E+003 -0.143044168606421E+003
  0.103454395959872E+000  0.518142340636444E+000  0.825807340318669E+000  0.496796383752435E+000 -0.131028262406404E+000 -0.143044904897332E+003 -0.143044904897332E+003
  0.108314952525249E+000  0.508894407787004E+000  0.261421845163454E+000  0.492096433439051E+000 -0.131028262406404E+000 -0.143045572893287E+003 -0.143045572893287E+003
  0.103960183366246E+000  0.520412207490499E+000  0.349814548924932E-001  0.491898402214811E+000 -0.131028262406404E+000 -0.143045773237887E+003 -0.143045773237887E+003
  0.103221763382403E+000  0.505789240648614E+000  0.331901636095930E+000  0.492487955055891E+000 -0.131028262406404E+000 -0.143044613494748E+003 -0.143044613494748E+003
  0.105895928009741E+000  0.519849101039927E+000  0.725844970157725E-001  0.493311203303376E+000 -0.131028262406404E+000 -0.143045825885264E+003 -0.143045825885264E+003
  0.107134672395422E+000  0.505063500136634E+000  0.415665039119458E+000  0.488393410199181E+000 -0.131028262406404E+000 -0.143045646641089E+003 -0.143045646641089E+003
  0.108583163514209E+000  0.519919088110595E+000  0.345370646793946E+000  0.494898694969935E+000 -0.131028262406404E+000 -0.143046015523525E+003 -0.143046015523525E+003
  0.107381912539686E+000  0.515011631589221E+000  0.475386618637103E+000  0.496055062297673E+000 -0.131028262406404E+000 -0.143045331529888E+003 -0.143045331529888E+003
  0.100709648337985E+000  0.521229723021074E+000  0.862466748955268E+000  0.493682772400894E+000 -0.131028262406404E+000 -0.143045146732521E+003 -0.143045146732521E+003
  0.101686094681793E+000  0.511799472001814E+000  0.108085541635248E+000  0.485911492297084E+000 -0.131028262406404E+000 -0.143045673610786E+003 -0.143045673610786E+003
  0.104424587575733E+000  0.500968130915873E+000  0.377549368862772E+000  0.480159923280480E+000 -0.131028262406404E+000 -0.143046118579301E+003 -0.143046118579301E+003
  0.102462337045723E+000  0.519157262024832E+000  0.710146853130587E+000  0.498036375642940E+000 -0.131028262406404E+000 -0.143044679944386E+003 -0.143044679944386E+003
  0.102503460141220E+000  0.529647489910439E+000  0.636825230488624E+000  0.493193784939714E+000 -0.131028262406404E+000 -0.143046021921019E+003 -0.143046021921019E+003
  0.101104825238473E+000  0.520339377874052E+000  0.387494181812085E+000  0.486163399136768E+000 -0.131028262406404E+000 -0.143046115234534E+003 -0.143046115234534E+003
  0.102249264225861E+000  0.515309331922633E+000  0.571747297359513E+000  0.494953402040941E+000 -0.131028262406404E+000 -0.143044794696804E+003 -0.143044794696804E+003
  0.118105400567573E+000  0.507517060975058E+000  0.171275452822078E+000  0.499542330530961E+000 -0.131028262406404E+000 -0.143045905316877E+003 -0.143045905316877E+003
  0.107756350973353E+000  0.503032968928322E+000  0.136059291334923E-001  0.498181027328958E+000 -0.131028262406404E+000 -0.143044250403303E+003 -0.143044250403303E+003
  0.104746750153996E+000  0.519335606930766E+000  0.349073912606568E+000  0.496906397967873E+000 -0.131028262406404E+000 -0.143045149083199E+003 -0.143045149083199E+003
  0.104788605167383E+000  0.514420014085286E+000  0.259677535775744E+000  0.489169153456996E+000 -0.131028262406404E+000 -0.143045847203008E+003 -0.143045847203008E+003
  0.102447788987602E+000  0.503844995775253E+000  0.887037974113451E+000  0.490575449939634E+000 -0.131028262406404E+000 -0.143044640401209E+003 -0.143044640401209E+003
  0.116267794099342E+000  0.507228841293596E+000  0.822479586218234E-001  0.499843162083909E+000 -0.131028262406404E+000 -0.143045549364337E+003 -0.143045549364337E+003
  0.100318124387581E+000  0.505884970544433E+000  0.597147807867975E+000  0.497794354435317E+000 -0.131028262406404E+000 -0.143043571252191E+003 -0.143043571252191E+003
  0.102704699602226E+000  0.516122934143871E+000  0.427292610517440E-001  0.485657335196601E+000 -0.131028262406404E+000 -0.143046132031243E+003 -0.143046132031243E+003
  0.108177747096949E+000  0.502465501754921E+000  0.661492451102070E+000  0.495338800319032E+000 -0.131028262406404E+000 -0.143044655871867E+003 -0.143044655871867E+003
  0.103393891441061E+000  0.507730092895624E+000  0.198977428881291E+000  0.496802306292963E+000 -0.131028262406404E+000 -0.143044194047491E+003 -0.143044194047491E+003
  0.106498402253903E+000  0.502758944094493E+000  0.618616226164328E+000  0.488281928307406E+000 -0.131028262406404E+000 -0.143045415066388E+003 -0.143045415066388E+003
  0.104291365288243E+000  0.500095801319039E+000  0.618050057729109E-001  0.494792472379583E+000 -0.131028262406404E+000 -0.143044063323912E+003 -0.143044063323912E+003
  0.106279989685704E+000  0.517508566761364E+000  0.738298361797990E+000  0.494511548288546E+000 -0.131028262406404E+000 -0.143045557204818E+003 -0.143045557204818E+003
  0.100504985356060E+000  0.506118062312363E+000  0.672830782244881E+000  0.491670173721492E+000 -0.131028262406404E+000 -0.143044400667044E+003 -0.143044400667044E+003
  0.101089568177728E+000  0.532429570355539E+000  0.234603063479270E+000  0.492669844895641E+000 -0.131028262406404E+000 -0.143046072014609E+003 -0.143046072014609E+003
  0.101100898070792E+000  0.533865622769997E+000  0.406661690513684E+000  0.493234483888122E+000 -0.131028262406404E+000 -0.143046097810523E+003 -0.143046097810523E+003
  0.107250463502255E+000  0.509375515148346E+000  0.771422172974979E+000  0.486893428659019E+000 -0.131028262406404E+000 -0.143046167051005E+003 -0.143046167051005E+003
  0.102120593125457E+000  0.503699967313618E+000  0.786829234782850E+000  0.487174288986929E+000 -0.131028262406404E+000 -0.143045040047844E+003 -0.143045040047844E+003
  0.104831155962255E+000  0.533834195007393E+000  0.141902977092505E+000  0.497178827801233E+000 -0.131028262406404E+000 -0.143046138724405E+003 -0.143046138724405E+003
  0.101663141463437E+000  0.518926307162517E+000  0.737472158555329E+000  0.487636349721442E+000 -0.131028262406404E+000 -0.143045909140767E+003 -0.143045909140767E+003
  0.106818773499714E+000  0.518486136750549E+000  0.897208071004044E+000  0.494087468625965E+000 -0.131028262406404E+000 -0.143045760902560E+003 -0.143045760902560E+003
  0.102515129346785E+000  0.507975834455272E+000  0.422222915407339E+000  0.496414464644651E+000 -0.131028262406404E+000 -0.143044151172929E+003 -0.143044151172929E+003
  0.109207118032665E+000  0.508283106158558E+000  0.126610903709878E+000  0.490016186705495E+000 -0.131028262406404E+000 -0.143045947409796E+003 -0.143045947409796E+003
  0.112293896748461E+000  0.518281973730764E+000  0.483147468065158E+000  0.498755712181458E+000 -0.131028262406404E+000 -0.143045933197383E+003 -0.143045933197383E+003
  0.103515734409872E+000  0.504894882209974E+000  0.154753116676912E+000  0.491216898370582E+000 -0.131028262406404E+000 -0.143044761339538E+003 -0.143044761339538E+003
  0.101086179667517E+000  0.513983614448294E+000  0.109484389269063E+000  0.483070391251031E+000 -0.131028262406404E+000 -0.143046105837467E+003 -0.143046105837467E+003
  0.111100894386214E+000  0.513643901729653E+000  0.841873222287658E+000  0.499368761923076E+000 -0.131028262406404E+000 -0.143045320377186E+003 -0.143045320377186E+003
  0.104608542600740E+000  0.502036455195009E+000  0.416523255433241E+000  0.499300555821660E+000 -0.131028262406404E+000 -0.143043631156001E+003 -0.143043631156001E+003
  0.113935962556629E+000  0.507633340499132E+000  0.382094312456203E+000  0.499813484302104E+000 -0.131028262406404E+000 -0.143045229316423E+003 -0.143045229316423E+003
  0.100035892673608E+000  0.502159270228916E+000  0.384587629655559E+000  0.493432773739093E+000 -0.131028262406404E+000 -0.143043863457611E+003 -0.143043863457611E+003
  0.106559802449234E+000  0.506307392091776E+000  0.653089419903878E+000  0.486388514271399E+000 -0.131028262406404E+000 -0.143045925326267E+003 -0.143045925326267E+003
  0.100373483989403E+000  0.513122998714091E+000  0.513913315957929E+000  0.487079445482939E+000 -0.131028262406404E+000 -0.143045429414704E+003 -0.143045429414704E+003
  0.113770279188540E+000  0.513006757413461E+000  0.769710434610732E+000  0.499718495993783E+000 -0.131028262406404E+000 -0.143045626516812E+003 -0.143045626516812E+003
  0.103958863241143E+000  0.511363559251134E+000  0.274808478306018E+000  0.491574322222106E+000 -0.131028262406404E+000 -0.143045204032748E+003 -0.143045204032748E+003
  0.115879169448993E+000  0.501894012966634E+000  0.560312730424911E+000  0.499969625755631E+000 -0.131028262406404E+000 -0.143045059188836E+003 -0.143045059188836E+003
  0.109436999517560E+000  0.501433606126161E+000  0.533821321148774E+000  0.486716759953879E+000 -0.131028262406404E+000 -0.143045959034496E+003 -0.143045959034496E+003
  0.108248315064488E+000  0.501938654492459E+000  0.383464158684027E+000  0.490451664361462E+000 -0.131028262406404E+000 -0.143045303089318E+003 -0.143045303089318E+003
  0.110369764042061E+000  0.503790380840823E+000  0.538460740388149E+000  0.489425108143107E+000 -0.131028262406404E+000 -0.143045882004225E+003 -0.143045882004225E+003
  0.101104421794882E+000  0.527390915389632E+000  0.293078765537753E+000  0.491098226958681E+000 -0.131028262406404E+000 -0.143045939978939E+003 -0.143045939978939E+003
  0.102859659667878E+000  0.526648421563859E+000  0.414138334527366E+000  0.491823034395288E+000 -0.131028262406404E+000 -0.143046048254408E+003 -0.143046048254408E+003
  0.115514447542503E+000  0.510255645309278E+000  0.172824531766252E+000  0.497835417262893E+000 -0.131028262406404E+000 -0.143045954011168E+003 -0.143045954011168E+003
  0.105960898315151E+000  0.501750854510239E+000  0.146704717245287E+000  0.483438462251651E+000 -0.131028262406404E+000 -0.143045937158077E+003 -0.143045937158077E+003
  0.107718232265383E+000  0.517539494108007E+000  0.122401465510996E+000  0.497193927425179E+000 -0.131028262406404E+000 -0.143045405845801E+003 -0.143045405845801E+003
  0.105831995123228E+000  0.504878291714287E+000  0.381329545441089E+000  0.490405147817583E+000 -0.131028262406404E+000 -0.143045177846784E+003 -0.143045177846784E+003
  0.100346930041493E+000  0.525989296718070E+000  0.114075541643079E+000  0.491539883128800E+000 -0.131028262406404E+000 -0.143045684642671E+003 -0.143045684642671E+003
  0.100859157161019E+000  0.514249648146645E+000  0.118657210324010E+000  0.483630186310902E+000 -0.131028262406404E+000 -0.143046017921570E+003 -0.143046017921570E+003
  0.111019220648357E+000  0.509838676158803E+000  0.832407287933851E+000  0.497793599445249E+000 -0.131028262406404E+000 -0.143045245760262E+003 -0.143045245760262E+003
  0.100974119925563E+000  0.508756484635139E+000  0.409495712008483E+000  0.482837739215400E+000 -0.131028262406404E+000 -0.143045786460086E+003 -0.143045786460086E+003
  0.105843853944063E+000  0.502183785866759E+000  0.658379125830414E+000  0.487392965121174E+000 -0.131028262406404E+000 -0.143045407558636E+003 -0.143045407558636E+003
  0.101345719169305E+000  0.504763120056630E+000  0.507549704480259E+000  0.490645119078687E+000 -0.131028262406404E+000 -0.143044551810821E+003 -0.143044551810821E+003
  0.109358302775384E+000  0.504756432220975E+000  0.550012182503550E+000  0.491520831528913E+000 -0.131028262406404E+000 -0.143045510118580E+003 -0.143045510118580E+003
  0.114931006977348E+000  0.511552561140538E+000  0.586733763963593E+000  0.499130935561887E+000 -0.131028262406404E+000 -0.143045777913528E+003 -0.143045777913528E+003
  0.103607411173031E+000  0.512018793664677E+000  0.535245203576749E+000  0.491282902651750E+000 -0.131028262406404E+000 -0.143045238995077E+003 -0.143045238995077E+003
  0.102152463486974E+000  0.533956530023235E+000  0.583160199680708E+000  0.494513101302645E+000 -0.131028262406404E+000 -0.143046093720325E+003 -0.143046093720325E+003
  0.105751386898643E+000  0.517632259633114E+000  0.511360882056336E+000  0.489828289412141E+000 -0.131028262406404E+000 -0.143046118074785E+003 -0.143046118074785E+003
  0.103177530432873E+000  0.507819763420983E+000  0.591567300072761E+000  0.488083390877424E+000 -0.131028262406404E+000 -0.143045327531370E+003 -0.143045327531370E+003
  0.110927772873677E+000  0.517053528040152E+000  0.201239238426331E+000  0.495314875509973E+000 -0.131028262406404E+000 -0.143046107128539E+003 -0.143046107128539E+003
  0.106304551188409E+000  0.508821228474518E+000  0.234245832975320E+000  0.498295758565662E+000 -0.131028262406404E+000 -0.143044446846571E+003 -0.143044446846571E+003
  0.106846328855003E+000  0.526424008246550E+000  0.954249260010597E+000  0.499377271569334E+000 -0.131028262406404E+000 -0.143045622631801E+003 -0.143045622631801E+003
  0.102006261620250E+000  0.515052273368444E+000  0.395506047342464E+000  0.492494081394581E+000 -0.131028262406404E+000 -0.143045066267813E+003 -0.143045066267813E+003
  0.104642307133324E+000  0.508553825736694E+000  0.846991385633911E+000  0.495303696957217E+000 -0.131028262406404E+000 -0.143044609004260E+003 -0.143044609004260E+003
  0.108359836294711E+000  0.506330090704035E+000  0.417194405410506E+000  0.499049168455894E+000 -0.131028262406404E+000 -0.143044445396545E+003 -0.143044445396545E+003
  0.102456218695223E+000  0.518606226305732E+000  0.457068015075628E+000  0.495281775769709E+000 -0.131028262406404E+000 -0.143044999586803E+003 -0.143044999586803E+003
  0.101087589455100E+000  0.511130073832339E+000  0.462552923922817E+000  0.492103698629687E+000 -0.131028262406404E+000 -0.143044740427236E+003 -0.143044740427236E+003
  0.102917048780461E+000  0.528595625039475E+000  0.807215934700894E+000  0.491937901883358E+000 -0.131028262406404E+000 -0.143046173812522E+003 -0.143046173812522E+003
  0.104108976272373E+000  0.508315550721068E+000  0.470737240547865E+000  0.489979505323443E+000 -0.131028262406404E+000 -0.143045232880217E+003 -0.143045232880217E+003
  0.105591193460863E+000  0.503239536808175E+000  0.152640615924356E+000  0.490425568877979E+000 -0.131028262406404E+000 -0.143045031371607E+003 -0.143045031371607E+003
  0.113809955884461E+000  0.518153713332291E+000  0.202409077341775E+000  0.498637160856919E+000 -0.131028262406404E+000 -0.143046178582121E+003 -0.143046178582121E+003
  0.100522513019006E+000  0.523845302979870E+000  0.980636351704767E+000  0.498122284686521E+000 -0.131028262406404E+000 -0.143044727531638E+003 -0.143044727531638E+003
  0.105551530456126E+000  0.509841418904903E+000  0.115177973469697E+000  0.495698642993296E+000 -0.131028262406404E+000 -0.143044765046239E+003 -0.143044765046239E+003
  0.106242786372722E+000  0.511169153715596E+000  0.782273230142428E+000  0.495802189892678E+000 -0.131028262406404E+000 -0.143044936735440E+003 -0.143044936735440E+003
  0.109350487385110E+000  0.510269561065713E+000  0.593942870313088E+000  0.492162375846063E+000 -0.131028262406404E+000 -0.143045812525628E+003 -0.143045812525628E+003
  0.104992054920742E+000  0.503874694150284E+000  0.143438521188632E+000  0.498249550961850E+000 -0.131028262406404E+000 -0.143043943302701E+003 -0.143043943302701E+003
  0.100148855049066E+000  0.501971751902348E+000  0.698586836281684E+000  0.499986399806108E+000 -0.131028262406404E+000 -0.143043019065193E+003 -0.143043019065193E+003
  0.101774152559767E+000  0.513802636410037E+000  0.210086408819518E+000  0.499148123920550E+000 -0.131028262406404E+000 -0.143044089758316E+003 -0.143044089758316E+003
  0.113817489713441E+000  0.513131062744476E+000  0.274486875016830E+000  0.498086346658461E+000 -0.131028262406404E+000 -0.143045873171615E+003 -0.143045873171615E+003
  0.105078257586405E+000  0.531570394373855E+000  0.658668678920333E+000  0.496143838383628E+000 -0.131028262406404E+000 -0.143046151546851E+003 -0.143046151546851E+003
  0.106761341075681E+000  0.511020746068793E+000  0.269348286287557E+000  0.490019040396797E+000 -0.131028262406404E+000 -0.143045782054622E+003 -0.143045782054622E+003
  0.104202794425006E+000  0.524787891449521E+000  0.144093660502720E+000  0.495695088750763E+000 -0.131028262406404E+000 -0.143045608459508E+003 -0.143045608459508E+003
  0.104445577763329E+000  0.510894109392348E+000  0.296955082099064E+000  0.490090666871256E+000 -0.131028262406404E+000 -0.143045437107009E+003 -0.143045437107009E+003
  0.116232258563079E+000  0.507797662773054E+000  0.107406044561918E+000  0.497890397586140E+000 -0.131028262406404E+000 -0.143045868822992E+003 -0.143045868822992E+003
  0.107600157633555E+000  0.526527536686621E+000  0.989397034162916E+000  0.496779513538638E+000 -0.131028262406404E+000 -0.143046089436874E+003 -0.143046089436874E+003
  0.108525605649050E+000  0.512705229668713E+000  0.317044043175960E+000  0.497280565001967E+000 -0.131028262406404E+000 -0.143045164282016E+003 -0.143045164282016E+003
  0.100780513617983E+000  0.531592230278478E+000  0.608243947949051E+000  0.499072498376664E+000 -0.131028262406404E+000 -0.143045158741147E+003 -0.143045158741147E+003
  0.101494766576500E+000  0.530491095921861E+000  0.490498251870507E+000  0.498726684505963E+000 -0.131028262406404E+000 -0.143045226352349E+003 -0.143045226352349E+003
  0.101562383507697E+000  0.513286680506483E+000  0.502490602786436E+000  0.487008232878840E+000 -0.131028262406404E+000 -0.143045609092672E+003 -0.143045609092672E+003
  0.112462694114703E+000  0.506322207184230E+000  0.833464464292125E+000  0.497344255189009E+000 -0.131028262406404E+000 -0.143045260523945E+003 -0.143045260523945E+003
  0.103640898971095E+000  0.529853302467438E+000  0.100088317453605E+000  0.495830333357396E+000 -0.131028262406404E+000 -0.143045859633532E+003 -0.143045859633532E+003
  0.100950289076847E+000  0.500715797999855E+000  0.675951937004662E+000  0.483987347956618E+000 -0.131028262406404E+000 -0.143045121404728E+003 -0.143045121404728E+003
  0.108607295552036E+000  0.506126430417782E+000  0.188990622323827E+000  0.499753900967994E+000 -0.131028262406404E+000 -0.143044368216303E+003 -0.143044368216303E+003
  0.114535785400442E+000  0.504717028232304E+000  0.855195507117095E+000  0.495863986146670E+000 -0.131028262406404E+000 -0.143045660973582E+003 -0.143045660973582E+003
  0.112737812428369E+000  0.506941901785852E+000  0.164826044952740E+000  0.496737905469604E+000 -0.131028262406404E+000 -0.143045432767030E+003 -0.143045432767030E+003
  0.110552863816734E+000  0.504886670134849E+000  0.512484860271500E+000  0.494939023867459E+000 -0.131028262406404E+000 -0.143045214788243E+003 -0.143045214788243E+003
  0.108652722767143E+000  0.506916699613938E+000  0.660878261711041E+000  0.497400709612304E+000 -0.131028262406404E+000 -0.143044752410484E+003 -0.143044752410484E+003
  0.111732105697046E+000  0.520104777035714E+000  0.424319440744503E+000  0.498580060254601E+000 -0.131028262406404E+000 -0.143046007478733E+003 -0.143046007478733E+003
  0.104924873445096E+000  0.502565901511635E+000  0.686507739195940E-001  0.492690029405921E+000 -0.131028262406404E+000 -0.143044591635214E+003 -0.143044591635214E+003
  0.108603458301423E+000  0.503088019811352E+000  0.493524602970652E+000  0.487087099277615E+000 -0.131028262406404E+000 -0.143045901435688E+003 -0.143045901435688E+003
  0.102543835787460E+000  0.523812103994062E+000  0.181731803376789E+000  0.498625707396778E+000 -0.131028262406404E+000 -0.143044929598512E+003 -0.143044929598512E+003
  0.104707913482301E+000  0.500498183244679E+000  0.741602926929866E+000  0.493288610661360E+000 -0.131028262406404E+000 -0.143044344424045E+003 -0.143044344424045E+003
  0.104401757233565E+000  0.513703735126065E+000  0.220906779713559E-001  0.487036630926518E+000 -0.131028262406404E+000 -0.143046029399158E+003 -0.143046029399158E+003
  0.105942237848663E+000  0.502209776211416E+000  0.551122454083705E+000  0.499339081997807E+000 -0.131028262406404E+000 -0.143043803002184E+003 -0.143043803002184E+003
  0.108743746650365E+000  0.506771152180184E+000  0.127903266957871E+000  0.498355675838997E+000 -0.131028262406404E+000 -0.143044623843154E+003 -0.143044623843154E+003
  0.106215252584392E+000  0.515252727817801E+000  0.238093227248795E+000  0.492047506252046E+000 -0.131028262406404E+000 -0.143045721993624E+003 -0.143045721993624E+003
  0.103128186092363E+000  0.516739164144695E+000  0.636080817251361E-001  0.499102070226581E+000 -0.131028262406404E+000 -0.143044465538033E+003 -0.143044465538033E+003
  0.102798937816494E+000  0.500852395978776E+000  0.744328008786347E+000  0.499935508532420E+000 -0.131028262406404E+000 -0.143043252650281E+003 -0.143043252650281E+003
  0.102951209463403E+000  0.511594003440385E+000  0.733401544737377E+000  0.492094415611700E+000 -0.131028262406404E+000 -0.143045015157803E+003 -0.143045015157803E+003
  0.114651059664029E+000  0.509172581163397E+000  0.174444648384161E+000  0.498969002753178E+000 -0.131028262406404E+000 -0.143045574748553E+003 -0.143045574748553E+003
  0.100545501382114E+000  0.508871476253947E+000  0.382807601029240E+000  0.481779819811783E+000 -0.131028262406404E+000 -0.143045875087248E+003 -0.143045875087248E+003
  0.104471103070307E+000  0.504784962021175E+000  0.225225699421660E+000  0.495610043437690E+000 -0.131028262406404E+000 -0.143044291121965E+003 -0.143044291121965E+003
  0.117361647880566E+000  0.501056306710042E+000  0.140810931125249E+000  0.496270658863065E+000 -0.131028262406404E+000 -0.143045757402068E+003 -0.143045757402068E+003
  0.111986554054031E+000  0.518982589244504E+000  0.713844299726282E+000  0.497673182913337E+000 -0.131028262406404E+000 -0.143046088342659E+003 -0.143046088342659E+003
  0.112320670216049E+000  0.502418788855062E+000  0.381353244151660E+000  0.497494610764424E+000 -0.131028262406404E+000 -0.143044929879453E+003 -0.143044929879453E+003
  0.100359117878209E+000  0.520711952089904E+000  0.722551266739749E+000  0.499324051295709E+000 -0.131028262406404E+000 -0.143044346798644E+003 -0.143044346798644E+003
  0.111089409649461E+000  0.514782286942298E+000  0.346502469010224E+000  0.495886167529048E+000 -0.131028262406404E+000 -0.143045885019153E+003 -0.143045885019153E+003
  0.105967907857335E+000  0.504113728228808E+000  0.969425837034566E+000  0.490878434355644E+000 -0.131028262406404E+000 -0.143045080024308E+003 -0.143045080024308E+003
  0.101621970611064E+000  0.506270696769075E+000  0.632585070702680E+000  0.492705216043287E+000 -0.131028262406404E+000 -0.143044413782490E+003 -0.143044413782490E+003
  0.111523267715286E+000  0.503293536890221E+000  0.575675868899551E+000  0.496054841917186E+000 -0.131028262406404E+000 -0.143045082193379E+003 -0.143045082193379E+003
  0.111096804484205E+000  0.508385381110099E+000  0.643452936129138E+000  0.498438142421141E+000 -0.131028262406404E+000 -0.143045060765249E+003 -0.143045060765249E+003
  0.109926039608604E+000  0.502523641949389E+000  0.210058168507497E+000  0.494471092078918E+000 -0.131028262406404E+000 -0.143045021183218E+003 -0.143045021183218E+003
  0.105789120186618E+000  0.510754235615303E+000  0.975977867583429E+000  0.495147836389140E+000 -0.131028262406404E+000 -0.143044933918849E+003 -0.143044933918849E+003
  0.117345940512613E+000  0.513363370958801E+000  0.134530923618183E-001  0.499982274368652E+000 -0.131028262406404E+000 -0.143046183181399E+003 -0.143046183181399E+003
  0.107454093682309E+000  0.508107311205618E+000  0.904344359276546E+000  0.488290308123960E+000 -0.131028262406404E+000 -0.143045916894889E+003 -0.143045916894889E+003
  0.113013298918365E+000  0.502312879638765E+000  0.170531040498498E+000  0.497029933662108E+000 -0.131028262406404E+000 -0.143045087819888E+003 -0.143045087819888E+003
  0.108341755859984E+000  0.506634795965230E+000  0.153409362081374E+000  0.490717405910365E+000 -0.131028262406404E+000 -0.143045607835884E+003 -0.143045607835884E+003
  0.110282024241951E+000  0.521629060088374E+000  0.431189654343242E+000  0.498203607022458E+000 -0.131028262406404E+000 -0.143045948687185E+003 -0.143045948687185E+003
  0.100553877641350E+000  0.509742529579714E+000  0.196721672426744E+000  0.494848111504534E+000 -0.131028262406404E+000 -0.143044227989269E+003 -0.143044227989269E+003
  0.112225220452718E+000  0.500796178736991E+000  0.145177189296516E+000  0.497840802847997E+000 -0.131028262406404E+000 -0.143044747993235E+003 -0.143044747993235E+003
  0.111076298935816E+000  0.505227386158378E+000  0.425853634690763E+000  0.495396289901794E+000 -0.131028262406404E+000 -0.143045251044485E+003 -0.143045251044485E+003
  0.101674692125308E+000  0.500905605463841E+000  0.257324212943679E+000  0.490278070310759E+000 -0.131028262406404E+000 -0.143044392676632E+003 -0.143044392676632E+003
  0.103190918407661E+000  0.521675790513240E+000  0.149132391628101E+000  0.497677964998386E+000 -0.131028262406404E+000 -0.143044994739148E+003 -0.143044994739148E+003
  0.102153228400404E+000  0.516317064004862E+000  0.425291666124996E+000  0.485488431558695E+000 -0.131028262406404E+000 -0.143046088868484E+003 -0.143046088868484E+003
  0.101117399032263E+000  0.513935729574292E+000  0.481358539535978E+000  0.483856983720135E+000 -0.131028262406404E+000 -0.143046003764891E+003 -0.143046003764891E+003
  0.106178623190255E+000  0.505160242681200E+000  0.910640966567037E+000  0.489898354313390E+000 -0.131028262406404E+000 -0.143045313540913E+003 -0.143045313540913E+003
  0.115976328349205E+000  0.503082263040647E+000  0.350127330872662E+000  0.496537458276657E+000 -0.131028262406404E+000 -0.143045660248162E+003 -0.143045660248162E+003
  0.102931141624603E+000  0.528403308599601E+000  0.695117310237555E+000  0.496354988577822E+000 -0.131028262406404E+000 -0.143045589675816E+003 -0.143045589675816E+003
  0.101734463317753E+000  0.532657440291547E+000  0.580145518167188E+000  0.494630568941872E+000 -0.131028262406404E+000 -0.143045929644529E+003 -0.143045929644529E+003
  0.100220010966004E+000  0.500316505021565E+000  0.178742764392990E+000  0.476347557962831E+000 -0.131028262406404E+000 -0.143046014637256E+003 -0.143046014637256E+003
  0.106788182799258E+000  0.500695091577271E+000  0.126866945779533E+000  0.494453669168926E+000 -0.131028262406404E+000 -0.143044468869644E+003 -0.143044468869644E+003
  0.103106598699511E+000  0.522223045675817E+000  0.447926054897217E+000  0.494311201621124E+000 -0.131028262406404E+000 -0.143045458937169E+003 -0.143045458937169E+003
  0.111375773647228E+000  0.505658970719057E+000  0.201293968787918E+000  0.495108382558412E+000 -0.131028262406404E+000 -0.143045366384363E+003 -0.143045366384363E+003
  0.103979271069349E+000  0.516092819256884E+000  0.331604316237248E+000  0.489423521671679E+000 -0.131028262406404E+000 -0.143045811316494E+003 -0.143045811316494E+003
  0.108726673067190E+000  0.500014456941820E+000  0.858882302142028E+000  0.499300985724834E+000 -0.131028262406404E+000 -0.143044012049206E+003 -0.143044012049206E+003
  0.102855215625805E+000  0.529084125651256E+000  0.885703002896618E-002  0.495662667378540E+000 -0.131028262406404E+000 -0.143045714939045E+003 -0.143045714939045E+003
  0.107122340766179E+000  0.508505116721761E+000  0.101839550191399E+000  0.495785943594640E+000 -0.131028262406404E+000 -0.143044873912065E+003 -0.143044873912065E+003
  0.110139317730558E+000  0.515856093826411E+000  0.323463200866488E+000  0.496722793598111E+000 -0.131028262406404E+000 -0.143045704877867E+003 -0.143045704877867E+003
  0.116515576296630E+000  0.503609011234280E+000  0.646903780428215E+000  0.497506212588116E+000 -0.131028262406404E+000 -0.143045643932333E+003 -0.143045643932333E+003
  0.100877501576266E+000  0.517257990762833E+000  0.212370883496617E+000  0.499473383342610E+000 -0.131028262406404E+000 -0.143044164980145E+003 -0.143044164980145E+003
  0.112459609257552E+000  0.507793157822223E+000  0.141768323003648E+000  0.499374619855529E+000 -0.131028262406404E+000 -0.143045084513550E+003 -0.143045084513550E+003
  0.104657713651486E+000  0.509057936480238E+000  0.168109964666829E+000  0.493827893431713E+000 -0.131028262406404E+000 -0.143044842105824E+003 -0.143044842105824E+003
  0.102671441513907E+000  0.506436696128106E+000  0.561752418731144E+000  0.489390319909240E+000 -0.131028262406404E+000 -0.143044995712291E+003 -0.143044995712291E+003
  0.102964191440104E+000  0.531004700800824E+000  0.120358711578426E-001  0.496692711396719E+000 -0.131028262406404E+000 -0.143045729248364E+003 -0.143045729248364E+003
  0.113050926223164E+000  0.506467236189408E+000  0.697249347433860E+000  0.497097761863092E+000 -0.131028262406404E+000 -0.143045393209639E+003 -0.143045393209639E+003
  0.108769413679456E+000  0.517415600748703E+000  0.639291935163822E+000  0.492957395152411E+000 -0.131028262406404E+000 -0.143046128357602E+003 -0.143046128357602E+003
  0.101434841497015E+000  0.515996260077173E+000  0.516256911190806E+000  0.491283706786585E+000 -0.131028262406404E+000 -0.143045210027119E+003 -0.143045210027119E+003
  0.110275933468906E+000  0.511611145435639E+000  0.626588035430249E+000  0.493887100525159E+000 -0.131028262406404E+000 -0.143045807647251E+003 -0.143045807647251E+003
  0.102866245395859E+000  0.513607740518137E+000  0.970689611318923E+000  0.484309353163584E+000 -0.131028262406404E+000 -0.143046168183377E+003 -0.143046168183377E+003
  0.106187387507285E+000  0.509810267591896E+000  0.612372870922502E+000  0.499372341199176E+000 -0.131028262406404E+000 -0.143044355840062E+003 -0.143044355840062E+003
  0.105038760713795E+000  0.507937137638417E+000  0.124120432199869E+000  0.497944622891979E+000 -0.131028262406404E+000 -0.143044266872601E+003 -0.143044266872601E+003
  0.100751560582284E+000  0.515951340307133E+000  0.927831044337167E+000  0.491488672041407E+000 -0.131028262406404E+000 -0.143045089973056E+003 -0.143045089973056E+003
  0.104856881166899E+000  0.519773078509267E+000  0.569335655634467E+000  0.493789408775543E+000 -0.131028262406404E+000 -0.143045607116093E+003 -0.143045607116093E+003
  0.108825577495489E+000  0.509806173479692E+000  0.147864644262694E-001  0.499540490034987E+000 -0.131028262406404E+000 -0.143044690554679E+003 -0.143044690554679E+003
  0.108981870478715E+000  0.517444467801651E+000  0.682613888335851E+000  0.494327321031086E+000 -0.131028262406404E+000 -0.143045975060337E+003 -0.143045975060337E+003
  0.112764730420909E+000  0.517065288155216E+000  0.215167809807771E+000  0.498804567340046E+000 -0.131028262406404E+000 -0.143045907582039E+003 -0.143045907582039E+003
  0.101276033948663E+000  0.514080143934628E+000  0.563528510864059E+000  0.496094551360919E+000 -0.131028262406404E+000 -0.143044439835952E+003 -0.143044439835952E+003
  0.100761460605950E+000  0.510071889055892E+000  0.463377480021175E+000  0.495162384056846E+000 -0.131028262406404E+000 -0.143044234234423E+003 -0.143044234234423E+003
  0.118756673599816E+000  0.505314470780226E+000  0.971390714031948E+000  0.498108098073992E+000 -0.131028262406404E+000 -0.143046044410654E+003 -0.143046044410654E+003
  0.104744763086226E+000  0.502905753402126E+000  0.195210502884888E+000  0.498157004694938E+000 -0.131028262406404E+000 -0.143043859024829E+003 -0.143043859024829E+003
  0.104521108967619E+000  0.505429316373333E+000  0.601970055783454E+000  0.492107222768943E+000 -0.131028262406404E+000 -0.143044809499012E+003 -0.143044809499012E+003
  0.101368414642217E+000  0.527669220317947E+000  0.869926527104649E+000  0.490124102990270E+000 -0.131028262406404E+000 -0.143046121684716E+003 -0.143046121684716E+003
  0.107287109043612E+000  0.522343808059188E+000  0.409260445809899E+000  0.495843623937584E+000 -0.131028262406404E+000 -0.143045867470319E+003 -0.143045867470319E+003
  0.101227599174856E+000  0.529052065408645E+000  0.898263102839993E-001  0.495883313981162E+000 -0.131028262406404E+000 -0.143045454788075E+003 -0.143045454788075E+003
  0.109283555506029E+000  0.503467445329065E+000  0.724502387819585E+000  0.499112340170075E+000 -0.131028262406404E+000 -0.143044357609323E+003 -0.143044357609323E+003
  0.108737174933006E+000  0.520445989548438E+000  0.247053638811962E+000  0.496268653702130E+000 -0.131028262406404E+000 -0.143045890661433E+003 -0.143045890661433E+003
  0.104089807454903E+000  0.507408322095648E+000  0.518679931590489E-001  0.495154921147101E+000 -0.131028262406404E+000 -0.143044479355187E+003 -0.143044479355187E+003
  0.100526925349433E+000  0.521063604365760E+000  0.302820478721124E+000  0.499259620503326E+000 -0.131028262406404E+000 -0.143044399488265E+003 -0.143044399488265E+003
  0.102466286595273E+000  0.517117747383092E+000  0.224851892956316E+000  0.494747011318955E+000 -0.131028262406404E+000 -0.143044970923683E+003 -0.143044970923683E+003
  0.109471343133386E+000  0.504068213857110E+000  0.459760363966343E+000  0.498939180307937E+000 -0.131028262406404E+000 -0.143044449955697E+003 -0.143044449955697E+003
  0.101286320399384E+000  0.520141362829354E+000  0.121645267153342E+000  0.487612983266562E+000 -0.131028262406404E+000 -0.143045939055477E+003 -0.143045939055477E+003
  0.110917480825749E+000  0.503849984534088E+000  0.797972107295110E+000  0.493661873834567E+000 -0.131028262406404E+000 -0.143045371154789E+003 -0.143045371154789E+003
  0.106296126379955E+000  0.512389221470704E+000  0.652752157375622E+000  0.498441584747685E+000 -0.131028262406404E+000 -0.143044674893981E+003 -0.143044674893981E+003
  0.101770782286516E+000  0.519063800588492E+000  0.213566490924552E+000  0.491563409482253E+000 -0.131028262406404E+000 -0.143045421018115E+003 -0.143045421018115E+003
  0.105786080838174E+000  0.507457279172917E+000  0.550202077500949E+000  0.497413279401134E+000 -0.131028262406404E+000 -0.143044402347212E+003 -0.143044402347212E+003
  0.108183150624598E+000  0.509027618710746E+000  0.704756620613503E+000  0.495526860898141E+000 -0.131028262406404E+000 -0.143045093208198E+003 -0.143045093208198E+003
  0.103576311523062E+000  0.506840177512319E+000  0.358637227888623E+000  0.489595030241661E+000 -0.131028262406404E+000 -0.143045114539273E+003 -0.143045114539273E+003
  0.101142406659372E+000  0.509612761137415E+000  0.592518261568351E+000  0.491360735922690E+000 -0.131028262406404E+000 -0.143044745789227E+003 -0.143044745789227E+003
  0.110295447518758E+000  0.510770586235522E+000  0.732885837620655E+000  0.494488379625213E+000 -0.131028262406404E+000 -0.143045666092977E+003 -0.143045666092977E+003
  0.100136220122315E+000  0.516983015022767E+000  0.194014749552524E+000  0.485284757734433E+000 -0.131028262406404E+000 -0.143045877784109E+003 -0.143045877784109E+003
  0.100849778527975E+000  0.505177634328025E+000  0.730464773327791E-001  0.499369193750574E+000 -0.131028262406404E+000 -0.143043384179549E+003 -0.143043384179549E+003
  0.109471996211017E+000  0.520789626595847E+000  0.242757431662654E+000  0.496080878559908E+000 -0.131028262406404E+000 -0.143046052738007E+003 -0.143046052738007E+003
  0.107231388015964E+000  0.506525530083723E+000  0.790665519975792E+000  0.491553516286835E+000 -0.131028262406404E+000 -0.143045327780197E+003 -0.143045327780197E+003
  0.102753175006964E+000  0.505266464525852E+000  0.164679964419503E+000  0.491685161812695E+000 -0.131028262406404E+000 -0.143044625371857E+003 -0.143044625371857E+003
  0.107548098817368E+000  0.503542908320825E+000  0.137964589382912E+000  0.497225135832233E+000 -0.131028262406404E+000 -0.143044388814160E+003 -0.143044388814160E+003
  0.109942484325698E+000  0.512260502987425E+000  0.872866619195631E+000  0.496848747257719E+000 -0.131028262406404E+000 -0.143045396034734E+003 -0.143045396034734E+003
  0.101098220732047E+000  0.527891145500956E+000  0.399579850001044E+000  0.490634521451280E+000 -0.131028262406404E+000 -0.143046031925304E+003 -0.143046031925304E+003
  0.105265763286623E+000  0.515342019333216E+000  0.522204413202640E+000  0.499050966538355E+000 -0.131028262406404E+000 -0.143044660056253E+003 -0.143044660056253E+003
  0.102507177132557E+000  0.537917299119774E+000  0.384712708574755E+000  0.499837724458430E+000 -0.131028262406404E+000 -0.143045737553075E+003 -0.143045737553075E+003
  0.104249479595722E+000  0.500161065223236E+000  0.369458320524921E-001  0.491821742964238E+000 -0.131028262406404E+000 -0.143044460870671E+003 -0.143044460870671E+003
  0.100943023465982E+000  0.536081080027028E+000  0.539191584845127E+000  0.499489908512422E+000 -0.131028262406404E+000 -0.143045431872017E+003 -0.143045431872017E+003
  0.106804853281303E+000  0.516414398807927E+000  0.807434633969608E+000  0.497177500432034E+000 -0.131028262406404E+000 -0.143045197484730E+003 -0.143045197484730E+003
  0.114440133455075E+000  0.514758237496634E+000  0.293654756608611E+000  0.499780620919487E+000 -0.131028262406404E+000 -0.143045856199088E+003 -0.143045856199088E+003
  0.107875827190782E+000  0.515363958766794E+000  0.396153649942169E+000  0.496928924786684E+000 -0.131028262406404E+000 -0.143045309091138E+003 -0.143045309091138E+003
  0.100022478397740E+000  0.514070491744002E+000  0.387340841748459E+000  0.485792630928444E+000 -0.131028262406404E+000 -0.143045610354380E+003 -0.143045610354380E+003
  0.110693644438883E+000  0.504330274797316E+000  0.825677867465612E+000  0.489992748747775E+000 -0.131028262406404E+000 -0.143045888691172E+003 -0.143045888691172E+003
  0.110980007633434E+000  0.510377795932602E+000  0.915605062382573E+000  0.497064482090300E+000 -0.131028262406404E+000 -0.143045380851559E+003 -0.143045380851559E+003
  0.116291802612435E+000  0.505508390665972E+000  0.731924151425392E+000  0.497010427059659E+000 -0.131028262406404E+000 -0.143045827736311E+003 -0.143045827736311E+003
  0.104587919441271E+000  0.504891833145263E+000  0.130811487062362E+000  0.497214339168422E+000 -0.131028262406404E+000 -0.143044099343597E+003 -0.143044099343597E+003
  0.106455078527429E+000  0.513045089898860E+000  0.366413990568310E+000  0.488884085731146E+000 -0.131028262406404E+000 -0.143046032061230E+003 -0.143046032061230E+003
  0.105183013630669E+000  0.508016521685043E+000  0.713964930901944E+000  0.494501070511511E+000 -0.131028262406404E+000 -0.143044751289224E+003 -0.143044751289224E+003
  0.108579964577934E+000  0.522831208076744E+000  0.618639635202318E+000  0.499786703279186E+000 -0.131028262406404E+000 -0.143045564887556E+003 -0.143045564887556E+003
  0.103723899006193E+000  0.534957678125380E+000  0.965757168988235E+000  0.496726714812176E+000 -0.131028262406404E+000 -0.143046110100432E+003 -0.143046110100432E+003
  0.102359379813310E+000  0.505404706315734E+000  0.427996582120978E-001  0.492848841933612E+000 -0.131028262406404E+000 -0.143044430795257E+003 -0.143044430795257E+003
  0.107464887808771E+000  0.504675960630778E+000  0.436254725285852E+000  0.497286735846948E+000 -0.131028262406404E+000 -0.143044448595264E+003 -0.143044448595264E+003
  0.106609487946768E+000  0.533434769060042E+000  0.707797559060866E+000  0.499951675024091E+000 -0.131028262406404E+000 -0.143046016717990E+003 -0.143046016717990E+003
  0.105016630124117E+000  0.516065388367720E+000  0.984846882485515E+000  0.492273084504405E+000 -0.131028262406404E+000 -0.143045576671037E+003 -0.143045576671037E+003
  0.112127961475886E+000  0.518373057602622E+000  0.535035859461984E+000  0.497249226770251E+000 -0.131028262406404E+000 -0.143046123504136E+003 -0.143046123504136E+003
  0.100258001672723E+000  0.543579601186278E+000  0.973332834038195E+000  0.499779183578709E+000 -0.131028262406404E+000 -0.143045807477275E+003 -0.143045807477275E+003
  0.106070583238285E+000  0.519098832075546E+000  0.537047827063768E+000  0.499451244581136E+000 -0.131028262406404E+000 -0.143044980176124E+003 -0.143044980176124E+003
  0.102488776512048E+000  0.509009776102173E+000  0.256357212888147E+000  0.493173916649839E+000 -0.131028262406404E+000 -0.143044641408593E+003 -0.143044641408593E+003
  0.104885468553590E+000  0.517594165155683E+000  0.657718522070605E+000  0.492647003733535E+000 -0.131028262406404E+000 -0.143045613102214E+003 -0.143045613102214E+003
  0.113433036037613E+000  0.513618074798478E+000  0.985201668452958E+000  0.498837616384102E+000 -0.131028262406404E+000 -0.143045744907997E+003 -0.143045744907997E+003
  0.110244148248998E+000  0.514328497934110E+000  0.352810926623447E+000  0.493580909746667E+000 -0.131028262406404E+000 -0.143046042855360E+003 -0.143046042855360E+003
  0.100623110609435E+000  0.532450017158747E+000  0.220272867049441E+000  0.497035988208327E+000 -0.131028262406404E+000 -0.143045452099715E+003 -0.143045452099715E+003
  0.107678581277057E+000  0.524821744102734E+000  0.222288978019228E+000  0.496037085320083E+000 -0.131028262406404E+000 -0.143046077983896E+003 -0.143046077983896E+003
  0.105382810948927E+000  0.512729310142184E+000  0.119571173929472E+000  0.486770291899525E+000 -0.131028262406404E+000 -0.143046140893268E+003 -0.143046140893268E+003
  0.102288153160841E+000  0.528325677937893E+000  0.350889862889245E-001  0.491485685699661E+000 -0.131028262406404E+000 -0.143046122459383E+003 -0.143046122459383E+003
  0.101785095434246E+000  0.505649355483730E+000  0.798956529501115E+000  0.499205173700481E+000 -0.131028262406404E+000 -0.143043545272545E+003 -0.143043545272545E+003
  0.100461540952692E+000  0.508257282863742E+000  0.801891517278251E+000  0.493257892842811E+000 -0.131028262406404E+000 -0.143044326513393E+003 -0.143044326513393E+003
  0.104977118611556E+000  0.516361474169662E+000  0.214470564972650E+000  0.499355318379501E+000 -0.131028262406404E+000 -0.143044651623842E+003 -0.143044651623842E+003
  0.110037028478183E+000  0.505314525554619E+000  0.435389368948551E-001  0.492528316089358E+000 -0.131028262406404E+000 -0.143045507545381E+003 -0.143045507545381E+003
  0.104468497813992E+000  0.517186016857496E+000  0.258675934931666E+000  0.489541827003716E+000 -0.131028262406404E+000 -0.143045939383683E+003 -0.143045939383683E+003
  0.104959671179513E+000  0.500366283224382E+000  0.333420488722098E+000  0.480528685290727E+000 -0.131028262406404E+000 -0.143046103794946E+003 -0.143046103794946E+003
  0.103825770442915E+000  0.501770503744336E+000  0.110702836224456E+000  0.481516350171437E+000 -0.131028262406404E+000 -0.143045902832960E+003 -0.143045902832960E+003
  0.104446935873858E+000  0.501649446445781E+000  0.342255090446916E+000  0.482484276452468E+000 -0.131028262406404E+000 -0.143045849221437E+003 -0.143045849221437E+003
  0.112175132194381E+000  0.502445134642520E+000  0.219583930105814E+000  0.499042475124741E+000 -0.131028262406404E+000 -0.143044693261050E+003 -0.143044693261050E+003
  0.100084029368950E+000  0.524484886770038E+000  0.223978779951037E+000  0.496265962121757E+000 -0.131028262406404E+000 -0.143044947952021E+003 -0.143044947952021E+003
  0.111629761771121E+000  0.501019479334904E+000  0.461087666594389E+000  0.491941059066412E+000 -0.131028262406404E+000 -0.143045512541187E+003 -0.143045512541187E+003
  0.101768688045437E+000  0.515815001230125E+000  0.762026025004102E+000  0.496223657261384E+000 -0.131028262406404E+000 -0.143044600720013E+003 -0.143044600720013E+003
  0.100432287754247E+000  0.531039969229523E+000  0.853971178782489E+000  0.495325465576769E+000 -0.131028262406404E+000 -0.143045548067239E+003 -0.143045548067239E+003
  0.114727446128403E+000  0.512443228226276E+000  0.704446392231731E+000  0.499580333991217E+000 -0.131028262406404E+000 -0.143045751054796E+003 -0.143045751054796E+003
  0.111088662885823E+000  0.505311465767529E+000  0.460559346516516E+000  0.495674993918708E+000 -0.131028262406404E+000 -0.143045219961999E+003 -0.143045219961999E+003
  0.110462201033703E+000  0.505897981514115E+000  0.657178020867125E+000  0.495828047652507E+000 -0.131028262406404E+000 -0.143045151024123E+003 -0.143045151024123E+003
  0.114591916934495E+000  0.518592419249995E+000  0.518572125278553E+000  0.499702420525387E+000 -0.131028262406404E+000 -0.143046187858913E+003 -0.143046187858913E+003
  0.107968072543979E+000  0.500551026905269E+000  0.217710335997192E+000  0.493038984061537E+000 -0.131028262406404E+000 -0.143044810343123E+003 -0.143044810343123E+003
  0.110863248212623E+000  0.508238150359228E+000  0.209085295696335E+000  0.497599078240511E+000 -0.131028262406404E+000 -0.143045132785505E+003 -0.143045132785505E+003
  0.101127835333072E+000  0.500300760363847E+000  0.641871379712371E+000  0.496052270937587E+000 -0.131028262406404E+000 -0.143043531118443E+003 -0.143043531118443E+003
  0.103693866367177E+000  0.509298946629986E+000  0.578417110541422E+000  0.483963586498087E+000 -0.131028262406404E+000 -0.143046047742681E+003 -0.143046047742681E+003
  0.102149118874052E+000  0.515683494234722E+000  0.800357101873792E+000  0.498834686569730E+000 -0.131028262406404E+000 -0.143044302869519E+003 -0.143044302869519E+003
  0.108758898913955E+000  0.517007015473451E+000  0.785647959168328E+000  0.499563143182488E+000 -0.131028262406404E+000 -0.143045197698119E+003 -0.143045197698119E+003
  0.102050398171087E+000  0.519121001766547E+000  0.173265538241901E+000  0.488553350829276E+000 -0.131028262406404E+000 -0.143045856285927E+003 -0.143045856285927E+003
  0.106082130458591E+000  0.516270738233406E+000  0.234160280271061E+000  0.489625391919523E+000 -0.131028262406404E+000 -0.143046099954830E+003 -0.143046099954830E+003
  0.100688277418181E+000  0.506000390316653E+000  0.546990708612327E+000  0.497540175832701E+000 -0.131028262406404E+000 -0.143043654630583E+003 -0.143043654630583E+003
  0.110967682223128E+000  0.504359913259139E+000  0.926956834715338E-001  0.495323371602863E+000 -0.131028262406404E+000 -0.143045182531212E+003 -0.143045182531212E+003
  0.102519689721322E+000  0.519842822126772E+000  0.725804773974701E+000  0.488225016074243E+000 -0.131028262406404E+000 -0.143046013485154E+003 -0.143046013485154E+003
  0.105652597468873E+000  0.510964780781962E+000  0.218461572884093E+000  0.486287304835400E+000 -0.131028262406404E+000 -0.143046125577872E+003 -0.143046125577872E+003
  0.105993645628198E+000  0.506130179327388E+000  0.867747894249761E+000  0.484228472652430E+000 -0.131028262406404E+000 -0.143046128121973E+003 -0.143046128121973E+003
  0.103564146836903E+000  0.519601860449136E+000  0.319901041696134E+000  0.492840734803929E+000 -0.131028262406404E+000 -0.143045537976695E+003 -0.143045537976695E+003
  0.103765667772603E+000  0.503258911377769E+000  0.730240153920342E+000  0.488519337656997E+000 -0.131028262406404E+000 -0.143045046846421E+003 -0.143045046846421E+003
  0.100779985349144E+000  0.522904339493785E+000  0.693332352740084E+000  0.491203822948614E+000 -0.131028262406404E+000 -0.143045584990941E+003 -0.143045584990941E+003
  0.103466786810268E+000  0.509237215477835E+000  0.240976627911721E-001  0.489808601278873E+000 -0.131028262406404E+000 -0.143045230438518E+003 -0.143045230438518E+003
  0.102485254836740E+000  0.525042433772839E+000  0.219865536943238E+000  0.494715592819512E+000 -0.131028262406404E+000 -0.143045510344916E+003 -0.143045510344916E+003
  0.119996372477714E+000  0.503109395348917E+000  0.365211658756504E+000  0.497608318366770E+000 -0.131028262406404E+000 -0.143046142978867E+003 -0.143046142978867E+003
  0.108196646333649E+000  0.514095555321246E+000  0.832289427292058E+000  0.490754154099340E+000 -0.131028262406404E+000 -0.143046107377119E+003 -0.143046107377119E+003
  0.111624071695028E+000  0.500351757976502E+000  0.768065851842673E-001  0.489032700669710E+000 -0.131028262406404E+000 -0.143045876544197E+003 -0.143045876544197E+003
  0.105392018844121E+000  0.511709676302923E+000  0.464223942493813E+000  0.491204441328966E+000 -0.131028262406404E+000 -0.143045474564185E+003 -0.143045474564185E+003
  0.102762265501827E+000  0.509623870978743E+000  0.904562589050653E+000  0.490475445102078E+000 -0.131028262406404E+000 -0.143045073453469E+003 -0.143045073453469E+003
  0.107251679416359E+000  0.512231421713983E+000  0.517019264176261E+000  0.492606808647529E+000 -0.131028262406404E+000 -0.143045584654616E+003 -0.143045584654616E+003
  0.110272992399055E+000  0.523798786081099E+000  0.401550743680543E+000  0.499390817250611E+000 -0.131028262406404E+000 -0.143045946445371E+003 -0.143045946445371E+003
  0.112525415486503E+000  0.503798511758650E+000  0.393605937454797E+000  0.498152843731602E+000 -0.131028262406404E+000 -0.143044968607332E+003 -0.143044968607332E+003
  0.102938653181255E+000  0.527280137150641E+000  0.628010628570033E+000  0.494624236409088E+000 -0.131028262406404E+000 -0.143045738251045E+003 -0.143045738251045E+003
  0.108785816572744E+000  0.508504831679400E+000  0.152173110560621E+000  0.497106375076209E+000 -0.131028262406404E+000 -0.143044924446022E+003 -0.143044924446022E+003
  0.105706332293152E+000  0.505333121122501E+000  0.798894571264483E+000  0.496902934148344E+000 -0.131028262406404E+000 -0.143044314435259E+003 -0.143044314435259E+003
