  0.744837771739179E+000  0.154142108383693E+001  0.667196337089483E-001  0.499178322071714E+000 -0.131028262406404E+000 -0.149785404487458E+003 -0.149785404487458E+003
  0.776151703649259E+000  0.153509806004340E+001  0.703851417058617E-001  0.499803194562262E+000 -0.131028262406404E+000 -0.149782868633685E+003 -0.149782868633685E+003
  0.802990368088443E+000  0.155919556475036E+001  0.178727283545892E-001  0.499933526138109E+000 -0.131028262406404E+000 -0.149784107323187E+003 -0.149784107323187E+003
  0.792209189684832E+000  0.156713874968073E+001  0.945928741692966E-001  0.499931817970764E+000 -0.131028262406404E+000 -0.149783143945744E+003 -0.149783143945744E+003
  0.774466687417795E+000  0.154907325917539E+001  0.183762147754170E-001  0.498590973208775E+000 -0.131028262406404E+000 -0.149783897411922E+003 -0.149783897411922E+003
  0.771814412196055E+000  0.155859328201471E+001  0.573562260428127E-001  0.497896127604231E+000 -0.131028262406404E+000 -0.149784683722605E+003 -0.149784683722605E+003
  0.790074622491885E+000  0.159820137718123E+001  0.661679466185498E-002  0.499299478131982E+000 -0.131028262406404E+000 -0.149785013195437E+003 -0.149785013195437E+003
  0.778930206735613E+000  0.154606617746242E+001  0.136744760470392E+000  0.497376465362312E+000 -0.131028262406404E+000 -0.149785264280690E+003 -0.149785264280690E+003
  0.761399209231818E+000  0.160142684344682E+001  0.786481335273909E-001  0.499820477615986E+000 -0.131028262406404E+000 -0.149784745435487E+003 -0.149784745435487E+003
  0.785848686624633E+000  0.151996861101980E+001  0.309106973648219E-001  0.499737912526674E+000 -0.131028262406404E+000 -0.149783900768289E+003 -0.149783900768289E+003
  0.809285646889815E+000  0.154666298734338E+001  0.136965231590428E+000  0.499921633623060E+000 -0.131028262406404E+000 -0.149785056844815E+003 -0.149785056844815E+003
  0.760978228689279E+000  0.158183339678610E+001  0.100075113449191E+000  0.499773867361251E+000 -0.131028262406404E+000 -0.149783633067628E+003 -0.149783633067628E+003
  0.778750300210917E+000  0.153952466923742E+001  0.227557684217149E-001  0.498169004480845E+000 -0.131028262406404E+000 -0.149784535095151E+003 -0.149784535095151E+003
  0.774933346355747E+000  0.157829876217938E+001  0.166121272491439E+000  0.499779118259918E+000 -0.131028262406404E+000 -0.149783009950581E+003 -0.149783009950581E+003
  0.771863553780152E+000  0.152195574524319E+001  0.358353512715695E-001  0.499706238472803E+000 -0.131028262406404E+000 -0.149783552928504E+003 -0.149783552928504E+003
  0.769177082670301E+000  0.159768528354211E+001  0.176361572929128E+000  0.498866302086693E+000 -0.131028262406404E+000 -0.149785159713216E+003 -0.149785159713216E+003
  0.765829867180518E+000  0.158527109451341E+001  0.154844650106365E+000  0.499283977338060E+000 -0.131028262406404E+000 -0.149784082954273E+003 -0.149784082954273E+003
  0.748572483557049E+000  0.155633972427715E+001  0.123451416675008E+000  0.499919345272000E+000 -0.131028262406404E+000 -0.149783952841102E+003 -0.149783952841102E+003
  0.750477913122237E+000  0.154557046620172E+001  0.162108273387747E+000  0.499859742292840E+000 -0.131028262406404E+000 -0.149783856621948E+003 -0.149783856621948E+003
  0.768469457533620E+000  0.153471083346051E+001  0.306471044514783E-001  0.497809119782414E+000 -0.131028262406404E+000 -0.149785182999399E+003 -0.149785182999399E+003
  0.775493448377580E+000  0.155687501433533E+001  0.862501318543607E-002  0.499587707205754E+000 -0.131028262406404E+000 -0.149782778162774E+003 -0.149782778162774E+003
  0.777983696294963E+000  0.151933400167377E+001  0.950696142369904E-001  0.498284884140557E+000 -0.131028262406404E+000 -0.149785243074033E+003 -0.149785243074033E+003
  0.768179319245016E+000  0.153100028557529E+001  0.154233424238540E+000  0.497915525633319E+000 -0.131028262406404E+000 -0.149785204144598E+003 -0.149785204144598E+003
  0.795845669394337E+000  0.157262725854973E+001  0.139226131775258E+000  0.498271491656317E+000 -0.131028262406404E+000 -0.149785258055780E+003 -0.149785258055780E+003
  0.760549983043653E+000  0.155467713415410E+001  0.632803806883100E-001  0.498572729855498E+000 -0.131028262406404E+000 -0.149784410036305E+003 -0.149784410036305E+003
  0.758790119074170E+000  0.151845830244079E+001  0.934705245052641E-001  0.499411996128130E+000 -0.131028262406404E+000 -0.149784603888492E+003 -0.149784603888492E+003
  0.789932553479480E+000  0.157099677451330E+001  0.467840946457376E-001  0.497701843008216E+000 -0.131028262406404E+000 -0.149785394297268E+003 -0.149785394297268E+003
  0.787948491777795E+000  0.151763432217423E+001  0.156409869984368E+000  0.498643733141514E+000 -0.131028262406404E+000 -0.149785295750401E+003 -0.149785295750401E+003
  0.786650157081538E+000  0.159517998896564E+001  0.205980652027797E+000  0.499342704749879E+000 -0.131028262406404E+000 -0.149784587400011E+003 -0.149784587400011E+003
  0.793785863988785E+000  0.154290746256327E+001  0.854757731220838E-001  0.498658117307379E+000 -0.131028262406404E+000 -0.149784617373481E+003 -0.149784617373481E+003
  0.793613865713990E+000  0.154420897312126E+001  0.194142451459827E-001  0.497740831994791E+000 -0.131028262406404E+000 -0.149785522910059E+003 -0.149785522910059E+003
  0.770102556176358E+000  0.155047456859014E+001  0.354276923568076E-001  0.499287760365575E+000 -0.131028262406404E+000 -0.149783182293344E+003 -0.149783182293344E+003
  0.774535429096675E+000  0.153138773308064E+001  0.998987792638179E-001  0.498080402303868E+000 -0.131028262406404E+000 -0.149784878299592E+003 -0.149784878299592E+003
  0.784033748190663E+000  0.155951210943119E+001  0.195346098178711E+000  0.499156865983044E+000 -0.131028262406404E+000 -0.149783411720513E+003 -0.149783411720513E+003
  0.762181578673181E+000  0.153443499040134E+001  0.155535729344705E+000  0.498496452940215E+000 -0.131028262406404E+000 -0.149784709811208E+003 -0.149784709811208E+003
  0.769408641230438E+000  0.152907576890069E+001  0.143598242328409E+000  0.498168120548518E+000 -0.131028262406404E+000 -0.149784960944426E+003 -0.149784960944426E+003
  0.799225106882529E+000  0.158098848117367E+001  0.211643919102116E+000  0.499728041445644E+000 -0.131028262406404E+000 -0.149784376098242E+003 -0.149784376098242E+003
  0.763590197018284E+000  0.152229784348078E+001  0.186206627654356E+000  0.498999800335996E+000 -0.131028262406404E+000 -0.149784573737367E+003 -0.149784573737367E+003
  0.791007469538676E+000  0.154902959060461E+001  0.367717125146769E-001  0.499494856031194E+000 -0.131028262406404E+000 -0.149783447604795E+003 -0.149783447604795E+003
  0.768474280038019E+000  0.155327848654123E+001  0.764253701409941E-001  0.498783777771712E+000 -0.131028262406404E+000 -0.149783775888701E+003 -0.149783775888701E+003
  0.756047008795515E+000  0.154425886563879E+001  0.126475592968081E+000  0.498126769130476E+000 -0.131028262406404E+000 -0.149785350048606E+003 -0.149785350048606E+003
  0.783578777398213E+000  0.156317330483486E+001  0.915835471839097E-001  0.499485068383853E+000 -0.131028262406404E+000 -0.149783081410750E+003 -0.149783081410750E+003
  0.793497192052951E+000  0.153927484016196E+001  0.172365876332603E+000  0.498020866160416E+000 -0.131028262406404E+000 -0.149785340003451E+003 -0.149785340003451E+003
  0.782660495883878E+000  0.154474805676917E+001  0.154387299133667E+000  0.497665630549165E+000 -0.131028262406404E+000 -0.149785040049593E+003 -0.149785040049593E+003
  0.800902025787433E+000  0.156615513685145E+001  0.904075061033624E-001  0.499671856208322E+000 -0.131028262406404E+000 -0.149784194921149E+003 -0.149784194921149E+003
  0.769940490954387E+000  0.158782525454433E+001  0.167089823197721E+000  0.498851837178764E+000 -0.131028262406404E+000 -0.149784544406606E+003 -0.149784544406606E+003
  0.788014064825425E+000  0.152784381886256E+001  0.569579234446424E-001  0.499276945906079E+000 -0.131028262406404E+000 -0.149784089469735E+003 -0.149784089469735E+003
  0.768530680339987E+000  0.153706094766175E+001  0.162224639283776E+000  0.499067839997905E+000 -0.131028262406404E+000 -0.149783706481340E+003 -0.149783706481340E+003
  0.766730934257705E+000  0.159159184435875E+001  0.232508146054519E-001  0.499871840352457E+000 -0.131028262406404E+000 -0.149783737923938E+003 -0.149783737923938E+003
  0.777842381789504E+000  0.152864976787591E+001  0.321298258956031E-001  0.498375542931732E+000 -0.131028262406404E+000 -0.149784673537482E+003 -0.149784673537482E+003
  0.788453685968621E+000  0.154605691855731E+001  0.336601110911773E-001  0.498431603461507E+000 -0.131028262406404E+000 -0.149784440109450E+003 -0.149784440109450E+003
  0.790865354347456E+000  0.151972769455716E+001  0.454121416933807E-001  0.499422938210803E+000 -0.131028262406404E+000 -0.149784546005425E+003 -0.149784546005425E+003
  0.776846396526856E+000  0.151850937538863E+001  0.190480702483597E-001  0.498987308078860E+000 -0.131028262406404E+000 -0.149784522640501E+003 -0.149784522640501E+003
  0.786226920734234E+000  0.156590192335225E+001  0.546516511107102E-001  0.498171699028312E+000 -0.131028262406404E+000 -0.149784615468644E+003 -0.149784615468644E+003
  0.782008426530083E+000  0.154727219187357E+001  0.583307199952429E-001  0.497874349418172E+000 -0.131028262406404E+000 -0.149784761534796E+003 -0.149784761534796E+003
  0.769320196050178E+000  0.150153277866054E+001  0.100014951576315E+000  0.499248849121502E+000 -0.131028262406404E+000 -0.149785526741934E+003 -0.149785526741934E+003
  0.783110609845104E+000  0.160209584887948E+001  0.344262927910677E-001  0.499617733735764E+000 -0.131028262406404E+000 -0.149784652036929E+003 -0.149784652036929E+003
  0.776370790521646E+000  0.152299940639873E+001  0.145442654851903E+000  0.498964411144216E+000 -0.131028262406404E+000 -0.149784293408552E+003 -0.149784293408552E+003
  0.766473170228043E+000  0.159592496528241E+001  0.125459318102243E+000  0.499532014855600E+000 -0.131028262406404E+000 -0.149784403025317E+003 -0.149784403025317E+003
  0.769330283747935E+000  0.153441734112077E+001  0.162484463220767E+000  0.497825886390499E+000 -0.131028262406404E+000 -0.149785146332621E+003 -0.149785146332621E+003
  0.791013717736539E+000  0.157222391850342E+001  0.171081674647311E-001  0.499523144178112E+000 -0.131028262406404E+000 -0.149783596860152E+003 -0.149783596860152E+003
  0.752139918081374E+000  0.153314623180956E+001  0.120683698094420E+000  0.498946680124517E+000 -0.131028262406404E+000 -0.149785038215345E+003 -0.149785038215345E+003
  0.773458699731451E+000  0.151626720725636E+001  0.178124804277000E+000  0.498886398783762E+000 -0.131028262406404E+000 -0.149784766266497E+003 -0.149784766266497E+003
