  0.100119244957130E+000  0.170171957811318E+001  0.863662756808789E+000  0.100269890524524E+000 -0.131028262406404E+000 -0.146025398704986E+003 -0.146025398704986E+003
  0.102570883824369E+000  0.192252098210943E+001  0.320561728585556E+000  0.101677509826765E+000 -0.131028262406404E+000 -0.146025851800516E+003 -0.146025851800516E+003
  0.101714313353734E+000  0.180689951897683E+001  0.558524007887169E+000  0.100809800946736E+000 -0.131028262406404E+000 -0.146025702717454E+003 -0.146025702717454E+003
  0.101503345505784E+000  0.178602596705542E+001  0.454847622209686E+000  0.102040122242060E+000 -0.131028262406404E+000 -0.146026002927549E+003 -0.146026002927549E+003
  0.100368466964654E+000  0.196116450891849E+001  0.286769424701483E-001  0.103879091595248E+000 -0.131028262406404E+000 -0.146025718563918E+003 -0.146025718563918E+003
  0.101586395907545E+000  0.193944816899412E+001  0.213047104590558E+000  0.100665491893083E+000 -0.131028262406404E+000 -0.146025322733421E+003 -0.146025322733421E+003
  0.101678593851939E+000  0.192501786178834E+001  0.548724358807398E+000  0.102544921859363E+000 -0.131028262406404E+000 -0.146025829922732E+003 -0.146025829922732E+003
  0.101735117195876E+000  0.199705579295966E+001  0.141163239649849E+000  0.102704612138869E+000 -0.131028262406404E+000 -0.146025693784374E+003 -0.146025693784374E+003
  0.101685103983485E+000  0.178434795240820E+001  0.231915518779223E+000  0.102405324047467E+000 -0.131028262406404E+000 -0.146026144020105E+003 -0.146026144020105E+003
  0.102563792532992E+000  0.188168954241252E+001  0.832564393186235E+000  0.101870035039878E+000 -0.131028262406404E+000 -0.146025998707959E+003 -0.146025998707959E+003
  0.100439369737482E+000  0.194712404779073E+001  0.610869304818228E-001  0.105094592334590E+000 -0.131028262406404E+000 -0.146026058387510E+003 -0.146026058387510E+003
  0.101606578776282E+000  0.199712675634666E+001  0.700420852580632E+000  0.103409573640230E+000 -0.131028262406404E+000 -0.146025825855928E+003 -0.146025825855928E+003
  0.101095668121765E+000  0.174114703317636E+001  0.420869437872020E+000  0.100235968021987E+000 -0.131028262406404E+000 -0.146025551149091E+003 -0.146025551149091E+003
  0.101385554615257E+000  0.196436962576641E+001  0.389378988666996E+000  0.103009179098356E+000 -0.131028262406404E+000 -0.146025763946190E+003 -0.146025763946190E+003
  0.100229465316270E+000  0.150282307534049E+001  0.142410447394701E+000  0.101552653680491E+000 -0.131028262406404E+000 -0.146026153034993E+003 -0.146026153034993E+003
  0.100952675888351E+000  0.167038444226109E+001  0.461428057226670E+000  0.100149069404083E+000 -0.131028262406404E+000 -0.146025642400509E+003 -0.146025642400509E+003
  0.100794395883725E+000  0.170836992155552E+001  0.487015120269049E+000  0.100292634120815E+000 -0.131028262406404E+000 -0.146025559788146E+003 -0.146025559788146E+003
  0.100836919738170E+000  0.191301170919618E+001  0.867734279425775E+000  0.102065014560757E+000 -0.131028262406404E+000 -0.146025534168124E+003 -0.146025534168124E+003
  0.100201361882082E+000  0.162970162457289E+001  0.413759845209254E+000  0.102143341296163E+000 -0.131028262406404E+000 -0.146026043824904E+003 -0.146026043824904E+003
  0.102995863263493E+000  0.191773436747509E+001  0.985928633320055E+000  0.100684876986326E+000 -0.131028262406404E+000 -0.146025728864546E+003 -0.146025728864546E+003
  0.101520716182461E+000  0.188353389763761E+001  0.860245256879233E+000  0.102992162210695E+000 -0.131028262406404E+000 -0.146026003111985E+003 -0.146026003111985E+003
  0.100912890197810E+000  0.193775737229773E+001  0.684955649210710E+000  0.100950350940822E+000 -0.131028262406404E+000 -0.146025227980563E+003 -0.146025227980563E+003
  0.100094712222101E+000  0.193643756547929E+001  0.781674000058696E+000  0.105520179591759E+000 -0.131028262406404E+000 -0.146026098294460E+003 -0.146026098294460E+003
  0.102326999230549E+000  0.195524371402569E+001  0.782386204621575E+000  0.102159130516718E+000 -0.131028262406404E+000 -0.146025822964573E+003 -0.146025822964573E+003
  0.101037245903655E+000  0.195516965130785E+001  0.422101082578777E+000  0.101466560462387E+000 -0.131028262406404E+000 -0.146025337503952E+003 -0.146025337503952E+003
  0.100603189245697E+000  0.164459423429812E+001  0.172106302879180E+000  0.101223040062646E+000 -0.131028262406404E+000 -0.146025880769405E+003 -0.146025880769405E+003
  0.100196888622750E+000  0.160301468989112E+001  0.977637770588090E+000  0.101677213462167E+000 -0.131028262406404E+000 -0.146025978905901E+003 -0.146025978905901E+003
  0.100559875672067E+000  0.198094549548813E+001  0.940170859237234E+000  0.100207682699648E+000 -0.131028262406404E+000 -0.146024862149958E+003 -0.146024862149958E+003
  0.102516469001326E+000  0.178633582666556E+001  0.744631866263508E+000  0.100204423961121E+000 -0.131028262406404E+000 -0.146025798782395E+003 -0.146025798782395E+003
  0.100804124357768E+000  0.196850528251241E+001  0.237706420738638E+000  0.104670091876751E+000 -0.131028262406404E+000 -0.146025994114806E+003 -0.146025994114806E+003
  0.100467168967478E+000  0.145753768357783E+001  0.935677923641220E+000  0.100585936567526E+000 -0.131028262406404E+000 -0.146026043121261E+003 -0.146026043121261E+003
  0.101866417581133E+000  0.164230489048889E+001  0.647565421884361E+000  0.100831126201818E+000 -0.131028262406404E+000 -0.146026106204845E+003 -0.146026106204845E+003
  0.100275413822988E+000  0.182600717623725E+001  0.325264451207774E+000  0.100457701809317E+000 -0.131028262406404E+000 -0.146025214152028E+003 -0.146025214152028E+003
  0.100549678693142E+000  0.199556829355200E+001  0.493864534841878E+000  0.102043249181135E+000 -0.131028262406404E+000 -0.146025248186223E+003 -0.146025248186223E+003
  0.100444818803587E+000  0.193924799256318E+001  0.725051869240922E+000  0.103531974992033E+000 -0.131028262406404E+000 -0.146025714790870E+003 -0.146025714790870E+003
  0.105465294491720E+000  0.199825408122066E+001  0.665882750981936E+000  0.100892062574641E+000 -0.131028262406404E+000 -0.146026185919293E+003 -0.146026185919293E+003
  0.100976815404071E+000  0.150572478526464E+001  0.907356290320061E+000  0.100830659126539E+000 -0.131028262406404E+000 -0.146026149882376E+003 -0.146026149882376E+003
  0.101438596052235E+000  0.174573000812640E+001  0.666433225599784E-002  0.100060223047952E+000 -0.131028262406404E+000 -0.146025582940978E+003 -0.146025582940978E+003
  0.100670535367387E+000  0.198506054495941E+001  0.466512080460957E+000  0.100317563223403E+000 -0.131028262406404E+000 -0.146024904703795E+003 -0.146024904703795E+003
  0.100091148865133E+000  0.179920844420868E+001  0.339915480177921E+000  0.103743035233972E+000 -0.131028262406404E+000 -0.146026029199111E+003 -0.146026029199111E+003
  0.100938358063443E+000  0.190968694897972E+001  0.851677294020402E+000  0.104285381759755E+000 -0.131028262406404E+000 -0.146026096800498E+003 -0.146026096800498E+003
  0.101133113203952E+000  0.165147701330502E+001  0.129126296120744E+000  0.100674859611116E+000 -0.131028262406404E+000 -0.146025861010505E+003 -0.146025861010505E+003
  0.100970546214876E+000  0.198602568834723E+001  0.380686500920369E-001  0.101366512124622E+000 -0.131028262406404E+000 -0.146025219992315E+003 -0.146025219992315E+003
  0.101774484384957E+000  0.177227825130742E+001  0.132878164751302E+000  0.100435141800483E+000 -0.131028262406404E+000 -0.146025702621256E+003 -0.146025702621256E+003
  0.100497258695207E+000  0.142860690460505E+001  0.960677268702335E+000  0.100118101538987E+000 -0.131028262406404E+000 -0.146025977605649E+003 -0.146025977605649E+003
  0.100578390369273E+000  0.160207568636938E+001  0.416174048633154E+000  0.100570798292348E+000 -0.131028262406404E+000 -0.146025793907527E+003 -0.146025793907527E+003
  0.101980840936015E+000  0.180642916799270E+001  0.392188778880825E+000  0.101830802097186E+000 -0.131028262406404E+000 -0.146026024039171E+003 -0.146026024039171E+003
  0.103339011993780E+000  0.198615548695413E+001  0.526676347469368E+000  0.101911773176525E+000 -0.131028262406404E+000 -0.146025936150415E+003 -0.146025936150415E+003
  0.103063509253665E+000  0.197585018642863E+001  0.858968922050219E+000  0.100743768390065E+000 -0.131028262406404E+000 -0.146025615405148E+003 -0.146025615405148E+003
  0.100541390868871E+000  0.146519890519734E+001  0.539157042136340E+000  0.100506165275920E+000 -0.131028262406404E+000 -0.146026027212939E+003 -0.146026027212939E+003
  0.103454512849930E+000  0.185696018778480E+001  0.193647935274655E+000  0.101327924590903E+000 -0.131028262406404E+000 -0.146026149452393E+003 -0.146026149452393E+003
  0.101080352754401E+000  0.196646555016613E+001  0.771469439558283E+000  0.100673546428837E+000 -0.131028262406404E+000 -0.146025133860947E+003 -0.146025133860947E+003
  0.101914005775996E+000  0.185644464396537E+001  0.632677537149275E-001  0.100842632507272E+000 -0.131028262406404E+000 -0.146025645649624E+003 -0.146025645649624E+003
  0.101736479573035E+000  0.195934747242890E+001  0.737564736730705E+000  0.100711671500022E+000 -0.131028262406404E+000 -0.146025321917427E+003 -0.146025321917427E+003
  0.102329293681478E+000  0.169457708775009E+001  0.493529121109266E+000  0.100653204859477E+000 -0.131028262406404E+000 -0.146026067041388E+003 -0.146026067041388E+003
  0.102391990414067E+000  0.179865756905858E+001  0.804928673469523E+000  0.101644233621884E+000 -0.131028262406404E+000 -0.146026099897838E+003 -0.146026099897838E+003
  0.103058139262335E+000  0.199643872112295E+001  0.281768052397797E+000  0.101178744285171E+000 -0.131028262406404E+000 -0.146025665165409E+003 -0.146025665165409E+003
  0.103427120785412E+000  0.190952891768411E+001  0.453886545213812E+000  0.101235737324609E+000 -0.131028262406404E+000 -0.146025990685222E+003 -0.146025990685222E+003
  0.101232899932419E+000  0.181207462170463E+001  0.929230499409169E+000  0.101926100344068E+000 -0.131028262406404E+000 -0.146025844959473E+003 -0.146025844959473E+003
  0.100016819670829E+000  0.167329094887061E+001  0.651731260001222E-001  0.103063029895510E+000 -0.131028262406404E+000 -0.146026134948610E+003 -0.146026134948610E+003
  0.100277573558833E+000  0.156480781137852E+001  0.637228985660590E+000  0.101863177160509E+000 -0.131028262406404E+000 -0.146026125106173E+003 -0.146026125106173E+003
  0.102934082425973E+000  0.192315469007889E+001  0.891111294394541E+000  0.100252376007390E+000 -0.131028262406404E+000 -0.146025595382185E+003 -0.146025595382185E+003
  0.100482822866090E+000  0.157816214266575E+001  0.546030896888112E+000  0.100300906528627E+000 -0.131028262406404E+000 -0.146025747048703E+003 -0.146025747048703E+003
  0.104642435156602E+000  0.195577131111044E+001  0.457546978538785E+000  0.100473637937164E+000 -0.131028262406404E+000 -0.146025989927513E+003 -0.146025989927513E+003
  0.103293848858555E+000  0.199967587535998E+001  0.908060267914819E+000  0.101802907731536E+000 -0.131028262406404E+000 -0.146025863363536E+003 -0.146025863363536E+003
  0.104031553029274E+000  0.193851984477410E+001  0.350692291928441E+000  0.101052792930396E+000 -0.131028262406404E+000 -0.146026023774024E+003 -0.146026023774024E+003
  0.100208259067597E+000  0.177001972459258E+001  0.343823542587570E+000  0.101707175957513E+000 -0.131028262406404E+000 -0.146025628996162E+003 -0.146025628996162E+003
  0.101285302784494E+000  0.167251749044160E+001  0.608312586612889E+000  0.100754196845289E+000 -0.131028262406404E+000 -0.146025875895338E+003 -0.146025875895338E+003
  0.101140997112814E+000  0.172460205016228E+001  0.227599513132679E+000  0.102308467057906E+000 -0.131028262406404E+000 -0.146026119164594E+003 -0.146026119164594E+003
  0.101220756987040E+000  0.149514893493301E+001  0.768013424383400E+000  0.100130583695373E+000 -0.131028262406404E+000 -0.146026046720897E+003 -0.146026046720897E+003
  0.100497176384198E+000  0.156652160821673E+001  0.563596070511852E+000  0.100210574102876E+000 -0.131028262406404E+000 -0.146025749783672E+003 -0.146025749783672E+003
  0.103496925119469E+000  0.184875370656690E+001  0.640196191718810E+000  0.100859424756501E+000 -0.131028262406404E+000 -0.146026063146941E+003 -0.146026063146941E+003
  0.100000580770702E+000  0.157248411905582E+001  0.668262763584648E+000  0.102069652623132E+000 -0.131028262406404E+000 -0.146026091470950E+003 -0.146026091470950E+003
  0.100207061322736E+000  0.183139854590287E+001  0.990555361034154E+000  0.104211693996146E+000 -0.131028262406404E+000 -0.146026093147902E+003 -0.146026093147902E+003
  0.104774530139800E+000  0.190477024760604E+001  0.276232466217249E+000  0.100060238707070E+000 -0.131028262406404E+000 -0.146026046620760E+003 -0.146026046620760E+003
  0.102418246671930E+000  0.180464548463376E+001  0.876231805980719E-001  0.101643306597003E+000 -0.131028262406404E+000 -0.146026092210078E+003 -0.146026092210078E+003
  0.101518261385451E+000  0.188387289167640E+001  0.306038216070662E+000  0.102946933233029E+000 -0.131028262406404E+000 -0.146025990699431E+003 -0.146025990699431E+003
  0.101070170263841E+000  0.199062776197154E+001  0.869771333617937E+000  0.104155559664049E+000 -0.131028262406404E+000 -0.146025881371173E+003 -0.146025881371173E+003
  0.101365437977533E+000  0.192095432303660E+001  0.110162155654273E+000  0.104057693052455E+000 -0.131028262406404E+000 -0.146026122122731E+003 -0.146026122122731E+003
  0.101455961784857E+000  0.165170524122088E+001  0.859041139060692E+000  0.101115901229545E+000 -0.131028262406404E+000 -0.146026055579900E+003 -0.146026055579900E+003
  0.102208524599451E+000  0.162696686187725E+001  0.261240548081866E+000  0.100449345251600E+000 -0.131028262406404E+000 -0.146026125582492E+003 -0.146026125582492E+003
  0.100985069850322E+000  0.185513324330138E+001  0.856973451601817E+000  0.100614734193379E+000 -0.131028262406404E+000 -0.146025362016609E+003 -0.146025362016609E+003
  0.100217445077561E+000  0.194025911489808E+001  0.782849346577015E+000  0.102704270232300E+000 -0.131028262406404E+000 -0.146025460690312E+003 -0.146025460690312E+003
  0.100332615855161E+000  0.174337140235346E+001  0.578650737112186E+000  0.102615314073528E+000 -0.131028262406404E+000 -0.146025945923433E+003 -0.146025945923433E+003
  0.103382301848108E+000  0.195820919428544E+001  0.103700875411147E+000  0.101376271676568E+000 -0.131028262406404E+000 -0.146025890924417E+003 -0.146025890924417E+003
  0.101191428747384E+000  0.174387492932777E+001  0.233131751675495E+000  0.101690506916577E+000 -0.131028262406404E+000 -0.146025933293115E+003 -0.146025933293115E+003
  0.102986911352993E+000  0.179180709193894E+001  0.705973407893263E+000  0.101027822543405E+000 -0.131028262406404E+000 -0.146026111225819E+003 -0.146026111225819E+003
  0.101667421276292E+000  0.157770831773776E+001  0.798054423798050E+000  0.100056042595258E+000 -0.131028262406404E+000 -0.146025984278967E+003 -0.146025984278967E+003
  0.101159622558116E+000  0.186429267389447E+001  0.269200122929352E+000  0.103425408451561E+000 -0.131028262406404E+000 -0.146026064588229E+003 -0.146026064588229E+003
  0.102939190477825E+000  0.178816102806612E+001  0.771156681322465E+000  0.100070799786844E+000 -0.131028262406404E+000 -0.146025866433318E+003 -0.146025866433318E+003
  0.101805619114488E+000  0.183349215681925E+001  0.454359505101003E+000  0.100922111305545E+000 -0.131028262406404E+000 -0.146025691867513E+003 -0.146025691867513E+003
  0.100794824275565E+000  0.152995685273730E+001  0.906266700416230E+000  0.101208898423575E+000 -0.131028262406404E+000 -0.146026156441166E+003 -0.146026156441166E+003
  0.102457146032085E+000  0.190760625487180E+001  0.679875811274238E+000  0.102346491863361E+000 -0.131028262406404E+000 -0.146026022826364E+003 -0.146026022826364E+003
  0.100429664754942E+000  0.165274511766295E+001  0.934901657166019E+000  0.101087969795737E+000 -0.131028262406404E+000 -0.146025785271322E+003 -0.146025785271322E+003
  0.101183173122892E+000  0.157723174052365E+001  0.115903158090684E+000  0.101102994698236E+000 -0.131028262406404E+000 -0.146026135376841E+003 -0.146026135376841E+003
  0.101333943602664E+000  0.188845513851893E+001  0.836428279368452E-001  0.102060024164476E+000 -0.131028262406404E+000 -0.146025718683675E+003 -0.146025718683675E+003
  0.100190656437272E+000  0.168534035484946E+001  0.671360763848716E+000  0.100667344191436E+000 -0.131028262406404E+000 -0.146025550479073E+003 -0.146025550479073E+003
  0.104813204740223E+000  0.195086233025242E+001  0.421134559390127E+000  0.100590390066023E+000 -0.131028262406404E+000 -0.146026073059964E+003 -0.146026073059964E+003
  0.103043087337095E+000  0.194323596154329E+001  0.977091221562706E-001  0.101113979600961E+000 -0.131028262406404E+000 -0.146025781328931E+003 -0.146025781328931E+003
  0.104947911074204E+000  0.192895145299807E+001  0.221277383686209E+000  0.100057199215299E+000 -0.131028262406404E+000 -0.146026029510999E+003 -0.146026029510999E+003
  0.100637768233300E+000  0.188281401745975E+001  0.251091985318578E+000  0.100825065892937E+000 -0.131028262406404E+000 -0.146025261718842E+003 -0.146025261718842E+003
  0.100419090430660E+000  0.174392510491882E+001  0.178067748926519E+000  0.101163005242225E+000 -0.131028262406404E+000 -0.146025606113524E+003 -0.146025606113524E+003
  0.100113372351417E+000  0.186487234777850E+001  0.294476382784718E+000  0.104357886015036E+000 -0.131028262406404E+000 -0.146026018871031E+003 -0.146026018871031E+003
  0.100391341908191E+000  0.175371791221188E+001  0.102068059886733E+000  0.102642577209842E+000 -0.131028262406404E+000 -0.146025943894975E+003 -0.146025943894975E+003
  0.100045255822265E+000  0.180021405830915E+001  0.994358620488049E+000  0.102307621615599E+000 -0.131028262406404E+000 -0.146025665090944E+003 -0.146025665090944E+003
  0.101235598103381E+000  0.178930949586822E+001  0.279257865064110E+000  0.102893131882992E+000 -0.131028262406404E+000 -0.146026138448905E+003 -0.146026138448905E+003
  0.100070436723067E+000  0.187462797249046E+001  0.730487016096880E+000  0.101127682710266E+000 -0.131028262406404E+000 -0.146025212199839E+003 -0.146025212199839E+003
  0.101767985952497E+000  0.166628507048387E+001  0.108207224023717E+000  0.101335315672072E+000 -0.131028262406404E+000 -0.146026160470455E+003 -0.146026160470455E+003
  0.100588251350460E+000  0.157658061067101E+001  0.148282231391217E+000  0.101830075895959E+000 -0.131028262406404E+000 -0.146026172897528E+003 -0.146026172897528E+003
  0.100337648765735E+000  0.195051452086305E+001  0.694742370146186E+000  0.102366696578782E+000 -0.131028262406404E+000 -0.146025385792106E+003 -0.146025385792106E+003
  0.103570446243350E+000  0.199880439113029E+001  0.965741923821202E+000  0.101683340698135E+000 -0.131028262406404E+000 -0.146025905930947E+003 -0.146025905930947E+003
  0.100318591303152E+000  0.180421131380289E+001  0.363952675905188E+000  0.101294290096334E+000 -0.131028262406404E+000 -0.146025477848264E+003 -0.146025477848264E+003
  0.100206819196103E+000  0.145059593420273E+001  0.438605587136682E+000  0.100096751724004E+000 -0.131028262406404E+000 -0.146025859348284E+003 -0.146025859348284E+003
  0.100202375034388E+000  0.199671699549173E+001  0.873670292750991E+000  0.103018677837266E+000 -0.131028262406404E+000 -0.146025383111005E+003 -0.146025383111005E+003
  0.102493452743530E+000  0.197580633193293E+001  0.895865147962567E+000  0.101806145840190E+000 -0.131028262406404E+000 -0.146025727360595E+003 -0.146025727360595E+003
  0.100571518050344E+000  0.178696189961665E+001  0.179521690673986E+000  0.100788292823159E+000 -0.131028262406404E+000 -0.146025456373218E+003 -0.146025456373218E+003
  0.103046008165472E+000  0.185010434236528E+001  0.716111867852461E+000  0.101460952543866E+000 -0.131028262406404E+000 -0.146026096503613E+003 -0.146026096503613E+003
  0.100541894951596E+000  0.193294381403022E+001  0.492069440226257E-001  0.104936767913774E+000 -0.131028262406404E+000 -0.146026086561088E+003 -0.146026086561088E+003
  0.101162373788877E+000  0.173997197746079E+001  0.699066122225019E+000  0.100389301221957E+000 -0.131028262406404E+000 -0.146025608752516E+003 -0.146025608752516E+003
  0.101370579456972E+000  0.196469649322099E+001  0.377396695455771E-001  0.102145802025563E+000 -0.131028262406404E+000 -0.146025556195133E+003 -0.146025556195133E+003
  0.100781725951966E+000  0.196616517607300E+001  0.983456625804191E+000  0.101858241039486E+000 -0.131028262406404E+000 -0.146025338132587E+003 -0.146025338132587E+003
  0.100341411392894E+000  0.169779607984741E+001  0.363534807964087E+000  0.103010694768188E+000 -0.131028262406404E+000 -0.146026150811603E+003 -0.146026150811603E+003
  0.102986719739063E+000  0.193498635789733E+001  0.866881567741855E+000  0.100024577295255E+000 -0.131028262406404E+000 -0.146025524526826E+003 -0.146025524526826E+003
  0.100155452436443E+000  0.177903250495773E+001  0.298237499716641E-001  0.103584644447266E+000 -0.131028262406404E+000 -0.146026055909687E+003 -0.146026055909687E+003
  0.101421538197600E+000  0.188723101754617E+001  0.567886456774242E+000  0.102434229340715E+000 -0.131028262406404E+000 -0.146025833987302E+003 -0.146025833987302E+003
  0.104454070244438E+000  0.194493483257477E+001  0.391561964960017E-001  0.101101374768713E+000 -0.131028262406404E+000 -0.146026124360593E+003 -0.146026124360593E+003
  0.102323213232245E+000  0.163835216467596E+001  0.958061651593053E+000  0.100048716621546E+000 -0.131028262406404E+000 -0.146026027111791E+003 -0.146026027111791E+003
  0.101883311351506E+000  0.173164302600673E+001  0.329506957257733E+000  0.100980005965354E+000 -0.131028262406404E+000 -0.146025956958195E+003 -0.146025956958195E+003
  0.102027769135472E+000  0.193619896364327E+001  0.980630499501924E+000  0.100090193101009E+000 -0.131028262406404E+000 -0.146025301957907E+003 -0.146025301957907E+003
  0.101127388906281E+000  0.170718245508152E+001  0.388129495329520E+000  0.101594800264219E+000 -0.131028262406404E+000 -0.146025974638991E+003 -0.146025974638991E+003
  0.103424827562437E+000  0.191734554789908E+001  0.536297845694302E+000  0.101641242462206E+000 -0.131028262406404E+000 -0.146026069672988E+003 -0.146026069672988E+003
  0.100971894327020E+000  0.145592313994672E+001  0.841112429936380E+000  0.100620651000992E+000 -0.131028262406404E+000 -0.146026184786344E+003 -0.146026184786344E+003
  0.100952191030535E+000  0.185163000303067E+001  0.942414548122436E+000  0.102332570652382E+000 -0.131028262406404E+000 -0.146025778431963E+003 -0.146025778431963E+003
  0.101504951887947E+000  0.149804693467828E+001  0.802620762180906E+000  0.100254591259727E+000 -0.131028262406404E+000 -0.146026146720457E+003 -0.146026146720457E+003
  0.102294192662386E+000  0.181455361795445E+001  0.719059353609512E+000  0.100020477466216E+000 -0.131028262406404E+000 -0.146025634115941E+003 -0.146025634115941E+003
  0.100434052540406E+000  0.193658467410475E+001  0.363061087654070E+000  0.105232290395134E+000 -0.131028262406404E+000 -0.146026118230839E+003 -0.146026118230839E+003
  0.100990103729229E+000  0.197462619729158E+001  0.145127979072087E+000  0.100020825551891E+000 -0.131028262406404E+000 -0.146024938962806E+003 -0.146024938962806E+003
  0.101930509630470E+000  0.189814571038030E+001  0.611825271523006E+000  0.102081117750741E+000 -0.131028262406404E+000 -0.146025849795728E+003 -0.146025849795728E+003
  0.101036246531351E+000  0.192535503313954E+001  0.811319873668157E+000  0.104266655444963E+000 -0.131028262406404E+000 -0.146026075764051E+003 -0.146026075764051E+003
  0.103633316014076E+000  0.194972765725537E+001  0.667935015072095E+000  0.102077753776974E+000 -0.131028262406404E+000 -0.146026145001794E+003 -0.146026145001794E+003
  0.101465079952974E+000  0.157801478501424E+001  0.249431274371077E+000  0.100636324508337E+000 -0.131028262406404E+000 -0.146026084007810E+003 -0.146026084007810E+003
  0.100620476237676E+000  0.148497351982517E+001  0.739946592121139E+000  0.100113054982307E+000 -0.131028262406404E+000 -0.146025907753345E+003 -0.146025907753345E+003
  0.101634555911757E+000  0.196639599481239E+001  0.487990596397605E+000  0.102628796341115E+000 -0.131028262406404E+000 -0.146025731689824E+003 -0.146025731689824E+003
  0.101768098934696E+000  0.195136279342520E+001  0.776389685320613E+000  0.100287675956090E+000 -0.131028262406404E+000 -0.146025248675408E+003 -0.146025248675408E+003
  0.101664817368365E+000  0.171832693997194E+001  0.592688867693590E+000  0.101885934791255E+000 -0.131028262406404E+000 -0.146026160530550E+003 -0.146026160530550E+003
  0.101323547428773E+000  0.166234454474442E+001  0.880650549370081E+000  0.101665923524641E+000 -0.131028262406404E+000 -0.146026140256835E+003 -0.146026140256835E+003
  0.100054868902915E+000  0.164612177231473E+001  0.732259033832324E+000  0.100528498790143E+000 -0.131028262406404E+000 -0.146025562037643E+003 -0.146025562037643E+003
  0.100639441408334E+000  0.175521175064216E+001  0.742622400917562E-001  0.100050522979461E+000 -0.131028262406404E+000 -0.146025360823334E+003 -0.146025360823334E+003
  0.101140748113506E+000  0.195948093310638E+001  0.346559741705404E+000  0.101696199356299E+000 -0.131028262406404E+000 -0.146025406410706E+003 -0.146025406410706E+003
  0.102351222905135E+000  0.197760839621914E+001  0.186106776334936E+000  0.102599182278699E+000 -0.131028262406404E+000 -0.146025875108940E+003 -0.146025875108940E+003
  0.100158546859531E+000  0.194244028327315E+001  0.127473863715951E+000  0.103159609776386E+000 -0.131028262406404E+000 -0.146025546746893E+003 -0.146025546746893E+003
  0.101181156571908E+000  0.150184966730379E+001  0.771800191343610E+000  0.100506217775017E+000 -0.131028262406404E+000 -0.146026123698396E+003 -0.146026123698396E+003
  0.101098823029384E+000  0.198196420766728E+001  0.246340159572164E+000  0.100789388803255E+000 -0.131028262406404E+000 -0.146025127236677E+003 -0.146025127236677E+003
  0.102764780251019E+000  0.175126872402107E+001  0.225379469049264E+000  0.100276068128668E+000 -0.131028262406404E+000 -0.146025956851920E+003 -0.146025956851920E+003
  0.100819776708905E+000  0.198248832792441E+001  0.204158680736521E+000  0.100218729146701E+000 -0.131028262406404E+000 -0.146024924473569E+003 -0.146024924473569E+003
  0.103676871767181E+000  0.199288517560215E+001  0.323293239634148E+000  0.102006932954038E+000 -0.131028262406404E+000 -0.146026025329395E+003 -0.146026025329395E+003
  0.100745420114768E+000  0.159941615390077E+001  0.594473651460856E+000  0.101843331233268E+000 -0.131028262406404E+000 -0.146026170092354E+003 -0.146026170092354E+003
  0.102015138108978E+000  0.198211099190991E+001  0.115899292573570E+000  0.101274200792764E+000 -0.131028262406404E+000 -0.146025466624377E+003 -0.146025466624377E+003
  0.100726270544988E+000  0.179107653213569E+001  0.231624383788664E+000  0.101591860715784E+000 -0.131028262406404E+000 -0.146025683555994E+003 -0.146025683555994E+003
  0.103834127710799E+000  0.187602885955617E+001  0.909827986809242E+000  0.101091414917836E+000 -0.131028262406404E+000 -0.146026139314820E+003 -0.146026139314820E+003
  0.100985622157574E+000  0.190332481215912E+001  0.560756808565734E+000  0.101882847368941E+000 -0.131028262406404E+000 -0.146025552032078E+003 -0.146025552032078E+003
  0.100856604050483E+000  0.179535205214990E+001  0.541216597388245E+000  0.101882772741485E+000 -0.131028262406404E+000 -0.146025778211925E+003 -0.146025778211925E+003
  0.100747483373358E+000  0.180738653722765E+001  0.290944555011875E+000  0.100985364226764E+000 -0.131028262406404E+000 -0.146025502710077E+003 -0.146025502710077E+003
  0.101562324864619E+000  0.190780932746475E+001  0.837265615579303E+000  0.101449733902903E+000 -0.131028262406404E+000 -0.146025581534379E+003 -0.146025581534379E+003
  0.100959540752176E+000  0.189717102887945E+001  0.169317484014745E-001  0.101687315922384E+000 -0.131028262406404E+000 -0.146025513859968E+003 -0.146025513859968E+003
  0.102947056957158E+000  0.196499369922844E+001  0.499113298809475E+000  0.101692044129633E+000 -0.131028262406404E+000 -0.146025841059381E+003 -0.146025841059381E+003
  0.103282444453234E+000  0.187327875695505E+001  0.818814558495337E+000  0.100151783915682E+000 -0.131028262406404E+000 -0.146025775979817E+003 -0.146025775979817E+003
  0.100248900469025E+000  0.196282328679642E+001  0.422062859237893E+000  0.104693669272134E+000 -0.131028262406404E+000 -0.146025872973004E+003 -0.146025872973004E+003
  0.100135862763656E+000  0.173955221650081E+001  0.551529015511016E+000  0.103660095766803E+000 -0.131028262406404E+000 -0.146026163450883E+003 -0.146026163450883E+003
  0.102268348325424E+000  0.186440218967712E+001  0.599645152769571E+000  0.101308832838934E+000 -0.131028262406404E+000 -0.146025829378562E+003 -0.146025829378562E+003
  0.103354117226989E+000  0.177790292338077E+001  0.834861650599977E-001  0.100512961646428E+000 -0.131028262406404E+000 -0.146026105048676E+003 -0.146026105048676E+003
  0.102656709005474E+000  0.197325514225409E+001  0.947531595914428E+000  0.102990308167466E+000 -0.131028262406404E+000 -0.146026056369259E+003 -0.146026056369259E+003
  0.102143599509855E+000  0.193971780068094E+001  0.516166771597666E+000  0.100093478007285E+000 -0.131028262406404E+000 -0.146025322709510E+003 -0.146025322709510E+003
  0.100038031209467E+000  0.192804742827030E+001  0.990641953391240E+000  0.102011165667607E+000 -0.131028262406404E+000 -0.146025283974038E+003 -0.146025283974038E+003
  0.103952194648571E+000  0.198476529931127E+001  0.829529675178017E+000  0.102011978142270E+000 -0.131028262406404E+000 -0.146026116788901E+003 -0.146026116788901E+003
  0.100481332425352E+000  0.172422530819188E+001  0.819167208648563E+000  0.101858779878130E+000 -0.131028262406404E+000 -0.146025838763683E+003 -0.146025838763683E+003
  0.100147243660676E+000  0.133784126083296E+001  0.799542029224106E-001  0.100396072970720E+000 -0.131028262406404E+000 -0.146026114699130E+003 -0.146026114699130E+003
  0.101792539307909E+000  0.195646794209475E+001  0.803279745750643E+000  0.102868120171412E+000 -0.131028262406404E+000 -0.146025854029420E+003 -0.146025854029420E+003
  0.103199951474750E+000  0.188154698745484E+001  0.618192864744737E+000  0.101301043353095E+000 -0.131028262406404E+000 -0.146026019038631E+003 -0.146026019038631E+003
  0.100303932443806E+000  0.141823015841752E+001  0.781857438263460E+000  0.100008704334904E+000 -0.131028262406404E+000 -0.146025916948101E+003 -0.146025916948101E+003
  0.101191367676777E+000  0.189711999081437E+001  0.791108636726012E+000  0.101673516303768E+000 -0.131028262406404E+000 -0.146025568709292E+003 -0.146025568709292E+003
  0.101436119060135E+000  0.148441836482775E+001  0.229600268295927E+000  0.100234195697413E+000 -0.131028262406404E+000 -0.146026148833741E+003 -0.146026148833741E+003
  0.102378246219921E+000  0.187816645018455E+001  0.260811960783937E+000  0.100840022215138E+000 -0.131028262406404E+000 -0.146025709070646E+003 -0.146025709070646E+003
  0.100531866495522E+000  0.193142884838157E+001  0.901962517158486E+000  0.104529409202743E+000 -0.131028262406404E+000 -0.146025992203889E+003 -0.146025992203889E+003
  0.101870458198269E+000  0.175606515504961E+001  0.372686773135070E+000  0.100122226274450E+000 -0.131028262406404E+000 -0.146025683882386E+003 -0.146025683882386E+003
  0.105630882464772E+000  0.194803163391151E+001  0.347717653985489E+000  0.100157519865017E+000 -0.131028262406404E+000 -0.146026175129492E+003 -0.146026175129492E+003
  0.100010879157839E+000  0.155488668009121E+001  0.999776017402556E+000  0.100371002765684E+000 -0.131028262406404E+000 -0.146025690158140E+003 -0.146025690158140E+003
  0.101294902522492E+000  0.196102634063326E+001  0.975602595028186E+000  0.102203847539810E+000 -0.131028262406404E+000 -0.146025560367541E+003 -0.146025560367541E+003
  0.100362796039914E+000  0.195405727485404E+001  0.707109499170881E+000  0.103884276929698E+000 -0.131028262406404E+000 -0.146025737283364E+003 -0.146025737283364E+003
  0.102071619828830E+000  0.159680989799614E+001  0.384596003189348E+000  0.100352970250440E+000 -0.131028262406404E+000 -0.146026126692300E+003 -0.146026126692300E+003
  0.100535271707423E+000  0.183399569631312E+001  0.586441622402460E+000  0.103733266836421E+000 -0.131028262406404E+000 -0.146026055295916E+003 -0.146026055295916E+003
  0.100646425327101E+000  0.192967248621191E+001  0.434815989518132E+000  0.103795677312181E+000 -0.131028262406404E+000 -0.146025853262223E+003 -0.146025853262223E+003
  0.101533978460577E+000  0.198788786960259E+001  0.799171585123523E+000  0.102469633079312E+000 -0.131028262406404E+000 -0.146025612743336E+003 -0.146025612743336E+003
  0.101097653556822E+000  0.179713276194538E+001  0.898201079555178E+000  0.100527799834590E+000 -0.131028262406404E+000 -0.146025501036247E+003 -0.146025501036247E+003
  0.100923305050262E+000  0.198777875116317E+001  0.151283002067849E-001  0.101469462371118E+000 -0.131028262406404E+000 -0.146025227821689E+003 -0.146025227821689E+003
  0.101770742661329E+000  0.164534464376005E+001  0.574481548329113E+000  0.100687677412958E+000 -0.131028262406404E+000 -0.146026038553304E+003 -0.146026038553304E+003
  0.102049091397456E+000  0.197307886205077E+001  0.172872795921060E+000  0.102033092020389E+000 -0.131028262406404E+000 -0.146025677417715E+003 -0.146025677417715E+003
  0.100705672237689E+000  0.188780510338198E+001  0.231326348564552E+000  0.100254480298385E+000 -0.131028262406404E+000 -0.146025130274281E+003 -0.146025130274281E+003
  0.102193549594618E+000  0.160255665092485E+001  0.770594634723881E+000  0.100429493246680E+000 -0.131028262406404E+000 -0.146026166131208E+003 -0.146026166131208E+003
  0.101075371406198E+000  0.186834134645032E+001  0.977288856980568E+000  0.103821275154867E+000 -0.131028262406404E+000 -0.146026128435648E+003 -0.146026128435648E+003
  0.101720208012869E+000  0.188819681452935E+001  0.731954050229252E+000  0.101470585935247E+000 -0.131028262406404E+000 -0.146025673951988E+003 -0.146025673951988E+003
  0.101827010633028E+000  0.190218177638774E+001  0.819851708277842E+000  0.102721940897758E+000 -0.131028262406404E+000 -0.146025968199443E+003 -0.146025968199443E+003
  0.102083446899498E+000  0.158346511843648E+001  0.543854874611850E+000  0.100119197690056E+000 -0.131028262406404E+000 -0.146026094873440E+003 -0.146026094873440E+003
  0.102853815963981E+000  0.172434914360354E+001  0.301426225302357E+000  0.100726424995564E+000 -0.131028262406404E+000 -0.146026153414583E+003 -0.146026153414583E+003
  0.103958428041622E+000  0.192700014286862E+001  0.245718815601110E+000  0.100499535961000E+000 -0.131028262406404E+000 -0.146025899067901E+003 -0.146025899067901E+003
  0.102517500255669E+000  0.195130926942863E+001  0.420354874404357E+000  0.101772226507038E+000 -0.131028262406404E+000 -0.146025788268690E+003 -0.146025788268690E+003
  0.101092842383259E+000  0.185718427822443E+001  0.423416279671789E+000  0.102685077823998E+000 -0.131028262406404E+000 -0.146025885958086E+003 -0.146025885958086E+003
  0.101995681731255E+000  0.195927562988030E+001  0.895360200491994E+000  0.101597056494120E+000 -0.131028262406404E+000 -0.146025596205193E+003 -0.146025596205193E+003
  0.102628985149097E+000  0.179139448175101E+001  0.644205255656999E+000  0.101421443766386E+000 -0.131028262406404E+000 -0.146026120974984E+003 -0.146026120974984E+003
  0.101684269802014E+000  0.199474920893534E+001  0.191231773274694E+000  0.102530520020832E+000 -0.131028262406404E+000 -0.146025646485971E+003 -0.146025646485971E+003
  0.100050998352467E+000  0.190087762645635E+001  0.191752713936895E+000  0.100466495908339E+000 -0.131028262406404E+000 -0.146024988692020E+003 -0.146024988692020E+003
  0.102646972678526E+000  0.198770163726198E+001  0.235874161379584E+000  0.100241801681714E+000 -0.131028262406404E+000 -0.146025363916270E+003 -0.146025363916270E+003
  0.100307671918386E+000  0.163247864061914E+001  0.268751051851604E+000  0.100755138108020E+000 -0.131028262406404E+000 -0.146025711314003E+003 -0.146025711314003E+003
  0.102940011611117E+000  0.189909272847582E+001  0.891296963194619E+000  0.100962120035125E+000 -0.131028262406404E+000 -0.146025828121655E+003 -0.146025828121655E+003
  0.102098645603671E+000  0.183283408904704E+001  0.646462159819201E+000  0.101161016926113E+000 -0.131028262406404E+000 -0.146025825636369E+003 -0.146025825636369E+003
  0.101834392823884E+000  0.177047519423739E+001  0.913358094673085E+000  0.100834606752873E+000 -0.131028262406404E+000 -0.146025821575345E+003 -0.146025821575345E+003
  0.100933636938542E+000  0.195081553869906E+001  0.520919594098317E+000  0.104689175030311E+000 -0.131028262406404E+000 -0.146026080347128E+003 -0.146026080347128E+003
  0.101896511450806E+000  0.166561624890165E+001  0.786140362164320E+000  0.100579822245207E+000 -0.131028262406404E+000 -0.146026000318441E+003 -0.146026000318441E+003
  0.100532187604986E+000  0.172477817000758E+001  0.377267369281798E-001  0.102124864519903E+000 -0.131028262406404E+000 -0.146025916994789E+003 -0.146025916994789E+003
  0.101023598905758E+000  0.166107648721429E+001  0.804970632816770E+000  0.100831295149392E+000 -0.131028262406404E+000 -0.146025853283459E+003 -0.146025853283459E+003
  0.100256351253486E+000  0.195154213620322E+001  0.133601483913068E+000  0.100884314528862E+000 -0.131028262406404E+000 -0.146025016698056E+003 -0.146025016698056E+003
  0.100852353880837E+000  0.153458483360190E+001  0.346570215319728E+000  0.101117389491208E+000 -0.131028262406404E+000 -0.146026138262862E+003 -0.146026138262862E+003
  0.100036006039977E+000  0.178574018245143E+001  0.115952707504337E+000  0.101789619265315E+000 -0.131028262406404E+000 -0.146025569816545E+003 -0.146025569816545E+003
  0.102992026580212E+000  0.196872735148153E+001  0.249754210539991E+000  0.101340767795812E+000 -0.131028262406404E+000 -0.146025758582438E+003 -0.146025758582438E+003
  0.102768666772103E+000  0.199687175824660E+001  0.100239813708494E+000  0.102493799557773E+000 -0.131028262406404E+000 -0.146025903548824E+003 -0.146025903548824E+003
  0.100921927608489E+000  0.193361448260258E+001  0.500986928315549E+000  0.104397018536143E+000 -0.131028262406404E+000 -0.146026055174528E+003 -0.146026055174528E+003
  0.100228246253881E+000  0.154055453364976E+001  0.538095067323331E+000  0.100890342602812E+000 -0.131028262406404E+000 -0.146025907557862E+003 -0.146025907557862E+003
  0.102603843729508E+000  0.166309369620027E+001  0.334875849441752E+000  0.100546299340740E+000 -0.131028262406404E+000 -0.146026175840981E+003 -0.146026175840981E+003
  0.100673581925123E+000  0.193938004479522E+001  0.158758469632575E-001  0.102484167288709E+000 -0.131028262406404E+000 -0.146025525960491E+003 -0.146025525960491E+003
  0.100647196238571E+000  0.196695274996482E+001  0.492185330480177E+000  0.100406431245004E+000 -0.131028262406404E+000 -0.146024963768976E+003 -0.146024963768976E+003
  0.101722685776010E+000  0.164184453176188E+001  0.592598584587386E+000  0.101154399466742E+000 -0.131028262406404E+000 -0.146026154141453E+003 -0.146026154141453E+003
  0.101367626768929E+000  0.180568329410504E+001  0.968218031822326E-001  0.102170044378874E+000 -0.131028262406404E+000 -0.146025954329800E+003 -0.146025954329800E+003
  0.100151776821263E+000  0.189947545130728E+001  0.901608647811845E+000  0.100535470380606E+000 -0.131028262406404E+000 -0.146025033195412E+003 -0.146025033195412E+003
  0.102274416459407E+000  0.184908590172373E+001  0.141022337490351E+000  0.100258773676236E+000 -0.131028262406404E+000 -0.146025609201856E+003 -0.146025609201856E+003
  0.101040149969028E+000  0.168573676066925E+001  0.264513766030619E+000  0.100256219183239E+000 -0.131028262406404E+000 -0.146025659778740E+003 -0.146025659778740E+003
  0.100410491643313E+000  0.171862082857271E+001  0.554247203414529E+000  0.100212808010067E+000 -0.131028262406404E+000 -0.146025421954916E+003 -0.146025421954916E+003
  0.102182287074123E+000  0.194864997108586E+001  0.540819033267499E-002  0.102961080154962E+000 -0.131028262406404E+000 -0.146025995036349E+003 -0.146025995036349E+003
  0.101671868167774E+000  0.177073596436818E+001  0.626132026234630E+000  0.101105746656247E+000 -0.131028262406404E+000 -0.146025847903280E+003 -0.146025847903280E+003
  0.100136089758380E+000  0.195446169455270E+001  0.398065371011563E+000  0.101577998373268E+000 -0.131028262406404E+000 -0.146025141562402E+003 -0.146025141562402E+003
  0.104941379140092E+000  0.192415304801222E+001  0.633731677162581E+000  0.100081225208281E+000 -0.131028262406404E+000 -0.146026045648101E+003 -0.146026045648101E+003
  0.100651931711859E+000  0.157571970080254E+001  0.531140286528487E+000  0.100004209268038E+000 -0.131028262406404E+000 -0.146025717842279E+003 -0.146025717842279E+003
  0.100369985216608E+000  0.140697697580559E+001  0.569883788327458E+000  0.100479129253215E+000 -0.131028262406404E+000 -0.146026078728335E+003 -0.146026078728335E+003
  0.100854706419022E+000  0.170571094664906E+001  0.348401002053220E+000  0.101217028566129E+000 -0.131028262406404E+000 -0.146025813289277E+003 -0.146025813289277E+003
  0.101661382201923E+000  0.182517976179451E+001  0.898503468413610E+000  0.101585467835466E+000 -0.131028262406404E+000 -0.146025838395060E+003 -0.146025838395060E+003
  0.102083061277736E+000  0.179495958237948E+001  0.805127490246136E+000  0.100133820173313E+000 -0.131028262406404E+000 -0.146025653863332E+003 -0.146025653863332E+003
  0.105353767617608E+000  0.196270607793537E+001  0.267659428104682E+000  0.100584510989240E+000 -0.131028262406404E+000 -0.146026175078535E+003 -0.146026175078535E+003
  0.101891457812074E+000  0.199808165393295E+001  0.662875765133236E-001  0.102192468622868E+000 -0.131028262406404E+000 -0.146025610353478E+003 -0.146025610353478E+003
  0.103858411542786E+000  0.194390842928949E+001  0.715898649629710E+000  0.100939322253722E+000 -0.131028262406404E+000 -0.146025939554866E+003 -0.146025939554866E+003
  0.100256115714578E+000  0.188086311162718E+001  0.524629710575445E+000  0.100711926350242E+000 -0.131028262406404E+000 -0.146025144552454E+003 -0.146025144552454E+003
  0.100644598842679E+000  0.189769216931541E+001  0.230321925643213E+000  0.100027786892580E+000 -0.131028262406404E+000 -0.146025038129973E+003 -0.146025038129973E+003
  0.104199301059626E+000  0.196915674752704E+001  0.267647219739661E+000  0.101438674846884E+000 -0.131028262406404E+000 -0.146026080933492E+003 -0.146026080933492E+003
  0.100640088429404E+000  0.181521747354103E+001  0.733023587822274E+000  0.100668028607722E+000 -0.131028262406404E+000 -0.146025380495316E+003 -0.146025380495316E+003
  0.100861930772662E+000  0.171262045807197E+001  0.448131827776351E+000  0.100002320207297E+000 -0.131028262406404E+000 -0.146025494801222E+003 -0.146025494801222E+003
  0.101214234112827E+000  0.197836411621688E+001  0.432001796518791E+000  0.102340543689992E+000 -0.131028262406404E+000 -0.146025527479411E+003 -0.146025527479411E+003
  0.100513880258800E+000  0.193597633521316E+001  0.573120580489791E+000  0.101518423667683E+000 -0.131028262406404E+000 -0.146025267294900E+003 -0.146025267294900E+003
  0.101998435474668E+000  0.181970188167411E+001  0.589866314543729E+000  0.100370525600245E+000 -0.131028262406404E+000 -0.146025635709685E+003 -0.146025635709685E+003
  0.100939904508283E+000  0.148918386455051E+001  0.907781645035809E+000  0.100790272540636E+000 -0.131028262406404E+000 -0.146026160692478E+003 -0.146026160692478E+003
  0.103632318085200E+000  0.183331891097574E+001  0.792682738607760E-001  0.100506748592383E+000 -0.131028262406404E+000 -0.146026045240027E+003 -0.146026045240027E+003
  0.101764207778540E+000  0.197469082716488E+001  0.873751065139288E+000  0.103853638988039E+000 -0.131028262406404E+000 -0.146026030819567E+003 -0.146026030819567E+003
  0.100886772070248E+000  0.189475731719880E+001  0.376662169089608E+000  0.100468207925964E+000 -0.131028262406404E+000 -0.146025209875974E+003 -0.146025209875974E+003
  0.100994311129914E+000  0.191302699468502E+001  0.204373987975871E+000  0.103812426755145E+000 -0.131028262406404E+000 -0.146025989712612E+003 -0.146025989712612E+003
  0.102550973686991E+000  0.170738140261920E+001  0.188968558081685E+000  0.100556044914897E+000 -0.131028262406404E+000 -0.146026070449771E+003 -0.146026070449771E+003
  0.101760746492768E+000  0.176184860560971E+001  0.394815683030701E+000  0.100914663497143E+000 -0.131028262406404E+000 -0.146025842455511E+003 -0.146025842455511E+003
  0.100044098798924E+000  0.195838839635364E+001  0.653196121297779E+000  0.103003437473117E+000 -0.131028262406404E+000 -0.146025440174581E+003 -0.146025440174581E+003
  0.100061967649779E+000  0.170770298804719E+001  0.147496832456844E+000  0.101653794934635E+000 -0.131028262406404E+000 -0.146025717190522E+003 -0.146025717190522E+003
  0.103970578713762E+000  0.193348455364032E+001  0.883852692182392E+000  0.100504862060425E+000 -0.131028262406404E+000 -0.146025887349290E+003 -0.146025887349290E+003
  0.100540409742107E+000  0.176051353684019E+001  0.278800229663355E+000  0.102969326617978E+000 -0.131028262406404E+000 -0.146026047260775E+003 -0.146026047260775E+003
  0.102075461684119E+000  0.184891367976312E+001  0.616066189287834E+000  0.100188937670959E+000 -0.131028262406404E+000 -0.146025543111019E+003 -0.146025543111019E+003
  0.100617499692860E+000  0.193346381932398E+001  0.203867549729811E+000  0.104543942746600E+000 -0.131028262406404E+000 -0.146026012134297E+003 -0.146026012134297E+003
  0.100531747129253E+000  0.151503350849786E+001  0.885899089624964E+000  0.101074697490028E+000 -0.131028262406404E+000 -0.146026082260638E+003 -0.146026082260638E+003
  0.101915166614921E+000  0.197965990109327E+001  0.970680121906888E+000  0.101284582474668E+000 -0.131028262406404E+000 -0.146025450566160E+003 -0.146025450566160E+003
  0.100383304086693E+000  0.192802056358626E+001  0.435036714636017E+000  0.101165141265576E+000 -0.131028262406404E+000 -0.146025171162855E+003 -0.146025171162855E+003
  0.101117742555892E+000  0.141818890553673E+001  0.739919059261016E+000  0.100127357384419E+000 -0.131028262406404E+000 -0.146026156895100E+003 -0.146026156895100E+003
  0.102040700546140E+000  0.186859884025574E+001  0.842998020115722E+000  0.100131947760473E+000 -0.131028262406404E+000 -0.146025474988333E+003 -0.146025474988333E+003
  0.101865186863286E+000  0.163303496897530E+001  0.732467033449449E+000  0.100082021981816E+000 -0.131028262406404E+000 -0.146025931105482E+003 -0.146025931105482E+003
  0.101478146347222E+000  0.175780931582961E+001  0.993963951227825E+000  0.101440457318558E+000 -0.131028262406404E+000 -0.146025911919509E+003 -0.146025911919509E+003
  0.101721387238067E+000  0.165959211129073E+001  0.821545746369086E+000  0.101392989228156E+000 -0.131028262406404E+000 -0.146026177735461E+003 -0.146026177735461E+003
  0.100573206377094E+000  0.186420863699340E+001  0.873197470964737E+000  0.101723818892847E+000 -0.131028262406404E+000 -0.146025505501897E+003 -0.146025505501897E+003
  0.101965359776008E+000  0.181752742437600E+001  0.485650114390964E+000  0.100374959200371E+000 -0.131028262406404E+000 -0.146025633526975E+003 -0.146025633526975E+003
  0.101935495465743E+000  0.175725716982517E+001  0.641471368090036E+000  0.100139423234042E+000 -0.131028262406404E+000 -0.146025701836819E+003 -0.146025701836819E+003
  0.103993689620330E+000  0.194313720481775E+001  0.812242685560486E+000  0.100768038619492E+000 -0.131028262406404E+000 -0.146025933276107E+003 -0.146025933276107E+003
  0.104365504959616E+000  0.191995699424457E+001  0.833684320884996E+000  0.100237244210192E+000 -0.131028262406404E+000 -0.146025952475584E+003 -0.146025952475584E+003
  0.100996592413851E+000  0.171307753438312E+001  0.883330900346307E+000  0.101235940027518E+000 -0.131028262406404E+000 -0.146025837996965E+003 -0.146025837996965E+003
  0.100067251774207E+000  0.179724992953893E+001  0.620559962881146E+000  0.101894083331879E+000 -0.131028262406404E+000 -0.146025576765823E+003 -0.146025576765823E+003
  0.100606475679040E+000  0.164606794783135E+001  0.971569376799182E+000  0.102120784246560E+000 -0.131028262406404E+000 -0.146026107532580E+003 -0.146026107532580E+003
  0.101724434241326E+000  0.185554629330121E+001  0.781619489656695E+000  0.101816610953463E+000 -0.131028262406404E+000 -0.146025838359631E+003 -0.146025838359631E+003
  0.100634228015109E+000  0.195031329643770E+001  0.782031116319632E+000  0.105214777078502E+000 -0.131028262406404E+000 -0.146026127958687E+003 -0.146026127958687E+003
  0.100969098401703E+000  0.182559761461536E+001  0.130564306244207E+000  0.103690039273652E+000 -0.131028262406404E+000 -0.146026177347819E+003 -0.146026177347819E+003
  0.102749711500448E+000  0.182690935835235E+001  0.192586119041365E+000  0.100093592771374E+000 -0.131028262406404E+000 -0.146025737280036E+003 -0.146025737280036E+003
  0.103316005354246E+000  0.192450334885727E+001  0.765415956478616E+000  0.101213801663100E+000 -0.131028262406404E+000 -0.146025920298479E+003 -0.146025920298479E+003
  0.101250062759453E+000  0.178507572247758E+001  0.788580658943200E+000  0.100395029201368E+000 -0.131028262406404E+000 -0.146025533189048E+003 -0.146025533189048E+003
  0.100738699515565E+000  0.147833157718152E+001  0.657186012728454E+000  0.100404080106633E+000 -0.131028262406404E+000 -0.146026026878730E+003 -0.146026026878730E+003
  0.102923619836857E+000  0.192381244867334E+001  0.894759267425714E-001  0.100542577408499E+000 -0.131028262406404E+000 -0.146025661586828E+003 -0.146025661586828E+003
  0.100184713964521E+000  0.192457349765037E+001  0.927858330803793E+000  0.103913729221624E+000 -0.131028262406404E+000 -0.146025776703117E+003 -0.146025776703117E+003
  0.100193919284358E+000  0.181561503210715E+001  0.288295813605027E+000  0.104371638728272E+000 -0.131028262406404E+000 -0.146026168252857E+003 -0.146026168252857E+003
  0.103196723278980E+000  0.176159262864120E+001  0.472152739872281E+000  0.100668483297715E+000 -0.131028262406404E+000 -0.146026141961663E+003 -0.146026141961663E+003
  0.101650521009695E+000  0.195348379320192E+001  0.239573171164716E+000  0.100164032370737E+000 -0.131028262406404E+000 -0.146025185347986E+003 -0.146025185347986E+003
  0.102031335347597E+000  0.182192566323736E+001  0.809955505956030E+000  0.101009224827798E+000 -0.131028262406404E+000 -0.146025796788494E+003 -0.146025796788494E+003
  0.103046701806616E+000  0.184603543679029E+001  0.903168960165218E+000  0.100266643508159E+000 -0.131028262406404E+000 -0.146025809880804E+003 -0.146025809880804E+003
  0.102719660108867E+000  0.177325519625517E+001  0.425299461950154E+000  0.101069278096363E+000 -0.131028262406404E+000 -0.146026097037482E+003 -0.146026097037482E+003
