  0.101933927213770E+000  0.198775346379234E+001  0.664890782406107E-001  0.486898515503704E+000 -0.131028262406404E+000 -0.137742289128976E+003 -0.137742289128976E+003 -0.137748596264254E+003
  0.104166708793543E+000  0.198162643315861E+001  0.472402928020405E-001  0.495940843039815E+000 -0.131028262406404E+000 -0.137741331523774E+003 -0.137741331523774E+003 -0.137743897049108E+003
  0.100663796411332E+000  0.199624922678079E+001  0.335445324885036E-002  0.479382702081356E+000 -0.131028262406404E+000 -0.137742677754467E+003 -0.137742677754467E+003 -0.137745481351911E+003
  0.107051309066703E+000  0.199590217272036E+001  0.408189322177344E-001  0.490721681466233E+000 -0.131028262406404E+000 -0.137741874351171E+003 -0.137741874351171E+003 -0.137744149185495E+003
  0.104777006359155E+000  0.197496387484942E+001  0.147180968729953E+000  0.499389978790896E+000 -0.131028262406404E+000 -0.137741791135610E+003 -0.137741791135610E+003 -0.137749984736425E+003
  0.108699810464039E+000  0.199140359316085E+001  0.203512227772322E+000  0.499547566711231E+000 -0.131028262406404E+000 -0.137740122993695E+003 -0.137740122993695E+003 -0.137745766880005E+003
  0.101119305066880E+000  0.199399492645534E+001  0.371383215261993E+000  0.495057029189724E+000 -0.131028262406404E+000 -0.137737372400123E+003 -0.137737372400123E+003 -0.137746358988949E+003
  0.105673721786127E+000  0.198040217334735E+001  0.249727825290600E+000  0.496248758133292E+000 -0.131028262406404E+000 -0.137742323844343E+003 -0.137742323844343E+003 -0.137767005712149E+003
  0.101938250780687E+000  0.198694977347921E+001  0.274711560000857E+000  0.489556141102477E+000 -0.131028262406404E+000 -0.137741440371831E+003 -0.137741440371831E+003 -0.137744825937955E+003
  0.101517322849664E+000  0.198308264532306E+001  0.284166220926089E+000  0.488177330010016E+000 -0.131028262406404E+000 -0.137742546676571E+003 -0.137742546676571E+003 -0.137751741155889E+003
  0.108924014423668E+000  0.199843758889914E+001  0.294124348914745E+000  0.499714961307170E+000 -0.131028262406404E+000 -0.137738551151688E+003 -0.137738551151688E+003 -0.137751672483910E+003
  0.102148328960586E+000  0.199032090951303E+001  0.396969598099456E+000  0.489446444576615E+000 -0.131028262406404E+000 -0.137740887627961E+003 -0.137740887627961E+003 -0.137745844339370E+003
  0.112705134602858E+000  0.199605355641441E+001  0.402329992395311E+000  0.499898101798883E+000 -0.131028262406404E+000 -0.137741045734827E+003 -0.137741045734827E+003 -0.137748080601223E+003
  0.105140520023986E+000  0.198716804721386E+001  0.336295924095832E+000  0.494756003735817E+000 -0.131028262406404E+000 -0.137741116809795E+003 -0.137741116809795E+003 -0.137744587024063E+003
  0.102154422005222E+000  0.199569415091821E+001  0.311697876038875E+000  0.490957373856713E+000 -0.131028262406404E+000 -0.137739169798545E+003 -0.137739169798545E+003 -0.137760607488510E+003
  0.103923373893214E+000  0.198000795635617E+001  0.108435740704483E+000  0.499443288596253E+000 -0.131028262406404E+000 -0.137740163041766E+003 -0.137740163041766E+003 -0.137745114562763E+003
  0.102131704659558E+000  0.197344363749307E+001  0.145634637555297E+000  0.493531047828978E+000 -0.131028262406404E+000 -0.137742916846926E+003 -0.137742916846926E+003 -0.137745169341934E+003
  0.101142490215941E+000  0.199368924110217E+001  0.977681677200310E-001  0.483718265950153E+000 -0.131028262406404E+000 -0.137741829964705E+003 -0.137741829964705E+003 -0.137744135019827E+003
  0.101008673177829E+000  0.199751793473434E+001  0.263633822063028E+000  0.491827591826367E+000 -0.131028262406404E+000 -0.137737843236585E+003 -0.137737843236585E+003 -0.137745262389029E+003
  0.102070108074525E+000  0.198414366802167E+001  0.677979724664113E-001  0.495271458827239E+000 -0.131028262406404E+000 -0.137739893881927E+003 -0.137739893881927E+003 -0.137744179808102E+003
  0.103454070577202E+000  0.198678141225344E+001  0.121800524528969E-001  0.497811554137280E+000 -0.131028262406404E+000 -0.137739062050540E+003 -0.137739062050540E+003 -0.137748739742321E+003
  0.105362327594083E+000  0.199581682561602E+001  0.971067849543549E-001  0.495296862922343E+000 -0.131028262406404E+000 -0.137739109825690E+003 -0.137739109825690E+003 -0.137745438221746E+003
  0.102242130860556E+000  0.199826238881870E+001  0.267345838268258E+000  0.498857392443306E+000 -0.131028262406404E+000 -0.137735523780111E+003 -0.137735523780111E+003 -0.137750761179068E+003
  0.115465452663605E+000  0.199766992199506E+001  0.204677609554031E+000  0.499206062961487E+000 -0.131028262406404E+000 -0.137742472969046E+003 -0.137742472969046E+003 -0.137746358988949E+003
  0.108894186974015E+000  0.198547693086769E+001  0.390885196863914E+000  0.497907892779080E+000 -0.131028262406404E+000 -0.137742289503144E+003 -0.137742289503144E+003 -0.137743024525512E+003
  0.104311957060539E+000  0.198722159008380E+001  0.284341672237688E+000  0.498606199574011E+000 -0.131028262406404E+000 -0.137739104099375E+003 -0.137739104099375E+003 -0.137745518401337E+003
  0.111538728311428E+000  0.199625302868302E+001  0.243579913150622E+000  0.499098450403692E+000 -0.131028262406404E+000 -0.137740715553578E+003 -0.137740715553578E+003 -0.137743337811671E+003
  0.101202858914325E+000  0.196749331577885E+001  0.116992957735080E+000  0.499846167360455E+000 -0.131028262406404E+000 -0.137741274537222E+003 -0.137741274537222E+003 -0.137743675969666E+003
  0.103130451943310E+000  0.197218131384021E+001  0.265445495851896E-001  0.496208761413731E+000 -0.131028262406404E+000 -0.137742733748962E+003 -0.137742733748962E+003 -0.137744872674078E+003
  0.100691126809970E+000  0.199965355990885E+001  0.311145060138755E+000  0.497316300797644E+000 -0.131028262406404E+000 -0.137735071699774E+003 -0.137735071699774E+003 -0.137743306973693E+003
  0.106787209166633E+000  0.198903029467445E+001  0.138960711077174E+000  0.493481056047588E+000 -0.131028262406404E+000 -0.137742129594559E+003 -0.137742129594559E+003 -0.137744648461501E+003
  0.107957263903551E+000  0.198496903346448E+001  0.267811081860134E+000  0.496447972512836E+000 -0.131028262406404E+000 -0.137742487667990E+003 -0.137742487667990E+003 -0.137743412602638E+003
  0.112435665919881E+000  0.199705780286536E+001  0.556417984050590E-001  0.498076718737642E+000 -0.131028262406404E+000 -0.137741456778387E+003 -0.137741456778387E+003 -0.137748504931962E+003
  0.101745202228198E+000  0.197473628196915E+001  0.657839121254587E-001  0.494625559383013E+000 -0.131028262406404E+000 -0.137741997316284E+003 -0.137741997316284E+003 -0.137744677571123E+003
  0.101417307717224E+000  0.197508185395912E+001  0.364273499575114E-001  0.492743754132714E+000 -0.131028262406404E+000 -0.137742455066789E+003 -0.137742455066789E+003 -0.137746776015448E+003
  0.103951064145553E+000  0.197834785355937E+001  0.279113895220688E+000  0.499158170143633E+000 -0.131028262406404E+000 -0.137740662780348E+003 -0.137740662780348E+003 -0.137745829725542E+003
  0.103401650258758E+000  0.199431093562222E+001  0.201520889824036E+000  0.493493693598600E+000 -0.131028262406404E+000 -0.137739123798204E+003 -0.137739123798204E+003 -0.137744599759312E+003
  0.110210989663307E+000  0.198955556980847E+001  0.116193304224542E+000  0.498798707476424E+000 -0.131028262406404E+000 -0.137741693721208E+003 -0.137741693721208E+003 -0.137746795722681E+003
  0.106654505790024E+000  0.199670722146841E+001  0.703533254290185E-002  0.495599362578485E+000 -0.131028262406404E+000 -0.137739474964850E+003 -0.137739474964850E+003 -0.137745284452147E+003
  0.100206262292380E+000  0.199168201649259E+001  0.287192314566269E+000  0.481552632146826E+000 -0.131028262406404E+000 -0.137742527031933E+003 -0.137742527031933E+003 -0.137745770132174E+003
  0.103810581542458E+000  0.197972154301251E+001  0.780559753573406E-001  0.494298554066995E+000 -0.131028262406404E+000 -0.137742200923802E+003 -0.137742200923802E+003 -0.137748596264254E+003
  0.101303123693188E+000  0.196854841389689E+001  0.861017759753501E-001  0.495791730315950E+000 -0.131028262406404E+000 -0.137742646028587E+003 -0.137742646028587E+003 -0.137743317506351E+003
  0.101034058556294E+000  0.199633730343767E+001  0.281656287091633E+000  0.481156998539389E+000 -0.131028262406404E+000 -0.137742200937167E+003 -0.137742200937167E+003 -0.137748739742321E+003
  0.104515094436506E+000  0.198354802351305E+001  0.159520472626599E+000  0.494981551487435E+000 -0.131028262406404E+000 -0.137741481330404E+003 -0.137741481330404E+003 -0.137748739742321E+003
  0.100420019474751E+000  0.199049762521586E+001  0.213258117848777E+000  0.499250172593648E+000 -0.131028262406404E+000 -0.137736104113993E+003 -0.137736104113993E+003 -0.137747648409601E+003
  0.113562482267619E+000  0.199620303622022E+001  0.121303606977198E+000  0.499394960141529E+000 -0.131028262406404E+000 -0.137741698395363E+003 -0.137741698395363E+003 -0.137748739742321E+003
  0.105174308289521E+000  0.199010772966418E+001  0.149988148686403E+000  0.498140890766533E+000 -0.131028262406404E+000 -0.137739111812724E+003 -0.137739111812724E+003 -0.137743362436187E+003
  0.105072905114476E+000  0.199562380676273E+001  0.375626877979461E+000  0.499521567943860E+000 -0.131028262406404E+000 -0.137737266844484E+003 -0.137737266844484E+003 -0.137748596264254E+003
  0.104545224408133E+000  0.199855751440212E+001  0.214954879173349E+000  0.484799404287024E+000 -0.131028262406404E+000 -0.137742292742070E+003 -0.137742292742070E+003 -0.137743783316074E+003
  0.104404277254705E+000  0.199737008736859E+001  0.339491087924765E+000  0.492159152584237E+000 -0.131028262406404E+000 -0.137739534697369E+003 -0.137739534697369E+003 -0.137748236049549E+003
  0.100454796145548E+000  0.198460204087724E+001  0.221700827182124E+000  0.497691436210147E+000 -0.131028262406404E+000 -0.137737987023266E+003 -0.137737987023266E+003 -0.137744872674078E+003
  0.110424667303727E+000  0.199224424980017E+001  0.327486380060191E+000  0.494858884286182E+000 -0.131028262406404E+000 -0.137742855207331E+003 -0.137742855207331E+003 -0.137744234517149E+003
  0.101894686489078E+000  0.197523101399204E+001  0.161625630765506E+000  0.494340043740938E+000 -0.131028262406404E+000 -0.137742084083555E+003 -0.137742084083555E+003 -0.137748081370228E+003
  0.105349535576410E+000  0.199404055626530E+001  0.392562013906261E-001  0.490002224067540E+000 -0.131028262406404E+000 -0.137741634663927E+003 -0.137741634663927E+003 -0.137743075693449E+003
  0.106989750025584E+000  0.197791445678709E+001  0.135551225597667E+000  0.498319477075555E+000 -0.131028262406404E+000 -0.137742796248345E+003 -0.137742796248345E+003 -0.137747648409601E+003
  0.106080805167999E+000  0.199356488769022E+001  0.118495144343250E+000  0.489428545260750E+000 -0.131028262406404E+000 -0.137742374134317E+003 -0.137742374134317E+003 -0.137744179808102E+003
  0.112111643802563E+000  0.199853365839081E+001  0.164441531423054E+000  0.499834252535605E+000 -0.131028262406404E+000 -0.137740164195238E+003 -0.137740164195238E+003 -0.137747648409601E+003
  0.100771149671896E+000  0.198180380912230E+001  0.140853152091840E+000  0.491640203895588E+000 -0.131028262406404E+000 -0.137741080208084E+003 -0.137741080208084E+003 -0.137747648409601E+003
  0.100858906972856E+000  0.198663754091034E+001  0.123106556442310E+000  0.488411217729780E+000 -0.131028262406404E+000 -0.137741344268534E+003 -0.137741344268534E+003 -0.137747648409601E+003
  0.100689387793800E+000  0.199857809958370E+001  0.851394642715102E-001  0.498464849335038E+000 -0.131028262406404E+000 -0.137734840190584E+003 -0.137734840190584E+003 -0.137744318822458E+003
  0.105016432414669E+000  0.199027283319777E+001  0.780397313869478E-001  0.494044249738102E+000 -0.131028262406404E+000 -0.137740650541783E+003 -0.137740650541783E+003 -0.137747345402774E+003
  0.105390287073268E+000  0.198724350302056E+001  0.151540002443318E+000  0.497847185484744E+000 -0.131028262406404E+000 -0.137739986503543E+003 -0.137739986503543E+003 -0.137743839914412E+003
  0.105532360296697E+000  0.197755991823253E+001  0.857037953913730E-001  0.498457662007347E+000 -0.131028262406404E+000 -0.137741999702725E+003 -0.137741999702725E+003 -0.137743897049108E+003
  0.102503554025536E+000  0.199896992359676E+001  0.313476873024580E+000  0.480355476173215E+000 -0.131028262406404E+000 -0.137742794533338E+003 -0.137742794533338E+003 -0.137747433826817E+003
  0.103033983944317E+000  0.198818558066812E+001  0.194569745980617E+000  0.487517421099836E+000 -0.131028262406404E+000 -0.137742579193613E+003 -0.137742579193613E+003 -0.137744599759312E+003
  0.106556791824539E+000  0.198556511872032E+001  0.217051251543498E+000  0.499675802747046E+000 -0.131028262406404E+000 -0.137740249661751E+003 -0.137740249661751E+003 -0.137747433826817E+003
  0.100772660014798E+000  0.198869839051058E+001  0.163999309340123E+000  0.497466479855207E+000 -0.131028262406404E+000 -0.137737368816402E+003 -0.137737368816402E+003 -0.137744587024063E+003
  0.109497749326979E+000  0.199802474087474E+001  0.384142197878248E+000  0.492028717357471E+000 -0.131028262406404E+000 -0.137742208330141E+003 -0.137742208330141E+003 -0.137743362436187E+003
  0.107513664981554E+000  0.198781325250850E+001  0.223110885172753E+000  0.499135548516388E+000 -0.131028262406404E+000 -0.137740479406602E+003 -0.137740479406602E+003 -0.137744389738084E+003
  0.108673174929243E+000  0.199476228976334E+001  0.406677693924424E+000  0.496533312632970E+000 -0.131028262406404E+000 -0.137740607223626E+003 -0.137740607223626E+003 -0.137745126667522E+003
  0.103612684896560E+000  0.199748976836508E+001  0.167547898099150E+000  0.497737233672979E+000 -0.131028262406404E+000 -0.137736838168545E+003 -0.137736838168545E+003 -0.137746877566991E+003
  0.101143696023419E+000  0.197496808632946E+001  0.358713437033788E+000  0.495361471041128E+000 -0.131028262406404E+000 -0.137741327034207E+003 -0.137741327034207E+003 -0.137745948190389E+003
  0.111178885746942E+000  0.199995461713806E+001  0.324542856855554E+000  0.495004766456659E+000 -0.131028262406404E+000 -0.137741424133566E+003 -0.137741424133566E+003 -0.137746877566991E+003
  0.101759233542208E+000  0.198928626125479E+001  0.399382674218383E+000  0.495526972663864E+000 -0.131028262406404E+000 -0.137738523011200E+003 -0.137738523011200E+003 -0.137743897049108E+003
  0.109997525676203E+000  0.199886185960384E+001  0.333115466562742E+000  0.497194293965291E+000 -0.131028262406404E+000 -0.137740099589866E+003 -0.137740099589866E+003 -0.137744389738084E+003
  0.104750698279728E+000  0.199851780203383E+001  0.300905174959468E+000  0.497138294217611E+000 -0.131028262406404E+000 -0.137737443473983E+003 -0.137737443473983E+003 -0.137745648428476E+003
  0.104591911781973E+000  0.198179762756758E+001  0.299822565503512E+000  0.497613417940838E+000 -0.131028262406404E+000 -0.137740861815930E+003 -0.137740861815930E+003 -0.137743412602638E+003
  0.103286132252052E+000  0.199708869258161E+001  0.329048515069469E+000  0.484055477346065E+000 -0.131028262406404E+000 -0.137742192168451E+003 -0.137742192168451E+003 -0.137746877566991E+003
  0.107258523407982E+000  0.199622564077162E+001  0.325322320783820E+000  0.492463481376680E+000 -0.131028262406404E+000 -0.137741201974060E+003 -0.137741201974060E+003 -0.137743557849079E+003
  0.101884751841700E+000  0.198751663841075E+001  0.246774137433429E+000  0.490692614318469E+000 -0.131028262406404E+000 -0.137740852276956E+003 -0.137740852276956E+003 -0.137743808932301E+003
  0.104506429160882E+000  0.199753468437186E+001  0.391110080630573E+000  0.489489477846048E+000 -0.131028262406404E+000 -0.137740625446421E+003 -0.137740625446421E+003 -0.137744759955619E+003
  0.100123843437945E+000  0.199710910891758E+001  0.400403397891065E+000  0.485435199642343E+000 -0.131028262406404E+000 -0.137739922854032E+003 -0.137739922854032E+003 -0.137745215974856E+003
  0.108078298190396E+000  0.198988360620631E+001  0.168611179115712E+000  0.498716902833184E+000 -0.131028262406404E+000 -0.137740485833221E+003 -0.137740485833221E+003 -0.137744502569585E+003
  0.100108323501480E+000  0.197454788761887E+001  0.152843154063683E+000  0.497537381250445E+000 -0.131028262406404E+000 -0.137740012181256E+003 -0.137740012181256E+003 -0.137745447723421E+003
  0.101040462811935E+000  0.198809429428221E+001  0.184939769185196E+000  0.489763769946604E+000 -0.131028262406404E+000 -0.137740624309070E+003 -0.137740624309070E+003 -0.137746702209056E+003
  0.100985663931722E+000  0.199807718514603E+001  0.236503899698302E+000  0.493416263311881E+000 -0.131028262406404E+000 -0.137737091972098E+003 -0.137737091972098E+003 -0.137743724177272E+003
  0.104191509267802E+000  0.198727565849115E+001  0.855478411885988E-001  0.497867462298699E+000 -0.131028262406404E+000 -0.137739325571019E+003 -0.137739325571019E+003 -0.137746461565062E+003
  0.105141966115449E+000  0.199347908106426E+001  0.379500703047723E-001  0.490636330716346E+000 -0.131028262406404E+000 -0.137741388002318E+003 -0.137741388002318E+003 -0.137746461565062E+003
  0.112509516254185E+000  0.199509874221340E+001  0.353382503642193E+000  0.497268124294667E+000 -0.131028262406404E+000 -0.137742313211222E+003 -0.137742313211222E+003 -0.137746461565062E+003
  0.100690589265128E+000  0.198477829569034E+001  0.293121493429296E+000  0.494795181607103E+000 -0.131028262406404E+000 -0.137739196926352E+003 -0.137739196926352E+003 -0.137746461565062E+003
  0.102007326674232E+000  0.199313632684881E+001  0.116017890120132E+000  0.493841089071852E+000 -0.131028262406404E+000 -0.137738497685777E+003 -0.137738497685777E+003 -0.137745274576493E+003
  0.105523206292788E+000  0.198530605970437E+001  0.198220874975508E+000  0.492429635533124E+000 -0.131028262406404E+000 -0.137742673936861E+003 -0.137742673936861E+003 -0.137743155409164E+003
  0.104169265165374E+000  0.198066765908360E+001  0.126978027478801E+000  0.494427784396625E+000 -0.131028262406404E+000 -0.137742143471284E+003 -0.137742143471284E+003 -0.137745167470078E+003
  0.105851268628861E+000  0.199445710265218E+001  0.245467262388678E+000  0.498169415012044E+000 -0.131028262406404E+000 -0.137738489312378E+003 -0.137738489312378E+003 -0.137743759011338E+003
  0.113728106396340E+000  0.199916484211881E+001  0.245660536100203E+000  0.499094122973265E+000 -0.131028262406404E+000 -0.137741210623711E+003 -0.137741210623711E+003 -0.137745368224031E+003
  0.103747449484046E+000  0.198580562903667E+001  0.237363964615492E+000  0.492702265200413E+000 -0.131028262406404E+000 -0.137741463590894E+003 -0.137741463590894E+003 -0.137743296348952E+003
  0.100275369026907E+000  0.198724079400823E+001  0.198095669654808E+000  0.496105235157781E+000 -0.131028262406404E+000 -0.137737947663491E+003 -0.137737947663491E+003 -0.137746358988949E+003
  0.100673176841804E+000  0.199330229453952E+001  0.185667020530045E+000  0.496373276231609E+000 -0.131028262406404E+000 -0.137736770818312E+003 -0.137736770818312E+003 -0.137744389738084E+003
  0.103718899272117E+000  0.199075564767514E+001  0.356174969340502E+000  0.493073164969823E+000 -0.131028262406404E+000 -0.137740228120358E+003 -0.137740228120358E+003 -0.137743296348952E+003
  0.101933634112722E+000  0.199788038677760E+001  0.165292318230514E+000  0.480307967102580E+000 -0.131028262406404E+000 -0.137742714346938E+003 -0.137742714346938E+003 -0.137746254840207E+003
  0.100377158484482E+000  0.196233250849780E+001  0.787920085174964E-001  0.499722596400015E+000 -0.131028262406404E+000 -0.137741989794578E+003 -0.137741989794578E+003 -0.137745400921599E+003
  0.103971085457433E+000  0.198514699895490E+001  0.264013871174497E-001  0.497015444941828E+000 -0.131028262406404E+000 -0.137740018427244E+003 -0.137740018427244E+003 -0.137744179808102E+003
  0.101465046817973E+000  0.198602025259546E+001  0.350081276033005E+000  0.498085752536999E+000 -0.131028262406404E+000 -0.137738062357631E+003 -0.137738062357631E+003 -0.137743515893381E+003
  0.106132606938759E+000  0.198663199462757E+001  0.282523306284720E+000  0.498819476963646E+000 -0.131028262406404E+000 -0.137740129053980E+003 -0.137740129053980E+003 -0.137744441150314E+003
  0.103536498320614E+000  0.198391240433157E+001  0.296366582014996E+000  0.493786172831721E+000 -0.131028262406404E+000 -0.137741331636086E+003 -0.137741331636086E+003 -0.137746142456446E+003
  0.108264356308480E+000  0.199731265024444E+001  0.722167893997517E-001  0.491709456717478E+000 -0.131028262406404E+000 -0.137741822291764E+003 -0.137741822291764E+003 -0.137746142456446E+003
  0.104423489116983E+000  0.199349656006006E+001  0.344092615667249E+000  0.494912949041421E+000 -0.131028262406404E+000 -0.137739274719117E+003 -0.137739274719117E+003 -0.137746142456446E+003
  0.101279719356387E+000  0.199255526775272E+001  0.111658674164569E+000  0.495936073922605E+000 -0.131028262406404E+000 -0.137737414316075E+003 -0.137737414316075E+003 -0.137743724177272E+003
  0.103381447432199E+000  0.198198451478216E+001  0.203295522095634E+000  0.496049031697240E+000 -0.131028262406404E+000 -0.137740775647316E+003 -0.137740775647316E+003 -0.137743088269481E+003
  0.101541423218229E+000  0.196818746664045E+001  0.195247549828639E+000  0.495716683412329E+000 -0.131028262406404E+000 -0.137742890248187E+003 -0.137742890248187E+003 -0.137744502569585E+003
  0.104120761053786E+000  0.198812042331686E+001  0.952531357460604E-001  0.490464540522450E+000 -0.131028262406404E+000 -0.137742051629795E+003 -0.137742051629795E+003 -0.137746060496114E+003
  0.103624178526894E+000  0.198544781467375E+001  0.156684847206099E-001  0.497938067103392E+000 -0.131028262406404E+000 -0.137739395892736E+003 -0.137739395892736E+003 -0.137743335209490E+003
  0.101318213539331E+000  0.197228309165728E+001  0.190951625549347E+000  0.496936754916804E+000 -0.131028262406404E+000 -0.137741404194771E+003 -0.137741404194771E+003 -0.137745948190389E+003
  0.110698313918280E+000  0.199362833967441E+001  0.794411977191651E-001  0.497725430951648E+000 -0.131028262406404E+000 -0.137741465858699E+003 -0.137741465858699E+003 -0.137745844339370E+003
  0.100276607644810E+000  0.198497947555664E+001  0.138443266940588E-001  0.495464649650874E+000 -0.131028262406404E+000 -0.137738674020424E+003 -0.137738674020424E+003 -0.137745844339370E+003
  0.109977995576243E+000  0.199990092762769E+001  0.204116360425946E+000  0.494584707251762E+000 -0.131028262406404E+000 -0.137740964313270E+003 -0.137740964313270E+003 -0.137745319097972E+003
  0.100923502034602E+000  0.196780166573541E+001  0.242514680395073E+000  0.496768581165471E+000 -0.131028262406404E+000 -0.137742221226657E+003 -0.137742221226657E+003 -0.137743675969666E+003
  0.108043847636262E+000  0.199342334169984E+001  0.286756986381058E+000  0.493685402614614E+000 -0.131028262406404E+000 -0.137741755343989E+003 -0.137741755343989E+003 -0.137743362436187E+003
  0.100392883524588E+000  0.198633948988347E+001  0.368748411468816E+000  0.489402196002554E+000 -0.131028262406404E+000 -0.137740771749276E+003 -0.137740771749276E+003 -0.137743391700830E+003
  0.105955360876960E+000  0.199257364844593E+001  0.255471969046476E+000  0.496342562235217E+000 -0.131028262406404E+000 -0.137739715629321E+003 -0.137739715629321E+003 -0.137745770132174E+003
  0.106859500881686E+000  0.199444896770757E+001  0.226345883381074E+000  0.492784551472119E+000 -0.131028262406404E+000 -0.137741246584737E+003 -0.137741246584737E+003 -0.137745770132174E+003
  0.101977808348324E+000  0.199771321969122E+001  0.186043494536518E+000  0.491088972423800E+000 -0.131028262406404E+000 -0.137738600515309E+003 -0.137738600515309E+003 -0.137744314482273E+003
  0.100270738174514E+000  0.199667154779015E+001  0.116745303608191E+000  0.483954557139546E+000 -0.131028262406404E+000 -0.137740653220322E+003 -0.137740653220322E+003 -0.137745648428476E+003
  0.100675564582268E+000  0.199856037721032E+001  0.187968272730308E+000  0.496640740584892E+000 -0.131028262406404E+000 -0.137735561124456E+003 -0.137735561124456E+003 -0.137745648428476E+003
  0.106288700085621E+000  0.198427929665296E+001  0.997399703292178E+000  0.495934675808528E+000 -0.131028262406404E+000 -0.137741921711717E+003 -0.137741921711717E+003 -0.137743077666536E+003
  0.102697380873992E+000  0.198694985809824E+001  0.867912693703590E+000  0.492318622213780E+000 -0.131028262406404E+000 -0.137740787533114E+003 -0.137740787533114E+003 -0.137747829355132E+003
  0.100875323727995E+000  0.197378914397999E+001  0.902728196509705E+000  0.496832541726389E+000 -0.131028262406404E+000 -0.137740869407998E+003 -0.137740869407998E+003 -0.137795265462341E+003
  0.107394002386818E+000  0.199241903035158E+001  0.829334662725820E+000  0.492434496402484E+000 -0.131028262406404E+000 -0.137742136645349E+003 -0.137742136645349E+003 -0.137745026888755E+003
  0.105196414451525E+000  0.198443937881714E+001  0.922332873206043E+000  0.497005229772257E+000 -0.131028262406404E+000 -0.137740848677301E+003 -0.137740848677301E+003 -0.137743577471824E+003
  0.111582707645746E+000  0.198769802628826E+001  0.889620641454258E+000  0.499926580008252E+000 -0.131028262406404E+000 -0.137742411242930E+003 -0.137742411242930E+003 -0.137751348098461E+003
  0.103495132132482E+000  0.198955922888191E+001  0.982505555751115E+000  0.490697058649198E+000 -0.131028262406404E+000 -0.137741302878315E+003 -0.137741302878315E+003 -0.137745648012681E+003
  0.101870952451688E+000  0.199539665596962E+001  0.906671048165989E+000  0.493570969364159E+000 -0.131028262406404E+000 -0.137738053692618E+003 -0.137738053692618E+003 -0.137749065280485E+003
  0.102170400541881E+000  0.197878086524875E+001  0.957198560649020E+000  0.493386169641303E+000 -0.131028262406404E+000 -0.137741838326727E+003 -0.137741838326727E+003 -0.137750761179068E+003
  0.106130369500290E+000  0.199722432034538E+001  0.872296637142368E+000  0.492089039181866E+000 -0.131028262406404E+000 -0.137740522067231E+003 -0.137740522067231E+003 -0.137745026888755E+003
  0.100783403167250E+000  0.198651842282727E+001  0.942821028849934E+000  0.499277540327140E+000 -0.131028262406404E+000 -0.137737130097871E+003 -0.137737130097871E+003 -0.137746917925887E+003
  0.106112824895200E+000  0.198444263242952E+001  0.872600296096171E+000  0.498440153449711E+000 -0.131028262406404E+000 -0.137740768685242E+003 -0.137740768685242E+003 -0.137753779083447E+003
  0.103188790373480E+000  0.199933317658033E+001  0.967610118203333E+000  0.495352431406904E+000 -0.131028262406404E+000 -0.137737189061124E+003 -0.137737189061124E+003 -0.137743970745047E+003
  0.101282925262273E+000  0.199855134609796E+001  0.919182363467693E+000  0.484406066317779E+000 -0.131028262406404E+000 -0.137740651851314E+003 -0.137740651851314E+003 -0.137743503520024E+003
  0.101020111651104E+000  0.199825002573476E+001  0.859490962057562E+000  0.481694788518313E+000 -0.131028262406404E+000 -0.137741603201737E+003 -0.137741603201737E+003 -0.137744455979924E+003
  0.105437766798653E+000  0.199526534926569E+001  0.937811550733123E+000  0.496173566782187E+000 -0.131028262406404E+000 -0.137738912618903E+003 -0.137738912618903E+003 -0.137749065280485E+003
  0.111856873625662E+000  0.199910939083422E+001  0.910584452571750E+000  0.493294438213895E+000 -0.131028262406404E+000 -0.137742727287239E+003 -0.137742727287239E+003 -0.137749065280485E+003
  0.104409874760708E+000  0.199761211980560E+001  0.885320320934741E+000  0.485816361156493E+000 -0.131028262406404E+000 -0.137742015917680E+003 -0.137742015917680E+003 -0.137748049234034E+003
  0.104563241253000E+000  0.199573749318381E+001  0.919363447812154E+000  0.499460328950534E+000 -0.131028262406404E+000 -0.137737004698581E+003 -0.137737004698581E+003 -0.137749065280485E+003
  0.101874117039860E+000  0.199548121280764E+001  0.866032215363197E+000  0.493534668342532E+000 -0.131028262406404E+000 -0.137738051810824E+003 -0.137738051810824E+003 -0.137748049234034E+003
  0.102343447171346E+000  0.199304108578064E+001  0.876332325724694E+000  0.495092009275693E+000 -0.131028262406404E+000 -0.137738200433341E+003 -0.137738200433341E+003 -0.137748049234034E+003
  0.100394087427809E+000  0.199555150571079E+001  0.913934350482682E+000  0.499129318652268E+000 -0.131028262406404E+000 -0.137735067902516E+003 -0.137735067902516E+003 -0.137748049234034E+003
  0.110677072083877E+000  0.199985007299013E+001  0.970069252297745E+000  0.494789285446969E+000 -0.131028262406404E+000 -0.137741267784121E+003 -0.137741267784121E+003 -0.137744244458089E+003
  0.106168013873981E+000  0.199785755148576E+001  0.937072139007375E+000  0.496066211169120E+000 -0.131028262406404E+000 -0.137738768934920E+003 -0.137738768934920E+003 -0.137745689155187E+003
  0.103045804993628E+000  0.199156647970221E+001  0.893746076178031E+000  0.493967391081282E+000 -0.131028262406404E+000 -0.137739335395265E+003 -0.137739335395265E+003 -0.137748049234034E+003
  0.112691642667980E+000  0.199748846482693E+001  0.995795729328768E+000  0.494980742013777E+000 -0.131028262406404E+000 -0.137742841775273E+003 -0.137742841775273E+003 -0.137743109806724E+003
  0.100867635554891E+000  0.199926505024291E+001  0.886333859637398E+000  0.493808052357798E+000 -0.131028262406404E+000 -0.137736629642587E+003 -0.137736629642587E+003 -0.137746403450166E+003
  0.106255561588700E+000  0.198690891074351E+001  0.992313232196304E+000  0.492137827241296E+000 -0.131028262406404E+000 -0.137742848250800E+003 -0.137742848250800E+003 -0.137743054883489E+003
  0.100977329167037E+000  0.197811560722281E+001  0.940526047344769E+000  0.494269083418892E+000 -0.131028262406404E+000 -0.137740975446211E+003 -0.137740975446211E+003 -0.137745397472118E+003
  0.103773506572361E+000  0.199559588388598E+001  0.904376103294844E+000  0.496631989748256E+000 -0.131028262406404E+000 -0.137737780591792E+003 -0.137737780591792E+003 -0.137743298605740E+003
  0.101574501675768E+000  0.199792670168307E+001  0.951977165984500E+000  0.489857506099145E+000 -0.131028262406404E+000 -0.137738825794733E+003 -0.137738825794733E+003 -0.137748049234034E+003
  0.103372516986666E+000  0.196915808063738E+001  0.909681255319985E+000  0.497942091902254E+000 -0.131028262406404E+000 -0.137742872106876E+003 -0.137742872106876E+003 -0.137743214954266E+003
  0.101699375476891E+000  0.199936618774370E+001  0.839066822326046E+000  0.497587131812756E+000 -0.131028262406404E+000 -0.137735527407463E+003 -0.137735527407463E+003 -0.137743806608856E+003
  0.103376231546672E+000  0.197473324091247E+001  0.943734644722095E+000  0.497979753703909E+000 -0.131028262406404E+000 -0.137741615213755E+003 -0.137741615213755E+003 -0.137743936266765E+003
  0.106189674272012E+000  0.199525853924458E+001  0.852722421967196E+000  0.492178690045753E+000 -0.131028262406404E+000 -0.137740949393857E+003 -0.137740949393857E+003 -0.137745023625951E+003
  0.102578879307880E+000  0.197891298831268E+001  0.988446427480953E+000  0.490968165927958E+000 -0.131028262406404E+000 -0.137742971853261E+003 -0.137742971853261E+003 -0.137747050137828E+003
  0.103382958021526E+000  0.199991201860457E+001  0.876813769038766E+000  0.482953831982438E+000 -0.131028262406404E+000 -0.137742087963466E+003 -0.137742087963466E+003 -0.137747050137828E+003
  0.105835319242303E+000  0.197834696037231E+001  0.912256063240194E+000  0.498327649321009E+000 -0.131028262406404E+000 -0.137742043263341E+003 -0.137742043263341E+003 -0.137743669502723E+003
  0.107248571252087E+000  0.199983937642595E+001  0.862474304575243E+000  0.494307852517019E+000 -0.131028262406404E+000 -0.137739630079408E+003 -0.137739630079408E+003 -0.137743503520024E+003
  0.107817005601853E+000  0.199764027655511E+001  0.887032707796881E+000  0.489469560264263E+000 -0.131028262406404E+000 -0.137742426716806E+003 -0.137742426716806E+003 -0.137744781915050E+003
  0.101296532164660E+000  0.199625600179633E+001  0.991762616127203E+000  0.481797916703908E+000 -0.131028262406404E+000 -0.137742121513131E+003 -0.137742121513131E+003 -0.137747050137828E+003
  0.107945000079643E+000  0.199285731987841E+001  0.938157341346405E+000  0.494110536246461E+000 -0.131028262406404E+000 -0.137741652540263E+003 -0.137741652540263E+003 -0.137743405061900E+003
  0.106563155485963E+000  0.198452542143542E+001  0.860823157856593E+000  0.496716062474804E+000 -0.131028262406404E+000 -0.137741701223822E+003 -0.137741701223822E+003 -0.137745026888755E+003
  0.106432750405493E+000  0.199120593626720E+001  0.836572861554752E+000  0.491485451035372E+000 -0.131028262406404E+000 -0.137742258414980E+003 -0.137742258414980E+003 -0.137744858530948E+003
  0.102234734715084E+000  0.197205199069433E+001  0.982709311547395E+000  0.495614707877969E+000 -0.131028262406404E+000 -0.137742480563473E+003 -0.137742480563473E+003 -0.137746844241075E+003
  0.107802216504493E+000  0.199212972450768E+001  0.900061443045121E+000  0.493342641887938E+000 -0.131028262406404E+000 -0.137742054699429E+003 -0.137742054699429E+003 -0.137744888973395E+003
  0.103950993261917E+000  0.199704740639278E+001  0.956924574392504E+000  0.492257467135436E+000 -0.131028262406404E+000 -0.137739322996180E+003 -0.137739322996180E+003 -0.137747050137828E+003
  0.105516180236730E+000  0.199668093590382E+001  0.966649150330003E+000  0.493921837282364E+000 -0.131028262406404E+000 -0.137739563390075E+003 -0.137739563390075E+003 -0.137747050137828E+003
  0.101163642617252E+000  0.197087104098475E+001  0.873740976741478E+000  0.495709078606295E+000 -0.131028262406404E+000 -0.137742092528705E+003 -0.137742092528705E+003 -0.137743765219934E+003
  0.103065535066783E+000  0.198637387570607E+001  0.967777192425903E+000  0.494197130430465E+000 -0.131028262406404E+000 -0.137740375858927E+003 -0.137740375858927E+003 -0.137743503520024E+003
  0.103421042101994E+000  0.199822955748566E+001  0.858708938754121E+000  0.491064509028699E+000 -0.131028262406404E+000 -0.137739265475050E+003 -0.137739265475050E+003 -0.137744455979924E+003
  0.104106624979961E+000  0.198234954233004E+001  0.969716251438866E+000  0.491775398589582E+000 -0.131028262406404E+000 -0.137742782227762E+003 -0.137742782227762E+003 -0.137747050137828E+003
  0.113331632738922E+000  0.199732856231251E+001  0.900155996952174E+000  0.498104353840081E+000 -0.131028262406404E+000 -0.137741870204579E+003 -0.137741870204579E+003 -0.137744244458089E+003
  0.101091516390178E+000  0.196315817830198E+001  0.913561777701396E+000  0.498011939901283E+000 -0.131028262406404E+000 -0.137742864537343E+003 -0.137742864537343E+003 -0.137746917925887E+003
  0.105153154664269E+000  0.199516768622463E+001  0.865610678901725E+000  0.491681314795667E+000 -0.131028262406404E+000 -0.137740607055439E+003 -0.137740607055439E+003 -0.137746499840059E+003
  0.101251495027537E+000  0.196172486178766E+001  0.928652681948519E+000  0.499448758632099E+000 -0.131028262406404E+000 -0.137742729785563E+003 -0.137742729785563E+003 -0.137743604333028E+003
  0.100302435226556E+000  0.199016549892035E+001  0.884178428494556E+000  0.497031663201115E+000 -0.131028262406404E+000 -0.137736983595386E+003 -0.137736983595386E+003 -0.137745160074562E+003
  0.104245786935378E+000  0.199530081008131E+001  0.993074052047020E+000  0.492689955430696E+000 -0.131028262406404E+000 -0.137739683002536E+003 -0.137739683002536E+003 -0.137744781915050E+003
  0.102048112654489E+000  0.198014962495689E+001  0.993179889952827E+000  0.490296890159277E+000 -0.131028262406404E+000 -0.137742661619889E+003 -0.137742661619889E+003 -0.137746731870778E+003
  0.109087867112419E+000  0.198832112482943E+001  0.850479848765516E+000  0.499525474579531E+000 -0.131028262406404E+000 -0.137741057607537E+003 -0.137741057607537E+003 -0.137746530963109E+003
  0.106204027583769E+000  0.198856675773778E+001  0.964388521222470E+000  0.497170749625762E+000 -0.131028262406404E+000 -0.137740406894439E+003 -0.137740406894439E+003 -0.137746530963109E+003
  0.111417524409416E+000  0.199940829581872E+001  0.977298572895595E+000  0.493392742429372E+000 -0.131028262406404E+000 -0.137742372976151E+003 -0.137742372976151E+003 -0.137746530963109E+003
  0.112301381873924E+000  0.199813810317233E+001  0.999730585309881E+000  0.496207505277498E+000 -0.131028262406404E+000 -0.137741941577099E+003 -0.137741941577099E+003 -0.137746530963109E+003
  0.101462691401977E+000  0.196785368994578E+001  0.989806410470465E+000  0.498110897124217E+000 -0.131028262406404E+000 -0.137742006150586E+003 -0.137742006150586E+003 -0.137743953307844E+003
  0.104305739092357E+000  0.198983700824830E+001  0.989311161769246E+000  0.492542591114818E+000 -0.131028262406404E+000 -0.137740958516342E+003 -0.137740958516342E+003 -0.137746403450166E+003
  0.101066676449460E+000  0.199008897090629E+001  0.959494191152894E+000  0.489310377227726E+000 -0.131028262406404E+000 -0.137740396230425E+003 -0.137740396230425E+003 -0.137744455979924E+003
  0.101101081806680E+000  0.197248173319913E+001  0.965927723839158E+000  0.495423823047896E+000 -0.131028262406404E+000 -0.137741816549697E+003 -0.137741816549697E+003 -0.137746403450166E+003
  0.109699853444957E+000  0.198669129644844E+001  0.911538791653733E+000  0.497983893178204E+000 -0.131028262406404E+000 -0.137742424754403E+003 -0.137742424754403E+003 -0.137744244458089E+003
  0.108392495894209E+000  0.199703983949709E+001  0.970172755358585E+000  0.494185490943102E+000 -0.131028262406404E+000 -0.137740922672387E+003 -0.137740922672387E+003 -0.137746403450166E+003
  0.100500824728515E+000  0.198604779604626E+001  0.913766266262526E+000  0.496633733977308E+000 -0.131028262406404E+000 -0.137738114407044E+003 -0.137738114407044E+003 -0.137743735948955E+003
  0.101833610098211E+000  0.198915239597874E+001  0.849929120468624E+000  0.496686847420165E+000 -0.131028262406404E+000 -0.137738134214346E+003 -0.137738134214346E+003 -0.137743958534138E+003
  0.100425948008861E+000  0.199045468757545E+001  0.990454978146641E+000  0.491295082320767E+000 -0.131028262406404E+000 -0.137739210657848E+003 -0.137739210657848E+003 -0.137746270625667E+003
  0.100423953835157E+000  0.199105488012829E+001  0.868552613831811E+000  0.494027818654428E+000 -0.131028262406404E+000 -0.137738028951609E+003 -0.137738028951609E+003 -0.137746270625667E+003
  0.104444094245062E+000  0.199585268594598E+001  0.916274671077373E+000  0.492829403566703E+000 -0.131028262406404E+000 -0.137739613788999E+003 -0.137739613788999E+003 -0.137743370161798E+003
  0.113810001941564E+000  0.199869579526813E+001  0.891188686581998E+000  0.498105384692634E+000 -0.131028262406404E+000 -0.137741804829860E+003 -0.137741804829860E+003 -0.137743974817349E+003
  0.104793636886300E+000  0.197940992699970E+001  0.868547453278340E+000  0.497098659193793E+000 -0.131028262406404E+000 -0.137741713213833E+003 -0.137741713213833E+003 -0.137744455979924E+003
  0.105863105471909E+000  0.199071179466562E+001  0.841608878525184E+000  0.494331301147140E+000 -0.131028262406404E+000 -0.137740899809805E+003 -0.137740899809805E+003 -0.137745276437337E+003
  0.105756201340337E+000  0.199807311231317E+001  0.997277703520428E+000  0.485474577992309E+000 -0.131028262406404E+000 -0.137742802661606E+003 -0.137742802661606E+003 -0.137746270625667E+003
  0.100766328635836E+000  0.197548547711669E+001  0.850763959024988E+000  0.496086168707164E+000 -0.131028262406404E+000 -0.137740728049607E+003 -0.137740728049607E+003 -0.137745216166310E+003
  0.105785848377639E+000  0.199720049262485E+001  0.894512370404716E+000  0.494547360335872E+000 -0.131028262406404E+000 -0.137739337097631E+003 -0.137739337097631E+003 -0.137746270625667E+003
  0.101794812099272E+000  0.198502930543331E+001  0.857048641061167E+000  0.494150802640839E+000 -0.131028262406404E+000 -0.137739990893171E+003 -0.137739990893171E+003 -0.137746270625667E+003
  0.108850208216281E+000  0.199923916529907E+001  0.872229824888497E+000  0.497614108574656E+000 -0.131028262406404E+000 -0.137739224069167E+003 -0.137739224069167E+003 -0.137745026888755E+003
  0.103528693634823E+000  0.198775219804952E+001  0.908637703045036E+000  0.493063560650074E+000 -0.131028262406404E+000 -0.137740778099565E+003 -0.137740778099565E+003 -0.137744244458089E+003
  0.102566257032372E+000  0.198707658808630E+001  0.946417449233796E+000  0.486940012223135E+000 -0.131028262406404E+000 -0.137742772202667E+003 -0.137742772202667E+003 -0.137745787568547E+003
  0.102042749007678E+000  0.198941603177320E+001  0.981500219575690E+000  0.492628417657465E+000 -0.131028262406404E+000 -0.137739783037326E+003 -0.137739783037326E+003 -0.137746170635984E+003
  0.107582100454166E+000  0.199151791028518E+001  0.857772680237029E+000  0.495129765555991E+000 -0.131028262406404E+000 -0.137741333882962E+003 -0.137741333882962E+003 -0.137746093678134E+003
  0.104698095821165E+000  0.199048217373109E+001  0.953252087743197E+000  0.495972083188801E+000 -0.131028262406404E+000 -0.137739654609254E+003 -0.137739654609254E+003 -0.137745686226474E+003
  0.101088266971354E+000  0.199507627389144E+001  0.921839917149654E+000  0.481429397295732E+000 -0.131028262406404E+000 -0.137742383661989E+003 -0.137742383661989E+003 -0.137743974817349E+003
  0.108780517237776E+000  0.199925550899948E+001  0.872887234884817E+000  0.492505841578573E+000 -0.131028262406404E+000 -0.137741337467485E+003 -0.137741337467485E+003 -0.137745879893891E+003
  0.107455353003718E+000  0.198907432546464E+001  0.845650779513891E+000  0.495092311888561E+000 -0.131028262406404E+000 -0.137741831516132E+003 -0.137741831516132E+003 -0.137743720693051E+003
  0.106802180389783E+000  0.198172064865137E+001  0.930583322055581E+000  0.498563488189451E+000 -0.131028262406404E+000 -0.137741718407970E+003 -0.137741718407970E+003 -0.137745679711268E+003
  0.101849310877674E+000  0.198106801106823E+001  0.904733656674314E+000  0.489876521802210E+000 -0.131028262406404E+000 -0.137742513747909E+003 -0.137742513747909E+003 -0.137743405061900E+003
  0.103301978277111E+000  0.198659413177884E+001  0.961648351850089E+000  0.489631662492728E+000 -0.131028262406404E+000 -0.137742248182621E+003 -0.137742248182621E+003 -0.137745422990669E+003
  0.103122257295826E+000  0.199480759340455E+001  0.940997449651774E+000  0.485174557856015E+000 -0.131028262406404E+000 -0.137742142284597E+003 -0.137742142284597E+003 -0.137743315348954E+003
  0.101118680338262E+000  0.199930574079906E+001  0.983918971516025E+000  0.486607996313587E+000 -0.131028262406404E+000 -0.137739561153201E+003 -0.137739561153201E+003 -0.137745422990669E+003
  0.102207342461706E+000  0.199088148639232E+001  0.860929603766230E+000  0.498336019119599E+000 -0.131028262406404E+000 -0.137737303307826E+003 -0.137737303307826E+003 -0.137745422990669E+003
  0.107390079112929E+000  0.199066017392388E+001  0.864192659078769E+000  0.499321472545364E+000 -0.131028262406404E+000 -0.137739684562356E+003 -0.137739684562356E+003 -0.137745422990669E+003
  0.105265616485892E+000  0.197968216508790E+001  0.976552279098953E+000  0.497302398762814E+000 -0.131028262406404E+000 -0.137741834377593E+003 -0.137741834377593E+003 -0.137743953307844E+003
  0.103885677460465E+000  0.198784715378888E+001  0.910982498460686E+000  0.497486499083116E+000 -0.131028262406404E+000 -0.137739188958585E+003 -0.137739188958585E+003 -0.137744191438007E+003
  0.104598916456867E+000  0.199943710977664E+001  0.836790479412549E+000  0.483892638688102E+000 -0.131028262406404E+000 -0.137742494943273E+003 -0.137742494943273E+003 -0.137745276437337E+003
  0.103403275312548E+000  0.199541905815024E+001  0.956275807555335E+000  0.491832702947797E+000 -0.131028262406404E+000 -0.137739549014172E+003 -0.137739549014172E+003 -0.137743691720313E+003
  0.103921503325701E+000  0.199545753199335E+001  0.989578040670830E+000  0.499188030847520E+000 -0.131028262406404E+000 -0.137736848479475E+003 -0.137736848479475E+003 -0.137743679187710E+003
  0.100375014836907E+000  0.198064302998597E+001  0.901861085946911E+000  0.490380675270423E+000 -0.131028262406404E+000 -0.137741580893316E+003 -0.137741580893316E+003 -0.137743246208914E+003
  0.104443685680648E+000  0.198508013873147E+001  0.982569464792479E+000  0.498257109910129E+000 -0.131028262406404E+000 -0.137739791200930E+003 -0.137739791200930E+003 -0.137745026888755E+003
  0.100998311885539E+000  0.198858774441444E+001  0.995704912854702E+000  0.483746519682249E+000 -0.131028262406404E+000 -0.137742783330349E+003 -0.137742783330349E+003 -0.137745026888755E+003
  0.102187773321817E+000  0.199612198841190E+001  0.994934142003123E+000  0.488941567272759E+000 -0.131028262406404E+000 -0.137739887630049E+003 -0.137739887630049E+003 -0.137743315348954E+003
  0.105784052625377E+000  0.199924985930226E+001  0.899021664324473E+000  0.498524063505637E+000 -0.131028262406404E+000 -0.137737241772373E+003 -0.137737241772373E+003 -0.137744587411718E+003
  0.100915450583978E+000  0.196492351010999E+001  0.998837451100246E+000  0.497889708249618E+000 -0.131028262406404E+000 -0.137742421401781E+003 -0.137742421401781E+003 -0.137743246208914E+003
  0.104254137792706E+000  0.197603761312033E+001  0.957054075337594E+000  0.498276402544727E+000 -0.131028262406404E+000 -0.137741698823656E+003 -0.137741698823656E+003 -0.137744508117270E+003
  0.101465683299484E+000  0.199087370226638E+001  0.898773435405302E+000  0.497983672930195E+000 -0.131028262406404E+000 -0.137737060681300E+003 -0.137737060681300E+003 -0.137742971853261E+003
  0.101506678050240E+000  0.199494411294323E+001  0.850247041623779E+000  0.484373288887384E+000 -0.131028262406404E+000 -0.137741525563564E+003 -0.137741525563564E+003 -0.137742971853261E+003
  0.107874490402170E+000  0.198752737612378E+001  0.735425377843809E+000  0.499706833260701E+000 -0.131028262406404E+000 -0.137740503415239E+003 -0.137740503415239E+003 -0.137745148370619E+003
  0.112868802920413E+000  0.199208178865074E+001  0.622670429331646E+000  0.498529244820341E+000 -0.131028262406404E+000 -0.137742683310392E+003 -0.137742683310392E+003 -0.137745679962004E+003
  0.101067381807106E+000  0.199529587243130E+001  0.702866184431068E+000  0.493999353031992E+000 -0.131028262406404E+000 -0.137737487199925E+003 -0.137737487199925E+003 -0.137745180114852E+003
  0.100959480620117E+000  0.198374833668727E+001  0.809674004912929E+000  0.492436001457762E+000 -0.131028262406404E+000 -0.137740469189639E+003 -0.137740469189639E+003 -0.137747940932116E+003
  0.106038425925758E+000  0.199239675481923E+001  0.656905931442521E+000  0.499129072058015E+000 -0.131028262406404E+000 -0.137738652485939E+003 -0.137738652485939E+003 -0.137745351824133E+003
  0.101282784508782E+000  0.199638675298044E+001  0.815242677611934E+000  0.488189244530132E+000 -0.131028262406404E+000 -0.137739638342596E+003 -0.137739638342596E+003 -0.137752063821119E+003
  0.101408601462172E+000  0.198033330195478E+001  0.611530512731670E+000  0.489037987893694E+000 -0.131028262406404E+000 -0.137742737935059E+003 -0.137742737935059E+003 -0.137747093402320E+003
  0.102436147149778E+000  0.199411866476670E+001  0.642521430450986E+000  0.490580091506668E+000 -0.131028262406404E+000 -0.137739800841079E+003 -0.137739800841079E+003 -0.137765349092477E+003
  0.104353923580959E+000  0.198373118090547E+001  0.585191376908582E+000  0.492594141747614E+000 -0.131028262406404E+000 -0.137742297428564E+003 -0.137742297428564E+003 -0.137743331703159E+003
  0.103357757049014E+000  0.199394956425590E+001  0.787165056695901E+000  0.486857102719139E+000 -0.131028262406404E+000 -0.137741797958765E+003 -0.137741797958765E+003 -0.137743758626386E+003
  0.103896269557723E+000  0.199028501788727E+001  0.581962180545350E+000  0.497207793796706E+000 -0.131028262406404E+000 -0.137738771394998E+003 -0.137738771394998E+003 -0.137743682274019E+003
  0.103569833404851E+000  0.199255459690326E+001  0.762840762241453E+000  0.487872207846477E+000 -0.131028262406404E+000 -0.137741813644603E+003 -0.137741813644603E+003 -0.137747176327495E+003
  0.104441958179178E+000  0.199444702301309E+001  0.646583279931707E+000  0.487973814529590E+000 -0.131028262406404E+000 -0.137741853861201E+003 -0.137741853861201E+003 -0.137743959673337E+003
  0.100533028163493E+000  0.198300588930396E+001  0.785214764668930E+000  0.493110817672861E+000 -0.131028262406404E+000 -0.137740133771732E+003 -0.137740133771732E+003 -0.137746928440912E+003
  0.100170953126072E+000  0.197488642986867E+001  0.665211386457532E+000  0.496424898779721E+000 -0.131028262406404E+000 -0.137740397690149E+003 -0.137740397690149E+003 -0.137743758626386E+003
  0.100083380353925E+000  0.199344637379948E+001  0.750499780737835E+000  0.495111501808604E+000 -0.131028262406404E+000 -0.137736930144838E+003 -0.137736930144838E+003 -0.137743904346597E+003
  0.112021178776067E+000  0.199800223328270E+001  0.769350255639137E+000  0.498724165357241E+000 -0.131028262406404E+000 -0.137740726341260E+003 -0.137740726341260E+003 -0.137747176327495E+003
  0.104755380340426E+000  0.199503676411947E+001  0.620750530587350E+000  0.491494058165236E+000 -0.131028262406404E+000 -0.137740494996633E+003 -0.137740494996633E+003 -0.137744743196205E+003
  0.104089155681484E+000  0.198068943298210E+001  0.742464768031216E+000  0.497608088299511E+000 -0.131028262406404E+000 -0.137740833766217E+003 -0.137740833766217E+003 -0.137743758626386E+003
  0.100891317836071E+000  0.199762508821515E+001  0.615105821842206E+000  0.485569619761938E+000 -0.131028262406404E+000 -0.137740181841515E+003 -0.137740181841515E+003 -0.137745950010484E+003
  0.112098794443695E+000  0.199982933635783E+001  0.587172990270938E+000  0.499577691843934E+000 -0.131028262406404E+000 -0.137739963398318E+003 -0.137739963398318E+003 -0.137750318535628E+003
  0.102537081091086E+000  0.199389172350066E+001  0.624126160297366E+000  0.487598562614447E+000 -0.131028262406404E+000 -0.137741068220340E+003 -0.137741068220340E+003 -0.137744434965802E+003
  0.100419341294708E+000  0.197317096014537E+001  0.604197211350063E+000  0.498870532324461E+000 -0.131028262406404E+000 -0.137739971017908E+003 -0.137739971017908E+003 -0.137744621968478E+003
  0.104034136136780E+000  0.198528386002343E+001  0.596306597634584E+000  0.493848044984233E+000 -0.131028262406404E+000 -0.137741283332739E+003 -0.137741283332739E+003 -0.137742972301758E+003
  0.100211713854442E+000  0.198780339215845E+001  0.757558930636744E+000  0.483157569374064E+000 -0.131028262406404E+000 -0.137742717673175E+003 -0.137742717673175E+003 -0.137744320455280E+003
  0.107217848134186E+000  0.199306064219929E+001  0.805762701709722E+000  0.497002920092590E+000 -0.131028262406404E+000 -0.137740012056993E+003 -0.137740012056993E+003 -0.137748957635838E+003
  0.109661596489434E+000  0.199808840442469E+001  0.783391292447717E+000  0.498715221102246E+000 -0.131028262406404E+000 -0.137739447777380E+003 -0.137739447777380E+003 -0.137743959673337E+003
  0.100539578875381E+000  0.197099520773414E+001  0.747175981860904E+000  0.495683525390686E+000 -0.131028262406404E+000 -0.137741721595347E+003 -0.137741721595347E+003 -0.137747553717795E+003
  0.103100963911799E+000  0.198453077739246E+001  0.637595101848365E+000  0.498011423955954E+000 -0.131028262406404E+000 -0.137739286903246E+003 -0.137739286903246E+003 -0.137749188812207E+003
  0.104666737678844E+000  0.198641620576952E+001  0.733288405167774E+000  0.491953219404211E+000 -0.131028262406404E+000 -0.137742138658084E+003 -0.137742138658084E+003 -0.137745610118115E+003
  0.101918954866191E+000  0.199725854076031E+001  0.805345999209593E+000  0.481867302261182E+000 -0.131028262406404E+000 -0.137742238444374E+003 -0.137742238444374E+003 -0.137748622090079E+003
  0.110723947010495E+000  0.199511174607997E+001  0.816627950937259E+000  0.499016953842366E+000 -0.131028262406404E+000 -0.137740578679013E+003 -0.137740578679013E+003 -0.137748848681550E+003
  0.100669002448127E+000  0.198862188509048E+001  0.634769812478149E+000  0.493382099018999E+000 -0.131028262406404E+000 -0.137738919617787E+003 -0.137738919617787E+003 -0.137743331703159E+003
  0.100512941164731E+000  0.198361452213073E+001  0.567274050580861E+000  0.488984324816996E+000 -0.131028262406404E+000 -0.137741564048351E+003 -0.137741564048351E+003 -0.137748184400200E+003
  0.102540842456973E+000  0.199972954194087E+001  0.562623149857752E+000  0.491316246759982E+000 -0.131028262406404E+000 -0.137738383373745E+003 -0.137738383373745E+003 -0.137747940932116E+003
  0.106699945979613E+000  0.199872213125523E+001  0.707298157908443E+000  0.494402732153327E+000 -0.131028262406404E+000 -0.137739546791661E+003 -0.137739546791661E+003 -0.137743107757287E+003
  0.113211860812071E+000  0.199309454904770E+001  0.715091289234088E+000  0.498016611223514E+000 -0.131028262406404E+000 -0.137742855040325E+003 -0.137742855040325E+003 -0.137747553717795E+003
  0.102380555066282E+000  0.198798797907009E+001  0.704211611976574E+000  0.497589767360490E+000 -0.131028262406404E+000 -0.137738316660123E+003 -0.137738316660123E+003 -0.137747553717795E+003
  0.106882270111488E+000  0.198203046172966E+001  0.832185133014457E+000  0.496372140200979E+000 -0.131028262406404E+000 -0.137742585696538E+003 -0.137742585696538E+003 -0.137744771970836E+003
  0.103180458728838E+000  0.198890148710590E+001  0.750915569117563E+000  0.496723053010542E+000 -0.131028262406404E+000 -0.137738887438317E+003 -0.137738887438317E+003 -0.137746759067614E+003
  0.100711480085328E+000  0.197277117902065E+001  0.738293615257060E+000  0.493532284060955E+000 -0.131028262406404E+000 -0.137742250301412E+003 -0.137742250301412E+003 -0.137745148370619E+003
  0.100210719526515E+000  0.198919614818604E+001  0.663095842586707E+000  0.499139474372764E+000 -0.131028262406404E+000 -0.137736317184535E+003 -0.137736317184535E+003 -0.137745148370619E+003
  0.101736711789883E+000  0.199293569110737E+001  0.771007167429960E+000  0.494846901822189E+000 -0.131028262406404E+000 -0.137738001340360E+003 -0.137738001340360E+003 -0.137745950010484E+003
  0.103980640531769E+000  0.199527710747902E+001  0.624899578211740E+000  0.487774701529216E+000 -0.131028262406404E+000 -0.137741500789060E+003 -0.137741500789060E+003 -0.137743959673337E+003
  0.106748811642670E+000  0.199863618423526E+001  0.740789415516108E+000  0.488738395165954E+000 -0.131028262406404E+000 -0.137741916248072E+003 -0.137741916248072E+003 -0.137743107757287E+003
  0.101867351059211E+000  0.198065994496737E+001  0.780715742288709E+000  0.493039796891485E+000 -0.131028262406404E+000 -0.137741397653022E+003 -0.137741397653022E+003 -0.137743331703159E+003
  0.106726402262585E+000  0.199714944571367E+001  0.754367088048436E+000  0.488337512824871E+000 -0.131028262406404E+000 -0.137742391167672E+003 -0.137742391167672E+003 -0.137743107757287E+003
  0.102412648030384E+000  0.199356563343564E+001  0.756966491157562E+000  0.483757189301954E+000 -0.131028262406404E+000 -0.137742551006346E+003 -0.137742551006346E+003 -0.137743107757287E+003
  0.100599096807220E+000  0.198837669707236E+001  0.595185434231469E+000  0.487822181958578E+000 -0.131028262406404E+000 -0.137741063026760E+003 -0.137741063026760E+003 -0.137742972301758E+003
  0.101749960190291E+000  0.199768532764456E+001  0.507150307994905E+000  0.480277920723526E+000 -0.131028262406404E+000 -0.137742662150969E+003 -0.137742662150969E+003 -0.137745955070068E+003
  0.100611828170727E+000  0.199458431865782E+001  0.521655705903859E+000  0.486758400437797E+000 -0.131028262406404E+000 -0.137740197069165E+003 -0.137740197069165E+003 -0.137748184400200E+003
  0.102929026526828E+000  0.199539897293986E+001  0.510599875888639E+000  0.487269365670310E+000 -0.131028262406404E+000 -0.137741095429038E+003 -0.137741095429038E+003 -0.137746663545262E+003
  0.101319156100343E+000  0.199972261632781E+001  0.502129624098816E+000  0.494362397103396E+000 -0.131028262406404E+000 -0.137736545419318E+003 -0.137736545419318E+003 -0.137747176327495E+003
  0.101753992949030E+000  0.199180932150004E+001  0.503793350489580E+000  0.483639395587892E+000 -0.131028262406404E+000 -0.137742588364460E+003 -0.137742588364460E+003 -0.137743839862721E+003
  0.103998035188330E+000  0.198599293986419E+001  0.487601599388322E+000  0.494564859108568E+000 -0.131028262406404E+000 -0.137740823841571E+003 -0.137740823841571E+003 -0.137743348400953E+003
  0.103412247557210E+000  0.196956266720903E+001  0.470999718042284E+000  0.497919455175965E+000 -0.131028262406404E+000 -0.137742813113235E+003 -0.137742813113235E+003 -0.137743839862721E+003
  0.103379136294141E+000  0.199052215535655E+001  0.521219795983230E+000  0.488655583993244E+000 -0.131028262406404E+000 -0.137741833240826E+003 -0.137741833240826E+003 -0.137743839862721E+003
  0.101365281015291E+000  0.198940784473324E+001  0.516697651137586E+000  0.490061221309626E+000 -0.131028262406404E+000 -0.137740412869234E+003 -0.137740412869234E+003 -0.137742813113235E+003
  0.106853519814760E+000  0.199622738338432E+001  0.514593134639666E+000  0.497325982372808E+000 -0.131028262406404E+000 -0.137738971220967E+003 -0.137738971220967E+003 -0.137742813113235E+003
  0.104115163176125E+000  0.198820425829640E+001  0.420608397139267E+000  0.499541686212805E+000 -0.131028262406404E+000 -0.137738403438900E+003 -0.137738403438900E+003 -0.137747176327495E+003
  0.101947555407910E+000  0.197508336475613E+001  0.435148652769661E+000  0.496446380925940E+000 -0.131028262406404E+000 -0.137741335011197E+003 -0.137741335011197E+003 -0.137743383761646E+003
  0.105859893171490E+000  0.199818072780989E+001  0.434283437232916E+000  0.495257126941372E+000 -0.131028262406404E+000 -0.137738868969291E+003 -0.137738868969291E+003 -0.137749188812207E+003
  0.107796619616019E+000  0.199403819385127E+001  0.426687583651921E+000  0.498712650496001E+000 -0.131028262406404E+000 -0.137739386491959E+003 -0.137739386491959E+003 -0.137743856829411E+003
  0.100670403582563E+000  0.199682984541394E+001  0.438625851101514E+000  0.479516346942684E+000 -0.131028262406404E+000 -0.137742515148627E+003 -0.137742515148627E+003 -0.137743856829411E+003
  0.101995303613543E+000  0.197672336765091E+001  0.432221297770398E+000  0.492592169549565E+000 -0.131028262406404E+000 -0.137742488429118E+003 -0.137742488429118E+003 -0.137743856829411E+003
