  0.317859405186867E+000  0.502842100230642E+000  0.688737595067785E+000  0.494130407982440E+000 -0.131028262406404E+000 -0.133953153595267E+003 -0.133953153595267E+003
  0.331706993454437E+000  0.502718213284583E+000  0.968368641732059E+000  0.495579580627150E+000 -0.131028262406404E+000 -0.133951159180893E+003 -0.133951159180893E+003
  0.312202276101149E+000  0.509807014565874E+000  0.661108317884687E+000  0.498785433048618E+000 -0.131028262406404E+000 -0.133951853838755E+003 -0.133951853838755E+003
  0.405505628732116E+000  0.501567984489607E+000  0.941978934813258E+000  0.499939707257917E+000 -0.131028262406404E+000 -0.133950490114942E+003 -0.133950490114942E+003
  0.393277435881194E+000  0.505021562073164E+000  0.885087447929308E+000  0.498014334176230E+000 -0.131028262406404E+000 -0.133952572357409E+003 -0.133952572357409E+003
  0.360045712100256E+000  0.505284675830180E+000  0.575838580680503E+000  0.494994836727995E+000 -0.131028262406404E+000 -0.133952921574107E+003 -0.133952921574107E+003
  0.366657735690033E+000  0.504988065964824E+000  0.817096658332887E+000  0.495210121201423E+000 -0.131028262406404E+000 -0.133952935179384E+003 -0.133952935179384E+003
  0.373141047820789E+000  0.501876160668521E+000  0.838377020783912E+000  0.496713931617977E+000 -0.131028262406404E+000 -0.133950515438458E+003 -0.133950515438458E+003
  0.328720298550128E+000  0.508032490131782E+000  0.982320252746712E+000  0.497378562427489E+000 -0.131028262406404E+000 -0.133951585454713E+003 -0.133951585454713E+003
  0.388303273275065E+000  0.503680816231250E+000  0.888420325683342E+000  0.499194575307615E+000 -0.131028262406404E+000 -0.133950155584003E+003 -0.133950155584003E+003
  0.369201853638034E+000  0.500991561518612E+000  0.713814570329648E+000  0.498008147850125E+000 -0.131028262406404E+000 -0.133948598172915E+003 -0.133948598172915E+003
  0.320847051448949E+000  0.507843850507216E+000  0.981846885733316E+000  0.497962378201864E+000 -0.131028262406404E+000 -0.133951333335989E+003 -0.133951333335989E+003
  0.319613999803242E+000  0.505488356529118E+000  0.535496136127839E+000  0.499248064490166E+000 -0.131028262406404E+000 -0.133949409348466E+003 -0.133949409348466E+003
  0.315685358057557E+000  0.508642590046508E+000  0.778825257674589E+000  0.497329920797689E+000 -0.131028262406404E+000 -0.133952486151158E+003 -0.133952486151158E+003
  0.322819239579541E+000  0.500625300429059E+000  0.938754016296412E+000  0.493247972326553E+000 -0.131028262406404E+000 -0.133952882478305E+003 -0.133952882478305E+003
  0.364993352010350E+000  0.505621523046590E+000  0.493565297236451E+000  0.495030927118280E+000 -0.131028262406404E+000 -0.133953283203426E+003 -0.133953283203426E+003
  0.374967976244191E+000  0.505475610683107E+000  0.564277349804505E+000  0.498298408365510E+000 -0.131028262406404E+000 -0.133950673231278E+003 -0.133950673231278E+003
  0.370512733259307E+000  0.501944542058342E+000  0.886249252601287E+000  0.499409374106464E+000 -0.131028262406404E+000 -0.133947695547786E+003 -0.133947695547786E+003
  0.394881073961052E+000  0.500735232615785E+000  0.702330046985169E+000  0.495966059161216E+000 -0.131028262406404E+000 -0.133952818523826E+003 -0.133952818523826E+003
  0.371236671931849E+000  0.504848917499304E+000  0.995290450553405E+000  0.499652186231604E+000 -0.131028262406404E+000 -0.133948782050100E+003 -0.133948782050100E+003
  0.372209610308009E+000  0.506744256571712E+000  0.559862678283705E+000  0.497159282590374E+000 -0.131028262406404E+000 -0.133952162482488E+003 -0.133952162482488E+003
  0.358632362128805E+000  0.505217610102843E+000  0.593837236400009E+000  0.495596268288737E+000 -0.131028262406404E+000 -0.133952254016615E+003 -0.133952254016615E+003
  0.309965375381070E+000  0.503323608875261E+000  0.897832128829949E+000  0.499147134502916E+000 -0.131028262406404E+000 -0.133949490604578E+003 -0.133949490604578E+003
  0.397689219920293E+000  0.500436805690589E+000  0.995041063517022E+000  0.498401965348654E+000 -0.131028262406404E+000 -0.133950496662967E+003 -0.133950496662967E+003
  0.357674759275814E+000  0.507826382650922E+000  0.549396834879383E+000  0.496205084456874E+000 -0.131028262406404E+000 -0.133952720242944E+003 -0.133952720242944E+003
  0.349769508422768E+000  0.505841513743420E+000  0.513474380257613E+000  0.497444034362849E+000 -0.131028262406404E+000 -0.133950493848731E+003 -0.133950493848731E+003
  0.349477193549573E+000  0.511827038074603E+000  0.913675891912284E+000  0.497507833896463E+000 -0.131028262406404E+000 -0.133952864398323E+003 -0.133952864398323E+003
  0.352458971918517E+000  0.516820746779070E+000  0.527294425259582E+000  0.499347990477934E+000 -0.131028262406404E+000 -0.133953291839673E+003 -0.133953291839673E+003
  0.292170382866595E+000  0.501892376824911E+000  0.718863197537734E+000  0.499933870756465E+000 -0.131028262406404E+000 -0.133950394564987E+003 -0.133950394564987E+003
  0.364285671919689E+000  0.504828723223599E+000  0.585879489614336E+000  0.497777628849045E+000 -0.131028262406404E+000 -0.133950226791346E+003 -0.133950226791346E+003
  0.348442401883419E+000  0.517228456812591E+000  0.521470077756023E+000  0.499977597619785E+000 -0.131028262406404E+000 -0.133952736605805E+003 -0.133952736605805E+003
  0.368787247479470E+000  0.514224006582364E+000  0.889694241403095E+000  0.499729476666240E+000 -0.131028262406404E+000 -0.133952716305795E+003 -0.133952716305795E+003
  0.309970198240748E+000  0.505986643600633E+000  0.608106468747474E+000  0.497992466986232E+000 -0.131028262406404E+000 -0.133951410924675E+003 -0.133951410924675E+003
  0.322695200837604E+000  0.504949744124269E+000  0.717280730027504E+000  0.497879299936647E+000 -0.131028262406404E+000 -0.133950266418531E+003 -0.133950266418531E+003
  0.339402006903909E+000  0.502409199867075E+000  0.876967049329706E+000  0.496535156093485E+000 -0.131028262406404E+000 -0.133949986241310E+003 -0.133949986241310E+003
  0.350699471184912E+000  0.511703568379951E+000  0.674929541587485E+000  0.497619303662659E+000 -0.131028262406404E+000 -0.133952740927407E+003 -0.133952740927407E+003
  0.289765542120334E+000  0.505237035640394E+000  0.883523862063173E+000  0.498187481145297E+000 -0.131028262406404E+000 -0.133953234341123E+003 -0.133953234341123E+003
  0.334053829401594E+000  0.503566194310910E+000  0.907792615056370E+000  0.499852190175094E+000 -0.131028262406404E+000 -0.133947460829274E+003 -0.133947460829274E+003
  0.353353504697282E+000  0.512532811952890E+000  0.862801881594391E+000  0.499584414463878E+000 -0.131028262406404E+000 -0.133951299225986E+003 -0.133951299225986E+003
  0.319788723325606E+000  0.503439005284018E+000  0.975449690154676E+000  0.498117586081659E+000 -0.131028262406404E+000 -0.133949683769762E+003 -0.133949683769762E+003
  0.364429281392583E+000  0.511551573794546E+000  0.903281528782779E+000  0.499133999592821E+000 -0.131028262406404E+000 -0.133951823680078E+003 -0.133951823680078E+003
  0.322908795239721E+000  0.503021200394250E+000  0.704933486827717E+000  0.495310448767441E+000 -0.131028262406404E+000 -0.133951876220607E+003 -0.133951876220607E+003
  0.328838455126729E+000  0.506547476618798E+000  0.882618431400812E+000  0.495134420537870E+000 -0.131028262406404E+000 -0.133953068482524E+003 -0.133953068482524E+003
  0.327553099738981E+000  0.503789944385097E+000  0.957809386925587E+000  0.494840040893690E+000 -0.131028262406404E+000 -0.133952369586312E+003 -0.133952369586312E+003
  0.344766929331169E+000  0.509781674284476E+000  0.804070072772362E+000  0.497539105903414E+000 -0.131028262406404E+000 -0.133951925282606E+003 -0.133951925282606E+003
  0.355894249716612E+000  0.500819312875049E+000  0.690285946389278E+000  0.497150081097225E+000 -0.131028262406404E+000 -0.133948845504205E+003 -0.133948845504205E+003
  0.373747629783679E+000  0.502125722899744E+000  0.880405563919285E+000  0.494672788795765E+000 -0.131028262406404E+000 -0.133952694826230E+003 -0.133952694826230E+003
  0.329321213386186E+000  0.503077761093071E+000  0.574949184917908E+000  0.494548406170600E+000 -0.131028262406404E+000 -0.133952310494737E+003 -0.133952310494737E+003
  0.303321558865118E+000  0.500549536839737E+000  0.614535737000468E+000  0.499453279955400E+000 -0.131028262406404E+000 -0.133948971962215E+003 -0.133948971962215E+003
  0.404267128711404E+000  0.500139861635563E+000  0.974716276653275E+000  0.496869158932536E+000 -0.131028262406404E+000 -0.133952830216839E+003 -0.133952830216839E+003
  0.329465166424637E+000  0.510636649019703E+000  0.836828263117253E+000  0.499222420708738E+000 -0.131028262406404E+000 -0.133950858191841E+003 -0.133950858191841E+003
  0.374769155126620E+000  0.504823232111869E+000  0.975031879271109E+000  0.499605518593213E+000 -0.131028262406404E+000 -0.133949059145957E+003 -0.133949059145957E+003
  0.343385994396900E+000  0.504172084555414E+000  0.526045966576575E+000  0.496088062971464E+000 -0.131028262406404E+000 -0.133951059743758E+003 -0.133951059743758E+003
  0.373989424831689E+000  0.503292156795285E+000  0.530471505149436E+000  0.496066386338828E+000 -0.131028262406404E+000 -0.133951845656394E+003 -0.133951845656394E+003
  0.313292812367603E+000  0.508407038391090E+000  0.626815169394151E+000  0.497121277135547E+000 -0.131028262406404E+000 -0.133952749463559E+003 -0.133952749463559E+003
  0.329819641283778E+000  0.511795989143487E+000  0.927672759899683E+000  0.499207829615247E+000 -0.131028262406404E+000 -0.133951298873339E+003 -0.133951298873339E+003
  0.384645468524877E+000  0.501532428548931E+000  0.590837887180852E+000  0.496709726078971E+000 -0.131028262406404E+000 -0.133951314905909E+003 -0.133951314905909E+003
  0.355517173365839E+000  0.505365917849773E+000  0.981375760586284E+000  0.497069482764326E+000 -0.131028262406404E+000 -0.133950789267565E+003 -0.133950789267565E+003
  0.355685103200196E+000  0.500892003587546E+000  0.736007299240000E+000  0.493082878310008E+000 -0.131028262406404E+000 -0.133952782343669E+003 -0.133952782343669E+003
  0.379688390979594E+000  0.500096750032143E+000  0.951561547973845E+000  0.497432253819625E+000 -0.131028262406404E+000 -0.133949488700933E+003 -0.133949488700933E+003
  0.324681332065532E+000  0.508854641826570E+000  0.673740442930686E+000  0.497430100140945E+000 -0.131028262406404E+000 -0.133951993383157E+003 -0.133951993383157E+003
  0.295851379455712E+000  0.503500198729804E+000  0.831187271509216E+000  0.498978577188021E+000 -0.131028262406404E+000 -0.133951224234174E+003 -0.133951224234174E+003
  0.304963437451214E+000  0.505079028305482E+000  0.803643252026698E+000  0.497498999318969E+000 -0.131028262406404E+000 -0.133951990567271E+003 -0.133951990567271E+003
  0.296219518954271E+000  0.502521739364456E+000  0.678268342631467E+000  0.499717800236116E+000 -0.131028262406404E+000 -0.133950235824697E+003 -0.133950235824697E+003
  0.371861243817942E+000  0.503987955921397E+000  0.905083722221572E+000  0.498999350872233E+000 -0.131028262406404E+000 -0.133949089871482E+003 -0.133949089871482E+003
  0.377205251700121E+000  0.502808397359193E+000  0.827979268416543E+000  0.495016555716401E+000 -0.131028262406404E+000 -0.133952927737989E+003 -0.133952927737989E+003
  0.346683600928120E+000  0.503897562156263E+000  0.989543430297233E+000  0.499575812725994E+000 -0.131028262406404E+000 -0.133947656188789E+003 -0.133947656188789E+003
  0.292783701420251E+000  0.506958754035096E+000  0.614992214044235E+000  0.499904865679829E+000 -0.131028262406404E+000 -0.133951930177730E+003 -0.133951930177730E+003
  0.377126693299825E+000  0.503287516012475E+000  0.782093670805694E+000  0.498272812152609E+000 -0.131028262406404E+000 -0.133949880671097E+003 -0.133949880671097E+003
  0.387638774859872E+000  0.500697506019581E+000  0.758735771237515E+000  0.497040377251196E+000 -0.131028262406404E+000 -0.133950888269418E+003 -0.133950888269418E+003
  0.369734942015238E+000  0.507192300897974E+000  0.789141179982366E+000  0.499218141630466E+000 -0.131028262406404E+000 -0.133950154679875E+003 -0.133950154679875E+003
  0.370431875632119E+000  0.512239869624018E+000  0.512665229112146E+000  0.499131461062666E+000 -0.131028262406404E+000 -0.133952537737712E+003 -0.133952537737712E+003
  0.339453179321699E+000  0.509555849849906E+000  0.949101661647621E+000  0.498964207591963E+000 -0.131028262406404E+000 -0.133950496070625E+003 -0.133950496070625E+003
  0.379023201473644E+000  0.502432049882885E+000  0.809614412695967E+000  0.499207390429329E+000 -0.131028262406404E+000 -0.133948701998904E+003 -0.133948701998904E+003
  0.293825070541413E+000  0.502934303384723E+000  0.702005900307101E+000  0.498142548117114E+000 -0.131028262406404E+000 -0.133952013257006E+003 -0.133952013257006E+003
  0.311704608555846E+000  0.507478125067852E+000  0.715646002266451E+000  0.498327593896100E+000 -0.131028262406404E+000 -0.133951487192846E+003 -0.133951487192846E+003
  0.325821367030376E+000  0.502095073334515E+000  0.831068490703257E+000  0.494701368491336E+000 -0.131028262406404E+000 -0.133951953111143E+003 -0.133951953111143E+003
  0.312813252838837E+000  0.508630800658618E+000  0.651563124592295E+000  0.497036907245688E+000 -0.131028262406404E+000 -0.133952935052743E+003 -0.133952935052743E+003
  0.392632979130722E+000  0.501189286739991E+000  0.776386581146122E+000  0.499176527021114E+000 -0.131028262406404E+000 -0.133949458808657E+003 -0.133949458808657E+003
  0.340615206057203E+000  0.503547440512295E+000  0.957837747708519E+000  0.495668343186453E+000 -0.131028262406404E+000 -0.133951220274381E+003 -0.133951220274381E+003
  0.323479567109566E+000  0.507722181207923E+000  0.992258758075640E+000  0.499480467885364E+000 -0.131028262406404E+000 -0.133949785689969E+003 -0.133949785689969E+003
  0.346714001991124E+000  0.506425313290855E+000  0.608011767637399E+000  0.496019224162816E+000 -0.131028262406404E+000 -0.133952033767870E+003 -0.133952033767870E+003
  0.310075928497315E+000  0.503601522898501E+000  0.615935513909273E+000  0.496488730637133E+000 -0.131028262406404E+000 -0.133951908646309E+003 -0.133951908646309E+003
  0.315527039172295E+000  0.503132163569290E+000  0.539229267356106E+000  0.499246434673179E+000 -0.131028262406404E+000 -0.133948867627267E+003 -0.133948867627267E+003
  0.352280955413030E+000  0.504350429622700E+000  0.561570987114460E+000  0.494788567155729E+000 -0.131028262406404E+000 -0.133952465021743E+003 -0.133952465021743E+003
  0.290421381528983E+000  0.501787122197342E+000  0.764718891256665E+000  0.497657982272003E+000 -0.131028262406404E+000 -0.133952522151124E+003 -0.133952522151124E+003
  0.357210311179517E+000  0.506465062866580E+000  0.597154695679570E+000  0.496190621175303E+000 -0.131028262406404E+000 -0.133952147310463E+003 -0.133952147310463E+003
  0.365253096393289E+000  0.511438178440601E+000  0.664815457934973E+000  0.499934416179717E+000 -0.131028262406404E+000 -0.133951043026116E+003 -0.133951043026116E+003
  0.301343189384111E+000  0.500399516807736E+000  0.739219992195424E+000  0.498548316141917E+000 -0.131028262406404E+000 -0.133949933714779E+003 -0.133949933714779E+003
  0.324450465579080E+000  0.505989865994467E+000  0.807583209574377E+000  0.496453653829226E+000 -0.131028262406404E+000 -0.133951839995117E+003 -0.133951839995117E+003
  0.374084402795645E+000  0.504283104595636E+000  0.829146948716554E+000  0.496369033700316E+000 -0.131028262406404E+000 -0.133951992046471E+003 -0.133951992046471E+003
  0.326556093599113E+000  0.507284957245216E+000  0.648557735522098E+000  0.499495570046011E+000 -0.131028262406404E+000 -0.133949465903121E+003 -0.133949465903121E+003
  0.344046383509694E+000  0.509570828273605E+000  0.714490834718375E+000  0.497358946021906E+000 -0.131028262406404E+000 -0.133952003432609E+003 -0.133952003432609E+003
  0.341935999712042E+000  0.507709959328089E+000  0.952660985307112E+000  0.495184262983431E+000 -0.131028262406404E+000 -0.133953284750784E+003 -0.133953284750784E+003
  0.357724161638470E+000  0.515603301042487E+000  0.917129298596031E+000  0.499537964107822E+000 -0.131028262406404E+000 -0.133952823410618E+003 -0.133952823410618E+003
  0.385370809281712E+000  0.506530554697845E+000  0.505691066689279E+000  0.498640239175056E+000 -0.131028262406404E+000 -0.133951755790548E+003 -0.133951755790548E+003
  0.329933660090816E+000  0.502338868680963E+000  0.866429974952042E+000  0.494969688282162E+000 -0.131028262406404E+000 -0.133951634918446E+003 -0.133951634918446E+003
  0.312213338177337E+000  0.513649844900004E+000  0.761477003587073E+000  0.498793228118495E+000 -0.131028262406404E+000 -0.133953187865730E+003 -0.133953187865730E+003
  0.322081174925166E+000  0.517860880333683E+000  0.911153431370089E+000  0.499986221774833E+000 -0.131028262406404E+000 -0.133953124787583E+003 -0.133953124787583E+003
  0.324275888261482E+000  0.505318588442145E+000  0.983712674967861E+000  0.496173205744127E+000 -0.131028262406404E+000 -0.133951857740433E+003 -0.133951857740433E+003
  0.346452759678044E+000  0.513733325184770E+000  0.625614839732847E+000  0.498111329885254E+000 -0.131028262406404E+000 -0.133953006503968E+003 -0.133953006503968E+003
  0.354535784503584E+000  0.505957316734141E+000  0.705897719834786E+000  0.499602149180016E+000 -0.131028262406404E+000 -0.133948570832525E+003 -0.133948570832525E+003
  0.316537955548798E+000  0.503512320405457E+000  0.947437881809470E+000  0.496523058163689E+000 -0.131028262406404E+000 -0.133951350246223E+003 -0.133951350246223E+003
  0.347680013561450E+000  0.500428403383402E+000  0.499273992636600E+000  0.498962198971475E+000 -0.131028262406404E+000 -0.133946853741643E+003 -0.133946853741643E+003
  0.357011606380135E+000  0.501606525455895E+000  0.668111237426687E+000  0.497427187926418E+000 -0.131028262406404E+000 -0.133948930102264E+003 -0.133948930102264E+003
  0.362533947933815E+000  0.509242579413057E+000  0.950851320490217E+000  0.499678142635883E+000 -0.131028262406404E+000 -0.133950186465906E+003 -0.133950186465906E+003
  0.305224268912804E+000  0.501556812638466E+000  0.945099523446091E+000  0.498502808455762E+000 -0.131028262406404E+000 -0.133949925120718E+003 -0.133949925120718E+003
  0.366164336863467E+000  0.509988937466702E+000  0.907427086243487E+000  0.498416757935989E+000 -0.131028262406404E+000 -0.133951945349863E+003 -0.133951945349863E+003
  0.363175948197153E+000  0.507187927987068E+000  0.548953123735120E+000  0.497926389645040E+000 -0.131028262406404E+000 -0.133951039258089E+003 -0.133951039258089E+003
  0.372260152602928E+000  0.512593835770033E+000  0.902355398017890E+000  0.498844348631147E+000 -0.131028262406404E+000 -0.133953123399517E+003 -0.133953123399517E+003
  0.396094747462747E+000  0.503135748936032E+000  0.918072251973781E+000  0.498218706949459E+000 -0.131028262406404E+000 -0.133951799002512E+003 -0.133951799002512E+003
  0.304416911232200E+000  0.502720284057078E+000  0.852154789557990E+000  0.495437748167388E+000 -0.131028262406404E+000 -0.133953046647828E+003 -0.133953046647828E+003
  0.363467460826449E+000  0.504586125840926E+000  0.969691498653260E+000  0.495164426054557E+000 -0.131028262406404E+000 -0.133952628527613E+003 -0.133952628527613E+003
  0.386383494785597E+000  0.502906014353455E+000  0.852613146262039E+000  0.496044914570704E+000 -0.131028262406404E+000 -0.133952799702583E+003 -0.133952799702583E+003
  0.331547058082797E+000  0.502155163738695E+000  0.739462074999257E+000  0.499949911597116E+000 -0.131028262406404E+000 -0.133946928214631E+003 -0.133946928214631E+003
  0.337386130652272E+000  0.512669516900170E+000  0.911956094290117E+000  0.497573648865898E+000 -0.131028262406404E+000 -0.133953011119432E+003 -0.133953011119432E+003
  0.370210967997507E+000  0.506505195411448E+000  0.503608650826721E+000  0.497512825657019E+000 -0.131028262406404E+000 -0.133951565787679E+003 -0.133951565787679E+003
  0.330265149185293E+000  0.511069310940166E+000  0.842405161228273E+000  0.498913952977216E+000 -0.131028262406404E+000 -0.133951279705929E+003 -0.133951279705929E+003
  0.319161370655644E+000  0.503933218555181E+000  0.668700524280343E+000  0.495666304980149E+000 -0.131028262406404E+000 -0.133952090205438E+003 -0.133952090205438E+003
  0.370341714939562E+000  0.501188154593275E+000  0.742311216342116E+000  0.493656423796576E+000 -0.131028262406404E+000 -0.133953051463557E+003 -0.133953051463557E+003
  0.304846189470971E+000  0.513048734803615E+000  0.565428567761664E+000  0.499319390828948E+000 -0.131028262406404E+000 -0.133953103461125E+003 -0.133953103461125E+003
  0.368087129653762E+000  0.505992292884289E+000  0.767329223921575E+000  0.499597679858768E+000 -0.131028262406404E+000 -0.133949148606625E+003 -0.133949148606625E+003
  0.327962465557193E+000  0.506973006076361E+000  0.936473844133222E+000  0.497118068642558E+000 -0.131028262406404E+000 -0.133951455739891E+003 -0.133951455739891E+003
  0.330615652998234E+000  0.505848393128215E+000  0.721940729099667E+000  0.496190909240082E+000 -0.131028262406404E+000 -0.133951795532580E+003 -0.133951795532580E+003
  0.341912963610972E+000  0.505698205416559E+000  0.887033893541236E+000  0.495259629322670E+000 -0.131028262406404E+000 -0.133952430081090E+003 -0.133952430081090E+003
  0.386290369008137E+000  0.502443339469871E+000  0.609739977336985E+000  0.499669644374120E+000 -0.131028262406404E+000 -0.133948882055350E+003 -0.133948882055350E+003
  0.293363476469885E+000  0.507506615299749E+000  0.814157713897260E+000  0.498429333404281E+000 -0.131028262406404E+000 -0.133953272018557E+003 -0.133953272018557E+003
  0.309957238753604E+000  0.500865939436720E+000  0.538787314728153E+000  0.499761942064792E+000 -0.131028262406404E+000 -0.133948114180657E+003 -0.133948114180657E+003
  0.368191638730694E+000  0.506759004921552E+000  0.794502350797583E+000  0.497303700724391E+000 -0.131028262406404E+000 -0.133951749786508E+003 -0.133951749786508E+003
  0.365068234325621E+000  0.513915806520371E+000  0.485645289554972E+000  0.499605554313228E+000 -0.131028262406404E+000 -0.133952441919485E+003 -0.133952441919485E+003
  0.342766022682438E+000  0.512081956282443E+000  0.946346476892548E+000  0.498088983649259E+000 -0.131028262406404E+000 -0.133952312251756E+003 -0.133952312251756E+003
  0.364811453302985E+000  0.506275347242377E+000  0.589950560186659E+000  0.498149825744890E+000 -0.131028262406404E+000 -0.133950512963984E+003 -0.133950512963984E+003
  0.360805295084515E+000  0.505142842295726E+000  0.931599849966936E+000  0.494964773721857E+000 -0.131028262406404E+000 -0.133952925806730E+003 -0.133952925806730E+003
  0.388883662916358E+000  0.502025092391730E+000  0.988939526644301E+000  0.498196935526925E+000 -0.131028262406404E+000 -0.133950456740776E+003 -0.133950456740776E+003
  0.342280774137612E+000  0.516868152788060E+000  0.584605821798033E+000  0.499554732320184E+000 -0.131028262406404E+000 -0.133952863126412E+003 -0.133952863126412E+003
  0.357842421986749E+000  0.504507291561529E+000  0.657052419304047E+000  0.496831853106936E+000 -0.131028262406404E+000 -0.133950736878549E+003 -0.133950736878549E+003
  0.305831081523115E+000  0.500605809903361E+000  0.565428114403380E+000  0.495514271004794E+000 -0.131028262406404E+000 -0.133952147982640E+003 -0.133952147982640E+003
  0.397543362284093E+000  0.501356572833540E+000  0.527716780944206E+000  0.498229704821420E+000 -0.131028262406404E+000 -0.133951105054432E+003 -0.133951105054432E+003
  0.339549791050354E+000  0.507280734586162E+000  0.828308204381576E+000  0.495113931198315E+000 -0.131028262406404E+000 -0.133953182493009E+003 -0.133953182493009E+003
  0.300594232189852E+000  0.501125230368912E+000  0.797587105899863E+000  0.498909186392867E+000 -0.131028262406404E+000 -0.133949944648565E+003 -0.133949944648565E+003
  0.342015493253401E+000  0.513064320329702E+000  0.634572063677063E+000  0.498662111573486E+000 -0.131028262406404E+000 -0.133952164988435E+003 -0.133952164988435E+003
  0.339057525632603E+000  0.506162921256700E+000  0.897775557045076E+000  0.495184369093829E+000 -0.131028262406404E+000 -0.133952688576665E+003 -0.133952688576665E+003
  0.320805653174327E+000  0.501931606519924E+000  0.912949365443935E+000  0.493945665917371E+000 -0.131028262406404E+000 -0.133952826185873E+003 -0.133952826185873E+003
  0.297246703154032E+000  0.502925398577551E+000  0.854934796765472E+000  0.497081940155338E+000 -0.131028262406404E+000 -0.133952483825034E+003 -0.133952483825034E+003
  0.345288916647174E+000  0.505382861603826E+000  0.578115970754118E+000  0.496786391719113E+000 -0.131028262406404E+000 -0.133950885118457E+003 -0.133950885118457E+003
