  0.789496355712870E+000  0.162745957149994E+001  0.894176942499269E-001  0.498925910183470E+000 -0.131028262406404E+000 -0.148658464880802E+003 -0.148658464880802E+003
  0.813571339059311E+000  0.168809196923072E+001  0.195647929213755E+000  0.499324944415829E+000 -0.131028262406404E+000 -0.148660262510833E+003 -0.148660262510833E+003
  0.791403986232415E+000  0.163246836249267E+001  0.307525197979151E-001  0.498709363440211E+000 -0.131028262406404E+000 -0.148658528827992E+003 -0.148658528827992E+003
  0.782488892270577E+000  0.163382539538180E+001  0.933008986234660E+000  0.496544256424814E+000 -0.131028262406404E+000 -0.148660177495470E+003 -0.148660177495470E+003
  0.771464997581564E+000  0.170540585886854E+001  0.200057217192141E+000  0.499583250085734E+000 -0.131028262406404E+000 -0.148660602146433E+003 -0.148660602146433E+003
  0.756401844622999E+000  0.163529575161156E+001  0.585419539730193E+000  0.499929837932885E+000 -0.131028262406404E+000 -0.148659216113026E+003 -0.148659216113026E+003
  0.772812371963229E+000  0.169957132562213E+001  0.367470591126891E+000  0.499192695780803E+000 -0.131028262406404E+000 -0.148660345451305E+003 -0.148660345451305E+003
  0.765204043718875E+000  0.162784778648595E+001  0.316258887151767E+000  0.499412476368804E+000 -0.131028262406404E+000 -0.148658880755835E+003 -0.148658880755835E+003
  0.778274567180679E+000  0.168997061865206E+001  0.610220153181233E+000  0.499807394688307E+000 -0.131028262406404E+000 -0.148658872084927E+003 -0.148658872084927E+003
  0.801724419722617E+000  0.167310544840494E+001  0.149053043481791E+000  0.497059826871769E+000 -0.131028262406404E+000 -0.148660277900166E+003 -0.148660277900166E+003
  0.778399065325675E+000  0.167667756000817E+001  0.208782362888447E+000  0.497412456569589E+000 -0.131028262406404E+000 -0.148660095022888E+003 -0.148660095022888E+003
  0.757890967024879E+000  0.164167994346893E+001  0.270156291510019E+000  0.499093392456049E+000 -0.131028262406404E+000 -0.148659721496765E+003 -0.148659721496765E+003
  0.778863687176027E+000  0.162944260879343E+001  0.471471803184059E+000  0.497007809477510E+000 -0.131028262406404E+000 -0.148660010849456E+003 -0.148660010849456E+003
  0.786144224804046E+000  0.164030452010378E+001  0.134809830327060E+000  0.497302901073213E+000 -0.131028262406404E+000 -0.148659421006246E+003 -0.148659421006246E+003
  0.758047736462565E+000  0.163172476351820E+001  0.892305720476135E+000  0.498502189231525E+000 -0.131028262406404E+000 -0.148660324754019E+003 -0.148660324754019E+003
  0.798867691919294E+000  0.167191570572140E+001  0.488377745118208E+000  0.499098589153305E+000 -0.131028262406404E+000 -0.148658624012515E+003 -0.148658624012515E+003
  0.799021319259181E+000  0.161915973849344E+001  0.393778741389284E+000  0.499372765775278E+000 -0.131028262406404E+000 -0.148658842928553E+003 -0.148658842928553E+003
  0.758074062722285E+000  0.165099749890347E+001  0.565066261933943E+000  0.499374674652297E+000 -0.131028262406404E+000 -0.148659486002296E+003 -0.148659486002296E+003
  0.768158619142019E+000  0.163021041870786E+001  0.835682499042542E+000  0.497694394365826E+000 -0.131028262406404E+000 -0.148660040053757E+003 -0.148660040053757E+003
  0.780333308138590E+000  0.168191480142882E+001  0.104698265751006E+000  0.499362187492826E+000 -0.131028262406404E+000 -0.148658696060339E+003 -0.148658696060339E+003
  0.793621077813750E+000  0.164736994424370E+001  0.773712435774448E+000  0.496665538733351E+000 -0.131028262406404E+000 -0.148659917287934E+003 -0.148659917287934E+003
  0.788099149997531E+000  0.163864083215088E+001  0.536483755179911E+000  0.496705806193907E+000 -0.131028262406404E+000 -0.148659903860538E+003 -0.148659903860538E+003
  0.795529253255460E+000  0.165334369755000E+001  0.189828873417572E+000  0.498012052135423E+000 -0.131028262406404E+000 -0.148658961788740E+003 -0.148658961788740E+003
  0.773350038228525E+000  0.160529091442059E+001  0.152988244516165E+000  0.498837306047934E+000 -0.131028262406404E+000 -0.148659774759047E+003 -0.148659774759047E+003
  0.792527994974530E+000  0.169633858704724E+001  0.521732135516120E+000  0.498951432047665E+000 -0.131028262406404E+000 -0.148659736657752E+003 -0.148659736657752E+003
  0.799478090321227E+000  0.167942548384412E+001  0.102242362216988E+000  0.498838460903619E+000 -0.131028262406404E+000 -0.148659111305699E+003 -0.148659111305699E+003
  0.783780840042164E+000  0.164162616939350E+001  0.664930069434770E+000  0.498328802154063E+000 -0.131028262406404E+000 -0.148658622594810E+003 -0.148658622594810E+003
  0.798475623825194E+000  0.164497934447503E+001  0.247149730112185E+000  0.498131089694118E+000 -0.131028262406404E+000 -0.148659012410032E+003 -0.148659012410032E+003
  0.799326944628790E+000  0.163115759969206E+001  0.891783226275191E+000  0.497830872112052E+000 -0.131028262406404E+000 -0.148659531312796E+003 -0.148659531312796E+003
  0.797730675644271E+000  0.163504773700295E+001  0.684532785698378E+000  0.498829822147108E+000 -0.131028262406404E+000 -0.148658616923919E+003 -0.148658616923919E+003
  0.766234196490517E+000  0.165530333862760E+001  0.148276533352140E+000  0.498557223396871E+000 -0.131028262406404E+000 -0.148659378222705E+003 -0.148659378222705E+003
  0.809552407349019E+000  0.168412638565627E+001  0.521203438697401E+000  0.498511125252853E+000 -0.131028262406404E+000 -0.148660226700083E+003 -0.148660226700083E+003
  0.775875449106461E+000  0.162028811140630E+001  0.540254735092413E+000  0.499183845927435E+000 -0.131028262406404E+000 -0.148658650173556E+003 -0.148658650173556E+003
  0.756099133024793E+000  0.166308530667178E+001  0.729840489341039E+000  0.499947674070631E+000 -0.131028262406404E+000 -0.148659466792392E+003 -0.148659466792392E+003
  0.803564813114246E+000  0.168988701898651E+001  0.824202106325361E+000  0.497889727115790E+000 -0.131028262406404E+000 -0.148660508625053E+003 -0.148660508625053E+003
  0.776757285173769E+000  0.167707395537268E+001  0.970684637125228E-002  0.498578100020983E+000 -0.131028262406404E+000 -0.148659249418100E+003 -0.148659249418100E+003
  0.767699568301573E+000  0.166068089564225E+001  0.458233581223545E+000  0.498201543644790E+000 -0.131028262406404E+000 -0.148659648634458E+003 -0.148659648634458E+003
  0.771259523223695E+000  0.162811314060043E+001  0.572602871858156E+000  0.499373439470957E+000 -0.131028262406404E+000 -0.148658467535022E+003 -0.148658467535022E+003
  0.804225528168691E+000  0.165273666054396E+001  0.618637569306180E-001  0.498332278375983E+000 -0.131028262406404E+000 -0.148659190639879E+003 -0.148659190639879E+003
  0.792212625106249E+000  0.167783495141916E+001  0.752351122952838E+000  0.498660931509891E+000 -0.131028262406404E+000 -0.148658947469914E+003 -0.148658947469914E+003
  0.784986646339186E+000  0.160346665944425E+001  0.287646302746609E+000  0.497625865027010E+000 -0.131028262406404E+000 -0.148660580346917E+003 -0.148660580346917E+003
  0.804539632576552E+000  0.165890809377116E+001  0.103662419059861E+000  0.499098914237690E+000 -0.131028262406404E+000 -0.148658707393491E+003 -0.148658707393491E+003
  0.783975388793303E+000  0.159716268122333E+001  0.802359097777523E+000  0.498186861301285E+000 -0.131028262406404E+000 -0.148660581438098E+003 -0.148660581438098E+003
  0.758433099108320E+000  0.165123856405219E+001  0.600392079462663E+000  0.499028602695729E+000 -0.131028262406404E+000 -0.148659748552848E+003 -0.148659748552848E+003
  0.784448416782291E+000  0.167621749777793E+001  0.148770045660479E+000  0.498195033818819E+000 -0.131028262406404E+000 -0.148659251376730E+003 -0.148659251376730E+003
  0.807122797571849E+000  0.165361766172621E+001  0.435113036880158E+000  0.499752666872573E+000 -0.131028262406404E+000 -0.148658433201720E+003 -0.148658433201720E+003
  0.799722642086325E+000  0.165337372187328E+001  0.284565233820060E-001  0.497356596840561E+000 -0.131028262406404E+000 -0.148659619951955E+003 -0.148659619951955E+003
  0.811089543902911E+000  0.162597487402922E+001  0.863591189058557E+000  0.499926770053644E+000 -0.131028262406404E+000 -0.148659246452979E+003 -0.148659246452979E+003
  0.800450287870299E+000  0.160550541943823E+001  0.134813853344454E-001  0.499935416278014E+000 -0.131028262406404E+000 -0.148659310720103E+003 -0.148659310720103E+003
  0.805178160425932E+000  0.164612948903387E+001  0.379909991067982E+000  0.498313848187492E+000 -0.131028262406404E+000 -0.148659299339175E+003 -0.148659299339175E+003
  0.806092845825404E+000  0.166761513445273E+001  0.846503211511870E-001  0.499199275174460E+000 -0.131028262406404E+000 -0.148658900552817E+003 -0.148658900552817E+003
  0.789025863418913E+000  0.165206816564854E+001  0.840293120306054E+000  0.496949618088365E+000 -0.131028262406404E+000 -0.148659646082927E+003 -0.148659646082927E+003
  0.768464887921121E+000  0.165744612835007E+001  0.964205407280061E+000  0.499054434731331E+000 -0.131028262406404E+000 -0.148658800741334E+003 -0.148658800741334E+003
  0.803488588997947E+000  0.160668320241264E+001  0.445364841076434E+000  0.499564939366796E+000 -0.131028262406404E+000 -0.148659739718491E+003 -0.148659739718491E+003
  0.766186891341428E+000  0.160742924335602E+001  0.147619529733160E+000  0.499613658005953E+000 -0.131028262406404E+000 -0.148659446465458E+003 -0.148659446465458E+003
  0.790558458377966E+000  0.168400786696459E+001  0.808673871884204E+000  0.499427061412747E+000 -0.131028262406404E+000 -0.148658630643456E+003 -0.148658630643456E+003
  0.773542901344542E+000  0.161127630743411E+001  0.350157658529486E+000  0.498306186948234E+000 -0.131028262406404E+000 -0.148659870355617E+003 -0.148659870355617E+003
  0.798463079899979E+000  0.168472440269664E+001  0.908871898191917E-001  0.499301277880262E+000 -0.131028262406404E+000 -0.148658970769221E+003 -0.148658970769221E+003
  0.803092621991305E+000  0.168726300673700E+001  0.127585706964944E+000  0.499120628078983E+000 -0.131028262406404E+000 -0.148659471907264E+003 -0.148659471907264E+003
  0.781717391661279E+000  0.169464267528122E+001  0.210379865734806E+000  0.499011542702805E+000 -0.131028262406404E+000 -0.148659675663434E+003 -0.148659675663434E+003
  0.778356041184970E+000  0.159592439752956E+001  0.197953472628844E-001  0.498879352816413E+000 -0.131028262406404E+000 -0.148660195107605E+003 -0.148660195107605E+003
  0.763351130736065E+000  0.166936212168159E+001  0.387030358900865E+000  0.498820271649725E+000 -0.131028262406404E+000 -0.148659789524903E+003 -0.148659789524903E+003
  0.790498522415368E+000  0.168776749924088E+001  0.101188795253451E+000  0.499476531974405E+000 -0.131028262406404E+000 -0.148658792452212E+003 -0.148658792452212E+003
  0.798463751605239E+000  0.164601988177074E+001  0.149969733068449E+000  0.499774092128315E+000 -0.131028262406404E+000 -0.148657804556819E+003 -0.148657804556819E+003
  0.801734061906979E+000  0.166299282605700E+001  0.833459685128407E+000  0.497858474562380E+000 -0.131028262406404E+000 -0.148659460150641E+003 -0.148659460150641E+003
  0.785783272270346E+000  0.166442977873162E+001  0.717343637425574E+000  0.498769754853502E+000 -0.131028262406404E+000 -0.148658411076305E+003 -0.148658411076305E+003
  0.803061235586629E+000  0.160105740024222E+001  0.226984145388603E+000  0.499457172046937E+000 -0.131028262406404E+000 -0.148660170105736E+003 -0.148660170105736E+003
  0.775842680762410E+000  0.167632096296504E+001  0.877647641121283E+000  0.499337418217808E+000 -0.131028262406404E+000 -0.148658648125420E+003 -0.148658648125420E+003
  0.785795041565077E+000  0.163856298599649E+001  0.586857361031300E+000  0.499535615103649E+000 -0.131028262406404E+000 -0.148657703755791E+003 -0.148657703755791E+003
  0.790535743422651E+000  0.168740162986146E+001  0.714701587418032E+000  0.497076900583929E+000 -0.131028262406404E+000 -0.148660587901972E+003 -0.148660587901972E+003
  0.778816573408563E+000  0.161004760971557E+001  0.620608267816845E+000  0.499063225619856E+000 -0.131028262406404E+000 -0.148659131067026E+003 -0.148659131067026E+003
  0.769719072964780E+000  0.167717143232928E+001  0.557231367758265E+000  0.498563400080272E+000 -0.131028262406404E+000 -0.148659729209132E+003 -0.148659729209132E+003
  0.791407234179953E+000  0.167566313844236E+001  0.393509689070394E+000  0.497496405984851E+000 -0.131028262406404E+000 -0.148659732633584E+003 -0.148659732633584E+003
  0.780813559916616E+000  0.166778620168874E+001  0.242935820602468E+000  0.498688943905388E+000 -0.131028262406404E+000 -0.148658658224476E+003 -0.148658658224476E+003
  0.790794254370766E+000  0.164711512547409E+001  0.469937433441188E+000  0.497473337741614E+000 -0.131028262406404E+000 -0.148659253907461E+003 -0.148659253907461E+003
  0.775588878043851E+000  0.161121102419310E+001  0.743860422636359E+000  0.498856743632783E+000 -0.131028262406404E+000 -0.148659335141190E+003 -0.148659335141190E+003
  0.777734975288040E+000  0.169699802886166E+001  0.195484174279802E-001  0.498726884342615E+000 -0.131028262406404E+000 -0.148660230398594E+003 -0.148660230398594E+003
  0.770481896499905E+000  0.163166182474687E+001  0.719529195348612E-001  0.497919870379254E+000 -0.131028262406404E+000 -0.148659646827537E+003 -0.148659646827537E+003
  0.808767922638322E+000  0.162522247553779E+001  0.386466028221664E+000  0.499651129975350E+000 -0.131028262406404E+000 -0.148659206459946E+003 -0.148659206459946E+003
  0.777430854011478E+000  0.167034861654984E+001  0.709101883830674E+000  0.498787089117183E+000 -0.131028262406404E+000 -0.148658788352243E+003 -0.148658788352243E+003
  0.796944424269747E+000  0.163157395751709E+001  0.209796526132597E-001  0.496254530932967E+000 -0.131028262406404E+000 -0.148660568500936E+003 -0.148660568500936E+003
  0.755876114169954E+000  0.162911870311954E+001  0.381258700219380E+000  0.498579055488872E+000 -0.131028262406404E+000 -0.148660577880973E+003 -0.148660577880973E+003
  0.794395274667082E+000  0.165683618948139E+001  0.310725546075264E+000  0.496055671069263E+000 -0.131028262406404E+000 -0.148660424067601E+003 -0.148660424067601E+003
  0.802174060773651E+000  0.170461225340727E+001  0.991646327263747E+000  0.499538980829098E+000 -0.131028262406404E+000 -0.148660243240894E+003 -0.148660243240894E+003
  0.811560571774591E+000  0.167089039832051E+001  0.150564613009003E+000  0.498186402757579E+000 -0.131028262406404E+000 -0.148660166100168E+003 -0.148660166100168E+003
  0.810196972194352E+000  0.165002968519476E+001  0.187429541493647E+000  0.498180412125627E+000 -0.131028262406404E+000 -0.148659811988051E+003 -0.148659811988051E+003
  0.790755925057159E+000  0.168858296035463E+001  0.284246715278640E+000  0.498466985470244E+000 -0.131028262406404E+000 -0.148659600847663E+003 -0.148659600847663E+003
  0.796023193720239E+000  0.162636060317579E+001  0.485421701888147E+000  0.499230067171998E+000 -0.131028262406404E+000 -0.148658488334169E+003 -0.148658488334169E+003
  0.791805325367295E+000  0.163371795363636E+001  0.418662908782895E+000  0.496802744420567E+000 -0.131028262406404E+000 -0.148659956085941E+003 -0.148659956085941E+003
  0.792926957818922E+000  0.168463425364439E+001  0.738832187313783E+000  0.499485015453227E+000 -0.131028262406404E+000 -0.148658654958256E+003 -0.148658654958256E+003
  0.801553408861491E+000  0.162479717507805E+001  0.574674319332536E+000  0.497507376693949E+000 -0.131028262406404E+000 -0.148660112059756E+003 -0.148660112059756E+003
  0.782037133106122E+000  0.160934788568834E+001  0.368496687415175E+000  0.499611847984976E+000 -0.131028262406404E+000 -0.148658687230452E+003 -0.148658687230452E+003
  0.793023088618781E+000  0.169434577759978E+001  0.916658214704703E+000  0.498686957467697E+000 -0.131028262406404E+000 -0.148659808869188E+003 -0.148659808869188E+003
  0.774238494456085E+000  0.162236819577623E+001  0.347572282746234E+000  0.498227038266149E+000 -0.131028262406404E+000 -0.148659426552330E+003 -0.148659426552330E+003
  0.757345328222584E+000  0.162251507847057E+001  0.829312537352880E+000  0.498911721363713E+000 -0.131028262406404E+000 -0.148660270416030E+003 -0.148660270416030E+003
  0.796298047109630E+000  0.166887080097384E+001  0.490816377752082E+000  0.498113401506369E+000 -0.131028262406404E+000 -0.148659154411755E+003 -0.148659154411755E+003
  0.761744691254827E+000  0.168526307549835E+001  0.634243773480515E+000  0.499999941153862E+000 -0.131028262406404E+000 -0.148659706668606E+003 -0.148659706668606E+003
  0.752150318486678E+000  0.167281778948487E+001  0.579592461344395E+000  0.499703709488438E+000 -0.131028262406404E+000 -0.148660592110989E+003 -0.148660592110989E+003
  0.793659982602157E+000  0.165504011117071E+001  0.179185013612042E+000  0.498074074577287E+000 -0.131028262406404E+000 -0.148658869871081E+003 -0.148658869871081E+003
  0.800506657350481E+000  0.167406317688020E+001  0.226962072173092E+000  0.499633403967796E+000 -0.131028262406404E+000 -0.148658392199064E+003 -0.148658392199064E+003
  0.786492581845432E+000  0.166872412440322E+001  0.524396326510768E+000  0.499426420537485E+000 -0.131028262406404E+000 -0.148658009699539E+003 -0.148658009699539E+003
  0.793968257399967E+000  0.165449991391957E+001  0.615654347773637E+000  0.496845109068795E+000 -0.131028262406404E+000 -0.148659799500403E+003 -0.148659799500403E+003
  0.792698714768478E+000  0.166653650823391E+001  0.871619008940097E-001  0.498115610186598E+000 -0.131028262406404E+000 -0.148658999280149E+003 -0.148658999280149E+003
  0.768480316651365E+000  0.168146358882644E+001  0.282697379545482E+000  0.499571409875546E+000 -0.131028262406404E+000 -0.148659197988150E+003 -0.148659197988150E+003
  0.772562119508413E+000  0.167471651163207E+001  0.352956131698136E+000  0.499224092529223E+000 -0.131028262406404E+000 -0.148658865970973E+003 -0.148658865970973E+003
  0.794092655750757E+000  0.170083500243729E+001  0.795889798668185E+000  0.498547616004829E+000 -0.131028262406404E+000 -0.148660376428692E+003 -0.148660376428692E+003
  0.808600670179489E+000  0.167846955141672E+001  0.592949164509844E+000  0.497622983476581E+000 -0.131028262406404E+000 -0.148660522227948E+003 -0.148660522227948E+003
  0.783627770047060E+000  0.162240825126477E+001  0.331339433096312E+000  0.497111519445004E+000 -0.131028262406404E+000 -0.148660031633409E+003 -0.148660031633409E+003
  0.819936844457750E+000  0.163885559432742E+001  0.789197511346452E+000  0.499826819349127E+000 -0.131028262406404E+000 -0.148660087007810E+003 -0.148660087007810E+003
  0.754332821254705E+000  0.166688382824978E+001  0.407434675680191E+000  0.499575219389942E+000 -0.131028262406404E+000 -0.148660156498851E+003 -0.148660156498851E+003
  0.792213259157991E+000  0.166334181849061E+001  0.728421846613604E-001  0.496975739710952E+000 -0.131028262406404E+000 -0.148659784954048E+003 -0.148659784954048E+003
  0.799230484032809E+000  0.168521277750211E+001  0.738500931948130E+000  0.497827005545595E+000 -0.131028262406404E+000 -0.148660094823705E+003 -0.148660094823705E+003
  0.781718388747223E+000  0.168507021405199E+001  0.879058984180604E+000  0.498457853554914E+000 -0.131028262406404E+000 -0.148659529977358E+003 -0.148659529977358E+003
  0.797031140599044E+000  0.171029888711006E+001  0.827620258220634E-001  0.499641677076192E+000 -0.131028262406404E+000 -0.148660412870974E+003 -0.148660412870974E+003
  0.806544281725871E+000  0.164780088280992E+001  0.640402990903675E+000  0.499173822868459E+000 -0.131028262406404E+000 -0.148658797192155E+003 -0.148658797192155E+003
  0.786991277606639E+000  0.167835754766057E+001  0.824234957619665E+000  0.498902175560006E+000 -0.131028262406404E+000 -0.148658759532183E+003 -0.148658759532183E+003
  0.784806042126021E+000  0.166339804658090E+001  0.154727524196724E+000  0.499191557414245E+000 -0.131028262406404E+000 -0.148658067965182E+003 -0.148658067965182E+003
  0.780247416896169E+000  0.162938748830416E+001  0.497906349859538E+000  0.496421828669252E+000 -0.131028262406404E+000 -0.148660439260767E+003 -0.148660439260767E+003
  0.802259719518308E+000  0.166965674167531E+001  0.558441362704059E+000  0.497486112037051E+000 -0.131028262406404E+000 -0.148659901038833E+003 -0.148659901038833E+003
  0.780120513343698E+000  0.165470048326924E+001  0.384976863573462E+000  0.497255136468420E+000 -0.131028262406404E+000 -0.148659573078745E+003 -0.148659573078745E+003
  0.768416182713825E+000  0.165799581860709E+001  0.395807587770179E+000  0.497868447582852E+000 -0.131028262406404E+000 -0.148659815692783E+003 -0.148659815692783E+003
  0.784772008494544E+000  0.166691763287582E+001  0.484528717098687E+000  0.499430385260419E+000 -0.131028262406404E+000 -0.148657967949931E+003 -0.148657967949931E+003
  0.787462535694836E+000  0.171209652560370E+001  0.594260875084887E+000  0.499447388396782E+000 -0.131028262406404E+000 -0.148660610913531E+003 -0.148660610913531E+003
  0.778538083568187E+000  0.164750318215406E+001  0.864834507029517E+000  0.496291390990461E+000 -0.131028262406404E+000 -0.148660379356537E+003 -0.148660379356537E+003
  0.779620427620253E+000  0.164271597403460E+001  0.544934916348525E+000  0.496393161648213E+000 -0.131028262406404E+000 -0.148660267208670E+003 -0.148660267208670E+003
  0.783719053555921E+000  0.162794002898846E+001  0.529192578195699E+000  0.498312101036712E+000 -0.131028262406404E+000 -0.148658901034096E+003 -0.148658901034096E+003
  0.762331551883548E+000  0.164368908391913E+001  0.563270523918315E+000  0.498451890576111E+000 -0.131028262406404E+000 -0.148659773298223E+003 -0.148659773298223E+003
  0.753580866558987E+000  0.164295660954580E+001  0.640167945261645E+000  0.498835615067304E+000 -0.131028262406404E+000 -0.148660515489915E+003 -0.148660515489915E+003
  0.776169717585618E+000  0.159718258226305E+001  0.694383578246601E+000  0.499803412195852E+000 -0.131028262406404E+000 -0.148659422810713E+003 -0.148659422810713E+003
  0.780264602936201E+000  0.164171428280081E+001  0.278578509777702E+000  0.497778004051304E+000 -0.131028262406404E+000 -0.148659134895419E+003 -0.148659134895419E+003
  0.801866105232293E+000  0.169161515590808E+001  0.838627477079912E+000  0.499255003793570E+000 -0.131028262406404E+000 -0.148659544385500E+003 -0.148659544385500E+003
  0.774403330389879E+000  0.163871904431554E+001  0.799861446824470E+000  0.499347797670629E+000 -0.131028262406404E+000 -0.148658120166722E+003 -0.148658120166722E+003
  0.799597068825302E+000  0.164471751969875E+001  0.480471851162161E+000  0.499513357993489E+000 -0.131028262406404E+000 -0.148658069240712E+003 -0.148658069240712E+003
  0.752034374703301E+000  0.164131555332462E+001  0.503773972367269E+000  0.499407092345331E+000 -0.131028262406404E+000 -0.148660227247224E+003 -0.148660227247224E+003
  0.801883876660253E+000  0.169548366443661E+001  0.491482378736792E+000  0.498292937771180E+000 -0.131028262406404E+000 -0.148660462708025E+003 -0.148660462708025E+003
  0.783279238735231E+000  0.169036235077023E+001  0.893696415438972E+000  0.498956690786012E+000 -0.131028262406404E+000 -0.148659398470251E+003 -0.148659398470251E+003
  0.781692606332342E+000  0.165814242199115E+001  0.447136193259453E+000  0.497550994919182E+000 -0.131028262406404E+000 -0.148659328419513E+003 -0.148659328419513E+003
  0.811791844720777E+000  0.166110596410492E+001  0.278677924917660E+000  0.499903883564310E+000 -0.131028262406404E+000 -0.148658847888362E+003 -0.148658847888362E+003
  0.794106386951800E+000  0.164189951510554E+001  0.283260413899088E+000  0.498190783685123E+000 -0.131028262406404E+000 -0.148658822988522E+003 -0.148658822988522E+003
  0.771212177310749E+000  0.164998813319681E+001  0.743699966436122E+000  0.497465012195779E+000 -0.131028262406404E+000 -0.148659842022147E+003 -0.148659842022147E+003
  0.782186756804500E+000  0.163861651642379E+001  0.480043690655511E+000  0.498091332465716E+000 -0.131028262406404E+000 -0.148658870622249E+003 -0.148658870622249E+003
  0.774528512596221E+000  0.159187034060575E+001  0.914108630393740E+000  0.499452035890876E+000 -0.131028262406404E+000 -0.148660161058105E+003 -0.148660161058105E+003
  0.801156674100983E+000  0.168694293761244E+001  0.512078870462975E+000  0.498444148757331E+000 -0.131028262406404E+000 -0.148659826157562E+003 -0.148659826157562E+003
  0.761782914770183E+000  0.166594746146612E+001  0.159095874141837E+000  0.498916882328664E+000 -0.131028262406404E+000 -0.148659762376084E+003 -0.148659762376084E+003
  0.784618629911732E+000  0.162987904151436E+001  0.449423332020650E+000  0.496779737887527E+000 -0.131028262406404E+000 -0.148660045226441E+003 -0.148660045226441E+003
  0.802195168651793E+000  0.162908313705199E+001  0.765187180409826E+000  0.497836795966379E+000 -0.131028262406404E+000 -0.148659767290579E+003 -0.148659767290579E+003
  0.799078779861933E+000  0.165972738879013E+001  0.356356002322122E+000  0.496500461252557E+000 -0.131028262406404E+000 -0.148660269679668E+003 -0.148660269679668E+003
  0.769594995945351E+000  0.164347880067605E+001  0.276740637891182E+000  0.498308941510454E+000 -0.131028262406404E+000 -0.148659243624894E+003 -0.148659243624894E+003
  0.779516933351797E+000  0.165470140427265E+001  0.131992072913458E+000  0.499686038442944E+000 -0.131028262406404E+000 -0.148657640584093E+003 -0.148657640584093E+003
  0.811674918226905E+000  0.164471442489768E+001  0.965957362879841E+000  0.498043618634222E+000 -0.131028262406404E+000 -0.148660100118091E+003 -0.148660100118091E+003
  0.788484634887857E+000  0.161257701504862E+001  0.567340794534344E+000  0.498622600528258E+000 -0.131028262406404E+000 -0.148659306345312E+003 -0.148659306345312E+003
  0.768848781385794E+000  0.164454942060716E+001  0.569811102026191E+000  0.498672183623737E+000 -0.131028262406404E+000 -0.148658991607377E+003 -0.148658991607377E+003
  0.791773214724798E+000  0.165177252284982E+001  0.795465299894877E+000  0.496108556709831E+000 -0.131028262406404E+000 -0.148660310338585E+003 -0.148660310338585E+003
  0.790596791110981E+000  0.165313909869625E+001  0.956463821785773E+000  0.497627826200934E+000 -0.131028262406404E+000 -0.148659139812524E+003 -0.148659139812524E+003
  0.782276054700099E+000  0.169418945130001E+001  0.250724254873184E+000  0.499665340343773E+000 -0.131028262406404E+000 -0.148659117200319E+003 -0.148659117200319E+003
  0.781027649683120E+000  0.169937063274674E+001  0.707026409553075E+000  0.499733135540929E+000 -0.131028262406404E+000 -0.148659470735719E+003 -0.148659470735719E+003
  0.810019264597190E+000  0.163770966082512E+001  0.204960497504553E+000  0.499587051186520E+000 -0.131028262406404E+000 -0.148658994409436E+003 -0.148658994409436E+003
  0.794653410210513E+000  0.170278913918268E+001  0.703792577964696E+000  0.499419424574669E+000 -0.131028262406404E+000 -0.148659895119964E+003 -0.148659895119964E+003
  0.794734759680662E+000  0.169265849064178E+001  0.188890962574235E+000  0.499948828704468E+000 -0.131028262406404E+000 -0.148658808395538E+003 -0.148658808395538E+003
  0.816679025849119E+000  0.167271693206472E+001  0.705163370737343E+000  0.499502574355216E+000 -0.131028262406404E+000 -0.148659913632972E+003 -0.148659913632972E+003
  0.797418923628756E+000  0.160675943514741E+001  0.332922989332272E+000  0.499874188674601E+000 -0.131028262406404E+000 -0.148659064840561E+003 -0.148659064840561E+003
  0.789067045233869E+000  0.168446553806542E+001  0.810922259469687E+000  0.498470795685777E+000 -0.131028262406404E+000 -0.148659371219552E+003 -0.148659371219552E+003
  0.807109456486997E+000  0.162514402907748E+001  0.604181613167450E+000  0.498371437601664E+000 -0.131028262406404E+000 -0.148659926685818E+003 -0.148659926685818E+003
  0.787510319643510E+000  0.162562519914638E+001  0.816361938432736E+000  0.498916246230082E+000 -0.131028262406404E+000 -0.148658504376955E+003 -0.148658504376955E+003
  0.790074610677821E+000  0.169787765534578E+001  0.140872958292252E+000  0.497906649054082E+000 -0.131028262406404E+000 -0.148660609818070E+003 -0.148660609818070E+003
  0.766505995004583E+000  0.167320290522389E+001  0.400863727861185E+000  0.497876222242804E+000 -0.131028262406404E+000 -0.148660423795282E+003 -0.148660423795282E+003
  0.786479879022620E+000  0.164720383860698E+001  0.993064000108946E-001  0.499807895196011E+000 -0.131028262406404E+000 -0.148657422522975E+003 -0.148657422522975E+003
  0.793862676723739E+000  0.168274585234186E+001  0.119561922643949E+000  0.498326832518925E+000 -0.131028262406404E+000 -0.148659443822767E+003 -0.148659443822767E+003
  0.767617708859981E+000  0.162565528515677E+001  0.777674836157822E+000  0.498391258226373E+000 -0.131028262406404E+000 -0.148659607907631E+003 -0.148659607907631E+003
  0.782965297868964E+000  0.165977510628362E+001  0.381147441313918E+000  0.498816253062813E+000 -0.131028262406404E+000 -0.148658319173051E+003 -0.148658319173051E+003
  0.794307237048079E+000  0.168175820896708E+001  0.223603959812518E+000  0.498208594942584E+000 -0.131028262406404E+000 -0.148659495325532E+003 -0.148659495325532E+003
  0.759972422397535E+000  0.165569600316810E+001  0.204864129037405E+000  0.498055751125965E+000 -0.131028262406404E+000 -0.148660476468652E+003 -0.148660476468652E+003
  0.767181687193065E+000  0.159912965565855E+001  0.150344738194803E+000  0.499888725091986E+000 -0.131028262406404E+000 -0.148659652207416E+003 -0.148659652207416E+003
  0.781389365847147E+000  0.167001380039727E+001  0.675969568976087E+000  0.497392889402099E+000 -0.131028262406404E+000 -0.148659742123560E+003 -0.148659742123560E+003
  0.809945145135432E+000  0.164538222551193E+001  0.752600835153853E+000  0.499994275092963E+000 -0.131028262406404E+000 -0.148658582519165E+003 -0.148658582519165E+003
  0.752742117464238E+000  0.167009677881641E+001  0.380523801517443E+000  0.499769974393923E+000 -0.131028262406404E+000 -0.148660331652833E+003 -0.148660331652833E+003
  0.785763480451126E+000  0.168141833077427E+001  0.665085427082393E+000  0.498241603946946E+000 -0.131028262406404E+000 -0.148659421316412E+003 -0.148659421316412E+003
  0.763479732884126E+000  0.162106618039538E+001  0.671261629832982E+000  0.499637237541228E+000 -0.131028262406404E+000 -0.148659042184504E+003 -0.148659042184504E+003
  0.776148311356390E+000  0.165576222117303E+001  0.877228984828652E+000  0.496558080175446E+000 -0.131028262406404E+000 -0.148660334237340E+003 -0.148660334237340E+003
  0.779898536676756E+000  0.159408682959673E+001  0.280884197235931E+000  0.499710647568068E+000 -0.131028262406404E+000 -0.148659652893501E+003 -0.148659652893501E+003
  0.819307229302181E+000  0.166690470214440E+001  0.373039350196790E+000  0.498803626303817E+000 -0.131028262406404E+000 -0.148660580145937E+003 -0.148660580145937E+003
  0.798008896996737E+000  0.170235930368058E+001  0.698008560693315E+000  0.498897148144457E+000 -0.131028262406404E+000 -0.148660338728125E+003 -0.148660338728125E+003
  0.770454973955567E+000  0.170024566526198E+001  0.213381918684273E+000  0.499888647019273E+000 -0.131028262406404E+000 -0.148660005551422E+003 -0.148660005551422E+003
  0.790209237549640E+000  0.169295566807376E+001  0.122377336381588E+000  0.498494656191672E+000 -0.131028262406404E+000 -0.148659838971892E+003 -0.148659838971892E+003
  0.803959775694970E+000  0.160704859419702E+001  0.772140823688341E+000  0.499393859604333E+000 -0.131028262406404E+000 -0.148659876350919E+003 -0.148659876350919E+003
  0.792072085548144E+000  0.168064481320829E+001  0.432494544119496E-001  0.496825118527547E+000 -0.131028262406404E+000 -0.148660451358417E+003 -0.148660451358417E+003
  0.763301116782124E+000  0.166890338266241E+001  0.614364045519687E+000  0.498337648669386E+000 -0.131028262406404E+000 -0.148660193860223E+003 -0.148660193860223E+003
  0.789508074158351E+000  0.164700890670069E+001  0.271402165043651E+000  0.496398453214798E+000 -0.131028262406404E+000 -0.148660070874514E+003 -0.148660070874514E+003
  0.813240659863079E+000  0.162260463938845E+001  0.463769341235556E+000  0.499936256939359E+000 -0.131028262406404E+000 -0.148659643979308E+003 -0.148659643979308E+003
  0.781652662675213E+000  0.166484063292627E+001  0.296197106872441E+000  0.499051590692714E+000 -0.131028262406404E+000 -0.148658267322816E+003 -0.148658267322816E+003
  0.790086452624058E+000  0.161201569773794E+001  0.178394223737502E+000  0.498489492738933E+000 -0.131028262406404E+000 -0.148659468940764E+003 -0.148659468940764E+003
  0.779510135652959E+000  0.164040167362851E+001  0.841311266199562E+000  0.496556042201768E+000 -0.131028262406404E+000 -0.148660158615645E+003 -0.148660158615645E+003
  0.764571977903749E+000  0.161817184457399E+001  0.284155182790557E+000  0.499859473290156E+000 -0.131028262406404E+000 -0.148658863482364E+003 -0.148658863482364E+003
  0.771603628463960E+000  0.161624865527170E+001  0.589184705169968E+000  0.499792577961593E+000 -0.131028262406404E+000 -0.148658514085375E+003 -0.148658514085375E+003
  0.799243853726550E+000  0.162785895913609E+001  0.191885394454102E+000  0.498819725455013E+000 -0.131028262406404E+000 -0.148658910011044E+003 -0.148658910011044E+003
  0.778656897360638E+000  0.162235628654036E+001  0.526934891463074E+000  0.498130060655486E+000 -0.131028262406404E+000 -0.148659329226031E+003 -0.148659329226031E+003
  0.786283252539092E+000  0.167473058803372E+001  0.154525406702593E-001  0.498488428235930E+000 -0.131028262406404E+000 -0.148658938598790E+003 -0.148658938598790E+003
  0.789175994069588E+000  0.166511431636001E+001  0.282732416264975E-002  0.499125582870417E+000 -0.131028262406404E+000 -0.148658151940699E+003 -0.148658151940699E+003
  0.803878132760315E+000  0.162944806289315E+001  0.739090485081356E+000  0.499936564109494E+000 -0.131028262406404E+000 -0.148658393006540E+003 -0.148658393006540E+003
  0.806992417823099E+000  0.166771458237368E+001  0.969412475798314E+000  0.497632922075809E+000 -0.131028262406404E+000 -0.148660067916071E+003 -0.148660067916071E+003
  0.787914927779527E+000  0.161366361121334E+001  0.947161540029361E+000  0.499389406227398E+000 -0.131028262406404E+000 -0.148658655251699E+003 -0.148658655251699E+003
  0.783138501711913E+000  0.165111578942200E+001  0.613903819338473E+000  0.499888545061837E+000 -0.131028262406404E+000 -0.148657378630994E+003 -0.148657378630994E+003
  0.776262389867946E+000  0.170000970691237E+001  0.605039529477362E+000  0.498952757301344E+000 -0.131028262406404E+000 -0.148660352799137E+003 -0.148660352799137E+003
  0.785195267791565E+000  0.161984065996385E+001  0.991723390890679E+000  0.499759503133410E+000 -0.131028262406404E+000 -0.148658054708688E+003 -0.148658054708688E+003
  0.797685120997807E+000  0.165599849024360E+001  0.960224824092953E+000  0.498514573342771E+000 -0.131028262406404E+000 -0.148658690709399E+003 -0.148658690709399E+003
  0.769119869370839E+000  0.161642215313146E+001  0.421208267880167E-001  0.497633807064866E+000 -0.131028262406404E+000 -0.148660458806037E+003 -0.148660458806037E+003
  0.809740983043690E+000  0.167618318596038E+001  0.505879550669401E+000  0.498394618392353E+000 -0.131028262406404E+000 -0.148660009073734E+003 -0.148660009073734E+003
  0.795278215467453E+000  0.169447165098240E+001  0.458777037453516E+000  0.498727133364733E+000 -0.131028262406404E+000 -0.148659832663472E+003 -0.148659832663472E+003
  0.768668317076347E+000  0.160378434849031E+001  0.160521777509582E+000  0.499020745221286E+000 -0.131028262406404E+000 -0.148659977508746E+003 -0.148659977508746E+003
  0.772765796814290E+000  0.161201192703458E+001  0.998773493225214E-001  0.498314565734746E+000 -0.131028262406404E+000 -0.148659866301811E+003 -0.148659866301811E+003
  0.779830621137298E+000  0.163100069513774E+001  0.398290929348971E+000  0.499932907976571E+000 -0.131028262406404E+000 -0.148657595330775E+003 -0.148657595330775E+003
  0.791358175819538E+000  0.169440269573409E+001  0.882251419606755E+000  0.498521479032652E+000 -0.131028262406404E+000 -0.148659917154788E+003 -0.148659917154788E+003
  0.800252941104093E+000  0.169122546121026E+001  0.991912459079631E+000  0.498727072791213E+000 -0.131028262406404E+000 -0.148659814093092E+003 -0.148659814093092E+003
  0.791174173190198E+000  0.167306489410042E+001  0.111678639005305E+000  0.497672234976211E+000 -0.131028262406404E+000 -0.148659504100530E+003 -0.148659504100530E+003
  0.761736656433032E+000  0.166232872727747E+001  0.231602735831046E+000  0.498540122213887E+000 -0.131028262406404E+000 -0.148659990902261E+003 -0.148659990902261E+003
  0.807231774916998E+000  0.168340504287526E+001  0.522744296110443E+000  0.499197211741129E+000 -0.131028262406404E+000 -0.148659527587601E+003 -0.148659527587601E+003
  0.817402218182809E+000  0.162765150984635E+001  0.139449788390903E+000  0.499849902729767E+000 -0.131028262406404E+000 -0.148660048441593E+003 -0.148660048441593E+003
  0.773009723356521E+000  0.165780004368233E+001  0.630388653812675E+000  0.499671943049935E+000 -0.131028262406404E+000 -0.148657978595336E+003 -0.148657978595336E+003
  0.769127847566152E+000  0.159658643101459E+001  0.991068287641464E+000  0.499311153599585E+000 -0.131028262406404E+000 -0.148660181902297E+003 -0.148660181902297E+003
  0.758797954987880E+000  0.161943233011196E+001  0.450004075325031E+000  0.499172014535088E+000 -0.131028262406404E+000 -0.148659975725708E+003 -0.148659975725708E+003
  0.782177349230223E+000  0.163379833010975E+001  0.632157294944065E-001  0.499542971375481E+000 -0.131028262406404E+000 -0.148657802288744E+003 -0.148657802288744E+003
  0.807516530164759E+000  0.161310532773229E+001  0.455774380714541E+000  0.499393974416713E+000 -0.131028262406404E+000 -0.148659843019401E+003 -0.148659843019401E+003
  0.795060918415824E+000  0.162605226765216E+001  0.283720420474810E+000  0.496476679980147E+000 -0.131028262406404E+000 -0.148660504780775E+003 -0.148660504780775E+003
  0.805346249961666E+000  0.169291644319727E+001  0.943909632692957E-001  0.498821326173199E+000 -0.131028262406404E+000 -0.148660142393915E+003 -0.148660142393915E+003
  0.773847660922579E+000  0.166477278806240E+001  0.598685548022667E+000  0.499998643847457E+000 -0.131028262406404E+000 -0.148657814126298E+003 -0.148657814126298E+003
  0.781407210019199E+000  0.166148361542240E+001  0.462293151371455E+000  0.497557695147543E+000 -0.131028262406404E+000 -0.148659389338162E+003 -0.148659389338162E+003
  0.789070504893652E+000  0.161777701895615E+001  0.274314983635600E+000  0.498326632325493E+000 -0.131028262406404E+000 -0.148659286961507E+003 -0.148659286961507E+003
  0.790657654587574E+000  0.167127968634212E+001  0.427488493068646E+000  0.498060858332970E+000 -0.131028262406404E+000 -0.148659145421691E+003 -0.148659145421691E+003
  0.794179193882443E+000  0.164748863124209E+001  0.770881980902374E+000  0.499942833340791E+000 -0.131028262406404E+000 -0.148657474680949E+003 -0.148657474680949E+003
  0.782908270576135E+000  0.160716758246932E+001  0.438892548196555E+000  0.499551316366505E+000 -0.131028262406404E+000 -0.148658856301400E+003 -0.148658856301400E+003
  0.812391002029540E+000  0.167809813140017E+001  0.189376784106908E+000  0.498050475650507E+000 -0.131028262406404E+000 -0.148660561579157E+003 -0.148660561579157E+003
  0.781643380793155E+000  0.160726522475243E+001  0.563492566713653E+000  0.497970799568521E+000 -0.131028262406404E+000 -0.148660101171544E+003 -0.148660101171544E+003
  0.798980026757204E+000  0.161190047638475E+001  0.516075488373665E+000  0.499602138324612E+000 -0.131028262406404E+000 -0.148659049333592E+003 -0.148659049333592E+003
  0.788427251416568E+000  0.163717847849144E+001  0.218957861217649E+000  0.499297007525796E+000 -0.131028262406404E+000 -0.148657928018869E+003 -0.148657928018869E+003
  0.782275414862796E+000  0.164885144794444E+001  0.739459241032228E+000  0.498817824942106E+000 -0.131028262406404E+000 -0.148658230513889E+003 -0.148658230513889E+003
  0.782980297424406E+000  0.169577991177092E+001  0.169873446483405E+000  0.499961547746971E+000 -0.131028262406404E+000 -0.148658977766476E+003 -0.148658977766476E+003
  0.772150026812654E+000  0.168234321072141E+001  0.677858201338520E-001  0.498953884195263E+000 -0.131028262406404E+000 -0.148659473562760E+003 -0.148659473562760E+003
  0.780190770718418E+000  0.167911128320708E+001  0.608919515835190E+000  0.498246843956072E+000 -0.131028262406404E+000 -0.148659454852676E+003 -0.148659454852676E+003
  0.788737072461674E+000  0.163615157738167E+001  0.330055916826207E+000  0.495858649806689E+000 -0.131028262406404E+000 -0.148660604238619E+003 -0.148660604238619E+003
  0.764355663592460E+000  0.167635583278312E+001  0.233029012670910E+000  0.498225828505054E+000 -0.131028262406404E+000 -0.148660476675282E+003 -0.148660476675282E+003
  0.818106439269233E+000  0.163813103059829E+001  0.213730526953714E-001  0.499443363664340E+000 -0.131028262406404E+000 -0.148660083520992E+003 -0.148660083520992E+003
  0.815513765444861E+000  0.163327231529218E+001  0.996927840553626E+000  0.498610262624512E+000 -0.131028262406404E+000 -0.148660409977911E+003 -0.148660409977911E+003
  0.794890657595381E+000  0.167852318033701E+001  0.609581869848364E+000  0.497675794968042E+000 -0.131028262406404E+000 -0.148659765172271E+003 -0.148659765172271E+003
  0.786908714520520E+000  0.169766670318519E+001  0.786052817253391E+000  0.499574435328391E+000 -0.131028262406404E+000 -0.148659345448238E+003 -0.148659345448238E+003
  0.786637597873258E+000  0.167643988200770E+001  0.616651970358628E+000  0.498145757610022E+000 -0.131028262406404E+000 -0.148659267419468E+003 -0.148659267419468E+003
  0.779386646531662E+000  0.161360919784123E+001  0.872450820616218E+000  0.498658101554712E+000 -0.131028262406404E+000 -0.148659257492204E+003 -0.148659257492204E+003
  0.790749685387029E+000  0.167450680169000E+001  0.548354498059821E+000  0.499298200398258E+000 -0.131028262406404E+000 -0.148658317465858E+003 -0.148658317465858E+003
  0.781141117277139E+000  0.158958261408280E+001  0.695167605743632E+000  0.499149685617164E+000 -0.131028262406404E+000 -0.148660444376068E+003 -0.148660444376068E+003
  0.790126088692448E+000  0.160772175171343E+001  0.223306955934497E+000  0.498281969149254E+000 -0.131028262406404E+000 -0.148659871723773E+003 -0.148659871723773E+003
  0.791831876281435E+000  0.162873489716369E+001  0.434111893443956E+000  0.497183831695260E+000 -0.131028262406404E+000 -0.148659797603631E+003 -0.148659797603631E+003
  0.763684425889758E+000  0.164992926488480E+001  0.430518699051700E+000  0.499539378994074E+000 -0.131028262406404E+000 -0.148658718534566E+003 -0.148658718534566E+003
  0.803982712279143E+000  0.164245268613330E+001  0.362362547079628E+000  0.496481304483067E+000 -0.131028262406404E+000 -0.148660555545066E+003 -0.148660555545066E+003
  0.786962703302386E+000  0.162603960498668E+001  0.809790828634985E+000  0.497450030047338E+000 -0.131028262406404E+000 -0.148659621574462E+003 -0.148659621574462E+003
  0.814344317857859E+000  0.163163400454739E+001  0.544786928614867E+000  0.498349403798304E+000 -0.131028262406404E+000 -0.148660487512363E+003 -0.148660487512363E+003
  0.784933163718104E+000  0.163176018779933E+001  0.979803210421138E+000  0.498448439313652E+000 -0.131028262406404E+000 -0.148658683792795E+003 -0.148658683792795E+003
  0.763517771783850E+000  0.163444128912130E+001  0.169309157777416E+000  0.498051781255599E+000 -0.131028262406404E+000 -0.148660071795791E+003 -0.148660071795791E+003
  0.779815995770668E+000  0.163976016175446E+001  0.564801394048967E+000  0.496768413636960E+000 -0.131028262406404E+000 -0.148659982335017E+003 -0.148659982335017E+003
  0.789378577890041E+000  0.171157712638624E+001  0.629115910964879E+000  0.499851704811291E+000 -0.131028262406404E+000 -0.148660251299224E+003 -0.148660251299224E+003
  0.796318889389412E+000  0.163267295238161E+001  0.834693048429274E+000  0.499156220366043E+000 -0.131028262406404E+000 -0.148658365233807E+003 -0.148658365233807E+003
  0.789149470172232E+000  0.166719041486138E+001  0.336060414907134E+000  0.497831182126578E+000 -0.131028262406404E+000 -0.148659195263956E+003 -0.148659195263956E+003
  0.791127857259533E+000  0.169837031484750E+001  0.470516790305254E-001  0.498610527869871E+000 -0.131028262406404E+000 -0.148660117544811E+003 -0.148660117544811E+003
  0.804113231049732E+000  0.166767852825820E+001  0.417800530229469E-001  0.498177816116878E+000 -0.131028262406404E+000 -0.148659473797668E+003 -0.148659473797668E+003
  0.766189928966659E+000  0.168393138674793E+001  0.795778353031789E+000  0.499650282513653E+000 -0.131028262406404E+000 -0.148659468901017E+003 -0.148659468901017E+003
  0.804998288437758E+000  0.164874781332859E+001  0.676458346958788E+000  0.498403276672685E+000 -0.131028262406404E+000 -0.148659205015864E+003 -0.148659205015864E+003
  0.808495475144270E+000  0.165497249946622E+001  0.960953456622481E+000  0.497263855538494E+000 -0.131028262406404E+000 -0.148660286107093E+003 -0.148660286107093E+003
  0.770309206212629E+000  0.161832288590413E+001  0.177260136398885E+000  0.499726645479033E+000 -0.131028262406404E+000 -0.148658555237393E+003 -0.148658555237393E+003
  0.796351114895024E+000  0.169267242140932E+001  0.202008639352234E+000  0.499259766005675E+000 -0.131028262406404E+000 -0.148659361071395E+003 -0.148659361071395E+003
  0.794527463486536E+000  0.168741040080943E+001  0.411339990214999E+000  0.499711676155305E+000 -0.131028262406404E+000 -0.148658671285655E+003 -0.148658671285655E+003
  0.771701996595472E+000  0.163798963303376E+001  0.426753565332624E+000  0.499057033595850E+000 -0.131028262406404E+000 -0.148658516801997E+003 -0.148658516801997E+003
  0.774398434984417E+000  0.166127912137551E+001  0.925092005003165E-001  0.498601968207584E+000 -0.131028262406404E+000 -0.148658845136807E+003 -0.148658845136807E+003
  0.796253567330707E+000  0.159696415317067E+001  0.928988519188391E+000  0.499543588643569E+000 -0.131028262406404E+000 -0.148659929366815E+003 -0.148659929366815E+003
  0.778782351514861E+000  0.170650924992505E+001  0.333418876631681E+000  0.499585222996565E+000 -0.131028262406404E+000 -0.148660249580129E+003 -0.148660249580129E+003
  0.809648817234349E+000  0.163850053830957E+001  0.826668080482177E+000  0.497612875253647E+000 -0.131028262406404E+000 -0.148660291711777E+003 -0.148660291711777E+003
  0.817087653481918E+000  0.163919026498908E+001  0.545195408786891E+000  0.498706837457806E+000 -0.131028262406404E+000 -0.148660399030554E+003 -0.148660399030554E+003
  0.794295520677161E+000  0.164907350928664E+001  0.347760833071176E+000  0.499978551506154E+000 -0.131028262406404E+000 -0.148657448457844E+003 -0.148657448457844E+003
  0.775812617863257E+000  0.170046649343488E+001  0.975350940797877E+000  0.499286141047427E+000 -0.131028262406404E+000 -0.148660146444717E+003 -0.148660146444717E+003
  0.759056163687029E+000  0.164417589591400E+001  0.593609366498898E+000  0.499206953331376E+000 -0.131028262406404E+000 -0.148659479360244E+003 -0.148659479360244E+003
  0.789268598915564E+000  0.162344723582547E+001  0.454181186743738E+000  0.499753791115566E+000 -0.131028262406404E+000 -0.148657968800814E+003 -0.148657968800814E+003
  0.769619757582952E+000  0.160221994941605E+001  0.967823877933118E+000  0.498397571793179E+000 -0.131028262406404E+000 -0.148660530479583E+003 -0.148660530479583E+003
  0.765494180876124E+000  0.167289900928893E+001  0.226941300971398E+000  0.498939880621391E+000 -0.131028262406404E+000 -0.148659604536237E+003 -0.148659604536237E+003
  0.780679220904580E+000  0.160660314070837E+001  0.579922212971795E+000  0.498078295545483E+000 -0.131028262406404E+000 -0.148660070700886E+003 -0.148660070700886E+003
  0.774463795346810E+000  0.160083786395461E+001  0.912169478310369E+000  0.499730078107534E+000 -0.131028262406404E+000 -0.148659283893932E+003 -0.148659283893932E+003
  0.776763484022961E+000  0.162236862288777E+001  0.931303716308413E+000  0.499202076117751E+000 -0.131028262406404E+000 -0.148658525730674E+003 -0.148658525730674E+003
  0.802980958799550E+000  0.167353842552900E+001  0.703700475043865E+000  0.497543682961392E+000 -0.131028262406404E+000 -0.148660013335303E+003 -0.148660013335303E+003
  0.797055876966843E+000  0.158873727477181E+001  0.243788521093877E+000  0.499603944005458E+000 -0.131028262406404E+000 -0.148660625827427E+003 -0.148660625827427E+003
  0.803673680393076E+000  0.162710922345902E+001  0.853321076479170E+000  0.498234543648215E+000 -0.131028262406404E+000 -0.148659657890955E+003 -0.148659657890955E+003
  0.795229670660846E+000  0.160840428247125E+001  0.803636908491609E+000  0.498532725267159E+000 -0.131028262406404E+000 -0.148659821507938E+003 -0.148659821507938E+003
  0.790140029631960E+000  0.160408767812715E+001  0.615872780068261E+000  0.499379343687135E+000 -0.131028262406404E+000 -0.148659274083290E+003 -0.148659274083290E+003
  0.791809522955290E+000  0.161996195812799E+001  0.940448040207661E+000  0.497333994129959E+000 -0.131028262406404E+000 -0.148660001044961E+003 -0.148660001044961E+003
  0.789150971724501E+000  0.166025404830607E+001  0.878469464290732E+000  0.498815538868439E+000 -0.131028262406404E+000 -0.148658293299334E+003 -0.148658293299334E+003
  0.808286867293717E+000  0.166245132018308E+001  0.424340825577671E+000  0.497262707750778E+000 -0.131028262406404E+000 -0.148660334999197E+003 -0.148660334999197E+003
  0.799184566626825E+000  0.163690277796503E+001  0.958086672091889E+000  0.497825638386752E+000 -0.131028262406404E+000 -0.148659387506677E+003 -0.148659387506677E+003
  0.801108546708327E+000  0.168785554822443E+001  0.987966749791927E+000  0.499304118437847E+000 -0.131028262406404E+000 -0.148659258075860E+003 -0.148659258075860E+003
  0.781817686584129E+000  0.158454728979148E+001  0.414905946467247E+000  0.499573094398436E+000 -0.131028262406404E+000 -0.148660557587125E+003 -0.148660557587125E+003
  0.807581335154008E+000  0.161505721332353E+001  0.200424659781607E+000  0.498274055456362E+000 -0.131028262406404E+000 -0.148660510419214E+003 -0.148660510419214E+003
  0.791927143191000E+000  0.170648202416386E+001  0.412205768339662E+000  0.499313356694969E+000 -0.131028262406404E+000 -0.148660221679806E+003 -0.148660221679806E+003
  0.772618560014349E+000  0.165400944599686E+001  0.178346888070780E-001  0.499673749262044E+000 -0.131028262406404E+000 -0.148657946983513E+003 -0.148657946983513E+003
  0.772802900944188E+000  0.165908114615394E+001  0.198511645986770E-001  0.497590572696330E+000 -0.131028262406404E+000 -0.148659736429785E+003 -0.148659736429785E+003
  0.759218735402253E+000  0.166082724748874E+001  0.823479827290548E+000  0.498325754995101E+000 -0.131028262406404E+000 -0.148660436179147E+003 -0.148660436179147E+003
  0.775696152249828E+000  0.162688324007753E+001  0.968291714878678E+000  0.498458308399322E+000 -0.131028262406404E+000 -0.148659026090539E+003 -0.148659026090539E+003
