  0.500784808706612E+000  0.513072767454914E+000  0.885176223624504E+000  0.499935836799879E+000 -0.131028262406404E+000 -0.152656906425739E+003 -0.152656906425739E+003
  0.463787773632957E+000  0.515894028909038E+000  0.822351842329646E+000  0.499437403857923E+000 -0.131028262406404E+000 -0.152658860200789E+003 -0.152658860200789E+003
  0.504147106234718E+000  0.532703426895140E+000  0.786553433772507E+000  0.498250610464775E+000 -0.131028262406404E+000 -0.152661789504889E+003 -0.152661789504889E+003
  0.455256085053948E+000  0.508330277762529E+000  0.853556243878510E+000  0.499065016480895E+000 -0.131028262406404E+000 -0.152659183573933E+003 -0.152659183573933E+003
  0.516926922385179E+000  0.525388356297590E+000  0.962667627310459E+000  0.497508066140452E+000 -0.131028262406404E+000 -0.152662009755914E+003 -0.152662009755914E+003
  0.524281574609827E+000  0.520696823517742E+000  0.957920261833425E+000  0.496848537051817E+000 -0.131028262406404E+000 -0.152662400493974E+003 -0.152662400493974E+003
  0.453182923221846E+000  0.513782281056792E+000  0.948523909768329E+000  0.498921128361169E+000 -0.131028262406404E+000 -0.152660075856278E+003 -0.152660075856278E+003
  0.518229583003988E+000  0.527006523063089E+000  0.990498281295037E+000  0.498319335350539E+000 -0.131028262406404E+000 -0.152661581147089E+003 -0.152661581147089E+003
  0.532812509168284E+000  0.508096213028921E+000  0.802337165300818E+000  0.499312851939803E+000 -0.131028262406404E+000 -0.152658424559168E+003 -0.152658424559168E+003
  0.493643025441165E+000  0.546286786451824E+000  0.717341286249830E+000  0.499562506970786E+000 -0.131028262406404E+000 -0.152662376300179E+003 -0.152662376300179E+003
  0.488977086136212E+000  0.512427082106090E+000  0.668989535734331E+000  0.497987191096073E+000 -0.131028262406404E+000 -0.152658707542923E+003 -0.152658707542923E+003
  0.512252494353746E+000  0.510428521718716E+000  0.903921032794760E+000  0.498584171876975E+000 -0.131028262406404E+000 -0.152658162066937E+003 -0.152658162066937E+003
  0.485985591935956E+000  0.513735286791862E+000  0.945031840992444E+000  0.496453347867836E+000 -0.131028262406404E+000 -0.152660427776435E+003 -0.152660427776435E+003
  0.484352032513585E+000  0.546176992401681E+000  0.676204037180524E+000  0.499725475195421E+000 -0.131028262406404E+000 -0.152662002437680E+003 -0.152662002437680E+003
  0.491006856761145E+000  0.526899651262165E+000  0.887405973980549E+000  0.499944684236224E+000 -0.131028262406404E+000 -0.152658839258353E+003 -0.152658839258353E+003
  0.446570318272921E+000  0.504447675753576E+000  0.935351833301227E+000  0.496760050794368E+000 -0.131028262406404E+000 -0.152661978572339E+003 -0.152661978572339E+003
  0.472240604548740E+000  0.509882914859570E+000  0.878528116262744E+000  0.497213710378663E+000 -0.131028262406404E+000 -0.152659735690486E+003 -0.152659735690486E+003
  0.532885216432668E+000  0.509045669595061E+000  0.957246800434509E+000  0.495711037414710E+000 -0.131028262406404E+000 -0.152662185818550E+003 -0.152662185818550E+003
  0.473204305318126E+000  0.512230939122006E+000  0.769623550999192E+000  0.496133973315447E+000 -0.131028262406404E+000 -0.152661001337274E+003 -0.152661001337274E+003
  0.496708896595556E+000  0.530166726468215E+000  0.936061197143293E+000  0.499995772593575E+000 -0.131028262406404E+000 -0.152659371254833E+003 -0.152659371254833E+003
  0.526550213455676E+000  0.519442529384584E+000  0.844024389780409E+000  0.497725014288899E+000 -0.131028262406404E+000 -0.152661488395453E+003 -0.152661488395453E+003
  0.510324591052343E+000  0.512081090131168E+000  0.833688361782317E+000  0.495562600474265E+000 -0.131028262406404E+000 -0.152661328126910E+003 -0.152661328126910E+003
  0.505119010583202E+000  0.526559351879964E+000  0.801158852838629E+000  0.499511133659289E+000 -0.131028262406404E+000 -0.152659541862939E+003 -0.152659541862939E+003
  0.486497163023672E+000  0.525866354744481E+000  0.698747485964086E+000  0.496213794228291E+000 -0.131028262406404E+000 -0.152662371123354E+003 -0.152662371123354E+003
  0.489365514981616E+000  0.529750931999175E+000  0.996803430186912E+000  0.498780221783858E+000 -0.131028262406404E+000 -0.152660410837125E+003 -0.152660410837125E+003
  0.470987503766324E+000  0.533971683476750E+000  0.809747724919722E+000  0.499374121616293E+000 -0.131028262406404E+000 -0.152660748296509E+003 -0.152660748296509E+003
  0.528363809486719E+000  0.514865419198351E+000  0.957419529151044E+000  0.496672594604078E+000 -0.131028262406404E+000 -0.152661869037755E+003 -0.152661869037755E+003
  0.496007411764479E+000  0.504258319906431E+000  0.878696950510188E+000  0.499615996253185E+000 -0.131028262406404E+000 -0.152655964655264E+003 -0.152655964655264E+003
  0.481124800090268E+000  0.518925557432866E+000  0.756606459777701E+000  0.499588527317652E+000 -0.131028262406404E+000 -0.152658184343439E+003 -0.152658184343439E+003
  0.479981550659715E+000  0.522372315091648E+000  0.955473437288141E+000  0.497415785531622E+000 -0.131028262406404E+000 -0.152660795497724E+003 -0.152660795497724E+003
  0.438063442794630E+000  0.512846202437024E+000  0.899013113383604E+000  0.498728781612004E+000 -0.131028262406404E+000 -0.152662032035890E+003 -0.152662032035890E+003
  0.478038234929665E+000  0.543202521468227E+000  0.685762404033696E+000  0.499161197959004E+000 -0.131028262406404E+000 -0.152662109518310E+003 -0.152662109518310E+003
  0.499572470562564E+000  0.517403193269340E+000  0.775776090759044E+000  0.496659406413031E+000 -0.131028262406404E+000 -0.152660752225847E+003 -0.152660752225847E+003
  0.438525307757014E+000  0.500075253230223E+000  0.912647280863579E+000  0.497978241291011E+000 -0.131028262406404E+000 -0.152661609192718E+003 -0.152661609192718E+003
  0.463863995279856E+000  0.509271830553210E+000  0.765073739810954E+000  0.497057422017994E+000 -0.131028262406404E+000 -0.152660391607198E+003 -0.152660391607198E+003
  0.456909924592215E+000  0.516656302658351E+000  0.919596784678581E+000  0.498319041562596E+000 -0.131028262406404E+000 -0.152660582975742E+003 -0.152660582975742E+003
  0.492202388799919E+000  0.521775230132725E+000  0.666670842519466E+000  0.496528823266015E+000 -0.131028262406404E+000 -0.152661452683415E+003 -0.152661452683415E+003
  0.530514438082756E+000  0.505243500136645E+000  0.790920862026108E+000  0.498408990545567E+000 -0.131028262406404E+000 -0.152658620518534E+003 -0.152658620518534E+003
  0.539638677007094E+000  0.524762734116111E+000  0.670520538399400E+000  0.499697753262426E+000 -0.131028262406404E+000 -0.152661945808206E+003 -0.152661945808206E+003
  0.482680176981110E+000  0.503553944657429E+000  0.903261591462233E+000  0.496254218290700E+000 -0.131028262406404E+000 -0.152659400778233E+003 -0.152659400778233E+003
  0.476772419663270E+000  0.523827856797380E+000  0.646157192915636E+000  0.499693997942096E+000 -0.131028262406404E+000 -0.152658864880759E+003 -0.152658864880759E+003
  0.520116604692600E+000  0.522203123234808E+000  0.869062255216058E+000  0.498470637420664E+000 -0.131028262406404E+000 -0.152660710575171E+003 -0.152660710575171E+003
  0.494012075239602E+000  0.500825282415462E+000  0.876680861740860E+000  0.492948546819439E+000 -0.131028262406404E+000 -0.152661982175883E+003 -0.152661982175883E+003
  0.512576506157159E+000  0.523587535834773E+000  0.973312325616590E+000  0.498276192472636E+000 -0.131028262406404E+000 -0.152660644339632E+003 -0.152660644339632E+003
  0.474638230525595E+000  0.517933787807260E+000  0.908713914523541E+000  0.496495982648056E+000 -0.131028262406404E+000 -0.152661292873073E+003 -0.152661292873073E+003
  0.500181506431516E+000  0.521057485383574E+000  0.660293876185234E+000  0.498271020065124E+000 -0.131028262406404E+000 -0.152659734122318E+003 -0.152659734122318E+003
  0.530316439462992E+000  0.504259058630709E+000  0.951243485013339E+000  0.498569583891982E+000 -0.131028262406404E+000 -0.152658276526564E+003 -0.152658276526564E+003
  0.525384672854307E+000  0.505846899307661E+000  0.651398993096566E+000  0.496215631708529E+000 -0.131028262406404E+000 -0.152660499928715E+003 -0.152660499928715E+003
  0.504702087161635E+000  0.529542499606416E+000  0.893670949979041E+000  0.498536085632951E+000 -0.131028262406404E+000 -0.152660993051449E+003 -0.152660993051449E+003
  0.458140116271336E+000  0.521235139437479E+000  0.840503907888606E+000  0.497755604013742E+000 -0.131028262406404E+000 -0.152661520024039E+003 -0.152661520024039E+003
  0.513459805238260E+000  0.516262892117783E+000  0.884507183251519E+000  0.496839085871985E+000 -0.131028262406404E+000 -0.152660890212233E+003 -0.152660890212233E+003
  0.515288964840960E+000  0.512317952480541E+000  0.780944688939560E+000  0.497226281250541E+000 -0.131028262406404E+000 -0.152659950841096E+003 -0.152659950841096E+003
  0.457903208644599E+000  0.508652618162018E+000  0.799637900110278E+000  0.497436572636805E+000 -0.131028262406404E+000 -0.152660487385213E+003 -0.152660487385213E+003
  0.524632978645775E+000  0.525534305169667E+000  0.635325919259047E+000  0.498471801069192E+000 -0.131028262406404E+000 -0.152661691802978E+003 -0.152661691802978E+003
  0.452413857633112E+000  0.527771925670185E+000  0.748729121673661E+000  0.498722499491800E+000 -0.131028262406404E+000 -0.152661835282441E+003 -0.152661835282441E+003
  0.469464665597195E+000  0.521079567676197E+000  0.711780253200690E+000  0.498332941032571E+000 -0.131028262406404E+000 -0.152660162429987E+003 -0.152660162429987E+003
  0.457873540369136E+000  0.506811768689379E+000  0.705129806328688E+000  0.497112463134467E+000 -0.131028262406404E+000 -0.152660609091431E+003 -0.152660609091431E+003
  0.513455258325673E+000  0.506276315933122E+000  0.867006374107556E+000  0.494566715514198E+000 -0.131028262406404E+000 -0.152661519501685E+003 -0.152661519501685E+003
  0.515296776515050E+000  0.515036647931595E+000  0.982995571435360E+000  0.497227088892731E+000 -0.131028262406404E+000 -0.152660400008690E+003 -0.152660400008690E+003
  0.472191760780283E+000  0.522703004014150E+000  0.640808291222926E+000  0.498317371013457E+000 -0.131028262406404E+000 -0.152660243121608E+003 -0.152660243121608E+003
  0.512866966149502E+000  0.502382131021532E+000  0.708787866308669E+000  0.493844688097763E+000 -0.131028262406404E+000 -0.152661596427422E+003 -0.152661596427422E+003
  0.499917593744123E+000  0.527154892363265E+000  0.938879616372327E+000  0.497741334137004E+000 -0.131028262406404E+000 -0.152661217330043E+003 -0.152661217330043E+003
  0.451923836822975E+000  0.518979393396126E+000  0.852814760639765E+000  0.499725518927907E+000 -0.131028262406404E+000 -0.152659975930463E+003 -0.152659975930463E+003
  0.461713547557118E+000  0.518036605558622E+000  0.942762474013533E+000  0.496401866888407E+000 -0.131028262406404E+000 -0.152662169108328E+003 -0.152662169108328E+003
  0.475254174404297E+000  0.528644997803351E+000  0.877043855109064E+000  0.499816284542757E+000 -0.131028262406404E+000 -0.152659439499035E+003 -0.152659439499035E+003
  0.512959761269469E+000  0.519227945868834E+000  0.966889149144723E+000  0.496308492735578E+000 -0.131028262406404E+000 -0.152661889524711E+003 -0.152661889524711E+003
  0.467697184283483E+000  0.521562999011041E+000  0.715496509368838E+000  0.497962041294991E+000 -0.131028262406404E+000 -0.152660681195955E+003 -0.152660681195955E+003
  0.446929428834863E+000  0.533353742033067E+000  0.952695181551621E+000  0.499470249022701E+000 -0.131028262406404E+000 -0.152662278972133E+003 -0.152662278972133E+003
  0.538347498595050E+000  0.518633406827780E+000  0.819572254979753E+000  0.499906568561015E+000 -0.131028262406404E+000 -0.152660363568011E+003 -0.152660363568011E+003
  0.511203434984185E+000  0.522336157923706E+000  0.977504904375439E+000  0.496943411457154E+000 -0.131028262406404E+000 -0.152661686472223E+003 -0.152661686472223E+003
  0.471025670476263E+000  0.521853375888233E+000  0.894032421851491E+000  0.497764122987958E+000 -0.131028262406404E+000 -0.152660728377975E+003 -0.152660728377975E+003
  0.539188060229649E+000  0.504908571308266E+000  0.925384147448996E+000  0.497920392347860E+000 -0.131028262406404E+000 -0.152659854258513E+003 -0.152659854258513E+003
  0.487498764464136E+000  0.500499032687696E+000  0.651702075991162E+000  0.496932407412456E+000 -0.131028262406404E+000 -0.152658212820292E+003 -0.152658212820292E+003
  0.533758063917340E+000  0.523454510833766E+000  0.650114940196833E+000  0.498884327259313E+000 -0.131028262406404E+000 -0.152661803266491E+003 -0.152661803266491E+003
  0.500172613412863E+000  0.530085119168817E+000  0.642035912975605E+000  0.499326680241774E+000 -0.131028262406404E+000 -0.152660120214908E+003 -0.152660120214908E+003
  0.515822684743108E+000  0.515814292418026E+000  0.694773456419866E+000  0.496728716273585E+000 -0.131028262406404E+000 -0.152661056112708E+003 -0.152661056112708E+003
  0.510764866921787E+000  0.517751234002294E+000  0.637512082698660E+000  0.499122636888398E+000 -0.131028262406404E+000 -0.152658735121007E+003 -0.152658735121007E+003
  0.467029705098679E+000  0.503387155334595E+000  0.907995194286767E+000  0.499273821269843E+000 -0.131028262406404E+000 -0.152657413930824E+003 -0.152657413930824E+003
  0.543020084089724E+000  0.501178306561097E+000  0.863242070154493E+000  0.497647549460667E+000 -0.131028262406404E+000 -0.152659850579351E+003 -0.152659850579351E+003
  0.536223552556781E+000  0.504343467994597E+000  0.857845351798266E+000  0.497623077020111E+000 -0.131028262406404E+000 -0.152659750355585E+003 -0.152659750355585E+003
  0.522038006886643E+000  0.517503405992819E+000  0.683787143743084E+000  0.496590826650759E+000 -0.131028262406404E+000 -0.152661903112764E+003 -0.152661903112764E+003
  0.447320783117840E+000  0.502889479597771E+000  0.975599576102735E+000  0.497022740645271E+000 -0.131028262406404E+000 -0.152661500494590E+003 -0.152661500494590E+003
  0.454015940899702E+000  0.524567084434543E+000  0.699110807253576E+000  0.498013091520815E+000 -0.131028262406404E+000 -0.152662008139958E+003 -0.152662008139958E+003
  0.442404472125932E+000  0.507646102228806E+000  0.720107714486392E+000  0.498938756783097E+000 -0.131028262406404E+000 -0.152660781905918E+003 -0.152660781905918E+003
  0.489282585284355E+000  0.522328245786308E+000  0.712414079726229E+000  0.496242175916328E+000 -0.131028262406404E+000 -0.152661812908082E+003 -0.152661812908082E+003
  0.503360777316412E+000  0.511479199293567E+000  0.716948412274634E+000  0.497757237710666E+000 -0.131028262406404E+000 -0.152658852308095E+003 -0.152658852308095E+003
  0.461115108768109E+000  0.515952533021313E+000  0.937790920423957E+000  0.498679765800004E+000 -0.131028262406404E+000 -0.152659799464213E+003 -0.152659799464213E+003
  0.471708234854934E+000  0.506047088768905E+000  0.817455956245662E+000  0.495286282930447E+000 -0.131028262406404E+000 -0.152661168740566E+003 -0.152661168740566E+003
  0.502115037175418E+000  0.504168662956515E+000  0.809330744365905E+000  0.495830551093658E+000 -0.131028262406404E+000 -0.152659646531690E+003 -0.152659646531690E+003
  0.542314670849073E+000  0.510237665945540E+000  0.973299792451799E+000  0.497071791549740E+000 -0.131028262406404E+000 -0.152662049418093E+003 -0.152662049418093E+003
  0.514916073420903E+000  0.532340642112553E+000  0.907726457859433E+000  0.499649612599556E+000 -0.131028262406404E+000 -0.152660961037282E+003 -0.152660961037282E+003
  0.450827033137677E+000  0.524241354426087E+000  0.866575152307618E+000  0.499294263384411E+000 -0.131028262406404E+000 -0.152661052583353E+003 -0.152661052583353E+003
  0.503799897166907E+000  0.520560575258080E+000  0.698573666025330E+000  0.497165142015651E+000 -0.131028262406404E+000 -0.152660853419590E+003 -0.152660853419590E+003
  0.442049822555881E+000  0.509692463451868E+000  0.822100555790720E+000  0.498637767729485E+000 -0.131028262406404E+000 -0.152661287306344E+003 -0.152661287306344E+003
  0.529430089588936E+000  0.517605840561712E+000  0.703079576828923E+000  0.496743634029946E+000 -0.131028262406404E+000 -0.152662399308286E+003 -0.152662399308286E+003
  0.530809019329704E+000  0.505923578996408E+000  0.908004728449594E+000  0.499089355291487E+000 -0.131028262406404E+000 -0.152658090273705E+003 -0.152658090273705E+003
  0.479028614016521E+000  0.529096393621186E+000  0.947009816880694E+000  0.499249252802842E+000 -0.131028262406404E+000 -0.152659949340647E+003 -0.152659949340647E+003
  0.487499968484561E+000  0.500124843249901E+000  0.828995905751737E+000  0.498957834598658E+000 -0.131028262406404E+000 -0.152656226551730E+003 -0.152656226551730E+003
  0.446759047137572E+000  0.504381669725604E+000  0.779412227639354E+000  0.498937638384923E+000 -0.131028262406404E+000 -0.152659924131958E+003 -0.152659924131958E+003
  0.498709279004143E+000  0.534304154313871E+000  0.862658536879014E+000  0.499041682313092E+000 -0.131028262406404E+000 -0.152661049303841E+003 -0.152661049303841E+003
  0.473231096795151E+000  0.529075445052349E+000  0.911518195577672E+000  0.499160291357210E+000 -0.131028262406404E+000 -0.152660211045394E+003 -0.152660211045394E+003
  0.452188718169840E+000  0.508525353859025E+000  0.880416326864518E+000  0.497984882418095E+000 -0.131028262406404E+000 -0.152660545365485E+003 -0.152660545365485E+003
  0.471890765490672E+000  0.500882225479437E+000  0.930518410537291E+000  0.496902007578875E+000 -0.131028262406404E+000 -0.152659036199464E+003 -0.152659036199464E+003
