  0.403445306121090E+000  0.198024144594550E+001  0.407360182285053E+000  0.236968210741813E+000 -0.131028262406404E+000 -0.139950587111171E+003 -0.139950587111171E+003
  0.393241868079532E+000  0.198548925459115E+001  0.876952819998631E+000  0.242791076549537E+000 -0.131028262406404E+000 -0.139950561283309E+003 -0.139950561283309E+003
  0.396874277970996E+000  0.198299649459713E+001  0.753780303716415E+000  0.237891551104364E+000 -0.131028262406404E+000 -0.139950564465355E+003 -0.139950564465355E+003
  0.386333921444198E+000  0.199115792446565E+001  0.279147104521194E+000  0.241156450784275E+000 -0.131028262406404E+000 -0.139950568037901E+003 -0.139950568037901E+003
  0.403762234594927E+000  0.199231705644115E+001  0.218045188940269E+000  0.230190175870819E+000 -0.131028262406404E+000 -0.139950561827940E+003 -0.139950561827940E+003
  0.399391802065137E+000  0.199470483986060E+001  0.245712979145269E+000  0.242626113517408E+000 -0.131028262406404E+000 -0.139950568218049E+003 -0.139950568218049E+003
  0.387198328121431E+000  0.198647331891437E+001  0.374851099657769E-001  0.240427520624697E+000 -0.131028262406404E+000 -0.139950582030375E+003 -0.139950582030375E+003
  0.420673876610835E+000  0.199983372664428E+001  0.348024390831823E+000  0.228576848057934E+000 -0.131028262406404E+000 -0.139950561022168E+003 -0.139950561022168E+003
  0.409500877830717E+000  0.199492072434268E+001  0.690171660468418E+000  0.225315983983891E+000 -0.131028262406404E+000 -0.139950579833138E+003 -0.139950579833138E+003
  0.402387939649969E+000  0.198926168072081E+001  0.777610822045753E+000  0.233576913671950E+000 -0.131028262406404E+000 -0.139950549315817E+003 -0.139950549315817E+003
  0.382414358040925E+000  0.199735821046079E+001  0.814220223243431E+000  0.243774175071387E+000 -0.131028262406404E+000 -0.139950555862441E+003 -0.139950555862441E+003
  0.382068977097784E+000  0.198964579535208E+001  0.397466064320483E+000  0.246781996814345E+000 -0.131028262406404E+000 -0.139950555268083E+003 -0.139950555268083E+003
  0.399137443223810E+000  0.198647402472515E+001  0.448995528822469E+000  0.241577651947119E+000 -0.131028262406404E+000 -0.139950581691485E+003 -0.139950581691485E+003
  0.369430439233050E+000  0.198940197199165E+001  0.686763297238133E+000  0.256227349420716E+000 -0.131028262406404E+000 -0.139950581817677E+003 -0.139950581817677E+003
  0.384171817972745E+000  0.199488839394719E+001  0.198690872361037E+000  0.248654802682629E+000 -0.131028262406404E+000 -0.139950535052989E+003 -0.139950535052989E+003
  0.397877810134362E+000  0.199485869476397E+001  0.879708597508655E+000  0.233946895217857E+000 -0.131028262406404E+000 -0.139950550963480E+003 -0.139950550963480E+003
  0.412163855015874E+000  0.198566952299503E+001  0.714500838300363E+000  0.232057465189854E+000 -0.131028262406404E+000 -0.139950580747422E+003 -0.139950580747422E+003
  0.386666312919838E+000  0.198249922173954E+001  0.867299429404462E+000  0.246095796611192E+000 -0.131028262406404E+000 -0.139950570249888E+003 -0.139950570249888E+003
  0.385530585067275E+000  0.197945814011287E+001  0.744328280291305E-001  0.245654198193135E+000 -0.131028262406404E+000 -0.139950579694041E+003 -0.139950579694041E+003
  0.434577783377668E+000  0.199882582279750E+001  0.372879217951835E+000  0.219895115567859E+000 -0.131028262406404E+000 -0.139950584202593E+003 -0.139950584202593E+003
  0.368726065365288E+000  0.199823265766824E+001  0.389730613894671E+000  0.257456584766404E+000 -0.131028262406404E+000 -0.139950556819521E+003 -0.139950556819521E+003
  0.410549084867366E+000  0.198837055444458E+001  0.451591972265827E+000  0.230320840064093E+000 -0.131028262406404E+000 -0.139950556063696E+003 -0.139950556063696E+003
  0.381096916914184E+000  0.199479366975116E+001  0.247631385739646E+000  0.248750119917598E+000 -0.131028262406404E+000 -0.139950537445035E+003 -0.139950537445035E+003
  0.390365239054289E+000  0.199858037590398E+001  0.329999564621583E+000  0.245189283346871E+000 -0.131028262406404E+000 -0.139950521032687E+003 -0.139950521032687E+003
  0.396253898145255E+000  0.199236790879415E+001  0.938051608135027E+000  0.244293017619723E+000 -0.131028262406404E+000 -0.139950570472646E+003 -0.139950570472646E+003
  0.379025852387442E+000  0.199791706481684E+001  0.569893225963084E+000  0.257003774209756E+000 -0.131028262406404E+000 -0.139950576220866E+003 -0.139950576220866E+003
  0.364754736947016E+000  0.199988319913661E+001  0.738117725490675E-001  0.260936293566106E+000 -0.131028262406404E+000 -0.139950565721607E+003 -0.139950565721607E+003
  0.378715646392472E+000  0.198972785772831E+001  0.344135616821401E+000  0.247381438133166E+000 -0.131028262406404E+000 -0.139950571383468E+003 -0.139950571383468E+003
  0.380242748310163E+000  0.198888989900402E+001  0.166339590436145E+000  0.248815647675140E+000 -0.131028262406404E+000 -0.139950557665701E+003 -0.139950557665701E+003
  0.413610642160833E+000  0.199603685696980E+001  0.932216077471432E+000  0.230826002309126E+000 -0.131028262406404E+000 -0.139950543725631E+003 -0.139950543725631E+003
  0.419952817457150E+000  0.199760768872916E+001  0.329998661586622E+000  0.219466181869959E+000 -0.131028262406404E+000 -0.139950583762061E+003 -0.139950583762061E+003
  0.402871779121815E+000  0.199869792911493E+001  0.248798498152365E+000  0.232723490702923E+000 -0.131028262406404E+000 -0.139950524360295E+003 -0.139950524360295E+003
  0.379212670597317E+000  0.199116628768030E+001  0.213309219162850E+000  0.254065048364540E+000 -0.131028262406404E+000 -0.139950566572149E+003 -0.139950566572149E+003
  0.383777615734071E+000  0.199121364062959E+001  0.396490409891841E+000  0.243026886600749E+000 -0.131028262406404E+000 -0.139950568697269E+003 -0.139950568697269E+003
  0.384803653519812E+000  0.199754970563299E+001  0.400028114375657E+000  0.247582275530264E+000 -0.131028262406404E+000 -0.139950524136074E+003 -0.139950524136074E+003
  0.418920859512196E+000  0.198792775634401E+001  0.783246626466961E+000  0.221551193518764E+000 -0.131028262406404E+000 -0.139950588239233E+003 -0.139950588239233E+003
  0.412817997905740E+000  0.199731571186314E+001  0.240490042545780E+000  0.233090448547568E+000 -0.131028262406404E+000 -0.139950555530639E+003 -0.139950555530639E+003
  0.364316671424295E+000  0.199595486733917E+001  0.431320950012637E+000  0.262548066658097E+000 -0.131028262406404E+000 -0.139950579937482E+003 -0.139950579937482E+003
  0.430077932561825E+000  0.198992034996688E+001  0.774296270569996E+000  0.220290050507277E+000 -0.131028262406404E+000 -0.139950587539792E+003 -0.139950587539792E+003
  0.393802081265538E+000  0.198982287948480E+001  0.542464623028361E+000  0.238245763880597E+000 -0.131028262406404E+000 -0.139950549967828E+003 -0.139950549967828E+003
  0.398134918078080E+000  0.198472301257150E+001  0.979714822646139E+000  0.239197789444269E+000 -0.131028262406404E+000 -0.139950562123846E+003 -0.139950562123846E+003
  0.434670280804378E+000  0.199547666288026E+001  0.275657083934602E+000  0.214705973133507E+000 -0.131028262406404E+000 -0.139950581467475E+003 -0.139950581467475E+003
  0.394681599429193E+000  0.199911257901633E+001  0.114576898172447E+000  0.242899139453407E+000 -0.131028262406404E+000 -0.139950521406292E+003 -0.139950521406292E+003
  0.408068715103197E+000  0.199296206580412E+001  0.664234549570284E+000  0.234811391382027E+000 -0.131028262406404E+000 -0.139950552705063E+003 -0.139950552705063E+003
  0.379616571662325E+000  0.198557021131810E+001  0.572554448726054E+000  0.253411341996718E+000 -0.131028262406404E+000 -0.139950581904126E+003 -0.139950581904126E+003
  0.384377460610975E+000  0.198161934000882E+001  0.498694872817371E+000  0.246019256929174E+000 -0.131028262406404E+000 -0.139950574440455E+003 -0.139950574440455E+003
  0.401396424755551E+000  0.198737254333874E+001  0.954313371985350E+000  0.237661919218153E+000 -0.131028262406404E+000 -0.139950557139605E+003 -0.139950557139605E+003
  0.383058555147591E+000  0.199101808513961E+001  0.663034101490013E+000  0.244604207825966E+000 -0.131028262406404E+000 -0.139950559497537E+003 -0.139950559497537E+003
  0.382402009173896E+000  0.199966026464102E+001  0.202301776097336E-002  0.250628232465114E+000 -0.131028262406404E+000 -0.139950525064442E+003 -0.139950525064442E+003
  0.382736018076449E+000  0.199656374643743E+001  0.317624743182204E+000  0.241593762557435E+000 -0.131028262406404E+000 -0.139950586062492E+003 -0.139950586062492E+003
  0.398031424594684E+000  0.198989437746085E+001  0.342110396445988E+000  0.236423315950933E+000 -0.131028262406404E+000 -0.139950545216271E+003 -0.139950545216271E+003
  0.432446825708503E+000  0.199385525476375E+001  0.911118752591714E+000  0.216190401703275E+000 -0.131028262406404E+000 -0.139950579778648E+003 -0.139950579778648E+003
  0.435212438337252E+000  0.199651918486027E+001  0.592967011295777E+000  0.219034881113842E+000 -0.131028262406404E+000 -0.139950588355565E+003 -0.139950588355565E+003
  0.392101916696915E+000  0.198788821118067E+001  0.646375538197332E+000  0.243501785913623E+000 -0.131028262406404E+000 -0.139950553269450E+003 -0.139950553269450E+003
  0.413794689698190E+000  0.199567909264247E+001  0.112194874166595E+000  0.225627637007028E+000 -0.131028262406404E+000 -0.139950547603625E+003 -0.139950547603625E+003
  0.411708181517281E+000  0.199649829739757E+001  0.645238424806104E+000  0.224971663341114E+000 -0.131028262406404E+000 -0.139950563435956E+003 -0.139950563435956E+003
  0.395611877725691E+000  0.199883544682924E+001  0.512553057994567E+000  0.247058887112383E+000 -0.131028262406404E+000 -0.139950585387772E+003 -0.139950585387772E+003
  0.372482313287159E+000  0.199436687031959E+001  0.336723707910570E+000  0.258029857696744E+000 -0.131028262406404E+000 -0.139950564252222E+003 -0.139950564252222E+003
  0.410776266959423E+000  0.199195355077189E+001  0.176400116624743E+000  0.235289243477692E+000 -0.131028262406404E+000 -0.139950585764521E+003 -0.139950585764521E+003
  0.375329018917952E+000  0.198263750560815E+001  0.153881165754167E+000  0.251558032936916E+000 -0.131028262406404E+000 -0.139950587689688E+003 -0.139950587689688E+003
  0.423946930682391E+000  0.199225209832466E+001  0.224219269216322E+000  0.219264860044813E+000 -0.131028262406404E+000 -0.139950578742724E+003 -0.139950578742724E+003
  0.408067347265076E+000  0.198035202390691E+001  0.377902738348018E-001  0.231417407960747E+000 -0.131028262406404E+000 -0.139950579183051E+003 -0.139950579183051E+003
  0.420184740334045E+000  0.199530828278199E+001  0.239001054279684E+000  0.223007525231260E+000 -0.131028262406404E+000 -0.139950551273186E+003 -0.139950551273186E+003
  0.414639167272019E+000  0.199295947246197E+001  0.422648803841547E+000  0.225816409875581E+000 -0.131028262406404E+000 -0.139950552032148E+003 -0.139950552032148E+003
  0.414198399460448E+000  0.199848027927440E+001  0.159472185972202E+000  0.234214904005054E+000 -0.131028262406404E+000 -0.139950582957759E+003 -0.139950582957759E+003
  0.424074044877616E+000  0.199317294637188E+001  0.169537752669862E+000  0.225995097840274E+000 -0.131028262406404E+000 -0.139950583665277E+003 -0.139950583665277E+003
  0.409055492204389E+000  0.198365649112138E+001  0.277694770187649E+000  0.232596567165138E+000 -0.131028262406404E+000 -0.139950574273759E+003 -0.139950574273759E+003
  0.386716207254060E+000  0.199510571828258E+001  0.793337693514060E+000  0.249414824378724E+000 -0.131028262406404E+000 -0.139950548705769E+003 -0.139950548705769E+003
  0.414075768476719E+000  0.198936409086953E+001  0.479654230409893E+000  0.231659322919761E+000 -0.131028262406404E+000 -0.139950577902325E+003 -0.139950577902325E+003
  0.394361005004110E+000  0.199536379465966E+001  0.408692909266685E+000  0.244707956459475E+000 -0.131028262406404E+000 -0.139950548983429E+003 -0.139950548983429E+003
  0.375492271001289E+000  0.199576679042282E+001  0.152447896946105E-001  0.250592563080055E+000 -0.131028262406404E+000 -0.139950553707766E+003 -0.139950553707766E+003
  0.390676959099740E+000  0.198299549314157E+001  0.358758898688933E+000  0.246548665928268E+000 -0.131028262406404E+000 -0.139950587191307E+003 -0.139950587191307E+003
  0.383358132256810E+000  0.199171496064669E+001  0.648504610254052E+000  0.242918953576436E+000 -0.131028262406404E+000 -0.139950572395189E+003 -0.139950572395189E+003
  0.383893376543941E+000  0.199951915382501E+001  0.219878103801790E+000  0.246028153363310E+000 -0.131028262406404E+000 -0.139950521697417E+003 -0.139950521697417E+003
  0.429772879616806E+000  0.199988326684434E+001  0.848730480076774E+000  0.220007112710181E+000 -0.131028262406404E+000 -0.139950552500863E+003 -0.139950552500863E+003
  0.404845151416444E+000  0.199374388154354E+001  0.405947344148204E+000  0.237313114539751E+000 -0.131028262406404E+000 -0.139950551799499E+003 -0.139950551799499E+003
  0.402873233055013E+000  0.199098454840674E+001  0.542304668509400E+000  0.240487175529331E+000 -0.131028262406404E+000 -0.139950585565128E+003 -0.139950585565128E+003
  0.434856626069173E+000  0.199947385249024E+001  0.946914396209812E+000  0.218913370501439E+000 -0.131028262406404E+000 -0.139950574561586E+003 -0.139950574561586E+003
  0.375986584345311E+000  0.198741119761524E+001  0.898231685311304E+000  0.251771123554250E+000 -0.131028262406404E+000 -0.139950570078036E+003 -0.139950570078036E+003
  0.430163543631298E+000  0.199822138042913E+001  0.788471546185489E+000  0.217882765680721E+000 -0.131028262406404E+000 -0.139950559645481E+003 -0.139950559645481E+003
  0.425030783926323E+000  0.199737406762853E+001  0.431208262329627E-001  0.224910554017291E+000 -0.131028262406404E+000 -0.139950564916803E+003 -0.139950564916803E+003
  0.407898988593402E+000  0.199519396243703E+001  0.249529332472299E-001  0.227868809677047E+000 -0.131028262406404E+000 -0.139950554862910E+003 -0.139950554862910E+003
  0.399639038907952E+000  0.199319890105656E+001  0.185808605777286E-001  0.237582907458705E+000 -0.131028262406404E+000 -0.139950532678041E+003 -0.139950532678041E+003
  0.378478771041235E+000  0.199685089884022E+001  0.225197987909560E+000  0.252848592350916E+000 -0.131028262406404E+000 -0.139950538213667E+003 -0.139950538213667E+003
  0.424172102978175E+000  0.199407887655358E+001  0.167694309484150E+000  0.226448827211085E+000 -0.131028262406404E+000 -0.139950587071375E+003 -0.139950587071375E+003
  0.411537350669455E+000  0.199177791070066E+001  0.512411693356501E+000  0.231976437411747E+000 -0.131028262406404E+000 -0.139950554923396E+003 -0.139950554923396E+003
  0.363423475702182E+000  0.199556136307606E+001  0.288170660683429E+000  0.262341420280127E+000 -0.131028262406404E+000 -0.139950583490658E+003 -0.139950583490658E+003
  0.413338555032337E+000  0.198188356292599E+001  0.238756143801069E+000  0.229433535825908E+000 -0.131028262406404E+000 -0.139950582742641E+003 -0.139950582742641E+003
  0.431307417318626E+000  0.199775897830878E+001  0.981816988938266E+000  0.217472770289990E+000 -0.131028262406404E+000 -0.139950562845324E+003 -0.139950562845324E+003
  0.376876393964786E+000  0.199995093073362E+001  0.573865312114121E+000  0.253507782704012E+000 -0.131028262406404E+000 -0.139950530133661E+003 -0.139950530133661E+003
  0.398274526006575E+000  0.198220433115025E+001  0.594618527181715E+000  0.240002192871877E+000 -0.131028262406404E+000 -0.139950575792092E+003 -0.139950575792092E+003
  0.398303072475493E+000  0.198691073435908E+001  0.157073311142091E+000  0.235967951258786E+000 -0.131028262406404E+000 -0.139950555607109E+003 -0.139950555607109E+003
  0.405382484892393E+000  0.199612905612554E+001  0.663607651555368E+000  0.231072566543975E+000 -0.131028262406404E+000 -0.139950534357317E+003 -0.139950534357317E+003
  0.416647807963537E+000  0.199419940724194E+001  0.139297744274116E+000  0.223682413715000E+000 -0.131028262406404E+000 -0.139950558354075E+003 -0.139950558354075E+003
  0.377040985804921E+000  0.199975003733383E+001  0.387000312802405E-002  0.258276952390479E+000 -0.131028262406404E+000 -0.139950571209448E+003 -0.139950571209448E+003
  0.384014113926471E+000  0.197849395245860E+001  0.389598272603934E+000  0.245369239879464E+000 -0.131028262406404E+000 -0.139950586808376E+003 -0.139950586808376E+003
  0.417382486861595E+000  0.199557946509253E+001  0.121062499266077E+000  0.223335407800833E+000 -0.131028262406404E+000 -0.139950554751335E+003 -0.139950554751335E+003
  0.402187596030595E+000  0.198050031403896E+001  0.456536614458177E+000  0.236628491922694E+000 -0.131028262406404E+000 -0.139950578136530E+003 -0.139950578136530E+003
  0.389830612256084E+000  0.197877994999279E+001  0.155947788186218E+000  0.241382877654990E+000 -0.131028262406404E+000 -0.139950581733403E+003 -0.139950581733403E+003
  0.415829134832071E+000  0.198526171029939E+001  0.504364698158538E+000  0.229938384254898E+000 -0.131028262406404E+000 -0.139950588037540E+003 -0.139950588037540E+003
  0.413408842955787E+000  0.199686748455667E+001  0.725938103391605E+000  0.229763226020679E+000 -0.131028262406404E+000 -0.139950534356559E+003 -0.139950534356559E+003
  0.407155971802927E+000  0.199498955003466E+001  0.343120604157421E+000  0.226394244928768E+000 -0.131028262406404E+000 -0.139950582738694E+003 -0.139950582738694E+003
  0.395104576859662E+000  0.199308734688973E+001  0.744130761741829E+000  0.238718061076508E+000 -0.131028262406404E+000 -0.139950533680767E+003 -0.139950533680767E+003
  0.390963046996666E+000  0.198879784353725E+001  0.664172716947190E+000  0.241594262395337E+000 -0.131028262406404E+000 -0.139950547343892E+003 -0.139950547343892E+003
  0.393687299162138E+000  0.199240811444443E+001  0.287867219800924E+000  0.241009543072662E+000 -0.131028262406404E+000 -0.139950534175712E+003 -0.139950534175712E+003
  0.376328089378884E+000  0.198772919914973E+001  0.671116370821679E+000  0.256163415875490E+000 -0.131028262406404E+000 -0.139950584168786E+003 -0.139950584168786E+003
  0.379477401574070E+000  0.199465185003695E+001  0.513802212269187E+000  0.251366887938652E+000 -0.131028262406404E+000 -0.139950541024909E+003 -0.139950541024909E+003
  0.394753045456321E+000  0.199315034965985E+001  0.184318679343322E+000  0.235401251471466E+000 -0.131028262406404E+000 -0.139950561956105E+003 -0.139950561956105E+003
  0.426176335217469E+000  0.199493187416131E+001  0.757141951702275E-001  0.224535289802919E+000 -0.131028262406404E+000 -0.139950578669521E+003 -0.139950578669521E+003
  0.385247916569973E+000  0.199292504998781E+001  0.284366713620227E+000  0.241366985255813E+000 -0.131028262406404E+000 -0.139950570639369E+003 -0.139950570639369E+003
  0.439960768648306E+000  0.199916750634785E+001  0.227997091122652E+000  0.213265295765829E+000 -0.131028262406404E+000 -0.139950577979334E+003 -0.139950577979334E+003
  0.403019546144980E+000  0.199509705203457E+001  0.459700458570609E+000  0.236938096684428E+000 -0.131028262406404E+000 -0.139950533621375E+003 -0.139950533621375E+003
  0.438784964333149E+000  0.199571173901272E+001  0.972382781164453E+000  0.213813656999067E+000 -0.131028262406404E+000 -0.139950585846482E+003 -0.139950585846482E+003
  0.384868791083926E+000  0.199387121477669E+001  0.729078158412351E+000  0.244141464025653E+000 -0.131028262406404E+000 -0.139950543529496E+003 -0.139950543529496E+003
  0.399283789830649E+000  0.199561832111690E+001  0.363581657871182E+000  0.241467130928119E+000 -0.131028262406404E+000 -0.139950548542810E+003 -0.139950548542810E+003
  0.399722722650930E+000  0.198517813638873E+001  0.861985250505461E+000  0.232458152518447E+000 -0.131028262406404E+000 -0.139950582561092E+003 -0.139950582561092E+003
  0.414625791712067E+000  0.199754439794064E+001  0.368720815546554E+000  0.224728521871501E+000 -0.131028262406404E+000 -0.139950546970821E+003 -0.139950546970821E+003
  0.401629719137435E+000  0.199449748317490E+001  0.718889444740011E+000  0.231205787072542E+000 -0.131028262406404E+000 -0.139950558191619E+003 -0.139950558191619E+003
  0.386086645288164E+000  0.198323668980087E+001  0.109733733781795E+000  0.243847650421793E+000 -0.131028262406404E+000 -0.139950570826650E+003 -0.139950570826650E+003
  0.379967111092744E+000  0.198955104650190E+001  0.179384160382211E-001  0.246057532182027E+000 -0.131028262406404E+000 -0.139950573981057E+003 -0.139950573981057E+003
  0.420142534428449E+000  0.199734440732349E+001  0.776475075659059E+000  0.220735373626166E+000 -0.131028262406404E+000 -0.139950564896660E+003 -0.139950564896660E+003
  0.384826643885915E+000  0.197776835504936E+001  0.419772118757865E+000  0.247646999925380E+000 -0.131028262406404E+000 -0.139950588461585E+003 -0.139950588461585E+003
  0.408851778860578E+000  0.197943564979233E+001  0.583044550834425E+000  0.229423245564121E+000 -0.131028262406404E+000 -0.139950585657538E+003 -0.139950585657538E+003
  0.420676577306921E+000  0.198448362643293E+001  0.693001421637564E+000  0.222967096934513E+000 -0.131028262406404E+000 -0.139950584476354E+003 -0.139950584476354E+003
  0.372316191258880E+000  0.199849279507910E+001  0.347410996682258E+000  0.255962803039538E+000 -0.131028262406404E+000 -0.139950544444162E+003 -0.139950544444162E+003
  0.400272733871749E+000  0.197888741550943E+001  0.576211533491921E+000  0.237165012860616E+000 -0.131028262406404E+000 -0.139950579957141E+003 -0.139950579957141E+003
  0.364551538793203E+000  0.199470766530848E+001  0.560437065524187E+000  0.258966002675896E+000 -0.131028262406404E+000 -0.139950587387337E+003 -0.139950587387337E+003
  0.382372328654670E+000  0.199083488144490E+001  0.489105554683562E+000  0.246445983233867E+000 -0.131028262406404E+000 -0.139950551927288E+003 -0.139950551927288E+003
  0.374818710790069E+000  0.198672284958182E+001  0.843963567877413E+000  0.251369406679150E+000 -0.131028262406404E+000 -0.139950579175945E+003 -0.139950579175945E+003
  0.396182878522469E+000  0.199715141151486E+001  0.496999729991559E-001  0.235500807359529E+000 -0.131028262406404E+000 -0.139950539031569E+003 -0.139950539031569E+003
  0.394709645415822E+000  0.198764574886222E+001  0.266419243961057E+000  0.241244732772261E+000 -0.131028262406404E+000 -0.139950551362649E+003 -0.139950551362649E+003
  0.408749466775660E+000  0.198641449483290E+001  0.576766875068236E-002  0.227960761192096E+000 -0.131028262406404E+000 -0.139950574570898E+003 -0.139950574570898E+003
  0.418801779943877E+000  0.199854163862946E+001  0.809928543380271E+000  0.226985494090577E+000 -0.131028262406404E+000 -0.139950538555260E+003 -0.139950538555260E+003
  0.396219687377245E+000  0.198054235785626E+001  0.943977780944264E+000  0.239319701327447E+000 -0.131028262406404E+000 -0.139950572389831E+003 -0.139950572389831E+003
  0.408933094446080E+000  0.198428410171311E+001  0.841432738705049E+000  0.230389393117294E+000 -0.131028262406404E+000 -0.139950567700666E+003 -0.139950567700666E+003
  0.389329224721371E+000  0.199055385283397E+001  0.353176903222169E+000  0.240507611556647E+000 -0.131028262406404E+000 -0.139950554284934E+003 -0.139950554284934E+003
  0.400066205330058E+000  0.199738644484655E+001  0.281570073804387E+000  0.235326864372975E+000 -0.131028262406404E+000 -0.139950522252728E+003 -0.139950522252728E+003
  0.422375248755437E+000  0.199428508521539E+001  0.504340142889689E+000  0.219255143793374E+000 -0.131028262406404E+000 -0.139950580098990E+003 -0.139950580098990E+003
  0.399374426018999E+000  0.198227937168368E+001  0.670543640675141E+000  0.234593393247015E+000 -0.131028262406404E+000 -0.139950573717759E+003 -0.139950573717759E+003
  0.392541209735982E+000  0.199689250218415E+001  0.823055937082535E+000  0.243853739644097E+000 -0.131028262406404E+000 -0.139950526406846E+003 -0.139950526406846E+003
  0.377816755225659E+000  0.199646910719457E+001  0.242509998857114E+000  0.257649284811348E+000 -0.131028262406404E+000 -0.139950580441935E+003 -0.139950580441935E+003
  0.399197300468334E+000  0.198253745151844E+001  0.743802520619938E+000  0.238716947093802E+000 -0.131028262406404E+000 -0.139950570758503E+003 -0.139950570758503E+003
  0.411756099015055E+000  0.198350827209219E+001  0.525133225517286E+000  0.231483898911986E+000 -0.131028262406404E+000 -0.139950581140724E+003 -0.139950581140724E+003
  0.386347565298182E+000  0.198874148514696E+001  0.396755415820818E+000  0.243087587000592E+000 -0.131028262406404E+000 -0.139950557367819E+003 -0.139950557367819E+003
  0.390183469908379E+000  0.199623769354902E+001  0.318933802743680E+000  0.247550690851761E+000 -0.131028262406404E+000 -0.139950547630892E+003 -0.139950547630892E+003
  0.434810230649940E+000  0.199752470354759E+001  0.492788440609040E+000  0.213110029604620E+000 -0.131028262406404E+000 -0.139950588843946E+003 -0.139950588843946E+003
  0.375206114478384E+000  0.199259877159860E+001  0.272010185487866E+000  0.252460382875127E+000 -0.131028262406404E+000 -0.139950556009070E+003 -0.139950556009070E+003
  0.407985589182779E+000  0.197969910426352E+001  0.742517191175549E+000  0.231132731333752E+000 -0.131028262406404E+000 -0.139950581245047E+003 -0.139950581245047E+003
  0.394750849191343E+000  0.197826879049043E+001  0.163375171678754E+000  0.240330461120166E+000 -0.131028262406404E+000 -0.139950579912812E+003 -0.139950579912812E+003
  0.421413873611622E+000  0.198659122775001E+001  0.940576290706046E-001  0.226238499482902E+000 -0.131028262406404E+000 -0.139950588747609E+003 -0.139950588747609E+003
  0.391058052298019E+000  0.199056613621821E+001  0.124525601503621E-001  0.238379552644248E+000 -0.131028262406404E+000 -0.139950562891748E+003 -0.139950562891748E+003
  0.392732434574211E+000  0.199800197970804E+001  0.585453494053800E+000  0.238657255141117E+000 -0.131028262406404E+000 -0.139950528400492E+003 -0.139950528400492E+003
  0.388551315849469E+000  0.199294431676972E+001  0.606846484017135E+000  0.245766910179567E+000 -0.131028262406404E+000 -0.139950537727285E+003 -0.139950537727285E+003
  0.398735874744302E+000  0.199224998757937E+001  0.443655843398457E-001  0.242311585328404E+000 -0.131028262406404E+000 -0.139950566575616E+003 -0.139950566575616E+003
  0.410268121243190E+000  0.198473916884912E+001  0.605770988428653E+000  0.228240948135004E+000 -0.131028262406404E+000 -0.139950572423086E+003 -0.139950572423086E+003
  0.379179144504444E+000  0.198199309260352E+001  0.631608930653917E+000  0.250812701261147E+000 -0.131028262406404E+000 -0.139950580290239E+003 -0.139950580290239E+003
  0.406614782251003E+000  0.199995561930190E+001  0.283143366015636E+000  0.226659912445423E+000 -0.131028262406404E+000 -0.139950570280317E+003 -0.139950570280317E+003
  0.415956511526222E+000  0.199769161232737E+001  0.614198678546215E+000  0.223377634503629E+000 -0.131028262406404E+000 -0.139950554498529E+003 -0.139950554498529E+003
  0.406421910181104E+000  0.198353810791258E+001  0.772376599081445E+000  0.228970123806223E+000 -0.131028262406404E+000 -0.139950584562463E+003 -0.139950584562463E+003
  0.416185875308997E+000  0.199378186072234E+001  0.725268556353536E-001  0.231717489209759E+000 -0.131028262406404E+000 -0.139950582199418E+003 -0.139950582199418E+003
  0.401353443606563E+000  0.198925775387800E+001  0.337412741471358E+000  0.236390723094504E+000 -0.131028262406404E+000 -0.139950546031492E+003 -0.139950546031492E+003
  0.386448538925571E+000  0.199269482018083E+001  0.812575006627740E+000  0.246111324495689E+000 -0.131028262406404E+000 -0.139950537331614E+003 -0.139950537331614E+003
  0.380482079932749E+000  0.198483864558716E+001  0.308389701873035E+000  0.250747773515138E+000 -0.131028262406404E+000 -0.139950571034607E+003 -0.139950571034607E+003
  0.414025219869420E+000  0.199690949086300E+001  0.538467176331451E+000  0.228961831022006E+000 -0.131028262406404E+000 -0.139950533809076E+003 -0.139950533809076E+003
  0.388244338631264E+000  0.198590283490993E+001  0.512233326039005E+000  0.241520517143702E+000 -0.131028262406404E+000 -0.139950566230342E+003 -0.139950566230342E+003
  0.383859550270442E+000  0.199909161449236E+001  0.510853379600507E+000  0.243480314624065E+000 -0.131028262406404E+000 -0.139950541612228E+003 -0.139950541612228E+003
  0.392483420537159E+000  0.199763162950998E+001  0.392457419928355E+000  0.235423302384951E+000 -0.131028262406404E+000 -0.139950571885551E+003 -0.139950571885551E+003
  0.397040776671718E+000  0.199277127836187E+001  0.772106333081311E+000  0.234645597308333E+000 -0.131028262406404E+000 -0.139950554739550E+003 -0.139950554739550E+003
  0.377809631905892E+000  0.199569894765400E+001  0.975364322934866E-001  0.253548684156942E+000 -0.131028262406404E+000 -0.139950544147347E+003 -0.139950544147347E+003
  0.396276172581409E+000  0.199155187714056E+001  0.257577391798978E+000  0.244326575105467E+000 -0.131028262406404E+000 -0.139950574161245E+003 -0.139950574161245E+003
  0.391134156901247E+000  0.199698378879452E+001  0.631615282751809E-001  0.235839783427627E+000 -0.131028262406404E+000 -0.139950581954142E+003 -0.139950581954142E+003
  0.385848004488342E+000  0.199169054892095E+001  0.896598109179643E+000  0.248996353149687E+000 -0.131028262406404E+000 -0.139950552308911E+003 -0.139950552308911E+003
  0.394048478440642E+000  0.199917766211409E+001  0.864718831441697E+000  0.240137974853920E+000 -0.131028262406404E+000 -0.139950513289739E+003 -0.139950513289739E+003
  0.389680212490528E+000  0.199841681002459E+001  0.301229528351300E-001  0.240387382512130E+000 -0.131028262406404E+000 -0.139950530739055E+003 -0.139950530739055E+003
  0.401551652755667E+000  0.198964491323776E+001  0.795707879340417E+000  0.236638764267725E+000 -0.131028262406404E+000 -0.139950545720531E+003 -0.139950545720531E+003
  0.408305790386290E+000  0.198856462336748E+001  0.357634117461882E+000  0.228398479231036E+000 -0.131028262406404E+000 -0.139950566285161E+003 -0.139950566285161E+003
  0.415256097203811E+000  0.199732790222767E+001  0.177035478218409E+000  0.228466490543556E+000 -0.131028262406404E+000 -0.139950534774547E+003 -0.139950534774547E+003
  0.390451014596719E+000  0.199420162517340E+001  0.895778892843606E+000  0.249730325903549E+000 -0.131028262406404E+000 -0.139950589094479E+003 -0.139950589094479E+003
  0.377968546787028E+000  0.199620896249686E+001  0.791777224803188E+000  0.250217288507452E+000 -0.131028262406404E+000 -0.139950540398704E+003 -0.139950540398704E+003
  0.407485078404693E+000  0.198338489188267E+001  0.658537143267986E+000  0.229099156537226E+000 -0.131028262406404E+000 -0.139950579080992E+003 -0.139950579080992E+003
  0.396671549454980E+000  0.198103360062201E+001  0.327330779310866E+000  0.239113720747753E+000 -0.131028262406404E+000 -0.139950570974955E+003 -0.139950570974955E+003
  0.425095773156481E+000  0.199787974723909E+001  0.412919391999736E+000  0.220649991375742E+000 -0.131028262406404E+000 -0.139950550497461E+003 -0.139950550497461E+003
  0.394308841622716E+000  0.199803072358987E+001  0.643090646347608E+000  0.239954392748771E+000 -0.131028262406404E+000 -0.139950516808957E+003 -0.139950516808957E+003
  0.391018363852782E+000  0.198444734272842E+001  0.191504049550659E+000  0.242757595122256E+000 -0.131028262406404E+000 -0.139950560469909E+003 -0.139950560469909E+003
  0.368418124002739E+000  0.198750550977789E+001  0.694805675751416E+000  0.258536174803148E+000 -0.131028262406404E+000 -0.139950589099930E+003 -0.139950589099930E+003
  0.369369826802387E+000  0.199172108418127E+001  0.313095884521026E+000  0.255980222682817E+000 -0.131028262406404E+000 -0.139950576303637E+003 -0.139950576303637E+003
  0.403427035284531E+000  0.198613375215886E+001  0.348645144673473E+000  0.229672773789411E+000 -0.131028262406404E+000 -0.139950588073188E+003 -0.139950588073188E+003
  0.394232362059790E+000  0.198746363197322E+001  0.334183922077966E+000  0.243291108312496E+000 -0.131028262406404E+000 -0.139950562105662E+003 -0.139950562105662E+003
  0.392300954570373E+000  0.199769259515925E+001  0.155796025210322E+000  0.243481113118955E+000 -0.131028262406404E+000 -0.139950521177755E+003 -0.139950521177755E+003
  0.431113786675262E+000  0.199728709213487E+001  0.243469627074439E+000  0.217263563156084E+000 -0.131028262406404E+000 -0.139950564926356E+003 -0.139950564926356E+003
  0.372139791615200E+000  0.198898509657716E+001  0.180657055887622E+000  0.252755879095110E+000 -0.131028262406404E+000 -0.139950582357972E+003 -0.139950582357972E+003
  0.378028033777036E+000  0.199838859324010E+001  0.152973172539167E+000  0.256343170908571E+000 -0.131028262406404E+000 -0.139950558316786E+003 -0.139950558316786E+003
  0.391733949324501E+000  0.199263366725817E+001  0.533173276064968E+000  0.247559650650769E+000 -0.131028262406404E+000 -0.139950573593834E+003 -0.139950573593834E+003
  0.372820120353693E+000  0.199413521470409E+001  0.359564010233949E+000  0.258899064015661E+000 -0.131028262406404E+000 -0.139950572447181E+003 -0.139950572447181E+003
  0.389617366299800E+000  0.198366720060619E+001  0.640050532125604E+000  0.239214254353828E+000 -0.131028262406404E+000 -0.139950584110570E+003 -0.139950584110570E+003
  0.402646430211448E+000  0.199749998175234E+001  0.414218160099573E+000  0.237307202253112E+000 -0.131028262406404E+000 -0.139950526059340E+003 -0.139950526059340E+003
  0.396570970923631E+000  0.199887478056188E+001  0.958420330688840E+000  0.232637499511008E+000 -0.131028262406404E+000 -0.139950571607996E+003 -0.139950571607996E+003
  0.383563669004776E+000  0.198808015633370E+001  0.433532288776491E+000  0.251997694401029E+000 -0.131028262406404E+000 -0.139950581037615E+003 -0.139950581037615E+003
  0.418937503334814E+000  0.199349084885349E+001  0.745743781056657E+000  0.225358343785094E+000 -0.131028262406404E+000 -0.139950551284108E+003 -0.139950551284108E+003
  0.426787755260113E+000  0.199355304024173E+001  0.986554222683279E+000  0.219495148162002E+000 -0.131028262406404E+000 -0.139950567862212E+003 -0.139950567862212E+003
  0.405599279517472E+000  0.199916763162759E+001  0.716389033100163E+000  0.226960416349457E+000 -0.131028262406404E+000 -0.139950577170943E+003 -0.139950577170943E+003
  0.394964975523329E+000  0.199182357527621E+001  0.509015515812745E+000  0.242919589327414E+000 -0.131028262406404E+000 -0.139950547846686E+003 -0.139950547846686E+003
  0.391788783199290E+000  0.198683095511023E+001  0.585020011147199E-001  0.244411811105379E+000 -0.131028262406404E+000 -0.139950561051177E+003 -0.139950561051177E+003
  0.421417680385872E+000  0.199262908646338E+001  0.307205210014684E-001  0.225863224309900E+000 -0.131028262406404E+000 -0.139950565201335E+003 -0.139950565201335E+003
  0.388889260337624E+000  0.199283672897305E+001  0.339743850475932E+000  0.250085135223992E+000 -0.131028262406404E+000 -0.139950583142003E+003 -0.139950583142003E+003
  0.374532088563414E+000  0.199765471243121E+001  0.933980813938428E+000  0.248420221318162E+000 -0.131028262406404E+000 -0.139950579891130E+003 -0.139950579891130E+003
  0.415567110306842E+000  0.199267300146690E+001  0.274748572248846E-001  0.230025345357384E+000 -0.131028262406404E+000 -0.139950561039107E+003 -0.139950561039107E+003
  0.383512408450896E+000  0.199164211963718E+001  0.221487764889164E+000  0.245949810442649E+000 -0.131028262406404E+000 -0.139950546813334E+003 -0.139950546813334E+003
  0.383743324094596E+000  0.198408939491044E+001  0.596940390850683E-001  0.243278933487251E+000 -0.131028262406404E+000 -0.139950586092350E+003 -0.139950586092350E+003
  0.384513619344353E+000  0.199341887109655E+001  0.912465088902302E+000  0.248610000956209E+000 -0.131028262406404E+000 -0.139950540177855E+003 -0.139950540177855E+003
  0.394317801364123E+000  0.199425116157758E+001  0.607029145691710E+000  0.242171546933699E+000 -0.131028262406404E+000 -0.139950532213224E+003 -0.139950532213224E+003
  0.384607714363297E+000  0.197809409406188E+001  0.227281380598843E+000  0.245243314994550E+000 -0.131028262406404E+000 -0.139950586516092E+003 -0.139950586516092E+003
  0.437280722663637E+000  0.199849802819276E+001  0.652861803536580E-001  0.216647802208391E+000 -0.131028262406404E+000 -0.139950577190765E+003 -0.139950577190765E+003
  0.406924211090868E+000  0.198646702014778E+001  0.523223616734343E+000  0.234786027759851E+000 -0.131028262406404E+000 -0.139950568139992E+003 -0.139950568139992E+003
  0.424019099933200E+000  0.199878224141212E+001  0.779514986765717E+000  0.226080485772065E+000 -0.131028262406404E+000 -0.139950564269501E+003 -0.139950564269501E+003
  0.380362755368377E+000  0.199480603554781E+001  0.607892174477386E+000  0.255243536982355E+000 -0.131028262406404E+000 -0.139950573805803E+003 -0.139950573805803E+003
  0.394272161248342E+000  0.199665722508194E+001  0.497431319115345E+000  0.246667090095692E+000 -0.131028262406404E+000 -0.139950570608771E+003 -0.139950570608771E+003
  0.405471122857267E+000  0.198528958064158E+001  0.423957369907983E-001  0.230840804507633E+000 -0.131028262406404E+000 -0.139950567958769E+003 -0.139950567958769E+003
  0.389170314386156E+000  0.197869327025829E+001  0.558287653942351E+000  0.243347362989625E+000 -0.131028262406404E+000 -0.139950579437883E+003 -0.139950579437883E+003
  0.388795226984949E+000  0.198460620713499E+001  0.172233052929737E+000  0.239883125307826E+000 -0.131028262406404E+000 -0.139950580570994E+003 -0.139950580570994E+003
  0.386503075598050E+000  0.198864302886757E+001  0.489870951630690E+000  0.243857605870088E+000 -0.131028262406404E+000 -0.139950552938076E+003 -0.139950552938076E+003
  0.425897428176951E+000  0.199224670134060E+001  0.563535169718203E+000  0.219994970450792E+000 -0.131028262406404E+000 -0.139950570088127E+003 -0.139950570088127E+003
  0.417616085143698E+000  0.199162526618256E+001  0.149150745471036E+000  0.223718399060631E+000 -0.131028262406404E+000 -0.139950562703335E+003 -0.139950562703335E+003
  0.364832200634643E+000  0.199435183238075E+001  0.399970228416306E+000  0.259800021339865E+000 -0.131028262406404E+000 -0.139950583076679E+003 -0.139950583076679E+003
  0.434333860242626E+000  0.199915377748170E+001  0.615013929871763E+000  0.217384539874489E+000 -0.131028262406404E+000 -0.139950564813055E+003 -0.139950564813055E+003
  0.382687284761520E+000  0.199645352980168E+001  0.930945000772016E+000  0.252251566102088E+000 -0.131028262406404E+000 -0.139950548938234E+003 -0.139950548938234E+003
  0.390273551442921E+000  0.198249346039646E+001  0.859708695115925E+000  0.246372445916278E+000 -0.131028262406404E+000 -0.139950584553375E+003 -0.139950584553375E+003
  0.381972052052685E+000  0.199924731933095E+001  0.376933304099390E+000  0.252709569277731E+000 -0.131028262406404E+000 -0.139950539921871E+003 -0.139950539921871E+003
  0.364484608939718E+000  0.199870346930527E+001  0.620920225738635E+000  0.264331467028276E+000 -0.131028262406404E+000 -0.139950579273763E+003 -0.139950579273763E+003
  0.393667103074602E+000  0.198685551235717E+001  0.824321797280681E+000  0.243088537344563E+000 -0.131028262406404E+000 -0.139950560005959E+003 -0.139950560005959E+003
  0.417697937218370E+000  0.198623407942179E+001  0.781036201185156E+000  0.223559762202677E+000 -0.131028262406404E+000 -0.139950579740965E+003 -0.139950579740965E+003
  0.367797363766258E+000  0.199267821361882E+001  0.567788543971902E+000  0.257122603058701E+000 -0.131028262406404E+000 -0.139950578698660E+003 -0.139950578698660E+003
  0.418099997195953E+000  0.199263291530845E+001  0.139243915266853E+000  0.224360974055723E+000 -0.131028262406404E+000 -0.139950555351140E+003 -0.139950555351140E+003
  0.388863425820910E+000  0.199300918674171E+001  0.729776014886749E+000  0.246018666574391E+000 -0.131028262406404E+000 -0.139950539456311E+003 -0.139950539456311E+003
  0.428713488666956E+000  0.199310772119173E+001  0.958191685178776E+000  0.216527350412092E+000 -0.131028262406404E+000 -0.139950586661791E+003 -0.139950586661791E+003
  0.404899527466777E+000  0.199984730790462E+001  0.887521562803478E+000  0.230932000630482E+000 -0.131028262406404E+000 -0.139950526483949E+003 -0.139950526483949E+003
  0.415479965736541E+000  0.199200561449240E+001  0.452321374522781E+000  0.227110840212859E+000 -0.131028262406404E+000 -0.139950550695160E+003 -0.139950550695160E+003
  0.406528358272199E+000  0.198349544366058E+001  0.602097529152947E+000  0.235424522038956E+000 -0.131028262406404E+000 -0.139950581408628E+003 -0.139950581408628E+003
  0.396826699176079E+000  0.198467473098719E+001  0.595992572968708E+000  0.240861490291104E+000 -0.131028262406404E+000 -0.139950566446299E+003 -0.139950566446299E+003
  0.388914680579364E+000  0.199421831627096E+001  0.817296867931959E+000  0.242940536371818E+000 -0.131028262406404E+000 -0.139950531849259E+003 -0.139950531849259E+003
  0.365523269837719E+000  0.199701482418295E+001  0.565004274064822E+000  0.261232812853584E+000 -0.131028262406404E+000 -0.139950571303470E+003 -0.139950571303470E+003
  0.384746286950705E+000  0.199953465874924E+001  0.181320243489940E+000  0.248975073091147E+000 -0.131028262406404E+000 -0.139950522339690E+003 -0.139950522339690E+003
  0.384360417794820E+000  0.199091873108248E+001  0.494733601831090E+000  0.243215715700254E+000 -0.131028262406404E+000 -0.139950562800733E+003 -0.139950562800733E+003
  0.413701388318060E+000  0.199526447503560E+001  0.563460845117616E+000  0.230706212335022E+000 -0.131028262406404E+000 -0.139950546029144E+003 -0.139950546029144E+003
  0.393550682015378E+000  0.198429771522695E+001  0.274847659526346E+000  0.237563935817624E+000 -0.131028262406404E+000 -0.139950572460268E+003 -0.139950572460268E+003
  0.417272411702252E+000  0.198900993581329E+001  0.642761383378855E+000  0.227701618326737E+000 -0.131028262406404E+000 -0.139950567135132E+003 -0.139950567135132E+003
  0.392262201309532E+000  0.199880670462966E+001  0.763764124468204E+000  0.240324341331652E+000 -0.131028262406404E+000 -0.139950517850794E+003 -0.139950517850794E+003
  0.406629924747491E+000  0.198840573792811E+001  0.533883385968786E+000  0.235396313220336E+000 -0.131028262406404E+000 -0.139950564560589E+003 -0.139950564560589E+003
  0.408726458928251E+000  0.199851354205819E+001  0.303721039747471E+000  0.224705728893633E+000 -0.131028262406404E+000 -0.139950589202142E+003 -0.139950589202142E+003
  0.424366737885107E+000  0.199833819182390E+001  0.411152310772736E+000  0.226093085901598E+000 -0.131028262406404E+000 -0.139950569048878E+003 -0.139950569048878E+003
  0.394412082007494E+000  0.199057863693262E+001  0.965525667504248E+000  0.241955247526932E+000 -0.131028262406404E+000 -0.139950543719214E+003 -0.139950543719214E+003
  0.382709438954291E+000  0.199463190088688E+001  0.637052799314325E+000  0.254699839841080E+000 -0.131028262406404E+000 -0.139950587443432E+003 -0.139950587443432E+003
  0.389648604069453E+000  0.198085041480711E+001  0.633542905439764E+000  0.245761061820808E+000 -0.131028262406404E+000 -0.139950581915584E+003 -0.139950581915584E+003
  0.390224273695400E+000  0.198293083465191E+001  0.783653320852556E+000  0.246876761992403E+000 -0.131028262406404E+000 -0.139950587866833E+003 -0.139950587866833E+003
  0.375987177507122E+000  0.198559686994662E+001  0.220461053545552E+000  0.253248801076613E+000 -0.131028262406404E+000 -0.139950575179122E+003 -0.139950575179122E+003
  0.392629107569380E+000  0.199712988458273E+001  0.272964359554689E+000  0.239960192551655E+000 -0.131028262406404E+000 -0.139950523289287E+003 -0.139950523289287E+003
  0.394389048738213E+000  0.198966430842105E+001  0.381984271243549E-001  0.235607203976848E+000 -0.131028262406404E+000 -0.139950571909637E+003 -0.139950571909637E+003
  0.417278637301058E+000  0.198651296111120E+001  0.391581717310801E+000  0.224996772657132E+000 -0.131028262406404E+000 -0.139950572439513E+003 -0.139950572439513E+003
  0.397495288304553E+000  0.199747666450686E+001  0.271586377300930E+000  0.238509400904718E+000 -0.131028262406404E+000 -0.139950518064638E+003 -0.139950518064638E+003
  0.384339027556450E+000  0.198985457123740E+001  0.303100387059093E+000  0.246467982172594E+000 -0.131028262406404E+000 -0.139950548342568E+003 -0.139950548342568E+003
  0.411037355894688E+000  0.198753544818726E+001  0.640427880764278E+000  0.225315689560279E+000 -0.131028262406404E+000 -0.139950588235311E+003 -0.139950588235311E+003
  0.428365129369178E+000  0.199927754472215E+001  0.844629117600336E+000  0.216251169820821E+000 -0.131028262406404E+000 -0.139950573723086E+003 -0.139950573723086E+003
  0.406727832786710E+000  0.199466540585885E+001  0.588924115958233E+000  0.236043615726101E+000 -0.131028262406404E+000 -0.139950549230683E+003 -0.139950549230683E+003
  0.374465828701161E+000  0.199299121126892E+001  0.678648103413320E+000  0.255756635036544E+000 -0.131028262406404E+000 -0.139950559290172E+003 -0.139950559290172E+003
  0.424069803202437E+000  0.199925824746766E+001  0.850692503021082E-001  0.226512571660877E+000 -0.131028262406404E+000 -0.139950568300093E+003 -0.139950568300093E+003
  0.441349537092431E+000  0.199929259233922E+001  0.442980876530013E+000  0.212331068264361E+000 -0.131028262406404E+000 -0.139950581495224E+003 -0.139950581495224E+003
  0.407187900919336E+000  0.198952314818376E+001  0.437430536247545E-001  0.233884981101797E+000 -0.131028262406404E+000 -0.139950553260476E+003 -0.139950553260476E+003
  0.385496228480323E+000  0.199544715092800E+001  0.966607371816032E+000  0.246107926117237E+000 -0.131028262406404E+000 -0.139950529431543E+003 -0.139950529431543E+003
  0.405552699497710E+000  0.199120568888607E+001  0.579331297809120E+000  0.232476621417751E+000 -0.131028262406404E+000 -0.139950542711051E+003 -0.139950542711051E+003
  0.414292054166656E+000  0.199123166967261E+001  0.524408483148890E-001  0.223356108603347E+000 -0.131028262406404E+000 -0.139950582736453E+003 -0.139950582736453E+003
  0.390254247126942E+000  0.199016747760675E+001  0.317108127405399E+000  0.247420030542204E+000 -0.131028262406404E+000 -0.139950568278765E+003 -0.139950568278765E+003
  0.400075605950204E+000  0.199280589012487E+001  0.360007391510900E+000  0.237722341479402E+000 -0.131028262406404E+000 -0.139950535077870E+003 -0.139950535077870E+003
  0.419858230749937E+000  0.199173767003847E+001  0.762336043497628E+000  0.228639379965340E+000 -0.131028262406404E+000 -0.139950583417957E+003 -0.139950583417957E+003
  0.396602819291731E+000  0.199647397046261E+001  0.919446304302106E+000  0.234800337356199E+000 -0.131028262406404E+000 -0.139950545747273E+003 -0.139950545747273E+003
  0.388584779760102E+000  0.198343036424758E+001  0.752704189436767E+000  0.245354815620712E+000 -0.131028262406404E+000 -0.139950567582838E+003 -0.139950567582838E+003
  0.403553051293924E+000  0.199606822416834E+001  0.312845303306965E+000  0.229248771072017E+000 -0.131028262406404E+000 -0.139950565975012E+003 -0.139950565975012E+003
  0.406098296389985E+000  0.198576283308409E+001  0.618816394119004E+000  0.228986563255930E+000 -0.131028262406404E+000 -0.139950579723885E+003 -0.139950579723885E+003
  0.416144774258177E+000  0.199894363525155E+001  0.682717309587546E+000  0.227929083271072E+000 -0.131028262406404E+000 -0.139950530759717E+003 -0.139950530759717E+003
  0.413733264555086E+000  0.199373613772360E+001  0.823396738007943E+000  0.224406416105817E+000 -0.131028262406404E+000 -0.139950565679647E+003 -0.139950565679647E+003
  0.399368275518767E+000  0.199749022530367E+001  0.491083194177080E+000  0.236906992041382E+000 -0.131028262406404E+000 -0.139950518671304E+003 -0.139950518671304E+003
  0.402830165505590E+000  0.199386053936594E+001  0.897321208318242E+000  0.237432771650901E+000 -0.131028262406404E+000 -0.139950540087320E+003 -0.139950540087320E+003
  0.410414572370507E+000  0.199503565940029E+001  0.262787666161767E-001  0.234829308563281E+000 -0.131028262406404E+000 -0.139950564174424E+003 -0.139950564174424E+003
  0.413403022988820E+000  0.199759792970664E+001  0.911994411293331E+000  0.226521957050028E+000 -0.131028262406404E+000 -0.139950536605540E+003 -0.139950536605540E+003
  0.377356824246684E+000  0.199884608466624E+001  0.168898592776327E+000  0.254316026424317E+000 -0.131028262406404E+000 -0.139950537097233E+003 -0.139950537097233E+003
  0.384422939339341E+000  0.199059213697124E+001  0.637104800087380E+000  0.248680167183352E+000 -0.131028262406404E+000 -0.139950549580046E+003 -0.139950549580046E+003
  0.404886008877859E+000  0.198751948858472E+001  0.163588301392556E+000  0.234682547347422E+000 -0.131028262406404E+000 -0.139950555323781E+003 -0.139950555323781E+003
  0.401416025156361E+000  0.199682769441250E+001  0.335493867318267E+000  0.229403412319411E+000 -0.131028262406404E+000 -0.139950582369223E+003 -0.139950582369223E+003
  0.406124672449506E+000  0.198746926325959E+001  0.479102456822711E+000  0.233762863512650E+000 -0.131028262406404E+000 -0.139950556008206E+003 -0.139950556008206E+003
  0.384016522797561E+000  0.198929667892416E+001  0.475239460112098E+000  0.243939838594289E+000 -0.131028262406404E+000 -0.139950563360402E+003 -0.139950563360402E+003
  0.375235292655528E+000  0.199151848318725E+001  0.468749796520233E+000  0.257111065492347E+000 -0.131028262406404E+000 -0.139950575073868E+003 -0.139950575073868E+003
  0.371888966586918E+000  0.199458925453434E+001  0.166745761105744E+000  0.259899399724630E+000 -0.131028262406404E+000 -0.139950576341228E+003 -0.139950576341228E+003
  0.399967405864657E+000  0.199464251657316E+001  0.419253824414245E+000  0.239932689013487E+000 -0.131028262406404E+000 -0.139950541197602E+003 -0.139950541197602E+003
  0.410488065487124E+000  0.198058779942508E+001  0.823171876560685E+000  0.231792482399435E+000 -0.131028262406404E+000 -0.139950586723351E+003 -0.139950586723351E+003
  0.383397830579773E+000  0.199588614926505E+001  0.876952517501994E+000  0.246913096418207E+000 -0.131028262406404E+000 -0.139950531410587E+003 -0.139950531410587E+003
  0.382130142258816E+000  0.199210002660544E+001  0.230291316077407E+000  0.253782069688704E+000 -0.131028262406404E+000 -0.139950578094957E+003 -0.139950578094957E+003
  0.402109716081118E+000  0.198695573901384E+001  0.913642968316156E+000  0.237913375860703E+000 -0.131028262406404E+000 -0.139950563633132E+003 -0.139950563633132E+003
  0.371737182682997E+000  0.199734822310696E+001  0.212185428601024E+000  0.258474618909354E+000 -0.131028262406404E+000 -0.139950556119832E+003 -0.139950556119832E+003
  0.375244956950863E+000  0.198403984362289E+001  0.640524254981589E-001  0.251498967293315E+000 -0.131028262406404E+000 -0.139950584140518E+003 -0.139950584140518E+003
  0.401511788535856E+000  0.198146848293930E+001  0.176182128875504E+000  0.234608924455701E+000 -0.131028262406404E+000 -0.139950571459563E+003 -0.139950571459563E+003
  0.406284168805932E+000  0.198286439336072E+001  0.445113305023221E+000  0.231697750885059E+000 -0.131028262406404E+000 -0.139950570249480E+003 -0.139950570249480E+003
