  0.795400091186675E+000  0.608659402641996E+000  0.489421759100526E+000  0.499332462366568E+000 -0.131028262406404E+000 -0.134596422301736E+003 -0.134596422301736E+003 -0.134598030399621E+003
  0.843818238247262E+000  0.525021929152556E+000  0.338527101764873E+000  0.496232351720726E+000 -0.131028262406404E+000 -0.134596776718092E+003 -0.134596776718092E+003 -0.134600058212044E+003
  0.849529757358810E+000  0.530968154340335E+000  0.603007623280426E+000  0.498803129517195E+000 -0.131028262406404E+000 -0.134595858682397E+003 -0.134595858682397E+003 -0.134598599583484E+003
  0.847035922829846E+000  0.555856117248706E+000  0.568699347402741E+000  0.498531849178987E+000 -0.131028262406404E+000 -0.134595954675314E+003 -0.134595954675314E+003 -0.134598069079172E+003
  0.855599469926655E+000  0.511123127944601E+000  0.247112015368697E+000  0.499099770671733E+000 -0.131028262406404E+000 -0.134596213847199E+003 -0.134596213847199E+003 -0.134596859204711E+003
  0.839045105285578E+000  0.588986535200804E+000  0.683669897567964E+000  0.499060308071608E+000 -0.131028262406404E+000 -0.134596456544243E+003 -0.134596456544243E+003 -0.134597750864089E+003
  0.843416367978600E+000  0.513692462608873E+000  0.618874034821542E+000  0.499132270114268E+000 -0.131028262406404E+000 -0.134596245355880E+003 -0.134596245355880E+003 -0.134598384166113E+003
  0.807649554509271E+000  0.578283613008539E+000  0.684521234889999E+000  0.498679769249283E+000 -0.131028262406404E+000 -0.134596066236750E+003 -0.134596066236750E+003 -0.134598921773734E+003
  0.797424564864762E+000  0.593428277169628E+000  0.273450072877132E+000  0.498559345301686E+000 -0.131028262406404E+000 -0.134596551750711E+003 -0.134596551750711E+003 -0.134597383091901E+003
  0.801428279238713E+000  0.572872363965354E+000  0.700893247288015E+000  0.499117380409798E+000 -0.131028262406404E+000 -0.134596266080070E+003 -0.134596266080070E+003 -0.134597055562964E+003
  0.830254227131785E+000  0.559564907269623E+000  0.810178778123091E+000  0.496117490884678E+000 -0.131028262406404E+000 -0.134596586427449E+003 -0.134596586427449E+003 -0.134597647050125E+003
  0.808328843790521E+000  0.562499157599983E+000  0.725193440895480E+000  0.498105694033051E+000 -0.131028262406404E+000 -0.134596490551549E+003 -0.134596490551549E+003 -0.134597025363579E+003
  0.835478665025327E+000  0.538713159099531E+000  0.260578587178498E-001  0.498183075908660E+000 -0.131028262406404E+000 -0.134595963084930E+003 -0.134595963084930E+003 -0.134598986304383E+003
  0.828624961571740E+000  0.603881272677042E+000  0.439054610014385E+000  0.499231228246848E+000 -0.131028262406404E+000 -0.134596558894583E+003 -0.134596558894583E+003 -0.134596885126449E+003
  0.833711238057877E+000  0.542431003776447E+000  0.823494205845144E+000  0.496708674511099E+000 -0.131028262406404E+000 -0.134596441493404E+003 -0.134596441493404E+003 -0.134598042864425E+003
  0.809829409244644E+000  0.553677224520169E+000  0.917063156979587E+000  0.499134089647696E+000 -0.131028262406404E+000 -0.134596229051210E+003 -0.134596229051210E+003 -0.134599973311393E+003
  0.807187386961464E+000  0.590312911146676E+000  0.530006800141849E+000  0.499262614850230E+000 -0.131028262406404E+000 -0.134595857654860E+003 -0.134595857654860E+003 -0.134597142795567E+003
  0.794372488825310E+000  0.581158110394443E+000  0.131461538562702E+000  0.499492771840757E+000 -0.131028262406404E+000 -0.134596421453113E+003 -0.134596421453113E+003 -0.134599789526506E+003
  0.861555478717539E+000  0.522207375931856E+000  0.138249565405485E+000  0.496895426498758E+000 -0.131028262406404E+000 -0.134596734162039E+003 -0.134596734162039E+003 -0.134597894354961E+003
  0.822474416496239E+000  0.585553953759485E+000  0.358198803215715E-001  0.499134526500329E+000 -0.131028262406404E+000 -0.134595722144307E+003 -0.134595722144307E+003 -0.134596982664301E+003
  0.859258393324306E+000  0.529922817440238E+000  0.299930849344477E+000  0.498336167945582E+000 -0.131028262406404E+000 -0.134596233054564E+003 -0.134596233054564E+003 -0.134596989940598E+003
  0.857298685493795E+000  0.532301462268937E+000  0.202274761933156E+000  0.498043779760403E+000 -0.131028262406404E+000 -0.134596252885465E+003 -0.134596252885465E+003 -0.134597301427996E+003
  0.804804688057894E+000  0.581723869207240E+000  0.642180371701618E+000  0.497729445391634E+000 -0.131028262406404E+000 -0.134596579605941E+003 -0.134596579605941E+003 -0.134599222276183E+003
  0.834193673356923E+000  0.595513235714185E+000  0.319204206944704E+000  0.499478848530089E+000 -0.131028262406404E+000 -0.134596337272827E+003 -0.134596337272827E+003 -0.134597366005028E+003
  0.847840531352281E+000  0.561095046557802E+000  0.769479351318632E+000  0.496496222833661E+000 -0.131028262406404E+000 -0.134596777424279E+003 -0.134596777424279E+003 -0.134599347136690E+003
  0.820249842763939E+000  0.539408292548056E+000  0.791347889818763E+000  0.498950599677586E+000 -0.131028262406404E+000 -0.134596193689434E+003 -0.134596193689434E+003 -0.134596906452059E+003
  0.815606475854399E+000  0.569532972136282E+000  0.447701447187115E+000  0.497671368018206E+000 -0.131028262406404E+000 -0.134596243227073E+003 -0.134596243227073E+003 -0.134596931762193E+003
  0.808913051939798E+000  0.565912433372286E+000  0.239502885206701E+000  0.498863754417759E+000 -0.131028262406404E+000 -0.134596077468578E+003 -0.134596077468578E+003 -0.134597245386319E+003
  0.861935115331774E+000  0.530484114168036E+000  0.272255353196805E+000  0.498821350097406E+000 -0.131028262406404E+000 -0.134596203656369E+003 -0.134596203656369E+003 -0.134601865844568E+003
  0.828911369711410E+000  0.556611133252446E+000  0.354440626591191E+000  0.498658857509977E+000 -0.131028262406404E+000 -0.134595662048454E+003 -0.134595662048454E+003 -0.134598825814089E+003
  0.814204935588896E+000  0.587399474196807E+000  0.631597659323333E+000  0.499268382366720E+000 -0.131028262406404E+000 -0.134595698506966E+003 -0.134595698506966E+003 -0.134598106264592E+003
  0.835026852762753E+000  0.564672858523542E+000  0.540184689582320E+000  0.496281500422829E+000 -0.131028262406404E+000 -0.134596576822175E+003 -0.134596576822175E+003 -0.134598521251924E+003
  0.852622513939224E+000  0.545314814371475E+000  0.637623300804548E+000  0.496558348304305E+000 -0.131028262406404E+000 -0.134596638332339E+003 -0.134596638332339E+003 -0.134597414615569E+003
  0.835021926769259E+000  0.575925438417848E+000  0.957894679119562E+000  0.498950780745396E+000 -0.131028262406404E+000 -0.134595826260150E+003 -0.134595826260150E+003 -0.134597386500655E+003
  0.860805530951098E+000  0.517217631968174E+000  0.904657441001693E+000  0.497123975173589E+000 -0.131028262406404E+000 -0.134596696396957E+003 -0.134596696396957E+003 -0.134597287667111E+003
  0.801250550554182E+000  0.571235855514408E+000  0.988964727668745E+000  0.499074675649606E+000 -0.131028262406404E+000 -0.134596328932038E+003 -0.134596328932038E+003 -0.134599375426862E+003
  0.832895043628447E+000  0.571276894093398E+000  0.874413059364007E+000  0.497579281739510E+000 -0.131028262406404E+000 -0.134596172113164E+003 -0.134596172113164E+003 -0.134597202864151E+003
  0.848150295687471E+000  0.538092007302735E+000  0.471779438022958E+000  0.499531446585572E+000 -0.131028262406404E+000 -0.134595558782934E+003 -0.134595558782934E+003 -0.134596897547561E+003
  0.834032717215023E+000  0.523078827796239E+000  0.749427189707483E+000  0.498351426297754E+000 -0.131028262406404E+000 -0.134596405691852E+003 -0.134596405691852E+003 -0.134597055308159E+003
  0.828094786752349E+000  0.570696191089950E+000  0.945829994494905E+000  0.497581172804817E+000 -0.131028262406404E+000 -0.134596111553667E+003 -0.134596111553667E+003 -0.134596865022075E+003
  0.841214122164649E+000  0.548196922294195E+000  0.217070707669120E+000  0.497878329617703E+000 -0.131028262406404E+000 -0.134595964958064E+003 -0.134595964958064E+003 -0.134599302288237E+003
  0.836391548324723E+000  0.583932220534094E+000  0.519283282649302E+000  0.498408591170619E+000 -0.131028262406404E+000 -0.134596335593385E+003 -0.134596335593385E+003 -0.134597452437920E+003
  0.832347257371912E+000  0.541321713891615E+000  0.510569162690144E+000  0.498974889798035E+000 -0.131028262406404E+000 -0.134595695558547E+003 -0.134595695558547E+003 -0.134596864569638E+003
  0.807426285046113E+000  0.543223058339072E+000  0.504405501684438E+000  0.499841058066054E+000 -0.131028262406404E+000 -0.134596548656552E+003 -0.134596548656552E+003 -0.134597397510208E+003
  0.822733868002300E+000  0.523071922944779E+000  0.974748715874479E+000  0.499754390094245E+000 -0.131028262406404E+000 -0.134596515661776E+003 -0.134596515661776E+003 -0.134602626708664E+003
  0.836294702687897E+000  0.578451532316229E+000  0.913623074890021E-001  0.499223481458695E+000 -0.131028262406404E+000 -0.134595845654418E+003 -0.134595845654418E+003 -0.134596927250852E+003
  0.822799435946885E+000  0.553937244124635E+000  0.493002404549370E+000  0.497004327191593E+000 -0.131028262406404E+000 -0.134596434338098E+003 -0.134596434338098E+003 -0.134596946667703E+003
  0.842633203579790E+000  0.544919111809848E+000  0.148979240906685E-001  0.498050770947830E+000 -0.131028262406404E+000 -0.134595925356479E+003 -0.134595925356479E+003 -0.134601882613469E+003
  0.795782242372392E+000  0.590618881645176E+000  0.523719197332144E+000  0.498424799617605E+000 -0.131028262406404E+000 -0.134596705786325E+003 -0.134596705786325E+003 -0.134600616826492E+003
  0.834373683274216E+000  0.562368093169035E+000  0.573176906072027E+000  0.496493809264902E+000 -0.131028262406404E+000 -0.134596464077463E+003 -0.134596464077463E+003 -0.134606742622926E+003
  0.822370881815014E+000  0.562080337579748E+000  0.826471775607618E+000  0.496351424520001E+000 -0.131028262406404E+000 -0.134596618613304E+003 -0.134596618613304E+003 -0.134597693065755E+003
  0.854651572396734E+000  0.518184570773275E+000  0.785518793970991E-001  0.497591436842269E+000 -0.131028262406404E+000 -0.134596464464677E+003 -0.134596464464677E+003 -0.134596888689664E+003
  0.814345972097087E+000  0.594900555276005E+000  0.861418387025784E+000  0.499840366946462E+000 -0.131028262406404E+000 -0.134595600771484E+003 -0.134595600771484E+003 -0.134597648210016E+003
  0.858428972579286E+000  0.526935936189948E+000  0.683316410438835E+000  0.497282880470527E+000 -0.131028262406404E+000 -0.134596515541056E+003 -0.134596515541056E+003 -0.134604385592374E+003
  0.837070014414489E+000  0.554745409751725E+000  0.796670743627936E+000  0.499789963698717E+000 -0.131028262406404E+000 -0.134595278118556E+003 -0.134595278118556E+003 -0.134599743392165E+003
  0.860058102789654E+000  0.516512980062561E+000  0.548582562916467E+000  0.497722212230627E+000 -0.131028262406404E+000 -0.134596524849136E+003 -0.134596524849136E+003 -0.134597551067616E+003
  0.807433398347528E+000  0.577090649739131E+000  0.976204932243157E+000  0.498995625757964E+000 -0.131028262406404E+000 -0.134595949508278E+003 -0.134595949508278E+003 -0.134597305877585E+003
  0.840998406792781E+000  0.532623412859363E+000  0.314845055990424E+000  0.498944363352295E+000 -0.131028262406404E+000 -0.134595767220292E+003 -0.134595767220292E+003 -0.134597756875278E+003
  0.846736354118197E+000  0.517305657118665E+000  0.481589524183791E+000  0.499843243829145E+000 -0.131028262406404E+000 -0.134595845438409E+003 -0.134595845438409E+003 -0.134596863777426E+003
  0.857942296907997E+000  0.533744080622525E+000  0.690572112957802E+000  0.498711185234364E+000 -0.131028262406404E+000 -0.134596084738931E+003 -0.134596084738931E+003 -0.134597816214977E+003
  0.829030290811250E+000  0.549077286581128E+000  0.131977499415803E+000  0.497277867053543E+000 -0.131028262406404E+000 -0.134596233932560E+003 -0.134596233932560E+003 -0.134596843851460E+003
  0.846890955230459E+000  0.577083209278020E+000  0.531769917769207E+000  0.498424494423001E+000 -0.131028262406404E+000 -0.134596626175405E+003 -0.134596626175405E+003 -0.134598084500967E+003
  0.821951263261065E+000  0.599651806067718E+000  0.996727239908240E+000  0.498291483661643E+000 -0.131028262406404E+000 -0.134596483498063E+003 -0.134596483498063E+003 -0.134598567231029E+003
  0.839874398483985E+000  0.577676978276303E+000  0.990614517016056E+000  0.499673360163535E+000 -0.131028262406404E+000 -0.134595819536091E+003 -0.134595819536091E+003 -0.134597173888930E+003
  0.833874464685172E+000  0.525688466480731E+000  0.584993466974931E+000  0.498567068505004E+000 -0.131028262406404E+000 -0.134596239677606E+003 -0.134596239677606E+003 -0.134601231341098E+003
  0.840311239766447E+000  0.521232380027062E+000  0.508760106762015E+000  0.498944232837309E+000 -0.131028262406404E+000 -0.134596091590765E+003 -0.134596091590765E+003 -0.134597369644359E+003
  0.844015729307989E+000  0.585718563259650E+000  0.379654855165493E+000  0.498521960475143E+000 -0.131028262406404E+000 -0.134596807565416E+003 -0.134596807565416E+003 -0.134596974511769E+003
  0.854887722133985E+000  0.551355910479675E+000  0.216845376541298E+000  0.497256380679095E+000 -0.131028262406404E+000 -0.134596617100313E+003 -0.134596617100313E+003 -0.134597173927375E+003
  0.837225440488047E+000  0.582293940983339E+000  0.607030864041613E-001  0.497893120009819E+000 -0.131028262406404E+000 -0.134596499495279E+003 -0.134596499495279E+003 -0.134598506936887E+003
  0.862579704474663E+000  0.529527756356825E+000  0.304115951003732E+000  0.497259435906636E+000 -0.131028262406404E+000 -0.134596665250262E+003 -0.134596665250262E+003 -0.134597469843649E+003
  0.864000936994062E+000  0.508469510320433E+000  0.567188164551676E+000  0.498078431280754E+000 -0.131028262406404E+000 -0.134596644364991E+003 -0.134596644364991E+003 -0.134604969196688E+003
  0.855865216484147E+000  0.527251435782534E+000  0.162469114204135E-001  0.498635029531865E+000 -0.131028262406404E+000 -0.134596057151202E+003 -0.134596057151202E+003 -0.134597623391514E+003
  0.833441180995406E+000  0.527990829949791E+000  0.387999783284121E+000  0.499465491812945E+000 -0.131028262406404E+000 -0.134595874514753E+003 -0.134595874514753E+003 -0.134599658482962E+003
  0.816462510854933E+000  0.588184451673086E+000  0.389291062516331E+000  0.498355529024308E+000 -0.131028262406404E+000 -0.134596070412926E+003 -0.134596070412926E+003 -0.134598403637690E+003
  0.809548495508337E+000  0.589967614992742E+000  0.365798800828620E+000  0.497333193339106E+000 -0.131028262406404E+000 -0.134596624808373E+003 -0.134596624808373E+003 -0.134596925864492E+003
  0.860130608380481E+000  0.505666973127015E+000  0.123952032710543E-002  0.497640742003835E+000 -0.131028262406404E+000 -0.134596783286761E+003 -0.134596783286761E+003 -0.134597182894723E+003
  0.862817677931832E+000  0.519253565612934E+000  0.881136961845074E+000  0.498851380577344E+000 -0.131028262406404E+000 -0.134596253588046E+003 -0.134596253588046E+003 -0.134596841460534E+003
  0.802956458230201E+000  0.572363762121574E+000  0.450223329857291E+000  0.498559855705363E+000 -0.131028262406404E+000 -0.134596419249372E+003 -0.134596419249372E+003 -0.134606614746600E+003
  0.826697181175279E+000  0.585559386683158E+000  0.980140232920436E+000  0.498108999064549E+000 -0.131028262406404E+000 -0.134596187990219E+003 -0.134596187990219E+003 -0.134598282088907E+003
  0.840402631762970E+000  0.503984283473699E+000  0.776002969538132E+000  0.499478334663018E+000 -0.131028262406404E+000 -0.134596717446231E+003 -0.134596717446231E+003 -0.134596868888223E+003
  0.838344026998519E+000  0.520223814080170E+000  0.378323466602527E+000  0.498872852730289E+000 -0.131028262406404E+000 -0.134596203361697E+003 -0.134596203361697E+003 -0.134598410858467E+003
  0.814230766875190E+000  0.610394433298555E+000  0.353449627255658E+000  0.498863665095683E+000 -0.131028262406404E+000 -0.134596516401250E+003 -0.134596516401250E+003 -0.134597187527306E+003
  0.865126417927742E+000  0.516000042413281E+000  0.735378390085517E-001  0.498147362675604E+000 -0.131028262406404E+000 -0.134596543053043E+003 -0.134596543053043E+003 -0.134599233262077E+003
  0.823933359015062E+000  0.583310432222591E+000  0.956309734563161E+000  0.497919529049466E+000 -0.131028262406404E+000 -0.134596166102010E+003 -0.134596166102010E+003 -0.134597216090841E+003
  0.865618869953980E+000  0.526344032068664E+000  0.260821898636664E+000  0.499505585831022E+000 -0.131028262406404E+000 -0.134596174173458E+003 -0.134596174173458E+003 -0.134597155053888E+003
  0.803723627113330E+000  0.584175239545293E+000  0.917329788564490E+000  0.499199007104480E+000 -0.131028262406404E+000 -0.134595984953185E+003 -0.134595984953185E+003 -0.134602689664631E+003
  0.819090519757595E+000  0.551461375114479E+000  0.286401989939838E+000  0.496601201533835E+000 -0.131028262406404E+000 -0.134596780873864E+003 -0.134596780873864E+003 -0.134597692889716E+003
  0.790139990831025E+000  0.590168393199872E+000  0.528356590621307E+000  0.499943411619906E+000 -0.131028262406404E+000 -0.134596384718669E+003 -0.134596384718669E+003 -0.134597838120785E+003
  0.845781256318252E+000  0.570239067115480E+000  0.120402994869188E+000  0.497222964122624E+000 -0.131028262406404E+000 -0.134596708121901E+003 -0.134596708121901E+003 -0.134597602151743E+003
  0.855652176723544E+000  0.532124116310619E+000  0.330392388288986E+000  0.497407968065485E+000 -0.131028262406404E+000 -0.134596392117853E+003 -0.134596392117853E+003 -0.134596948038279E+003
  0.871042640691566E+000  0.522439890148688E+000  0.435013575317845E+000  0.499010799454344E+000 -0.131028262406404E+000 -0.134596571027179E+003 -0.134596571027179E+003 -0.134597325160891E+003
  0.821223498584785E+000  0.607148756999774E+000  0.139183259528173E+000  0.498217676620583E+000 -0.131028262406404E+000 -0.134596819313171E+003 -0.134596819313171E+003 -0.134597607305896E+003
  0.854698919103852E+000  0.565630957970575E+000  0.967358964334885E+000  0.498041749079911E+000 -0.131028262406404E+000 -0.134596800607931E+003 -0.134596800607931E+003 -0.134597434703171E+003
  0.864026081335880E+000  0.512642958271238E+000  0.235271707175727E+000  0.497842154849887E+000 -0.131028262406404E+000 -0.134596634057374E+003 -0.134596634057374E+003 -0.134597123186010E+003
  0.811052601592642E+000  0.558405843588474E+000  0.315008659802981E+000  0.498937475500730E+000 -0.131028262406404E+000 -0.134596098885617E+003 -0.134596098885617E+003 -0.134596892215431E+003
  0.813374206989008E+000  0.555010163914630E+000  0.285783852957069E+000  0.499005830805051E+000 -0.131028262406404E+000 -0.134596036105625E+003 -0.134596036105625E+003 -0.134598139040070E+003
  0.853949881620647E+000  0.534047088448023E+000  0.709930841035462E+000  0.499817731437868E+000 -0.131028262406404E+000 -0.134595630102266E+003 -0.134595630102266E+003 -0.134610150355888E+003
  0.826604853908758E+000  0.603971461479528E+000  0.326610255695532E+000  0.498320722181441E+000 -0.131028262406404E+000 -0.134596826596322E+003 -0.134596826596322E+003 -0.134597689868831E+003
  0.784858482238382E+000  0.608483956670580E+000  0.543558325729056E+000  0.499722563173003E+000 -0.131028262406404E+000 -0.134596769552544E+003 -0.134596769552544E+003 -0.134596929401054E+003
  0.803088899734774E+000  0.576221107382164E+000  0.203246594325557E+000  0.498414070780642E+000 -0.131028262406404E+000 -0.134596415414649E+003 -0.134596415414649E+003 -0.134598763674543E+003
  0.819961744339698E+000  0.546806962010675E+000  0.318558562202569E+000  0.499852566598932E+000 -0.131028262406404E+000 -0.134595631177239E+003 -0.134595631177239E+003 -0.134597136766714E+003
  0.807609914491297E+000  0.578016863098058E+000  0.743852857636412E+000  0.497023412328771E+000 -0.131028262406404E+000 -0.134596773188025E+003 -0.134596773188025E+003 -0.134597041237303E+003
  0.838381162558171E+000  0.565167264018982E+000  0.852905042520122E+000  0.496676164893309E+000 -0.131028262406404E+000 -0.134596498810034E+003 -0.134596498810034E+003 -0.134597474793807E+003
  0.804288679718591E+000  0.600302321886527E+000  0.642260207079354E+000  0.497679333789909E+000 -0.131028262406404E+000 -0.134596758356783E+003 -0.134596758356783E+003 -0.134597038618917E+003
  0.839856116179115E+000  0.566092336558151E+000  0.300480559108437E+000  0.496143332510952E+000 -0.131028262406404E+000 -0.134596746275662E+003 -0.134596746275662E+003 -0.134597408198707E+003
  0.846829329851343E+000  0.507477386115609E+000  0.524574420677709E+000  0.497897052528701E+000 -0.131028262406404E+000 -0.134596786657788E+003 -0.134596786657788E+003 -0.134597265990431E+003
  0.807513727201298E+000  0.555909726590315E+000  0.257793282962758E+000  0.498612668010991E+000 -0.131028262406404E+000 -0.134596516260225E+003 -0.134596516260225E+003 -0.134600341371114E+003
  0.818434253527920E+000  0.582157136974895E+000  0.170684227207953E+000  0.496449429294285E+000 -0.131028262406404E+000 -0.134596743525341E+003 -0.134596743525341E+003 -0.134604461507506E+003
  0.822934239964097E+000  0.535531251266518E+000  0.434780304210652E+000  0.498057005359753E+000 -0.131028262406404E+000 -0.134596523308308E+003 -0.134596523308308E+003 -0.134598558104050E+003
  0.841019109408816E+000  0.532110717878146E+000  0.136177474014715E+000  0.496252252988868E+000 -0.131028262406404E+000 -0.134596658986392E+003 -0.134596658986392E+003 -0.134597009776663E+003
  0.837271534790192E+000  0.578502167674119E+000  0.265299637695304E-001  0.496666827610304E+000 -0.131028262406404E+000 -0.134596818506767E+003 -0.134596818506767E+003 -0.134598069360145E+003
  0.873905646141611E+000  0.519476162137129E+000  0.807924398978194E+000  0.499807933723024E+000 -0.131028262406404E+000 -0.134596528329868E+003 -0.134596528329868E+003 -0.134607328052384E+003
  0.857524177949979E+000  0.509119567632132E+000  0.617434069406316E+000  0.499068075150345E+000 -0.131028262406404E+000 -0.134596287726000E+003 -0.134596287726000E+003 -0.134599859318716E+003
  0.819393818950235E+000  0.582533018245136E+000  0.609252116145453E+000  0.497968638326089E+000 -0.131028262406404E+000 -0.134596120966289E+003 -0.134596120966289E+003 -0.134597670757210E+003
  0.840048943643731E+000  0.530830121285041E+000  0.863752696643083E+000  0.499190092445935E+000 -0.131028262406404E+000 -0.134595736807379E+003 -0.134595736807379E+003 -0.134596836943653E+003
  0.820227879588370E+000  0.551082404360067E+000  0.964250755714558E+000  0.499576138565016E+000 -0.131028262406404E+000 -0.134595609617850E+003 -0.134595609617850E+003 -0.134597463787501E+003
  0.823008948174332E+000  0.600648449441807E+000  0.883018512019929E+000  0.498765528098341E+000 -0.131028262406404E+000 -0.134596361343504E+003 -0.134596361343504E+003 -0.134597586635042E+003
  0.830244411565454E+000  0.543101327920617E+000  0.614485513053223E+000  0.498540943450523E+000 -0.131028262406404E+000 -0.134595854609143E+003 -0.134595854609143E+003 -0.134599134923119E+003
  0.848062330567055E+000  0.536822467408446E+000  0.571631157285855E+000  0.496554022888209E+000 -0.131028262406404E+000 -0.134596500337226E+003 -0.134596500337226E+003 -0.134602437774140E+003
  0.846667410804450E+000  0.526320476442382E+000  0.102855520758068E+000  0.496145676843584E+000 -0.131028262406404E+000 -0.134596747275611E+003 -0.134596747275611E+003 -0.134599258691423E+003
  0.868997092696797E+000  0.538041229522892E+000  0.275840456665798E+000  0.499670013188372E+000 -0.131028262406404E+000 -0.134596492886841E+003 -0.134596492886841E+003 -0.134597981645051E+003
  0.808331387755484E+000  0.579686665535836E+000  0.282038249029309E+000  0.498444142702474E+000 -0.131028262406404E+000 -0.134596134206019E+003 -0.134596134206019E+003 -0.134598455609829E+003
  0.846916437655378E+000  0.506645588392840E+000  0.615340336222187E-001  0.499466251377513E+000 -0.131028262406404E+000 -0.134596366689763E+003 -0.134596366689763E+003 -0.134597048991573E+003
  0.855245505158100E+000  0.513276948767335E+000  0.543181889334957E+000  0.498133653347699E+000 -0.131028262406404E+000 -0.134596423172779E+003 -0.134596423172779E+003 -0.134596977857932E+003
  0.833393718238737E+000  0.540080828361286E+000  0.105395765834742E-001  0.498331027277462E+000 -0.131028262406404E+000 -0.134595921965071E+003 -0.134595921965071E+003 -0.134596992982624E+003
  0.865979017543970E+000  0.538833231438095E+000  0.116084944544655E+000  0.499660596834099E+000 -0.131028262406404E+000 -0.134596299121648E+003 -0.134596299121648E+003 -0.134596833674308E+003
  0.856085360713328E+000  0.519723478238378E+000  0.247172216932608E+000  0.498212705781123E+000 -0.131028262406404E+000 -0.134596272595186E+003 -0.134596272595186E+003 -0.134597091582660E+003
  0.811424251617630E+000  0.551784095154846E+000  0.397193374457519E+000  0.499835558312561E+000 -0.131028262406404E+000 -0.134595919347948E+003 -0.134595919347948E+003 -0.134601984262489E+003
  0.804394178631523E+000  0.578326047799235E+000  0.833932285880527E+000  0.498203460236181E+000 -0.131028262406404E+000 -0.134596414860558E+003 -0.134596414860558E+003 -0.134597064782445E+003
  0.841456771541173E+000  0.547191028768100E+000  0.128821676330080E+000  0.498866032866576E+000 -0.131028262406404E+000 -0.134595638461671E+003 -0.134595638461671E+003 -0.134607040892497E+003
  0.816052385475403E+000  0.611805661733466E+000  0.713799011068735E+000  0.499246001224728E+000 -0.131028262406404E+000 -0.134596457685629E+003 -0.134596457685629E+003 -0.134598122858899E+003
  0.847528398904101E+000  0.524515114103939E+000  0.294203563920113E+000  0.496952676040536E+000 -0.131028262406404E+000 -0.134596522396450E+003 -0.134596522396450E+003 -0.134599950176980E+003
  0.822474890202202E+000  0.591642264129227E+000  0.744906504087386E+000  0.497988172457957E+000 -0.131028262406404E+000 -0.134596338073228E+003 -0.134596338073228E+003 -0.134596971622872E+003
  0.819692306204199E+000  0.568116082679064E+000  0.245778219120947E+000  0.499007270190568E+000 -0.131028262406404E+000 -0.134595616662649E+003 -0.134595616662649E+003 -0.134596863908746E+003
  0.855293728239664E+000  0.520226036970530E+000  0.931812699504177E+000  0.498606324014877E+000 -0.131028262406404E+000 -0.134596141569402E+003 -0.134596141569402E+003 -0.134599902789608E+003
  0.849244570683256E+000  0.515127069001582E+000  0.977396253943920E+000  0.497162685714250E+000 -0.131028262406404E+000 -0.134596680451112E+003 -0.134596680451112E+003 -0.134598061899761E+003
  0.841297940176873E+000  0.554123950499525E+000  0.102891751168188E+000  0.497137715184760E+000 -0.131028262406404E+000 -0.134596244718790E+003 -0.134596244718790E+003 -0.134598205672576E+003
  0.851597270483895E+000  0.521168046579559E+000  0.512140604780692E+000  0.497081154076103E+000 -0.131028262406404E+000 -0.134596543902900E+003 -0.134596543902900E+003 -0.134600736921799E+003
  0.853575522444536E+000  0.503069046545781E+000  0.649553674436807E+000  0.499324936138984E+000 -0.131028262406404E+000 -0.134596442839578E+003 -0.134596442839578E+003 -0.134599988072078E+003
  0.814342973856196E+000  0.560900306074842E+000  0.263045501972633E+000  0.499557336009847E+000 -0.131028262406404E+000 -0.134595642332559E+003 -0.134595642332559E+003 -0.134599552209058E+003
  0.807141325600674E+000  0.587236699348647E+000  0.162527257847027E+000  0.499647902580357E+000 -0.131028262406404E+000 -0.134595674421744E+003 -0.134595674421744E+003 -0.134603855352260E+003
  0.830735330215338E+000  0.521676425866944E+000  0.851679866657860E-001  0.497809993364255E+000 -0.131028262406404E+000 -0.134596790294213E+003 -0.134596790294213E+003 -0.134596907327339E+003
  0.814253924197920E+000  0.558458974870495E+000  0.423087547171056E+000  0.499327928894681E+000 -0.131028262406404E+000 -0.134595784711227E+003 -0.134595784711227E+003 -0.134598361136411E+003
  0.845164401886928E+000  0.538195178436706E+000  0.905256354117025E+000  0.497386525303854E+000 -0.131028262406404E+000 -0.134596195610551E+003 -0.134596195610551E+003 -0.134597778978453E+003
  0.799152230690570E+000  0.554450578289103E+000  0.937053392723504E+000  0.499918822471117E+000 -0.131028262406404E+000 -0.134596693167473E+003 -0.134596693167473E+003 -0.134597351086882E+003
  0.822356128420981E+000  0.557664772247751E+000  0.771832475332645E+000  0.497231400188163E+000 -0.131028262406404E+000 -0.134596312242112E+003 -0.134596312242112E+003 -0.134598248293807E+003
  0.829996493213145E+000  0.576935628592940E+000  0.842230061564131E+000  0.499616746096499E+000 -0.131028262406404E+000 -0.134595472752290E+003 -0.134595472752290E+003 -0.134690885298499E+003
  0.832063629215787E+000  0.570281348565026E+000  0.589870717490399E+000  0.497672052403327E+000 -0.131028262406404E+000 -0.134596107142273E+003 -0.134596107142273E+003 -0.134596858859377E+003
  0.819703085673107E+000  0.534972120753123E+000  0.177871660154165E+000  0.499549240405530E+000 -0.131028262406404E+000 -0.134596187085592E+003 -0.134596187085592E+003 -0.134600047064797E+003
  0.868505457841080E+000  0.502728662855006E+000  0.395549640868280E+000  0.498971179870652E+000 -0.131028262406404E+000 -0.134596639133114E+003 -0.134596639133114E+003 -0.134599758799299E+003
  0.830283991128811E+000  0.559010251093167E+000  0.579609534021168E+000  0.498807169431559E+000 -0.131028262406404E+000 -0.134595592789143E+003 -0.134595592789143E+003 -0.134596985921673E+003
  0.824822430654791E+000  0.554186413136371E+000  0.957507311391879E+000  0.499038096225196E+000 -0.131028262406404E+000 -0.134595612206534E+003 -0.134595612206534E+003 -0.134597002533179E+003
  0.832532722331973E+000  0.573299782766755E+000  0.432104177788753E+000  0.497702837924613E+000 -0.131028262406404E+000 -0.134596159151240E+003 -0.134596159151240E+003 -0.134596836323029E+003
  0.848293053005666E+000  0.557309831800217E+000  0.858902217594669E+000  0.497386844385516E+000 -0.131028262406404E+000 -0.134596408089767E+003 -0.134596408089767E+003 -0.134597459283194E+003
  0.822402060085147E+000  0.571269780813226E+000  0.817866143511003E+000  0.497553239942771E+000 -0.131028262406404E+000 -0.134596147561856E+003 -0.134596147561856E+003 -0.134597738377214E+003
  0.831157233491409E+000  0.534647635898730E+000  0.628965495741343E+000  0.499542509863527E+000 -0.131028262406404E+000 -0.134595699032476E+003 -0.134595699032476E+003 -0.134597037721292E+003
  0.832401234388776E+000  0.526057999177734E+000  0.782623869729954E+000  0.498541365590117E+000 -0.131028262406404E+000 -0.134596288325075E+003 -0.134596288325075E+003 -0.134596978054298E+003
  0.871801780930030E+000  0.514234049691506E+000  0.242002433565359E+000  0.499390081148622E+000 -0.131028262406404E+000 -0.134596507723814E+003 -0.134596507723814E+003 -0.134599456773731E+003
  0.824180163199557E+000  0.548755181133659E+000  0.542333713577309E+000  0.498967118179364E+000 -0.131028262406404E+000 -0.134595749703371E+003 -0.134595749703371E+003 -0.134596895699119E+003
  0.821352095939585E+000  0.554834287427043E+000  0.502248653304331E+000  0.496584914434306E+000 -0.131028262406404E+000 -0.134596631790388E+003 -0.134596631790388E+003 -0.134597448003858E+003
  0.844994873149310E+000  0.549139637460165E+000  0.150872355606653E+000  0.498951965065633E+000 -0.131028262406404E+000 -0.134595678961246E+003 -0.134595678961246E+003 -0.134597832201310E+003
  0.818702110239464E+000  0.570558229170645E+000  0.130364200391109E+000  0.496180037737008E+000 -0.131028262406404E+000 -0.134596759962519E+003 -0.134596759962519E+003 -0.134596988148431E+003
  0.837121839115321E+000  0.588514153893132E+000  0.764767807332086E+000  0.499033242943271E+000 -0.131028262406404E+000 -0.134596334048373E+003 -0.134596334048373E+003 -0.134598352746600E+003
  0.816043774012125E+000  0.550883030003563E+000  0.560143548799356E+000  0.497914297672633E+000 -0.131028262406404E+000 -0.134596433506540E+003 -0.134596433506540E+003 -0.134597084958841E+003
  0.848250275678421E+000  0.572991381646600E+000  0.252001307271272E+000  0.499977885333614E+000 -0.131028262406404E+000 -0.134596028029813E+003 -0.134596028029813E+003 -0.134597016748556E+003
  0.855400188449794E+000  0.517683979212752E+000  0.821091894318434E+000  0.497252606655265E+000 -0.131028262406404E+000 -0.134596577811786E+003 -0.134596577811786E+003 -0.134596938766319E+003
  0.805976319070849E+000  0.587066204238997E+000  0.964487502487306E+000  0.499650934193806E+000 -0.131028262406404E+000 -0.134595707854369E+003 -0.134595707854369E+003 -0.134601027777874E+003
  0.838248495062955E+000  0.593015846541579E+000  0.981963998609572E+000  0.499876372044475E+000 -0.131028262406404E+000 -0.134596312902817E+003 -0.134596312902817E+003 -0.134597992408474E+003
  0.828674707277566E+000  0.545584823113970E+000  0.719442475514244E+000  0.499550354862329E+000 -0.131028262406404E+000 -0.134595485905631E+003 -0.134595485905631E+003 -0.134598514700875E+003
  0.858865229876261E+000  0.538244761671178E+000  0.353283203406691E+000  0.499036143618943E+000 -0.131028262406404E+000 -0.134596059767691E+003 -0.134596059767691E+003 -0.134601928491328E+003
  0.823734636683539E+000  0.575197368102051E+000  0.157624974899620E+000  0.498502351274074E+000 -0.131028262406404E+000 -0.134595802465888E+003 -0.134595802465888E+003 -0.134597366449321E+003
  0.820580935942983E+000  0.543803248899397E+000  0.294096237197431E+000  0.497833688869891E+000 -0.131028262406404E+000 -0.134596440895014E+003 -0.134596440895014E+003 -0.134596863460729E+003
  0.841578729864415E+000  0.557456471957594E+000  0.897504126743501E+000  0.496812185240818E+000 -0.131028262406404E+000 -0.134596398762746E+003 -0.134596398762746E+003 -0.134597492236775E+003
  0.801163465587159E+000  0.565078238332263E+000  0.352967307254497E+000  0.499365753239899E+000 -0.131028262406404E+000 -0.134596367715319E+003 -0.134596367715319E+003 -0.134597444230407E+003
  0.851863002602552E+000  0.544546299459314E+000  0.482267815228720E+000  0.497982695713567E+000 -0.131028262406404E+000 -0.134596153825087E+003 -0.134596153825087E+003 -0.134597965475767E+003
  0.810437615454143E+000  0.559738463060177E+000  0.353133660343826E+000  0.497392531100610E+000 -0.131028262406404E+000 -0.134596724080067E+003 -0.134596724080067E+003 -0.134597376894646E+003
  0.816044063392434E+000  0.562669974854593E+000  0.820617427096777E+000  0.497231213725668E+000 -0.131028262406404E+000 -0.134596466295715E+003 -0.134596466295715E+003 -0.134599167508918E+003
  0.828642065199112E+000  0.556287473303429E+000  0.718155470467074E+000  0.496190411052379E+000 -0.131028262406404E+000 -0.134596581384690E+003 -0.134596581384690E+003 -0.134597100772969E+003
  0.866384074840499E+000  0.543281949596986E+000  0.824389388026283E+000  0.498487290170836E+000 -0.131028262406404E+000 -0.134596752107869E+003 -0.134596752107869E+003 -0.134596848649499E+003
  0.819795903400051E+000  0.595602954682097E+000  0.560414470222403E+000  0.498724152891819E+000 -0.131028262406404E+000 -0.134596120999327E+003 -0.134596120999327E+003 -0.134597601856167E+003
  0.832747257823421E+000  0.545128966198017E+000  0.797554497961389E+000  0.498750701714969E+000 -0.131028262406404E+000 -0.134595700116929E+003 -0.134595700116929E+003 -0.134599063409828E+003
  0.842736708245160E+000  0.551623230259403E+000  0.707959367167527E+000  0.497733783058635E+000 -0.131028262406404E+000 -0.134596048440940E+003 -0.134596048440940E+003 -0.134601378684579E+003
  0.858774954211189E+000  0.536817774337475E+000  0.118186168813179E+000  0.498651047427939E+000 -0.131028262406404E+000 -0.134596153710780E+003 -0.134596153710780E+003 -0.134597093765862E+003
  0.806905949651593E+000  0.568847780198153E+000  0.966212746746040E+000  0.498728139151542E+000 -0.131028262406404E+000 -0.134596185651249E+003 -0.134596185651249E+003 -0.134598274287689E+003
  0.827066303660833E+000  0.568228149356747E+000  0.688868694118944E+000  0.499321455034994E+000 -0.131028262406404E+000 -0.134595431896161E+003 -0.134595431896161E+003 -0.134597019527463E+003
  0.842961252913550E+000  0.535109438626944E+000  0.194536103057306E-001  0.496329881023403E+000 -0.131028262406404E+000 -0.134596569490189E+003 -0.134596569490189E+003 -0.134597043916907E+003
  0.816696487633054E+000  0.561783012428471E+000  0.427752347590859E+000  0.496763660497483E+000 -0.131028262406404E+000 -0.134596639457985E+003 -0.134596639457985E+003 -0.134598777107692E+003
  0.829995928779814E+000  0.533096126022834E+000  0.302532283281990E+000  0.497190235495693E+000 -0.131028262406404E+000 -0.134596596884486E+003 -0.134596596884486E+003 -0.134596980118392E+003
  0.822567096548038E+000  0.592080575543008E+000  0.639484229095050E+000  0.499873187985416E+000 -0.131028262406404E+000 -0.134595602703084E+003 -0.134595602703084E+003 -0.134597751933412E+003
  0.846365468230911E+000  0.576170855634432E+000  0.284190125377654E+000  0.497973243313950E+000 -0.131028262406404E+000 -0.134596708230688E+003 -0.134596708230688E+003 -0.134596935546835E+003
  0.814250585931758E+000  0.569676996896710E+000  0.458856869075929E+000  0.497095189527070E+000 -0.131028262406404E+000 -0.134596522418753E+003 -0.134596522418753E+003 -0.134603322275040E+003
  0.867818857709906E+000  0.515076881784387E+000  0.714016552207229E-001  0.498952620004014E+000 -0.131028262406404E+000 -0.134596437073882E+003 -0.134596437073882E+003 -0.134598912382846E+003
  0.846267883798128E+000  0.566352558844466E+000  0.375940908158284E+000  0.496679719426961E+000 -0.131028262406404E+000 -0.134596793566477E+003 -0.134596793566477E+003 -0.134597371103312E+003
  0.817613618323742E+000  0.588413834305790E+000  0.622516413773825E+000  0.499112767371126E+000 -0.131028262406404E+000 -0.134595763375799E+003 -0.134595763375799E+003 -0.134597024613499E+003
  0.851576016331640E+000  0.569791582324229E+000  0.279791223343289E+000  0.498513046250502E+000 -0.131028262406404E+000 -0.134596600782436E+003 -0.134596600782436E+003 -0.134597618804177E+003
  0.810454137426408E+000  0.588025252253760E+000  0.706991675619293E+000  0.498437484913460E+000 -0.131028262406404E+000 -0.134596110191570E+003 -0.134596110191570E+003 -0.134598535308168E+003
  0.840688568829013E+000  0.560977414608176E+000  0.705876884998186E+000  0.496030980494663E+000 -0.131028262406404E+000 -0.134596707695425E+003 -0.134596707695425E+003 -0.134596941958299E+003
  0.838733312218779E+000  0.582396907824993E+000  0.238811487843397E+000  0.498113630059210E+000 -0.131028262406404E+000 -0.134596493132334E+003 -0.134596493132334E+003 -0.134597808652363E+003
  0.861590614410550E+000  0.508558659435854E+000  0.186639099936399E+000  0.497575526909533E+000 -0.131028262406404E+000 -0.134596738830094E+003 -0.134596738830094E+003 -0.134597149510742E+003
  0.847531684839879E+000  0.504284763155185E+000  0.796734932704946E+000  0.499147790710214E+000 -0.131028262406404E+000 -0.134596551230126E+003 -0.134596551230126E+003 -0.134597474935019E+003
  0.835245552725657E+000  0.591272486301273E+000  0.325314705215846E+000  0.499353684454093E+000 -0.131028262406404E+000 -0.134596239979098E+003 -0.134596239979098E+003 -0.134598346724545E+003
  0.821570579966100E+000  0.568569823608145E+000  0.573092328744449E+000  0.499684545639100E+000 -0.131028262406404E+000 -0.134595325938897E+003 -0.134595325938897E+003 -0.134597023039225E+003
  0.849044195490167E+000  0.529713271735945E+000  0.993086712509185E+000  0.498821328446986E+000 -0.131028262406404E+000 -0.134595863257514E+003 -0.134595863257514E+003 -0.134597720511180E+003
  0.806311743776859E+000  0.566657248428550E+000  0.750990482861520E+000  0.499674714907507E+000 -0.131028262406404E+000 -0.134595870277220E+003 -0.134595870277220E+003 -0.134596840683118E+003
  0.853918958765796E+000  0.559201084800052E+000  0.804438254785032E+000  0.498781151053937E+000 -0.131028262406404E+000 -0.134596291500871E+003 -0.134596291500871E+003 -0.134596832415717E+003
  0.805365941514477E+000  0.569970666111460E+000  0.723877873106562E+000  0.499742828865286E+000 -0.131028262406404E+000 -0.134595828108762E+003 -0.134595828108762E+003 -0.134597718346508E+003
  0.836652292796029E+000  0.593222885106639E+000  0.969773980624349E-001  0.498904249453046E+000 -0.131028262406404E+000 -0.134596577982833E+003 -0.134596577982833E+003 -0.134600012382310E+003
  0.852317526052111E+000  0.558281055929669E+000  0.983033750715236E+000  0.499463588937091E+000 -0.131028262406404E+000 -0.134595958382451E+003 -0.134595958382451E+003 -0.134598686293814E+003
  0.815060123331431E+000  0.601738059037225E+000  0.119572493771786E-003  0.498211437571154E+000 -0.131028262406404E+000 -0.134596476742717E+003 -0.134596476742717E+003 -0.134597460083415E+003
  0.790746409245382E+000  0.584528586025472E+000  0.201620597429320E+000  0.499701335021703E+000 -0.131028262406404E+000 -0.134596536025085E+003 -0.134596536025085E+003 -0.134597894733762E+003
  0.849721401423989E+000  0.533608892245137E+000  0.209426861644755E+000  0.496790268757204E+000 -0.131028262406404E+000 -0.134596461104623E+003 -0.134596461104623E+003 -0.134597286776243E+003
  0.840933677714804E+000  0.528596489421145E+000  0.306985152185908E+000  0.498119897051092E+000 -0.131028262406404E+000 -0.134596122279913E+003 -0.134596122279913E+003 -0.134596851903406E+003
  0.856882317432042E+000  0.524418822257313E+000  0.905009235751753E+000  0.497113896327422E+000 -0.131028262406404E+000 -0.134596544491885E+003 -0.134596544491885E+003 -0.134598002289096E+003
  0.848720627181495E+000  0.545430579387085E+000  0.246109720611419E+000  0.497628684544264E+000 -0.131028262406404E+000 -0.134596177627347E+003 -0.134596177627347E+003 -0.134599320393603E+003
  0.816711218105295E+000  0.592158327867109E+000  0.388414878356771E+000  0.499446201854734E+000 -0.131028262406404E+000 -0.134595705188879E+003 -0.134595705188879E+003 -0.134597212285384E+003
  0.825360977292159E+000  0.553849093286753E+000  0.552377218770737E+000  0.499205455630579E+000 -0.131028262406404E+000 -0.134595543588527E+003 -0.134595543588527E+003 -0.134597035051511E+003
  0.867218888803793E+000  0.519713603875157E+000  0.453825253544801E+000  0.499793043312819E+000 -0.131028262406404E+000 -0.134596174179270E+003 -0.134596174179270E+003 -0.134597144353270E+003
  0.841301506951908E+000  0.521318594526737E+000  0.866675676585962E+000  0.498874760567809E+000 -0.131028262406404E+000 -0.134596088429574E+003 -0.134596088429574E+003 -0.134597027340387E+003
  0.857567415539977E+000  0.540038917292015E+000  0.517546781436535E+000  0.497666222544356E+000 -0.131028262406404E+000 -0.134596423243900E+003 -0.134596423243900E+003 -0.134597347258353E+003
  0.809771209739739E+000  0.566929509625796E+000  0.180504742639472E+000  0.497517692973681E+000 -0.131028262406404E+000 -0.134596570469085E+003 -0.134596570469085E+003 -0.134597777599895E+003
  0.848233462443879E+000  0.518838488142976E+000  0.611559805759333E+000  0.499317402232138E+000 -0.131028262406404E+000 -0.134595940861692E+003 -0.134595940861692E+003 -0.134597465533980E+003
  0.830717322364434E+000  0.515955896096726E+000  0.928474525733702E+000  0.499672367889600E+000 -0.131028262406404E+000 -0.134596461217151E+003 -0.134596461217151E+003 -0.134598531451656E+003
  0.860191077992481E+000  0.543541768126049E+000  0.306486489629414E+000  0.498517083011012E+000 -0.131028262406404E+000 -0.134596354144007E+003 -0.134596354144007E+003 -0.134602700063026E+003
  0.810321583899320E+000  0.579326426236603E+000  0.876262009277536E+000  0.497920177066919E+000 -0.131028262406404E+000 -0.134596285471538E+003 -0.134596285471538E+003 -0.134598497425152E+003
  0.841456540233307E+000  0.550337465713608E+000  0.240357215139305E-001  0.496034620515138E+000 -0.131028262406404E+000 -0.134596605122623E+003 -0.134596605122623E+003 -0.134597081633573E+003
  0.827715696582145E+000  0.577993919099624E+000  0.748698983506976E+000  0.498826500314311E+000 -0.131028262406404E+000 -0.134595749304017E+003 -0.134595749304017E+003 -0.134597388683926E+003
  0.830063508327674E+000  0.517061974461739E+000  0.320284272818867E-001  0.498762367636127E+000 -0.131028262406404E+000 -0.134596733651009E+003 -0.134596733651009E+003 -0.134597300281962E+003
  0.841481332838468E+000  0.534267460908784E+000  0.892762292907425E+000  0.498741306817611E+000 -0.131028262406404E+000 -0.134595798903592E+003 -0.134595798903592E+003 -0.134597438679414E+003
  0.870801872292405E+000  0.533608731027366E+000  0.189847722382454E-001  0.499661364599618E+000 -0.131028262406404E+000 -0.134596533451056E+003 -0.134596533451056E+003 -0.134597434204827E+003
  0.833357249256043E+000  0.567699303802290E+000  0.818623353194828E+000  0.497717933564436E+000 -0.131028262406404E+000 -0.134596068732582E+003 -0.134596068732582E+003 -0.134597267105007E+003
  0.829580203479249E+000  0.531300509580519E+000  0.251154388081057E+000  0.499004612309517E+000 -0.131028262406404E+000 -0.134596045463362E+003 -0.134596045463362E+003 -0.134597117239912E+003
  0.835627063126524E+000  0.592040216746126E+000  0.211817691392991E+000  0.499740395631673E+000 -0.131028262406404E+000 -0.134596154593744E+003 -0.134596154593744E+003 -0.134597574017943E+003
  0.837315900336833E+000  0.556057383518198E+000  0.952702684056134E+000  0.495777049517191E+000 -0.131028262406404E+000 -0.134596693926282E+003 -0.134596693926282E+003 -0.134596970690642E+003
  0.859071298788756E+000  0.524607766382460E+000  0.698006029328056E+000  0.498064142509921E+000 -0.131028262406404E+000 -0.134596320189841E+003 -0.134596320189841E+003 -0.134597783105181E+003
  0.833539378453990E+000  0.558499951140893E+000  0.447986367674850E+000  0.498625029711031E+000 -0.131028262406404E+000 -0.134595661680971E+003 -0.134595661680971E+003 -0.134597105172711E+003
  0.835021722840831E+000  0.549805431085002E+000  0.567687810946646E+000  0.496936203009842E+000 -0.131028262406404E+000 -0.134596270844156E+003 -0.134596270844156E+003 -0.134598347331824E+003
  0.830586984233733E+000  0.553756544581143E+000  0.980890977356824E+000  0.497874051478687E+000 -0.131028262406404E+000 -0.134595946669211E+003 -0.134595946669211E+003 -0.134598947375740E+003
  0.831901338070632E+000  0.566014663801060E+000  0.883150747920724E-001  0.499680400052656E+000 -0.131028262406404E+000 -0.134595316985512E+003 -0.134595316985512E+003 -0.134598323425070E+003
  0.827346166110541E+000  0.562622997006282E+000  0.983264611492996E+000  0.497992353098660E+000 -0.131028262406404E+000 -0.134595907407386E+003 -0.134595907407386E+003 -0.134597110888831E+003
  0.837186729803146E+000  0.560271908364673E+000  0.507601627932787E+000  0.497883560572943E+000 -0.131028262406404E+000 -0.134595973992439E+003 -0.134595973992439E+003 -0.134598109884179E+003
  0.856952005978203E+000  0.543390317331013E+000  0.677394937581527E+000  0.499834426263616E+000 -0.131028262406404E+000 -0.134595796938954E+003 -0.134595796938954E+003 -0.134597757962645E+003
  0.857262265696980E+000  0.501389298584263E+000  0.367151927439672E+000  0.499433068349743E+000 -0.131028262406404E+000 -0.134596451608615E+003 -0.134596451608615E+003 -0.134596886405807E+003
  0.817490632970366E+000  0.541005585699337E+000  0.676141310745619E+000  0.499071488160642E+000 -0.131028262406404E+000 -0.134596241504449E+003 -0.134596241504449E+003 -0.134598232284239E+003
  0.808240878000632E+000  0.561803042251738E+000  0.915936958974697E+000  0.499511365890551E+000 -0.131028262406404E+000 -0.134595940336042E+003 -0.134595940336042E+003 -0.134596997143609E+003
  0.813373567198121E+000  0.563098296914486E+000  0.797312283251852E-001  0.498789908475967E+000 -0.131028262406404E+000 -0.134595946920945E+003 -0.134595946920945E+003 -0.134598701456027E+003
  0.856129704678498E+000  0.513987192306896E+000  0.699641859231798E+000  0.496971360467107E+000 -0.131028262406404E+000 -0.134596740299580E+003 -0.134596740299580E+003 -0.134596988075312E+003
  0.839156878215606E+000  0.521173686214954E+000  0.431840352659203E+000  0.499521846243339E+000 -0.131028262406404E+000 -0.134595941608152E+003 -0.134595941608152E+003 -0.134597814446850E+003
  0.838207855425443E+000  0.519747211924499E+000  0.970802378912664E+000  0.499418756433246E+000 -0.131028262406404E+000 -0.134596054643787E+003 -0.134596054643787E+003 -0.134601424359661E+003
  0.817322919614025E+000  0.589752641711510E+000  0.188205417402229E+000  0.497092582660372E+000 -0.131028262406404E+000 -0.134596622314302E+003 -0.134596622314302E+003 -0.134597256357427E+003
  0.812690648863481E+000  0.546408022794665E+000  0.815150222131446E+000  0.499212177040294E+000 -0.131028262406404E+000 -0.134596273577457E+003 -0.134596273577457E+003 -0.134599060508334E+003
  0.871291853550003E+000  0.508693288600437E+000  0.931009858689261E+000  0.498587779410673E+000 -0.131028262406404E+000 -0.134596721022165E+003 -0.134596721022165E+003 -0.134596875899175E+003
  0.846127980153820E+000  0.531506035850649E+000  0.638191155341637E+000  0.496524289603699E+000 -0.131028262406404E+000 -0.134596544884777E+003 -0.134596544884777E+003 -0.134597838339626E+003
  0.831565588635710E+000  0.578760100069573E+000  0.417116927985893E+000  0.497704336555503E+000 -0.131028262406404E+000 -0.134596265292468E+003 -0.134596265292468E+003 -0.134597059441804E+003
  0.862451584821573E+000  0.532051547744499E+000  0.533187629286764E+000  0.496981620953489E+000 -0.131028262406404E+000 -0.134596756115249E+003 -0.134596756115249E+003 -0.134600542044456E+003
  0.854163304845928E+000  0.539236363630454E+000  0.503502575711300E-001  0.497106337075594E+000 -0.131028262406404E+000 -0.134596460057201E+003 -0.134596460057201E+003 -0.134598659244159E+003
  0.829225170683042E+000  0.568994128914686E+000  0.396499757282155E+000  0.497396562116938E+000 -0.131028262406404E+000 -0.134596166550339E+003 -0.134596166550339E+003 -0.134599623517269E+003
  0.838567096250333E+000  0.558921189714811E+000  0.752102988041248E+000  0.499271667061325E+000 -0.131028262406404E+000 -0.134595502697345E+003 -0.134595502697345E+003 -0.134599581322828E+003
  0.812034046291451E+000  0.600734149391269E+000  0.171172952987668E+000  0.499565550768850E+000 -0.131028262406404E+000 -0.134595859157554E+003 -0.134595859157554E+003 -0.134596920899885E+003
  0.855710457161371E+000  0.556086414564567E+000  0.156869911034185E+000  0.498264060691839E+000 -0.131028262406404E+000 -0.134596468942254E+003 -0.134596468942254E+003 -0.134596939712708E+003
  0.844354163397370E+000  0.574240841020614E+000  0.434282069534656E+000  0.498279337544230E+000 -0.131028262406404E+000 -0.134596411345063E+003 -0.134596411345063E+003 -0.134597566454219E+003
  0.807142521201272E+000  0.606948526221477E+000  0.537856577089638E+000  0.497971456918870E+000 -0.131028262406404E+000 -0.134596742516186E+003 -0.134596742516186E+003 -0.134597304655779E+003
  0.833872450061283E+000  0.564357661892110E+000  0.631311158797209E+000  0.499474368244451E+000 -0.131028262406404E+000 -0.134595401439391E+003 -0.134595401439391E+003 -0.134599769576068E+003
  0.833971407654971E+000  0.537878088422989E+000  0.256527477723319E+000  0.498747846263922E+000 -0.131028262406404E+000 -0.134595814771388E+003 -0.134595814771388E+003 -0.134597368055433E+003
  0.827180361057629E+000  0.565394392742799E+000  0.695086417183196E+000  0.496768368552805E+000 -0.131028262406404E+000 -0.134596379859337E+003 -0.134596379859337E+003 -0.134597503657166E+003
  0.833181784693241E+000  0.577280628815973E+000  0.815019153142321E+000  0.496978595964587E+000 -0.131028262406404E+000 -0.134596539346975E+003 -0.134596539346975E+003 -0.134597885721496E+003
  0.851259550891418E+000  0.534101709971129E+000  0.567932566525521E+000  0.499868066369577E+000 -0.131028262406404E+000 -0.134595544003326E+003 -0.134595544003326E+003 -0.134606848451653E+003
  0.853574027973136E+000  0.523957150927703E+000  0.699238294365902E+000  0.499133101266866E+000 -0.131028262406404E+000 -0.134595907308935E+003 -0.134595907308935E+003 -0.134599204002953E+003
  0.837290713099463E+000  0.532073893530628E+000  0.678651954739598E-001  0.498204784312841E+000 -0.131028262406404E+000 -0.134596069300013E+003 -0.134596069300013E+003 -0.134611450234976E+003
  0.809433110363994E+000  0.542144168937624E+000  0.866291289116142E+000  0.499944524620750E+000 -0.131028262406404E+000 -0.134596403792332E+003 -0.134596403792332E+003 -0.134599665664110E+003
  0.827185075047766E+000  0.582603819763521E+000  0.444470621238448E+000  0.498586726707421E+000 -0.131028262406404E+000 -0.134595934277823E+003 -0.134595934277823E+003 -0.134598756036873E+003
  0.797235421398197E+000  0.629274768952099E+000  0.665136179729013E+000  0.499783877395477E+000 -0.131028262406404E+000 -0.134596799647469E+003 -0.134596799647469E+003 -0.134596833766451E+003
  0.804982125642635E+000  0.550187800375275E+000  0.232731674574058E+000  0.499984062337383E+000 -0.131028262406404E+000 -0.134596366792492E+003 -0.134596366792492E+003 -0.134597530617362E+003
  0.860632425298426E+000  0.541089166885667E+000  0.957047205574850E+000  0.497775345113230E+000 -0.131028262406404E+000 -0.134596551215237E+003 -0.134596551215237E+003 -0.134596836529280E+003
  0.860491481709775E+000  0.529543186859607E+000  0.488857933385251E+000  0.498045748508842E+000 -0.131028262406404E+000 -0.134596359992292E+003 -0.134596359992292E+003 -0.134597192608541E+003
  0.818325456392588E+000  0.569469293817210E+000  0.820515073736404E+000  0.498640929133397E+000 -0.131028262406404E+000 -0.134595784356865E+003 -0.134595784356865E+003 -0.134597134683921E+003
  0.847142649229214E+000  0.545772076965173E+000  0.500528674375965E+000  0.498015778016696E+000 -0.131028262406404E+000 -0.134596015390532E+003 -0.134596015390532E+003 -0.134599010764976E+003
  0.838263976980193E+000  0.518361971524981E+000  0.349075410833087E+000  0.497347053742154E+000 -0.131028262406404E+000 -0.134596766316387E+003 -0.134596766316387E+003 -0.134598226277299E+003
  0.796467531994582E+000  0.573307396409511E+000  0.434746361760170E+000  0.499299008025560E+000 -0.131028262406404E+000 -0.134596520401175E+003 -0.134596520401175E+003 -0.134597946091964E+003
  0.831718574760674E+000  0.537873657174385E+000  0.517663723913102E+000  0.496695536357002E+000 -0.131028262406404E+000 -0.134596581756898E+003 -0.134596581756898E+003 -0.134598660262502E+003
  0.808391385883695E+000  0.574663235701747E+000  0.662410451734475E+000  0.497040433405126E+000 -0.131028262406404E+000 -0.134596750025651E+003 -0.134596750025651E+003 -0.134598586086669E+003
  0.853656475783433E+000  0.559615953852727E+000  0.139430220414367E+000  0.498203478626462E+000 -0.131028262406404E+000 -0.134596470195656E+003 -0.134596470195656E+003 -0.134597030060162E+003
  0.821005339017794E+000  0.552254834962557E+000  0.108270314151442E+000  0.496435547516098E+000 -0.131028262406404E+000 -0.134596746757939E+003 -0.134596746757939E+003 -0.134596909466702E+003
  0.805851365232057E+000  0.591080879319647E+000  0.611780427855723E+000  0.498069962742351E+000 -0.131028262406404E+000 -0.134596416665482E+003 -0.134596416665482E+003 -0.134597265277811E+003
  0.828101862681072E+000  0.524073115691442E+000  0.376565647911164E+000  0.499538209249140E+000 -0.131028262406404E+000 -0.134596230239504E+003 -0.134596230239504E+003 -0.134597897706389E+003
  0.804029908695648E+000  0.617497281989148E+000  0.150286956669815E+000  0.499941580274690E+000 -0.131028262406404E+000 -0.134596233669311E+003 -0.134596233669311E+003 -0.134598059308353E+003
  0.830827348915667E+000  0.566619360884263E+000  0.905238188675661E+000  0.498597216349568E+000 -0.131028262406404E+000 -0.134595704445716E+003 -0.134595704445716E+003 -0.134596864155140E+003
  0.851972032208188E+000  0.581204747563907E+000  0.697617334953786E+000  0.499613618575801E+000 -0.131028262406404E+000 -0.134596819174617E+003 -0.134596819174617E+003 -0.134598148106126E+003
  0.851787589619509E+000  0.527787435166304E+000  0.638267572442102E+000  0.497405876174954E+000 -0.131028262406404E+000 -0.134596345171941E+003 -0.134596345171941E+003 -0.134596969581742E+003
  0.853988185540251E+000  0.521649944934996E+000  0.708009394856859E-001  0.498257327488358E+000 -0.131028262406404E+000 -0.134596202253406E+003 -0.134596202253406E+003 -0.134599199718575E+003
  0.838478351263850E+000  0.561092468644353E+000  0.386091146416537E+000  0.499905141999910E+000 -0.131028262406404E+000 -0.134595307399975E+003 -0.134595307399975E+003 -0.134597025164815E+003
  0.815018678786808E+000  0.584409214806681E+000  0.280906083781405E+000  0.499557144898877E+000 -0.131028262406404E+000 -0.134595535076484E+003 -0.134595535076484E+003 -0.134599363113212E+003
  0.816414110571230E+000  0.558919470259732E+000  0.742416336531334E+000  0.498205082412576E+000 -0.131028262406404E+000 -0.134596121922344E+003 -0.134596121922344E+003 -0.134596886801071E+003
  0.829837709639374E+000  0.562075929167440E+000  0.906398133063843E+000  0.497459485672795E+000 -0.131028262406404E+000 -0.134596092558701E+003 -0.134596092558701E+003 -0.134598119979169E+003
  0.846770711534914E+000  0.521710971188952E+000  0.823827087022617E+000  0.498408030345280E+000 -0.131028262406404E+000 -0.134596143395248E+003 -0.134596143395248E+003 -0.134598688396090E+003
  0.858897207016238E+000  0.535309517912143E+000  0.244127052751072E+000  0.498450799451766E+000 -0.131028262406404E+000 -0.134596205491023E+003 -0.134596205491023E+003 -0.134596864321211E+003
  0.845099400535165E+000  0.504157539173455E+000  0.560624387395433E+000  0.499321434260334E+000 -0.131028262406404E+000 -0.134596577697394E+003 -0.134596577697394E+003 -0.134597342612281E+003
  0.855176732120989E+000  0.545245475538527E+000  0.970841292976827E+000  0.497716404365120E+000 -0.131028262406404E+000 -0.134596373559212E+003 -0.134596373559212E+003 -0.134597819467407E+003
  0.855325720907414E+000  0.519060189610500E+000  0.585576342056139E-001  0.499280752160892E+000 -0.131028262406404E+000 -0.134595972784911E+003 -0.134595972784911E+003 -0.134597525599296E+003
  0.858869080827377E+000  0.517655374411918E+000  0.240690522934327E+000  0.497321871733242E+000 -0.131028262406404E+000 -0.134596599374174E+003 -0.134596599374174E+003 -0.134597611205334E+003
  0.872320763338596E+000  0.504535944910766E+000  0.679577711042926E+000  0.498791714532028E+000 -0.131028262406404E+000 -0.134596763815863E+003 -0.134596763815863E+003 -0.134596828663427E+003
