  0.100878848296429E+000  0.160083436870032E+001  0.938803899408859E+000  0.100536699438053E+000 -0.131028262406404E+000 -0.137130691648124E+003 -0.137130691648124E+003
  0.101248511181549E+000  0.188023775314442E+001  0.419157360801326E+000  0.103221016558380E+000 -0.131028262406404E+000 -0.137130913079487E+003 -0.137130913079487E+003
  0.102453496711279E+000  0.192794327849183E+001  0.761331180754065E+000  0.100162948290409E+000 -0.131028262406404E+000 -0.137130498742509E+003 -0.137130498742509E+003
  0.100224709157802E+000  0.195970784899723E+001  0.490482154670668E-001  0.104764543818121E+000 -0.131028262406404E+000 -0.137130854591670E+003 -0.137130854591670E+003
  0.100141370996632E+000  0.194009408991829E+001  0.838469640754025E+000  0.103105866986203E+000 -0.131028262406404E+000 -0.137130559372978E+003 -0.137130559372978E+003
  0.101074687564719E+000  0.180845872256677E+001  0.743860479301210E+000  0.101351157608029E+000 -0.131028262406404E+000 -0.137130621687550E+003 -0.137130621687550E+003
  0.100935113624236E+000  0.151800031362932E+001  0.151715757521503E-001  0.100595629699377E+000 -0.131028262406404E+000 -0.137130811478475E+003 -0.137130811478475E+003
  0.100291881960535E+000  0.158029847608519E+001  0.983959001540731E+000  0.101904559121708E+000 -0.131028262406404E+000 -0.137130870231099E+003 -0.137130870231099E+003
  0.101171998157369E+000  0.177090516981450E+001  0.716859569356272E+000  0.100696114861593E+000 -0.131028262406404E+000 -0.137130565973406E+003 -0.137130565973406E+003
  0.101571227283193E+000  0.193328551847887E+001  0.405308327344099E+000  0.102189179158515E+000 -0.131028262406404E+000 -0.137130697626585E+003 -0.137130697626585E+003
  0.100984168106611E+000  0.191349119238058E+001  0.628312277041805E+000  0.100691190224256E+000 -0.131028262406404E+000 -0.137130319480419E+003 -0.137130319480419E+003
  0.102964526802967E+000  0.183327975828586E+001  0.999157847835942E+000  0.100693759112440E+000 -0.131028262406404E+000 -0.137130850860205E+003 -0.137130850860205E+003
  0.100907227262663E+000  0.134866354257957E+001  0.438315107390885E+000  0.100275074804903E+000 -0.131028262406404E+000 -0.137130911559301E+003 -0.137130911559301E+003
  0.101169324778300E+000  0.191837915884090E+001  0.241530431034622E+000  0.103555443684717E+000 -0.131028262406404E+000 -0.137130898311855E+003 -0.137130898311855E+003
  0.103151899156695E+000  0.199104064508274E+001  0.857541460658160E+000  0.101271587407354E+000 -0.131028262406404E+000 -0.137130756857029E+003 -0.137130756857029E+003
  0.101266014565831E+000  0.191844031341149E+001  0.991541794351660E+000  0.101596610281442E+000 -0.131028262406404E+000 -0.137130543847240E+003 -0.137130543847240E+003
  0.100518328732528E+000  0.158908907333809E+001  0.101744650836686E+000  0.101735569496424E+000 -0.131028262406404E+000 -0.137130873525767E+003 -0.137130873525767E+003
  0.101121216886136E+000  0.190111642004262E+001  0.629594265953423E-001  0.101351972247536E+000 -0.131028262406404E+000 -0.137130493567360E+003 -0.137130493567360E+003
  0.101094472977505E+000  0.158090840289892E+001  0.995656791022583E+000  0.101251192818539E+000 -0.131028262406404E+000 -0.137130907293903E+003 -0.137130907293903E+003
  0.102107413540206E+000  0.194096609663788E+001  0.748250814603723E+000  0.100633969928329E+000 -0.131028262406404E+000 -0.137130498380382E+003 -0.137130498380382E+003
  0.101807262449947E+000  0.195380307610482E+001  0.454469695818817E+000  0.101970107917536E+000 -0.131028262406404E+000 -0.137130671912632E+003 -0.137130671912632E+003
  0.101287605949852E+000  0.185611216931526E+001  0.743925343619390E+000  0.102300733582336E+000 -0.131028262406404E+000 -0.137130780963243E+003 -0.137130780963243E+003
  0.103219280586192E+000  0.196429312700889E+001  0.152207467312018E+000  0.101315648962378E+000 -0.131028262406404E+000 -0.137130823259979E+003 -0.137130823259979E+003
  0.100650027671645E+000  0.136550117209791E+001  0.871913807851928E+000  0.100081607375035E+000 -0.131028262406404E+000 -0.137130800329640E+003 -0.137130800329640E+003
  0.101253312094931E+000  0.169161457907333E+001  0.602029109032803E+000  0.100634187321598E+000 -0.131028262406404E+000 -0.137130676819922E+003 -0.137130676819922E+003
  0.103179892968202E+000  0.195959411451472E+001  0.160084962216088E+000  0.100686830826170E+000 -0.131028262406404E+000 -0.137130700754555E+003 -0.137130700754555E+003
  0.100330723303278E+000  0.189175623762613E+001  0.519197559851329E+000  0.103584425910105E+000 -0.131028262406404E+000 -0.137130768748863E+003 -0.137130768748863E+003
  0.102458375795028E+000  0.194261059942611E+001  0.982223945358238E+000  0.101231247990667E+000 -0.131028262406404E+000 -0.137130683714588E+003 -0.137130683714588E+003
  0.100733793785766E+000  0.176794810325841E+001  0.885113003075298E-002  0.102504600444487E+000 -0.131028262406404E+000 -0.137130834828476E+003 -0.137130834828476E+003
  0.100883151403208E+000  0.161817004526628E+001  0.648552380214886E+000  0.101469254982498E+000 -0.131028262406404E+000 -0.137130861128789E+003 -0.137130861128789E+003
  0.102710677752684E+000  0.183701630410336E+001  0.671431188061230E+000  0.100820514895630E+000 -0.131028262406404E+000 -0.137130817636881E+003 -0.137130817636881E+003
  0.100302067755644E+000  0.171508169756131E+001  0.349571322797000E+000  0.102740085369544E+000 -0.131028262406404E+000 -0.137130864214089E+003 -0.137130864214089E+003
  0.100015903752333E+000  0.196148178974971E+001  0.158068293864405E+000  0.105094460853024E+000 -0.131028262406404E+000 -0.137130868124118E+003 -0.137130868124118E+003
  0.100462183913449E+000  0.183354643124138E+001  0.914242648050328E+000  0.100832245114174E+000 -0.131028262406404E+000 -0.137130356392592E+003 -0.137130356392592E+003
  0.100249178963620E+000  0.123484262030694E+001  0.623939354413613E-001  0.100371903927695E+000 -0.131028262406404E+000 -0.137130890486345E+003 -0.137130890486345E+003
  0.101204067517247E+000  0.193735168532979E+001  0.463910900188580E-001  0.101923986427271E+000 -0.131028262406404E+000 -0.137130563540261E+003 -0.137130563540261E+003
  0.101964865734066E+000  0.182305446420776E+001  0.562841195052668E+000  0.101858307704074E+000 -0.131028262406404E+000 -0.137130887313965E+003 -0.137130887313965E+003
  0.101243505592393E+000  0.166070043996879E+001  0.859947044555244E+000  0.100572758672039E+000 -0.131028262406404E+000 -0.137130701983791E+003 -0.137130701983791E+003
  0.101493578997891E+000  0.197298568757538E+001  0.594238103775739E+000  0.102637921573008E+000 -0.131028262406404E+000 -0.137130701518749E+003 -0.137130701518749E+003
  0.100938833352329E+000  0.190783523874815E+001  0.553307088000876E+000  0.101766205751209E+000 -0.131028262406404E+000 -0.137130524536625E+003 -0.137130524536625E+003
  0.101244386951524E+000  0.195522373799200E+001  0.963490745877241E+000  0.102068471559051E+000 -0.131028262406404E+000 -0.137130570644062E+003 -0.137130570644062E+003
  0.100211447292194E+000  0.156705971676080E+001  0.633900410483759E+000  0.100369191811776E+000 -0.131028262406404E+000 -0.137130556606562E+003 -0.137130556606562E+003
  0.100495756238250E+000  0.186339354523153E+001  0.201060174299366E+000  0.103862796063973E+000 -0.131028262406404E+000 -0.137130902865299E+003 -0.137130902865299E+003
  0.100891166841972E+000  0.142944894514491E+001  0.967742562935496E+000  0.100141371210498E+000 -0.131028262406404E+000 -0.137130801699109E+003 -0.137130801699109E+003
  0.100964584122783E+000  0.178528602706950E+001  0.279053482474445E+000  0.101861065150406E+000 -0.131028262406404E+000 -0.137130732075663E+003 -0.137130732075663E+003
  0.101075207613111E+000  0.190731849426464E+001  0.254017826753354E+000  0.100720209828633E+000 -0.131028262406404E+000 -0.137130353224807E+003 -0.137130353224807E+003
  0.100416536163163E+000  0.169941555155676E+001  0.938359814811237E+000  0.100337753803746E+000 -0.131028262406404E+000 -0.137130432165628E+003 -0.137130432165628E+003
  0.103596274190416E+000  0.199346894700092E+001  0.137833599755936E+000  0.100678526574561E+000 -0.131028262406404E+000 -0.137130730371095E+003 -0.137130730371095E+003
  0.100439381431371E+000  0.141599278300207E+001  0.478729940236391E+000  0.101038764031335E+000 -0.131028262406404E+000 -0.137130906906324E+003 -0.137130906906324E+003
  0.101632328963062E+000  0.178275654131808E+001  0.772506191300890E+000  0.100816889833238E+000 -0.131028262406404E+000 -0.137130669658751E+003 -0.137130669658751E+003
  0.100197065387329E+000  0.191892087127440E+001  0.591893404132126E+000  0.104721801234942E+000 -0.131028262406404E+000 -0.137130910715433E+003 -0.137130910715433E+003
  0.101718110929716E+000  0.188097427024562E+001  0.412059562490723E+000  0.100933167572854E+000 -0.131028262406404E+000 -0.137130567520856E+003 -0.137130567520856E+003
  0.100600138716255E+000  0.199221119199872E+001  0.744755096881140E+000  0.104696419323000E+000 -0.131028262406404E+000 -0.137130865097474E+003 -0.137130865097474E+003
  0.100565905841602E+000  0.177749381845280E+001  0.411076341368416E+000  0.101679319827102E+000 -0.131028262406404E+000 -0.137130623348968E+003 -0.137130623348968E+003
  0.103101740046020E+000  0.179283243350905E+001  0.178795157223580E-001  0.100350843684017E+000 -0.131028262406404E+000 -0.137130869035650E+003 -0.137130869035650E+003
  0.100661071116811E+000  0.185604480563318E+001  0.273829413228451E+000  0.101128418294535E+000 -0.131028262406404E+000 -0.137130422394392E+003 -0.137130422394392E+003
  0.100773028410212E+000  0.193165546590730E+001  0.871079809301318E+000  0.101259501046813E+000 -0.131028262406404E+000 -0.137130356248373E+003 -0.137130356248373E+003
  0.100216869586342E+000  0.128731069449279E+001  0.514357344415373E+000  0.100543352362179E+000 -0.131028262406404E+000 -0.137130876185403E+003 -0.137130876185403E+003
  0.100207405440031E+000  0.148348807091569E+001  0.370998734900852E+000  0.100421318137633E+000 -0.131028262406404E+000 -0.137130659067108E+003 -0.137130659067108E+003
  0.100122817540681E+000  0.190719916919937E+001  0.677850552686237E+000  0.100358185975978E+000 -0.131028262406404E+000 -0.137130087644984E+003 -0.137130087644984E+003
  0.100588855596794E+000  0.186168125588949E+001  0.594224577358561E+000  0.102875509822771E+000 -0.131028262406404E+000 -0.137130735604928E+003 -0.137130735604928E+003
  0.103317067397811E+000  0.187382779487144E+001  0.141683260475384E-001  0.100296682925220E+000 -0.131028262406404E+000 -0.137130785104686E+003 -0.137130785104686E+003
  0.101522087457443E+000  0.179104129868562E+001  0.742861604750564E+000  0.100305139402500E+000 -0.131028262406404E+000 -0.137130533668311E+003 -0.137130533668311E+003
  0.100384762520666E+000  0.176182237908797E+001  0.104499959516187E+000  0.100700307006333E+000 -0.131028262406404E+000 -0.137130414779492E+003 -0.137130414779492E+003
  0.100237210483839E+000  0.140542518615990E+001  0.650561405914624E+000  0.100428869306158E+000 -0.131028262406404E+000 -0.137130747083119E+003 -0.137130747083119E+003
  0.100527537776926E+000  0.166871672770560E+001  0.662690816296943E+000  0.101670104957319E+000 -0.131028262406404E+000 -0.137130761536790E+003 -0.137130761536790E+003
  0.100708571610775E+000  0.172414838028149E+001  0.317794702317547E-001  0.100112334545504E+000 -0.131028262406404E+000 -0.137130416204922E+003 -0.137130416204922E+003
  0.102661045696661E+000  0.194082888154436E+001  0.823639399963247E+000  0.100253348549472E+000 -0.131028262406404E+000 -0.137130539168957E+003 -0.137130539168957E+003
  0.102936740916338E+000  0.188119868759616E+001  0.736509318474950E+000  0.101027577099559E+000 -0.131028262406404E+000 -0.137130839419903E+003 -0.137130839419903E+003
  0.100171081618507E+000  0.185442164087305E+001  0.909322757531129E+000  0.101799104448752E+000 -0.131028262406404E+000 -0.137130451518256E+003 -0.137130451518256E+003
  0.101062746294081E+000  0.173230153344704E+001  0.292244718550161E+000  0.100501716935211E+000 -0.131028262406404E+000 -0.137130556857499E+003 -0.137130556857499E+003
  0.103044839614929E+000  0.188259500454348E+001  0.666558718797538E+000  0.101085215017618E+000 -0.131028262406404E+000 -0.137130871186244E+003 -0.137130871186244E+003
  0.102929917947864E+000  0.193749682615362E+001  0.452211605150877E+000  0.100230529076892E+000 -0.131028262406404E+000 -0.137130595246964E+003 -0.137130595246964E+003
  0.104137084660025E+000  0.198680528530180E+001  0.722738685615584E+000  0.100193001045608E+000 -0.131028262406404E+000 -0.137130758202553E+003 -0.137130758202553E+003
  0.101303932051051E+000  0.186292340936398E+001  0.680290827451506E+000  0.102371308916767E+000 -0.131028262406404E+000 -0.137130787623854E+003 -0.137130787623854E+003
  0.100223875771011E+000  0.165036068833553E+001  0.720720670366596E+000  0.100642106624437E+000 -0.131028262406404E+000 -0.137130514635291E+003 -0.137130514635291E+003
  0.100599949130150E+000  0.177611627171148E+001  0.927119752087879E+000  0.100624455227364E+000 -0.131028262406404E+000 -0.137130425248724E+003 -0.137130425248724E+003
  0.100801320057172E+000  0.185607279583022E+001  0.894049215455035E-001  0.102592275556347E+000 -0.131028262406404E+000 -0.137130734693920E+003 -0.137130734693920E+003
  0.101834257790950E+000  0.189856456705444E+001  0.366781732940161E-001  0.100103828442624E+000 -0.131028262406404E+000 -0.137130404106479E+003 -0.137130404106479E+003
  0.100854122065242E+000  0.160423481217445E+001  0.328038569539775E+000  0.100486824917658E+000 -0.131028262406404E+000 -0.137130672202559E+003 -0.137130672202559E+003
  0.100267695773644E+000  0.195790773904082E+001  0.138331532633760E+000  0.100424580020609E+000 -0.131028262406404E+000 -0.137130053494809E+003 -0.137130053494809E+003
  0.100728039511368E+000  0.191171374174290E+001  0.187665472097271E+000  0.102344233282880E+000 -0.131028262406404E+000 -0.137130584642911E+003 -0.137130584642911E+003
  0.100485944696088E+000  0.181125225856857E+001  0.947987623768991E+000  0.102412541490773E+000 -0.131028262406404E+000 -0.137130700782998E+003 -0.137130700782998E+003
  0.102297754003577E+000  0.188255787026893E+001  0.239878282722303E+000  0.100618610815009E+000 -0.131028262406404E+000 -0.137130624171894E+003 -0.137130624171894E+003
  0.100044019446865E+000  0.164583654879362E+001  0.941457976856621E+000  0.100584030082862E+000 -0.131028262406404E+000 -0.137130470811286E+003 -0.137130470811286E+003
  0.101840936673033E+000  0.182121797374519E+001  0.225544027047621E+000  0.100153658819824E+000 -0.131028262406404E+000 -0.137130527583332E+003 -0.137130527583332E+003
  0.100100603758207E+000  0.145751478557084E+001  0.211339852825425E+000  0.100726492837547E+000 -0.131028262406404E+000 -0.137130726896842E+003 -0.137130726896842E+003
  0.100451467746815E+000  0.186689253172147E+001  0.340856011026434E+000  0.101897518863156E+000 -0.131028262406404E+000 -0.137130510514278E+003 -0.137130510514278E+003
  0.102082037172334E+000  0.190904716471949E+001  0.469347348568260E+000  0.102414953642825E+000 -0.131028262406404E+000 -0.137130887567793E+003 -0.137130887567793E+003
  0.100400176190097E+000  0.170931776610630E+001  0.390951102512722E+000  0.100652515086026E+000 -0.131028262406404E+000 -0.137130478535873E+003 -0.137130478535873E+003
  0.102510569236580E+000  0.192443100658484E+001  0.965233940777542E+000  0.100127059260358E+000 -0.131028262406404E+000 -0.137130508878894E+003 -0.137130508878894E+003
  0.100584580402313E+000  0.189375513878884E+001  0.148483091968151E+000  0.100826961615631E+000 -0.131028262406404E+000 -0.137130292481813E+003 -0.137130292481813E+003
  0.102202118148742E+000  0.195862624983952E+001  0.598819285897891E+000  0.100565939307828E+000 -0.131028262406404E+000 -0.137130477192270E+003 -0.137130477192270E+003
  0.100434728592581E+000  0.179268180396953E+001  0.295429277404129E+000  0.101798877536687E+000 -0.131028262406404E+000 -0.137130597422035E+003 -0.137130597422035E+003
  0.100806356781629E+000  0.193394309155662E+001  0.258423353543055E+000  0.104025687848775E+000 -0.131028262406404E+000 -0.137130884328957E+003 -0.137130884328957E+003
  0.100165759702165E+000  0.182518789192849E+001  0.785087788082087E+000  0.103517286055354E+000 -0.131028262406404E+000 -0.137130825660547E+003 -0.137130825660547E+003
  0.100012923806306E+000  0.153399837462565E+001  0.168038775380137E+000  0.101685093858853E+000 -0.131028262406404E+000 -0.137130820863177E+003 -0.137130820863177E+003
  0.101756982294710E+000  0.198324624496113E+001  0.668477230810211E+000  0.100676661628483E+000 -0.131028262406404E+000 -0.137130367665338E+003 -0.137130367665338E+003
  0.100001902521946E+000  0.146567799679155E+001  0.545212721609940E+000  0.100163353186413E+000 -0.131028262406404E+000 -0.137130581166544E+003 -0.137130581166544E+003
  0.100911384753894E+000  0.176111254365011E+001  0.900200672570899E+000  0.101332933519232E+000 -0.131028262406404E+000 -0.137130650896035E+003 -0.137130650896035E+003
  0.100519525535021E+000  0.197900929162776E+001  0.185027375235596E-001  0.103063155023937E+000 -0.131028262406404E+000 -0.137130566490423E+003 -0.137130566490423E+003
  0.100061176594446E+000  0.169180396140721E+001  0.797287152448378E-001  0.102601526577672E+000 -0.131028262406404E+000 -0.137130817213524E+003 -0.137130817213524E+003
  0.101873502305202E+000  0.193151956443436E+001  0.852319924137721E+000  0.100820525769260E+000 -0.131028262406404E+000 -0.137130500639324E+003 -0.137130500639324E+003
  0.101399159055674E+000  0.179557962652835E+001  0.160580958753862E+000  0.101361177562108E+000 -0.131028262406404E+000 -0.137130710317164E+003 -0.137130710317164E+003
  0.101669052199761E+000  0.171338782944370E+001  0.375639423646012E+000  0.100434154154645E+000 -0.131028262406404E+000 -0.137130695184583E+003 -0.137130695184583E+003
  0.100609615752647E+000  0.182669474135476E+001  0.327273918367010E+000  0.103192145326997E+000 -0.131028262406404E+000 -0.137130855279111E+003 -0.137130855279111E+003
  0.101484986640737E+000  0.186864570178047E+001  0.563163773274801E+000  0.100264790849080E+000 -0.131028262406404E+000 -0.137130407464751E+003 -0.137130407464751E+003
  0.100035014084677E+000  0.133119200642196E+001  0.490223632893575E+000  0.100435704007713E+000 -0.131028262406404E+000 -0.137130775769275E+003 -0.137130775769275E+003
  0.100862122902984E+000  0.188529417538362E+001  0.120821589832262E+000  0.102760032806195E+000 -0.131028262406404E+000 -0.137130734290021E+003 -0.137130734290021E+003
  0.100566359675347E+000  0.196973220580470E+001  0.584154330370526E+000  0.103399343430338E+000 -0.131028262406404E+000 -0.137130654910141E+003 -0.137130654910141E+003
  0.102034265411329E+000  0.182689358161352E+001  0.271289657958199E+000  0.101029698521879E+000 -0.131028262406404E+000 -0.137130732633045E+003 -0.137130732633045E+003
  0.100870513268020E+000  0.186155417071659E+001  0.404610210999239E+000  0.101357967367621E+000 -0.131028262406404E+000 -0.137130502314016E+003 -0.137130502314016E+003
  0.102633829097870E+000  0.195164482005214E+001  0.185648477164474E+000  0.100363993650086E+000 -0.131028262406404E+000 -0.137130538159441E+003 -0.137130538159441E+003
  0.101989623189698E+000  0.180251737227038E+001  0.683114830931688E+000  0.101530753796393E+000 -0.131028262406404E+000 -0.137130858018474E+003 -0.137130858018474E+003
  0.102085548993378E+000  0.170126210068584E+001  0.813977751187817E+000  0.100345729442628E+000 -0.131028262406404E+000 -0.137130780409117E+003 -0.137130780409117E+003
  0.100586700111459E+000  0.171348652293452E+001  0.176684602411815E+000  0.101008217102962E+000 -0.131028262406404E+000 -0.137130582921374E+003 -0.137130582921374E+003
  0.102640760115431E+000  0.191464276816442E+001  0.425828686474263E+000  0.100330482767622E+000 -0.131028262406404E+000 -0.137130590251746E+003 -0.137130590251746E+003
  0.102374083006202E+000  0.182040189178365E+001  0.216697884649508E+000  0.101478727498530E+000 -0.131028262406404E+000 -0.137130902313604E+003 -0.137130902313604E+003
  0.100715369275189E+000  0.187310129372215E+001  0.232703110147994E+000  0.100091945807210E+000 -0.131028262406404E+000 -0.137130208691943E+003 -0.137130208691943E+003
  0.101408613719200E+000  0.159951364598724E+001  0.174192037458839E+000  0.100114276358284E+000 -0.131028262406404E+000 -0.137130718284495E+003 -0.137130718284495E+003
  0.101501692659063E+000  0.171738617753555E+001  0.485863448692697E+000  0.101053410020137E+000 -0.131028262406404E+000 -0.137130779269566E+003 -0.137130779269566E+003
  0.102651497902455E+000  0.177296301856224E+001  0.610940069115199E+000  0.100095870550912E+000 -0.131028262406404E+000 -0.137130751727533E+003 -0.137130751727533E+003
  0.100501919530321E+000  0.197660554282097E+001  0.417311953658460E+000  0.101847061387175E+000 -0.131028262406404E+000 -0.137130339316964E+003 -0.137130339316964E+003
  0.100923602602373E+000  0.189527418450647E+001  0.317088515590986E+000  0.102431087544867E+000 -0.131028262406404E+000 -0.137130668402792E+003 -0.137130668402792E+003
  0.102512089950274E+000  0.185679537153316E+001  0.357268610237313E+000  0.100238458995702E+000 -0.131028262406404E+000 -0.137130632099184E+003 -0.137130632099184E+003
  0.100493206624414E+000  0.156886638830804E+001  0.434392215443183E+000  0.101222823216221E+000 -0.131028262406404E+000 -0.137130788054471E+003 -0.137130788054471E+003
  0.101471605254934E+000  0.187289150001172E+001  0.530500245782185E+000  0.102162313575638E+000 -0.131028262406404E+000 -0.137130767014507E+003 -0.137130767014507E+003
  0.100978435712546E+000  0.178685658730879E+001  0.177784079583334E+000  0.101535606580446E+000 -0.131028262406404E+000 -0.137130668697829E+003 -0.137130668697829E+003
  0.100800628804095E+000  0.187815203137909E+001  0.616531376477719E+000  0.102681137289884E+000 -0.131028262406404E+000 -0.137130717357772E+003 -0.137130717357772E+003
  0.101940124314973E+000  0.183629466612505E+001  0.996186814485314E-001  0.100195429843577E+000 -0.131028262406404E+000 -0.137130534883940E+003 -0.137130534883940E+003
  0.100223757217957E+000  0.169789406020207E+001  0.335744670613113E+000  0.102905119529760E+000 -0.131028262406404E+000 -0.137130904001490E+003 -0.137130904001490E+003
  0.100053369862716E+000  0.178644465474311E+001  0.491689531177342E+000  0.100241525567466E+000 -0.131028262406404E+000 -0.137130222486589E+003 -0.137130222486589E+003
  0.100520945836055E+000  0.160908233269687E+001  0.175169695221435E+000  0.100321736407736E+000 -0.131028262406404E+000 -0.137130562791380E+003 -0.137130562791380E+003
  0.100253748882164E+000  0.177431509999720E+001  0.271363039065320E+000  0.100497786352828E+000 -0.131028262406404E+000 -0.137130330715993E+003 -0.137130330715993E+003
  0.100227769783190E+000  0.197189447807203E+001  0.977456627177616E+000  0.100144302651478E+000 -0.131028262406404E+000 -0.137129971240524E+003 -0.137129971240524E+003
  0.101417381111349E+000  0.187821140621945E+001  0.804117483351662E+000  0.102351321076046E+000 -0.131028262406404E+000 -0.137130783939613E+003 -0.137130783939613E+003
  0.101820472287803E+000  0.173129065282825E+001  0.961895355736214E+000  0.100997496080475E+000 -0.131028262406404E+000 -0.137130816310343E+003 -0.137130816310343E+003
  0.100115462200488E+000  0.183072863581626E+001  0.381427929442734E+000  0.100125260485125E+000 -0.131028262406404E+000 -0.137130151658344E+003 -0.137130151658344E+003
  0.100938339969832E+000  0.189326887477880E+001  0.139663740384213E+000  0.100004557860389E+000 -0.131028262406404E+000 -0.137130208381355E+003 -0.137130208381355E+003
  0.101266554974318E+000  0.180638272355558E+001  0.828432239095819E+000  0.100933963436525E+000 -0.131028262406404E+000 -0.137130582903696E+003 -0.137130582903696E+003
  0.101464405316459E+000  0.179228280481398E+001  0.885185420033760E+000  0.100086205367010E+000 -0.131028262406404E+000 -0.137130476649229E+003 -0.137130476649229E+003
  0.101121975306934E+000  0.165153145980150E+001  0.941019782219312E+000  0.100698193334012E+000 -0.131028262406404E+000 -0.137130713389765E+003 -0.137130713389765E+003
  0.100081144263386E+000  0.185826021267620E+001  0.360711492924488E+000  0.102312399929402E+000 -0.131028262406404E+000 -0.137130525304567E+003 -0.137130525304567E+003
  0.100681319469678E+000  0.149054287103993E+001  0.516418928060015E+000  0.100754152777439E+000 -0.131028262406404E+000 -0.137130820722244E+003 -0.137130820722244E+003
  0.100445317361470E+000  0.185382843477381E+001  0.209179133345251E+000  0.101477661536137E+000 -0.131028262406404E+000 -0.137130448009920E+003 -0.137130448009920E+003
  0.101474866860918E+000  0.192536052044320E+001  0.667526135463757E+000  0.100803359768104E+000 -0.131028262406404E+000 -0.137130424357844E+003 -0.137130424357844E+003
  0.100087132408558E+000  0.189616678992872E+001  0.125438803091191E+000  0.103771315778491E+000 -0.131028262406404E+000 -0.137130745164704E+003 -0.137130745164704E+003
  0.100320110962896E+000  0.186292104716590E+001  0.863204489952631E+000  0.102008963661556E+000 -0.131028262406404E+000 -0.137130510340993E+003 -0.137130510340993E+003
  0.100633526361988E+000  0.186143307271216E+001  0.972760139288946E+000  0.102088398110114E+000 -0.131028262406404E+000 -0.137130593813742E+003 -0.137130593813742E+003
  0.100858460750752E+000  0.134682693889362E+001  0.433738921461522E+000  0.100127883852691E+000 -0.131028262406404E+000 -0.137130871725278E+003 -0.137130871725278E+003
  0.101378410598990E+000  0.196820464719553E+001  0.779502493449271E+000  0.100770206762652E+000 -0.131028262406404E+000 -0.137130331299057E+003 -0.137130331299057E+003
  0.100187323086305E+000  0.153943169817994E+001  0.996396857952056E+000  0.101234835380205E+000 -0.131028262406404E+000 -0.137130759816913E+003 -0.137130759816913E+003
  0.101256493702956E+000  0.195028602731230E+001  0.748181317206539E+000  0.102847068449832E+000 -0.131028262406404E+000 -0.137130729060655E+003 -0.137130729060655E+003
  0.103558486133515E+000  0.198875561721499E+001  0.762822391095946E+000  0.100492608198629E+000 -0.131028262406404E+000 -0.137130694298467E+003 -0.137130694298467E+003
  0.101649788040336E+000  0.180346587341586E+001  0.766693554303098E+000  0.101710251220274E+000 -0.131028262406404E+000 -0.137130820571323E+003 -0.137130820571323E+003
  0.101672340237500E+000  0.182404432141279E+001  0.810195881204913E+000  0.101104114631936E+000 -0.131028262406404E+000 -0.137130675768529E+003 -0.137130675768529E+003
  0.100051422683268E+000  0.169299485772845E+001  0.200818872730133E+000  0.100539756740665E+000 -0.131028262406404E+000 -0.137130404208613E+003 -0.137130404208613E+003
  0.101409573653653E+000  0.197871242194653E+001  0.529622460376993E+000  0.102888880435394E+000 -0.131028262406404E+000 -0.137130721662682E+003 -0.137130721662682E+003
  0.101253926050130E+000  0.181993906153710E+001  0.360772844652704E+000  0.100204378997797E+000 -0.131028262406404E+000 -0.137130417745203E+003 -0.137130417745203E+003
  0.100309960702981E+000  0.199642099542598E+001  0.889748316171133E+000  0.102144163298731E+000 -0.131028262406404E+000 -0.137130322322788E+003 -0.137130322322788E+003
  0.100306053683385E+000  0.184005155989718E+001  0.813184304360456E+000  0.103717294762407E+000 -0.131028262406404E+000 -0.137130871199371E+003 -0.137130871199371E+003
  0.100366065553458E+000  0.197014276611541E+001  0.679873055688639E+000  0.102439453783250E+000 -0.131028262406404E+000 -0.137130432389196E+003 -0.137130432389196E+003
  0.100517027475299E+000  0.199259841362074E+001  0.407968877046560E+000  0.102751530078136E+000 -0.131028262406404E+000 -0.137130484972115E+003 -0.137130484972115E+003
  0.100427537600698E+000  0.187508567493576E+001  0.505578211218909E+000  0.101128734994307E+000 -0.131028262406404E+000 -0.137130345580653E+003 -0.137130345580653E+003
  0.100699508457995E+000  0.186903016230407E+001  0.260915899905092E+000  0.102632411317261E+000 -0.131028262406404E+000 -0.137130700831335E+003 -0.137130700831335E+003
  0.101443410412428E+000  0.198707918861881E+001  0.405204958808183E+000  0.102594064862085E+000 -0.131028262406404E+000 -0.137130659041463E+003 -0.137130659041463E+003
  0.101772190298191E+000  0.192378510384954E+001  0.110246743122443E+000  0.100917870398039E+000 -0.131028262406404E+000 -0.137130510394905E+003 -0.137130510394905E+003
  0.102520031437883E+000  0.170928199517272E+001  0.333505211307383E+000  0.100415403134863E+000 -0.131028262406404E+000 -0.137130874988729E+003 -0.137130874988729E+003
  0.104045305266280E+000  0.190995613223094E+001  0.854299747004003E+000  0.100167092197590E+000 -0.131028262406404E+000 -0.137130855232500E+003 -0.137130855232500E+003
  0.101187735303349E+000  0.174207493590126E+001  0.424193784332503E+000  0.101387206118417E+000 -0.131028262406404E+000 -0.137130746250053E+003 -0.137130746250053E+003
  0.100011966921424E+000  0.192462358579118E+001  0.907213680356716E+000  0.104483467609246E+000 -0.131028262406404E+000 -0.137130816445016E+003 -0.137130816445016E+003
  0.100105508632378E+000  0.183047555239001E+001  0.815459134491999E+000  0.100474056847578E+000 -0.131028262406404E+000 -0.137130217357199E+003 -0.137130217357199E+003
  0.100629537514124E+000  0.193620391315947E+001  0.799265191761105E+000  0.101419536557667E+000 -0.131028262406404E+000 -0.137130349710746E+003 -0.137130349710746E+003
  0.100819177169603E+000  0.192392801099630E+001  0.801290801981574E+000  0.100777290337191E+000 -0.131028262406404E+000 -0.137130285933545E+003 -0.137130285933545E+003
  0.101846955817337E+000  0.198442532681308E+001  0.576637316942234E+000  0.100683105580803E+000 -0.131028262406404E+000 -0.137130385528109E+003 -0.137130385528109E+003
  0.101145511258016E+000  0.178718469391736E+001  0.359545944314333E+000  0.102124394581593E+000 -0.131028262406404E+000 -0.137130819459608E+003 -0.137130819459608E+003
  0.100205679964269E+000  0.163701174337296E+001  0.225245968453503E-001  0.100984104527536E+000 -0.131028262406404E+000 -0.137130596064232E+003 -0.137130596064232E+003
  0.101488517644438E+000  0.167187694051206E+001  0.733295709978702E+000  0.100609807103846E+000 -0.131028262406404E+000 -0.137130746750833E+003 -0.137130746750833E+003
  0.104092517778392E+000  0.191422764688742E+001  0.309192257236135E+000  0.100191696966372E+000 -0.131028262406404E+000 -0.137130863284367E+003 -0.137130863284367E+003
  0.100929584819006E+000  0.192842392527156E+001  0.300614887087742E+000  0.100892950935387E+000 -0.131028262406404E+000 -0.137130323929590E+003 -0.137130323929590E+003
  0.100046734555991E+000  0.171656805035611E+001  0.768180022295437E+000  0.102187868682298E+000 -0.131028262406404E+000 -0.137130698432133E+003 -0.137130698432133E+003
  0.101277233485009E+000  0.160037415824076E+001  0.237258790387112E+000  0.100949330301486E+000 -0.131028262406404E+000 -0.137130860647994E+003 -0.137130860647994E+003
  0.100841561934121E+000  0.146089388089547E+001  0.537591606120197E+000  0.100529018615873E+000 -0.131028262406404E+000 -0.137130839741331E+003 -0.137130839741331E+003
  0.100223344460261E+000  0.157486912018975E+001  0.861239208431740E+000  0.101725932668778E+000 -0.131028262406404E+000 -0.137130825854103E+003 -0.137130825854103E+003
  0.101143165589005E+000  0.197939786285116E+001  0.324257378925495E+000  0.103925961135166E+000 -0.131028262406404E+000 -0.137130859431530E+003 -0.137130859431530E+003
  0.102002926884238E+000  0.199615723134069E+001  0.314371558595647E+000  0.101962813309267E+000 -0.131028262406404E+000 -0.137130641481112E+003 -0.137130641481112E+003
  0.100011309997948E+000  0.196745250032658E+001  0.902817918122694E+000  0.101236962925998E+000 -0.131028262406404E+000 -0.137130138061312E+003 -0.137130138061312E+003
  0.101852943673172E+000  0.151002885493432E+001  0.836115792343102E+000  0.100089595004340E+000 -0.131028262406404E+000 -0.137130909115497E+003 -0.137130909115497E+003
  0.100492086420826E+000  0.188402442239353E+001  0.319779211341436E+000  0.100972524336551E+000 -0.131028262406404E+000 -0.137130315718210E+003 -0.137130315718210E+003
  0.100005129140351E+000  0.186768194988174E+001  0.466403129887996E+000  0.100428008164518E+000 -0.131028262406404E+000 -0.137130134529770E+003 -0.137130134529770E+003
  0.101738075668904E+000  0.194980173722841E+001  0.532347284259584E+000  0.101069740777672E+000 -0.131028262406404E+000 -0.137130491782357E+003 -0.137130491782357E+003
  0.101677282195696E+000  0.186733155379396E+001  0.431459536328182E+000  0.100308254793820E+000 -0.131028262406404E+000 -0.137130457613059E+003 -0.137130457613059E+003
  0.100704156110186E+000  0.195856639628873E+001  0.819695467415140E+000  0.102714219547554E+000 -0.131028262406404E+000 -0.137130573958570E+003 -0.137130573958570E+003
  0.100730319387635E+000  0.170728181980592E+001  0.684675231268531E+000  0.100249749448844E+000 -0.131028262406404E+000 -0.137130470008606E+003 -0.137130470008606E+003
  0.100795921062293E+000  0.162713569127290E+001  0.101337239932778E+000  0.100631772745872E+000 -0.131028262406404E+000 -0.137130661604704E+003 -0.137130661604704E+003
  0.101268915599452E+000  0.148149280479812E+001  0.979847921746431E+000  0.100538048246752E+000 -0.131028262406404E+000 -0.137130910350768E+003 -0.137130910350768E+003
  0.100358060223700E+000  0.154819970455895E+001  0.384728136150235E+000  0.101527477324551E+000 -0.131028262406404E+000 -0.137130845857470E+003 -0.137130845857470E+003
  0.100645310243320E+000  0.199922891578241E+001  0.188477383993442E+000  0.103209577300723E+000 -0.131028262406404E+000 -0.137130585948636E+003 -0.137130585948636E+003
  0.100196089278155E+000  0.184062597119862E+001  0.838797648056533E+000  0.103527226019294E+000 -0.131028262406404E+000 -0.137130810159429E+003 -0.137130810159429E+003
  0.100694813579701E+000  0.149883283551877E+001  0.679118048531604E+000  0.100395768006077E+000 -0.131028262406404E+000 -0.137130740388478E+003 -0.137130740388478E+003
  0.100701239291176E+000  0.192111765535274E+001  0.974867025700814E+000  0.104071884752796E+000 -0.131028262406404E+000 -0.137130892195663E+003 -0.137130892195663E+003
  0.100201694010492E+000  0.196759813167233E+001  0.605410234131018E+000  0.103047809679267E+000 -0.131028262406404E+000 -0.137130515776617E+003 -0.137130515776617E+003
  0.101955915467583E+000  0.171736563915321E+001  0.790020700706100E+000  0.101175352053172E+000 -0.131028262406404E+000 -0.137130899570276E+003 -0.137130899570276E+003
  0.103894873187357E+000  0.186866605525517E+001  0.655543711407157E+000  0.100153408458702E+000 -0.131028262406404E+000 -0.137130883932964E+003 -0.137130883932964E+003
  0.103428173751997E+000  0.199841811429666E+001  0.627142787299260E+000  0.100522459743089E+000 -0.131028262406404E+000 -0.137130657557374E+003 -0.137130657557374E+003
  0.100794620212932E+000  0.199000974719096E+001  0.190668352254336E+000  0.104164237282446E+000 -0.131028262406404E+000 -0.137130811383978E+003 -0.137130811383978E+003
  0.102008651651271E+000  0.166580817283717E+001  0.831992054419167E+000  0.100631949852741E+000 -0.131028262406404E+000 -0.137130868402674E+003 -0.137130868402674E+003
  0.100068429979969E+000  0.195293647055430E+001  0.506278745594341E+000  0.102364071854256E+000 -0.131028262406404E+000 -0.137130383968247E+003 -0.137130383968247E+003
  0.100868621155804E+000  0.167255278898329E+001  0.337557626123675E+000  0.101676508274596E+000 -0.131028262406404E+000 -0.137130830228976E+003 -0.137130830228976E+003
  0.103304455016637E+000  0.190926994908868E+001  0.387880890366286E+000  0.100505214978076E+000 -0.131028262406404E+000 -0.137130769902590E+003 -0.137130769902590E+003
  0.101542908077268E+000  0.198066076599013E+001  0.199397885734645E-001  0.100296283141525E+000 -0.131028262406404E+000 -0.137130255581270E+003 -0.137130255581270E+003
  0.100629515615402E+000  0.178344893463582E+001  0.427031507061395E-001  0.101456360553257E+000 -0.131028262406404E+000 -0.137130584557393E+003 -0.137130584557393E+003
  0.100686429539302E+000  0.175971323934484E+001  0.628576014992603E+000  0.101970913639422E+000 -0.131028262406404E+000 -0.137130731360620E+003 -0.137130731360620E+003
  0.100607115680643E+000  0.198343723590162E+001  0.900728195626815E+000  0.103898427707608E+000 -0.131028262406404E+000 -0.137130733390803E+003 -0.137130733390803E+003
  0.100349821002493E+000  0.151735704813365E+001  0.377322584385306E+000  0.101474651975038E+000 -0.131028262406404E+000 -0.137130868884656E+003 -0.137130868884656E+003
  0.100698470719323E+000  0.133635005629782E+001  0.809748687648283E+000  0.100077490192816E+000 -0.131028262406404E+000 -0.137130836669941E+003 -0.137130836669941E+003
  0.101450313218980E+000  0.183425576156337E+001  0.409610894280517E+000  0.101396415828303E+000 -0.131028262406404E+000 -0.137130671681508E+003 -0.137130671681508E+003
  0.100403260490102E+000  0.159230520421775E+001  0.985703675883170E+000  0.101727993834815E+000 -0.131028262406404E+000 -0.137130843484773E+003 -0.137130843484773E+003
  0.101482262482013E+000  0.197994474172736E+001  0.898918015011063E+000  0.103272347125765E+000 -0.131028262406404E+000 -0.137130807277626E+003 -0.137130807277626E+003
  0.102858674929696E+000  0.196464751367742E+001  0.280035315594736E+000  0.100376621609069E+000 -0.131028262406404E+000 -0.137130566440281E+003 -0.137130566440281E+003
  0.101374638272150E+000  0.146195583252089E+001  0.711910009343873E-001  0.100282833837212E+000 -0.131028262406404E+000 -0.137130900208735E+003 -0.137130900208735E+003
  0.100134240993362E+000  0.154013368941468E+001  0.912337466351481E-001  0.101653380103481E+000 -0.131028262406404E+000 -0.137130833201702E+003 -0.137130833201702E+003
  0.100982301443827E+000  0.163961608065727E+001  0.141629983347737E+000  0.101080322173156E+000 -0.131028262406404E+000 -0.137130776328635E+003 -0.137130776328635E+003
  0.103359953994863E+000  0.198405208803311E+001  0.978387636016094E+000  0.101360837346807E+000 -0.131028262406404E+000 -0.137130828779514E+003 -0.137130828779514E+003
  0.100930463144182E+000  0.146928809093420E+001  0.599178557708331E+000  0.100138313819760E+000 -0.131028262406404E+000 -0.137130768340836E+003 -0.137130768340836E+003
  0.101351437743134E+000  0.168035922183195E+001  0.178429327907118E-001  0.100744779790906E+000 -0.131028262406404E+000 -0.137130734317618E+003 -0.137130734317618E+003
  0.100047090944958E+000  0.137060633523045E+001  0.759148304497974E+000  0.100362179567850E+000 -0.131028262406404E+000 -0.137130726395140E+003 -0.137130726395140E+003
  0.101277025261442E+000  0.178426302893094E+001  0.316180181631958E+000  0.102352289595570E+000 -0.131028262406404E+000 -0.137130896576867E+003 -0.137130896576867E+003
  0.101846726471911E+000  0.160378914608358E+001  0.610481817039619E+000  0.100274836396627E+000 -0.131028262406404E+000 -0.137130838217842E+003 -0.137130838217842E+003
  0.100847692775201E+000  0.189128721019729E+001  0.618195976804985E+000  0.101033792868192E+000 -0.131028262406404E+000 -0.137130390463981E+003 -0.137130390463981E+003
  0.100771488795843E+000  0.144436201592495E+001  0.896720176867636E+000  0.100623023793443E+000 -0.131028262406404E+000 -0.137130861746866E+003 -0.137130861746866E+003
  0.100221438562230E+000  0.171937405672855E+001  0.800058514023161E-001  0.103053690469393E+000 -0.131028262406404E+000 -0.137130902995963E+003 -0.137130902995963E+003
  0.101120351976690E+000  0.185111298244775E+001  0.259804704481695E+000  0.101551832637276E+000 -0.131028262406404E+000 -0.137130607790439E+003 -0.137130607790439E+003
  0.100508773624509E+000  0.170103376931014E+001  0.409273659898003E+000  0.100341615503286E+000 -0.131028262406404E+000 -0.137130450125493E+003 -0.137130450125493E+003
  0.102545916457062E+000  0.171940929224335E+001  0.785630945101135E+000  0.100158605639636E+000 -0.131028262406404E+000 -0.137130814780698E+003 -0.137130814780698E+003
  0.100191871350320E+000  0.167720559833355E+001  0.200446575795521E+000  0.100356582009602E+000 -0.131028262406404E+000 -0.137130417202656E+003 -0.137130417202656E+003
  0.100569450832679E+000  0.190273529958083E+001  0.475907528942629E+000  0.103699511867912E+000 -0.131028262406404E+000 -0.137130823714778E+003 -0.137130823714778E+003
  0.101047255482505E+000  0.199942123189791E+001  0.693742034224521E+000  0.103932652357787E+000 -0.131028262406404E+000 -0.137130805343935E+003 -0.137130805343935E+003
  0.100996328532116E+000  0.183520276564116E+001  0.582172772199132E-001  0.100924575430520E+000 -0.131028262406404E+000 -0.137130483216263E+003 -0.137130483216263E+003
  0.104002323331401E+000  0.195212284680860E+001  0.898081636234815E+000  0.100009209819402E+000 -0.131028262406404E+000 -0.137130749756407E+003 -0.137130749756407E+003
  0.102588368919387E+000  0.196260739931377E+001  0.900567813079134E-001  0.101873773489219E+000 -0.131028262406404E+000 -0.137130802282581E+003 -0.137130802282581E+003
  0.101092631414337E+000  0.159054251106407E+001  0.305093456349946E-001  0.100553276311992E+000 -0.131028262406404E+000 -0.137130752398149E+003 -0.137130752398149E+003
  0.100208479261091E+000  0.189939697091329E+001  0.381624698964863E+000  0.103540293611793E+000 -0.131028262406404E+000 -0.137130721959431E+003 -0.137130721959431E+003
  0.102163440564821E+000  0.189844009016681E+001  0.868600122336633E+000  0.102216092301124E+000 -0.131028262406404E+000 -0.137130883095721E+003 -0.137130883095721E+003
  0.100681547324431E+000  0.151905018332943E+001  0.147456181411166E+000  0.101087837532499E+000 -0.131028262406404E+000 -0.137130858089207E+003 -0.137130858089207E+003
  0.100173924523030E+000  0.134498488553214E+001  0.221822205065885E+000  0.100710909360237E+000 -0.131028262406404E+000 -0.137130850598212E+003 -0.137130850598212E+003
  0.100705011815096E+000  0.158423691024001E+001  0.915610700971092E+000  0.100603217658410E+000 -0.131028262406404E+000 -0.137130688303050E+003 -0.137130688303050E+003
  0.102126962646150E+000  0.197566102967615E+001  0.646602058370082E+000  0.100057932566395E+000 -0.131028262406404E+000 -0.137130337681364E+003 -0.137130337681364E+003
  0.100405493234719E+000  0.169255639385152E+001  0.941738210131618E+000  0.100564192706830E+000 -0.131028262406404E+000 -0.137130483789895E+003 -0.137130483789895E+003
  0.101044653461393E+000  0.191167846047496E+001  0.992219889652081E+000  0.102865637911903E+000 -0.131028262406404E+000 -0.137130751006078E+003 -0.137130751006078E+003
  0.100557665745748E+000  0.197045232926499E+001  0.127459091029384E+000  0.104764425252611E+000 -0.131028262406404E+000 -0.137130907158917E+003 -0.137130907158917E+003
  0.102431386830356E+000  0.179464449958129E+001  0.262959111122805E-001  0.101212080157620E+000 -0.131028262406404E+000 -0.137130898910090E+003 -0.137130898910090E+003
  0.102711142155421E+000  0.192681686966397E+001  0.282997644284787E+000  0.101360572870440E+000 -0.131028262406404E+000 -0.137130786489824E+003 -0.137130786489824E+003
  0.101536459447340E+000  0.181594140205558E+001  0.921557340750918E+000  0.102279316146535E+000 -0.131028262406404E+000 -0.137130890334287E+003 -0.137130890334287E+003
  0.100075651315116E+000  0.196592019845514E+001  0.311971811933023E+000  0.104707899214006E+000 -0.131028262406404E+000 -0.137130801268817E+003 -0.137130801268817E+003
  0.102149769235708E+000  0.195314661182775E+001  0.982247260896537E+000  0.101777105331784E+000 -0.131028262406404E+000 -0.137130707578974E+003 -0.137130707578974E+003
  0.101717025833712E+000  0.181621300574307E+001  0.922061414904727E+000  0.101398991668443E+000 -0.131028262406404E+000 -0.137130754651646E+003 -0.137130754651646E+003
  0.100087599700792E+000  0.173929396724450E+001  0.870926204615721E+000  0.100712108744837E+000 -0.131028262406404E+000 -0.137130385331047E+003 -0.137130385331047E+003
  0.100767295408906E+000  0.157923838035469E+001  0.738054650107303E+000  0.100914824451813E+000 -0.131028262406404E+000 -0.137130771012114E+003 -0.137130771012114E+003
  0.101961062875836E+000  0.163892304235910E+001  0.246659030347144E+000  0.100094628537838E+000 -0.131028262406404E+000 -0.137130782385994E+003 -0.137130782385994E+003
  0.100925054120671E+000  0.149898149072528E+001  0.679769507682368E+000  0.100917423861093E+000 -0.131028262406404E+000 -0.137130897113059E+003 -0.137130897113059E+003
  0.100311399424102E+000  0.141279546484435E+001  0.660840213978107E+000  0.100645452985973E+000 -0.131028262406404E+000 -0.137130800723432E+003 -0.137130800723432E+003
  0.100145594202613E+000  0.181022165511500E+001  0.906003147726829E+000  0.100310483358542E+000 -0.131028262406404E+000 -0.137130222352633E+003 -0.137130222352633E+003
  0.100554835390169E+000  0.191127087198666E+001  0.943780343961614E+000  0.104226368834297E+000 -0.131028262406404E+000 -0.137130906647461E+003 -0.137130906647461E+003
  0.101027449363909E+000  0.185683774130217E+001  0.892585840415633E-002  0.100511222134273E+000 -0.131028262406404E+000 -0.137130377878509E+003 -0.137130377878509E+003
  0.100392136045270E+000  0.187045022607335E+001  0.865258362239337E+000  0.102394306898168E+000 -0.131028262406404E+000 -0.137130587954257E+003 -0.137130587954257E+003
  0.102891339277174E+000  0.180067070008018E+001  0.100804415657357E+000  0.100575246359467E+000 -0.131028262406404E+000 -0.137130859116158E+003 -0.137130859116158E+003
  0.101594506066643E+000  0.187078313385392E+001  0.468358444860268E+000  0.101996645116786E+000 -0.131028262406404E+000 -0.137130763972535E+003 -0.137130763972535E+003
  0.100001678981471E+000  0.189546195471530E+001  0.285660629799385E+000  0.101098253468242E+000 -0.131028262406404E+000 -0.137130220737022E+003 -0.137130220737022E+003
  0.102302552839332E+000  0.175884367719767E+001  0.652208170826980E+000  0.100714208922011E+000 -0.131028262406404E+000 -0.137130822740653E+003 -0.137130822740653E+003
  0.100842094263211E+000  0.170095530338195E+001  0.552225587843450E+000  0.102049137295516E+000 -0.131028262406404E+000 -0.137130861371847E+003 -0.137130861371847E+003
  0.100069563040664E+000  0.139822927003492E+001  0.640940419796921E+000  0.100931149017435E+000 -0.131028262406404E+000 -0.137130823254060E+003 -0.137130823254060E+003
  0.100294534049414E+000  0.190677796495927E+001  0.812746390926845E+000  0.103894996313287E+000 -0.131028262406404E+000 -0.137130795548435E+003 -0.137130795548435E+003
  0.102440147675277E+000  0.182930281835967E+001  0.730523581230584E+000  0.101309636248147E+000 -0.131028262406404E+000 -0.137130869470867E+003 -0.137130869470867E+003
  0.102309308944896E+000  0.186976056511524E+001  0.331046395316309E+000  0.101945843639591E+000 -0.131028262406404E+000 -0.137130906063826E+003 -0.137130906063826E+003
  0.100434844037234E+000  0.181424927942115E+001  0.866715526553006E+000  0.101979222956564E+000 -0.131028262406404E+000 -0.137130601290585E+003 -0.137130601290585E+003
  0.101565082348248E+000  0.182683835640182E+001  0.235818409860853E+000  0.101243374390319E+000 -0.131028262406404E+000 -0.137130676617724E+003 -0.137130676617724E+003
  0.100117093751766E+000  0.191329124886860E+001  0.339907443497481E-001  0.103400275799059E+000 -0.131028262406404E+000 -0.137130653465823E+003 -0.137130653465823E+003
  0.100329487133380E+000  0.198260163694978E+001  0.686068124777130E+000  0.102311541790695E+000 -0.131028262406404E+000 -0.137130380355409E+003 -0.137130380355409E+003
  0.101108409780436E+000  0.169512173970333E+001  0.585557481287981E+000  0.100999656172024E+000 -0.131028262406404E+000 -0.137130715252126E+003 -0.137130715252126E+003
  0.102972516118907E+000  0.198080913342825E+001  0.968449715735172E+000  0.100059134376716E+000 -0.131028262406404E+000 -0.137130502981785E+003 -0.137130502981785E+003
  0.101770286542918E+000  0.192692799387443E+001  0.120763492238799E+000  0.100326535869159E+000 -0.131028262406404E+000 -0.137130391259716E+003 -0.137130391259716E+003
  0.100568720818872E+000  0.163665338362447E+001  0.534379551456173E+000  0.100907905667846E+000 -0.131028262406404E+000 -0.137130657792951E+003 -0.137130657792951E+003
  0.100965200162439E+000  0.199632462554713E+001  0.384474831586160E+000  0.102515403078709E+000 -0.131028262406404E+000 -0.137130528521192E+003 -0.137130528521192E+003
  0.101533819075488E+000  0.175272644137765E+001  0.534153945870561E+000  0.101347335443625E+000 -0.131028262406404E+000 -0.137130796497246E+003 -0.137130796497246E+003
  0.100423346382494E+000  0.166577310630862E+001  0.517569194051909E+000  0.101911866072323E+000 -0.131028262406404E+000 -0.137130791694917E+003 -0.137130791694917E+003
  0.100364941982221E+000  0.199171522856686E+001  0.530216698871986E-001  0.102423723781812E+000 -0.131028262406404E+000 -0.137130393579820E+003 -0.137130393579820E+003
  0.100020896521730E+000  0.164274549572112E+001  0.494978460953016E+000  0.101503424286740E+000 -0.131028262406404E+000 -0.137130653978702E+003 -0.137130653978702E+003
  0.102977872041592E+000  0.191442362144639E+001  0.882049173524014E+000  0.100139092523338E+000 -0.131028262406404E+000 -0.137130622705358E+003 -0.137130622705358E+003
  0.100906988229066E+000  0.177872520542733E+001  0.179488022683210E+000  0.100775029317920E+000 -0.131028262406404E+000 -0.137130515373891E+003 -0.137130515373891E+003
  0.100631086371038E+000  0.187065985582354E+001  0.453380825763170E+000  0.101419668306230E+000 -0.131028262406404E+000 -0.137130450557366E+003 -0.137130450557366E+003
  0.102325534009360E+000  0.189812322076245E+001  0.825442359645339E+000  0.101325064280050E+000 -0.131028262406404E+000 -0.137130744158964E+003 -0.137130744158964E+003
  0.100075602881913E+000  0.185745013857320E+001  0.222808109793401E-001  0.102427088904404E+000 -0.131028262406404E+000 -0.137130547348546E+003 -0.137130547348546E+003
  0.102319033152659E+000  0.163611618751948E+001  0.134855349743156E-001  0.100029228134486E+000 -0.131028262406404E+000 -0.137130847418521E+003 -0.137130847418521E+003
  0.101529462557129E+000  0.180577482893138E+001  0.942084042814615E+000  0.100402351959295E+000 -0.131028262406404E+000 -0.137130533825375E+003 -0.137130533825375E+003
  0.101442109368859E+000  0.173440942509679E+001  0.142921115791435E+000  0.101672249278854E+000 -0.131028262406404E+000 -0.137130867465265E+003 -0.137130867465265E+003
  0.100467307459436E+000  0.194000803963229E+001  0.635463241295619E+000  0.101031711041467E+000 -0.131028262406404E+000 -0.137130236719877E+003 -0.137130236719877E+003
  0.102562270874305E+000  0.178911842306149E+001  0.210732461785534E+000  0.100167763974677E+000 -0.131028262406404E+000 -0.137130725213751E+003 -0.137130725213751E+003
  0.102902123238380E+000  0.192416068666800E+001  0.515858659876203E+000  0.100901673334401E+000 -0.131028262406404E+000 -0.137130741039117E+003 -0.137130741039117E+003
  0.100779715407276E+000  0.188694495087638E+001  0.408730464951460E+000  0.100436754727476E+000 -0.131028262406404E+000 -0.137130268118864E+003 -0.137130268118864E+003
