  0.656792777168051E+000  0.997410500583902E+000  0.934918952762857E-001  0.497380401344035E+000 -0.131028262406404E+000 -0.150572974204955E+003 -0.150572974204955E+003
  0.650168213389170E+000  0.102175903960026E+001  0.943723269098482E+000  0.498531521587043E+000 -0.131028262406404E+000 -0.150572908888968E+003 -0.150572908888968E+003
  0.651345509859794E+000  0.995112671069973E+000  0.172954976029648E+000  0.499487771457793E+000 -0.131028262406404E+000 -0.150573017938099E+003 -0.150573017938099E+003
  0.689804107791391E+000  0.977828584333067E+000  0.312177080796018E+000  0.499336479951171E+000 -0.131028262406404E+000 -0.150572958655177E+003 -0.150572958655177E+003
  0.674501166750276E+000  0.101355986600502E+001  0.120779627142213E+000  0.497904391828624E+000 -0.131028262406404E+000 -0.150572408007998E+003 -0.150572408007998E+003
  0.679812194540994E+000  0.999658746781825E+000  0.379886418457532E+000  0.495143140607466E+000 -0.131028262406404E+000 -0.150572798618188E+003 -0.150572798618188E+003
  0.681507608280411E+000  0.978016015054663E+000  0.138189854524142E+000  0.495795842851604E+000 -0.131028262406404E+000 -0.150572932541724E+003 -0.150572932541724E+003
  0.669131021118828E+000  0.987978544273794E+000  0.341433553853135E-001  0.496537451404299E+000 -0.131028262406404E+000 -0.150572745811820E+003 -0.150572745811820E+003
  0.683528467895830E+000  0.975195754814078E+000  0.553024367512599E+000  0.495922487920634E+000 -0.131028262406404E+000 -0.150572998878784E+003 -0.150572998878784E+003
  0.661705045372199E+000  0.102998769323067E+001  0.419188134816806E+000  0.499846200263961E+000 -0.131028262406404E+000 -0.150572218842392E+003 -0.150572218842392E+003
  0.656867595655881E+000  0.104968713532988E+001  0.991549084068142E-001  0.499980168035176E+000 -0.131028262406404E+000 -0.150572565499468E+003 -0.150572565499468E+003
  0.689100706784368E+000  0.100531707646057E+001  0.606673294787232E-001  0.497763747728572E+000 -0.131028262406404E+000 -0.150572996609653E+003 -0.150572996609653E+003
  0.669344791378279E+000  0.101950398445395E+001  0.962698668518278E+000  0.497135244076714E+000 -0.131028262406404E+000 -0.150572496753927E+003 -0.150572496753927E+003
  0.683458971753976E+000  0.103456060866390E+001  0.136949940528952E+000  0.499862622039874E+000 -0.131028262406404E+000 -0.150572964008356E+003 -0.150572964008356E+003
  0.674843400412133E+000  0.100564142221722E+001  0.798921396536491E+000  0.496517726940950E+000 -0.131028262406404E+000 -0.150572560890660E+003 -0.150572560890660E+003
  0.663380962925109E+000  0.980770595776279E+000  0.453978135204957E+000  0.499572200074404E+000 -0.131028262406404E+000 -0.150572659706354E+003 -0.150572659706354E+003
  0.681020162090243E+000  0.101722156433018E+001  0.418801680012054E+000  0.497894641475632E+000 -0.131028262406404E+000 -0.150572653531339E+003 -0.150572653531339E+003
  0.664569207582197E+000  0.103973773599387E+001  0.576472628623283E+000  0.497180331856582E+000 -0.131028262406404E+000 -0.150572753417499E+003 -0.150572753417499E+003
  0.683311699868028E+000  0.102478937268539E+001  0.265720710119948E-002  0.499158885504595E+000 -0.131028262406404E+000 -0.150572785473751E+003 -0.150572785473751E+003
  0.673532453454817E+000  0.983194016857149E+000  0.329986931584243E+000  0.495819703190245E+000 -0.131028262406404E+000 -0.150572841660314E+003 -0.150572841660314E+003
  0.688747988335323E+000  0.101128331563678E+001  0.970841704636336E+000  0.498240046362549E+000 -0.131028262406404E+000 -0.150573007551652E+003 -0.150573007551652E+003
  0.682767803933685E+000  0.980123356940664E+000  0.925486487173961E+000  0.498019986603587E+000 -0.131028262406404E+000 -0.150572724807958E+003 -0.150572724807958E+003
  0.681004126892482E+000  0.101153970555224E+001  0.199104704301146E+000  0.497768516268793E+000 -0.131028262406404E+000 -0.150572605336534E+003 -0.150572605336534E+003
  0.665873403872715E+000  0.104259521318865E+001  0.257438934237054E+000  0.497348172705037E+000 -0.131028262406404E+000 -0.150572782320783E+003 -0.150572782320783E+003
  0.683651091643734E+000  0.101310829635769E+001  0.276521907814375E+000  0.495250515994261E+000 -0.131028262406404E+000 -0.150572985901318E+003 -0.150572985901318E+003
  0.690643389714957E+000  0.980289270826351E+000  0.554144278292296E+000  0.499033024238643E+000 -0.131028262406404E+000 -0.150573001330392E+003 -0.150573001330392E+003
  0.683459946616859E+000  0.969116978178710E+000  0.552432385808079E+000  0.498965304567369E+000 -0.131028262406404E+000 -0.150572860688488E+003 -0.150572860688488E+003
  0.684033325399223E+000  0.101301774531417E+001  0.653706188905412E+000  0.495927142516997E+000 -0.131028262406404E+000 -0.150572936027203E+003 -0.150572936027203E+003
  0.672508132689103E+000  0.969291783040947E+000  0.750698939317675E+000  0.498619983866235E+000 -0.131028262406404E+000 -0.150572840618058E+003 -0.150572840618058E+003
  0.668647978444336E+000  0.990614666791157E+000  0.117358004228975E+000  0.495840052277039E+000 -0.131028262406404E+000 -0.150572814647243E+003 -0.150572814647243E+003
  0.666088179105079E+000  0.102159334814341E+001  0.299860044730879E+000  0.498594421822008E+000 -0.131028262406404E+000 -0.150572307181366E+003 -0.150572307181366E+003
  0.660078972120985E+000  0.993160020128421E+000  0.647610147176546E+000  0.497365721427461E+000 -0.131028262406404E+000 -0.150572869085913E+003 -0.150572869085913E+003
  0.675365065226402E+000  0.992378506838435E+000  0.169303523483451E+000  0.494279558393687E+000 -0.131028262406404E+000 -0.150572902879406E+003 -0.150572902879406E+003
  0.654216034791117E+000  0.101995090610585E+001  0.461622802158672E+000  0.497063977625701E+000 -0.131028262406404E+000 -0.150572948674562E+003 -0.150572948674562E+003
  0.676472447155629E+000  0.982602017572666E+000  0.560183216982418E+000  0.496222147985447E+000 -0.131028262406404E+000 -0.150572783285035E+003 -0.150572783285035E+003
  0.672649623624928E+000  0.977797352393700E+000  0.797621657759241E-003  0.499660889314511E+000 -0.131028262406404E+000 -0.150572502302669E+003 -0.150572502302669E+003
  0.655762524780383E+000  0.990647723336073E+000  0.793596007695503E+000  0.499657859980213E+000 -0.131028262406404E+000 -0.150572786148954E+003 -0.150572786148954E+003
  0.664123528932073E+000  0.102269941125577E+001  0.892726478344681E+000  0.498139946693359E+000 -0.131028262406404E+000 -0.150572402901239E+003 -0.150572402901239E+003
  0.675860891510433E+000  0.979942652611436E+000  0.804503848102458E+000  0.498283126413430E+000 -0.131028262406404E+000 -0.150572600394630E+003 -0.150572600394630E+003
  0.679898893974720E+000  0.102201941801115E+001  0.910792762018380E+000  0.498560467784670E+000 -0.131028262406404E+000 -0.150572601476189E+003 -0.150572601476189E+003
  0.665066920532739E+000  0.103296870613441E+001  0.713385132585591E+000  0.497883180786150E+000 -0.131028262406404E+000 -0.150572530854364E+003 -0.150572530854364E+003
  0.656181456149925E+000  0.101695688416195E+001  0.611516818055229E+000  0.499465765634104E+000 -0.131028262406404E+000 -0.150572415459467E+003 -0.150572415459467E+003
  0.683433611502522E+000  0.963543420503442E+000  0.498071355557186E+000  0.499367604510310E+000 -0.131028262406404E+000 -0.150572962108800E+003 -0.150572962108800E+003
  0.661773227532497E+000  0.100526206303403E+001  0.771238520615526E+000  0.497384814014175E+000 -0.131028262406404E+000 -0.150572618961971E+003 -0.150572618961971E+003
  0.674703128761942E+000  0.104033351807210E+001  0.384666068560194E+000  0.496566854124831E+000 -0.131028262406404E+000 -0.150572998403555E+003 -0.150572998403555E+003
  0.671903889872670E+000  0.100143692200374E+001  0.143712700719648E+000  0.496721266720863E+000 -0.131028262406404E+000 -0.150572536072352E+003 -0.150572536072352E+003
  0.668601854369376E+000  0.101044689316049E+001  0.206083380170647E+000  0.494800643589056E+000 -0.131028262406404E+000 -0.150572819407566E+003 -0.150572819407566E+003
  0.659677833947114E+000  0.102801745509287E+001  0.460880710869427E+000  0.495589191925331E+000 -0.131028262406404E+000 -0.150572981174716E+003 -0.150572981174716E+003
  0.663067301940183E+000  0.100684070721249E+001  0.982734209630698E+000  0.497587063093912E+000 -0.131028262406404E+000 -0.150572529150481E+003 -0.150572529150481E+003
  0.676285736242431E+000  0.981445201276335E+000  0.435448742473813E+000  0.497156918886700E+000 -0.131028262406404E+000 -0.150572696928832E+003 -0.150572696928832E+003
  0.670387781079035E+000  0.102624248051776E+001  0.140602878463805E-001  0.494107078658200E+000 -0.131028262406404E+000 -0.150573007357498E+003 -0.150573007357498E+003
  0.665373008271010E+000  0.104306306551919E+001  0.355759536767475E-002  0.497037108897492E+000 -0.131028262406404E+000 -0.150572840843314E+003 -0.150572840843314E+003
  0.682468621773721E+000  0.101083469854367E+001  0.787467589988824E+000  0.498499587133526E+000 -0.131028262406404E+000 -0.150572596815760E+003 -0.150572596815760E+003
  0.676782089698092E+000  0.102766482472368E+001  0.110125410169770E-001  0.495465396107777E+000 -0.131028262406404E+000 -0.150572926928248E+003 -0.150572926928248E+003
  0.656025603098241E+000  0.104451097175433E+001  0.940014798161904E+000  0.499431766329012E+000 -0.131028262406404E+000 -0.150572588376126E+003 -0.150572588376126E+003
  0.677512726500431E+000  0.967564893598569E+000  0.982767079826312E+000  0.498726740274875E+000 -0.131028262406404E+000 -0.150572838677998E+003 -0.150572838677998E+003
  0.652749191028737E+000  0.100714145236183E+001  0.440953552467570E+000  0.499920367696560E+000 -0.131028262406404E+000 -0.150572610138782E+003 -0.150572610138782E+003
  0.677165263188193E+000  0.103172123509031E+001  0.569252406073970E+000  0.496128417178213E+000 -0.131028262406404E+000 -0.150572936104875E+003 -0.150572936104875E+003
  0.659653795860048E+000  0.103044635309493E+001  0.245933039253278E-001  0.496192236478006E+000 -0.131028262406404E+000 -0.150572891164421E+003 -0.150572891164421E+003
  0.664251913636058E+000  0.102464947317361E+001  0.784623860694814E+000  0.496102622930146E+000 -0.131028262406404E+000 -0.150572740090737E+003 -0.150572740090737E+003
  0.655501108419619E+000  0.100371607943052E+001  0.157026305412310E+000  0.499317469170842E+000 -0.131028262406404E+000 -0.150572603834786E+003 -0.150572603834786E+003
  0.658245972956753E+000  0.102679637852840E+001  0.519274378646000E+000  0.495804621380994E+000 -0.131028262406404E+000 -0.150572991000795E+003 -0.150572991000795E+003
  0.664947223503119E+000  0.101963472589989E+001  0.103528866446028E+000  0.495358808153700E+000 -0.131028262406404E+000 -0.150572819789902E+003 -0.150572819789902E+003
  0.667109877550988E+000  0.101057314751562E+001  0.738314972503375E+000  0.497666404610943E+000 -0.131028262406404E+000 -0.150572412399763E+003 -0.150572412399763E+003
  0.672594630568793E+000  0.976273203834311E+000  0.727707503445295E+000  0.496553623696720E+000 -0.131028262406404E+000 -0.150572903421838E+003 -0.150572903421838E+003
  0.663435309965007E+000  0.102969261658393E+001  0.380408003104233E-001  0.499050036179369E+000 -0.131028262406404E+000 -0.150572321774974E+003 -0.150572321774974E+003
  0.667776361844527E+000  0.967733720369794E+000  0.610230505849428E+000  0.499262712785192E+000 -0.131028262406404E+000 -0.150572931326493E+003 -0.150572931326493E+003
  0.674452297483980E+000  0.103404078356919E+001  0.549564928873025E-001  0.499704126964565E+000 -0.131028262406404E+000 -0.150572457393480E+003 -0.150572457393480E+003
  0.663536493208606E+000  0.991845139547290E+000  0.314040257212852E+000  0.498318211288646E+000 -0.131028262406404E+000 -0.150572589229255E+003 -0.150572589229255E+003
  0.689429215390128E+000  0.100058115914401E+001  0.797892443527018E+000  0.499204917754815E+000 -0.131028262406404E+000 -0.150572888713933E+003 -0.150572888713933E+003
  0.686675294053911E+000  0.995970191304563E+000  0.211184312688828E+000  0.496963530827557E+000 -0.131028262406404E+000 -0.150572863316340E+003 -0.150572863316340E+003
  0.675365898097504E+000  0.999795920347407E+000  0.254705313634212E-002  0.493567115874530E+000 -0.131028262406404E+000 -0.150572951571372E+003 -0.150572951571372E+003
  0.679146742380258E+000  0.102167613158678E+001  0.832268672850304E+000  0.499828494376088E+000 -0.131028262406404E+000 -0.150572433466462E+003 -0.150572433466462E+003
  0.658074660881376E+000  0.106224583580294E+001  0.171996621668136E-002  0.499310085203392E+000 -0.131028262406404E+000 -0.150572991631095E+003 -0.150572991631095E+003
  0.671265092886941E+000  0.102879304586160E+001  0.324650123163964E+000  0.498661849564078E+000 -0.131028262406404E+000 -0.150572403456178E+003 -0.150572403456178E+003
  0.682202695688628E+000  0.991131777903646E+000  0.276739172213151E+000  0.495146605898714E+000 -0.131028262406404E+000 -0.150572874815870E+003 -0.150572874815870E+003
  0.658700971004897E+000  0.104321932194813E+001  0.538637316523754E-001  0.499861118898126E+000 -0.131028262406404E+000 -0.150572432075408E+003 -0.150572432075408E+003
  0.683521869086021E+000  0.975184599717145E+000  0.891308862925339E+000  0.499786065966839E+000 -0.131028262406404E+000 -0.150572684180656E+003 -0.150572684180656E+003
  0.675567315254071E+000  0.100262771139192E+001  0.176781505068208E+000  0.494301284385237E+000 -0.131028262406404E+000 -0.150572848761397E+003 -0.150572848761397E+003
  0.669471554682499E+000  0.102103401906519E+001  0.464109392689097E+000  0.499473050338002E+000 -0.131028262406404E+000 -0.150572185574972E+003 -0.150572185574972E+003
  0.656678805311435E+000  0.997188994991499E+000  0.437030305125230E+000  0.497996043680995E+000 -0.131028262406404E+000 -0.150572876372976E+003 -0.150572876372976E+003
  0.678374019498076E+000  0.102807708672747E+001  0.334187248308429E+000  0.498808321878008E+000 -0.131028262406404E+000 -0.150572607450981E+003 -0.150572607450981E+003
  0.660679896265338E+000  0.100955339112355E+001  0.108864981014272E+000  0.498625173699048E+000 -0.131028262406404E+000 -0.150572421278038E+003 -0.150572421278038E+003
  0.650012069692191E+000  0.103906060903923E+001  0.320302971810948E+000  0.498492874794753E+000 -0.131028262406404E+000 -0.150572959632264E+003 -0.150572959632264E+003
  0.677211127053496E+000  0.102136404158533E+001  0.291473149024953E+000  0.498988960226635E+000 -0.131028262406404E+000 -0.150572432059191E+003 -0.150572432059191E+003
  0.666887487739837E+000  0.989871401754610E+000  0.602865224329039E+000  0.498217217542444E+000 -0.131028262406404E+000 -0.150572534788385E+003 -0.150572534788385E+003
  0.657237743971435E+000  0.100817996372329E+001  0.176920891597192E+000  0.498248464754355E+000 -0.131028262406404E+000 -0.150572643593850E+003 -0.150572643593850E+003
  0.670672333693372E+000  0.994993328229240E+000  0.156860802703520E-001  0.498480653103725E+000 -0.131028262406404E+000 -0.150572365739369E+003 -0.150572365739369E+003
  0.677692821796531E+000  0.996603751193531E+000  0.288771264452529E+000  0.495409574336510E+000 -0.131028262406404E+000 -0.150572743242677E+003 -0.150572743242677E+003
  0.670759456697332E+000  0.103498621400881E+001  0.841989736069539E+000  0.498058637039085E+000 -0.131028262406404E+000 -0.150572578171830E+003 -0.150572578171830E+003
  0.654355662652796E+000  0.100417317549422E+001  0.235294401592507E+000  0.499255073874173E+000 -0.131028262406404E+000 -0.150572675219096E+003 -0.150572675219096E+003
  0.650600365628181E+000  0.104761397845326E+001  0.627789725774305E-001  0.499808179441089E+000 -0.131028262406404E+000 -0.150572764629919E+003 -0.150572764629919E+003
  0.671311116976455E+000  0.102773049305760E+001  0.470360337907576E+000  0.496348989847351E+000 -0.131028262406404E+000 -0.150572703374976E+003 -0.150572703374976E+003
  0.661134428740880E+000  0.103410407009284E+001  0.314149819784296E+000  0.495417912995720E+000 -0.131028262406404E+000 -0.150573022919515E+003 -0.150573022919515E+003
  0.690858470123737E+000  0.997997838573314E+000  0.272213016928508E+000  0.498359195769848E+000 -0.131028262406404E+000 -0.150573027863939E+003 -0.150573027863939E+003
  0.665888534520701E+000  0.100731147130755E+001  0.293945828249319E+000  0.498563777952103E+000 -0.131028262406404E+000 -0.150572310178937E+003 -0.150572310178937E+003
  0.682734111443514E+000  0.100605996115225E+001  0.809327325449094E+000  0.497428068046608E+000 -0.131028262406404E+000 -0.150572673152144E+003 -0.150572673152144E+003
  0.676215023859021E+000  0.104253399228288E+001  0.280896438260518E+000  0.497707615129404E+000 -0.131028262406404E+000 -0.150572974197366E+003 -0.150572974197366E+003
  0.655631223268091E+000  0.102270427015413E+001  0.787428988388621E+000  0.496892834077767E+000 -0.131028262406404E+000 -0.150572899565136E+003 -0.150572899565136E+003
  0.664432348221284E+000  0.105408564668853E+001  0.343621830861617E+000  0.499852409600817E+000 -0.131028262406404E+000 -0.150572672537596E+003 -0.150572672537596E+003
  0.659361199955489E+000  0.102867609055044E+001  0.693674812695968E+000  0.496617457322317E+000 -0.131028262406404E+000 -0.150572811016246E+003 -0.150572811016246E+003
  0.661999933988248E+000  0.100745850454382E+001  0.119678019054261E+000  0.497189487395988E+000 -0.131028262406404E+000 -0.150572624693001E+003 -0.150572624693001E+003
  0.659125448623097E+000  0.102873531837672E+001  0.230395457448864E-001  0.498502804841537E+000 -0.131028262406404E+000 -0.150572486934290E+003 -0.150572486934290E+003
  0.658158083301461E+000  0.101168564225704E+001  0.647796545499300E+000  0.499029065701027E+000 -0.131028262406404E+000 -0.150572435905967E+003 -0.150572435905967E+003
  0.657367038456346E+000  0.101307573882836E+001  0.176255331491675E+000  0.499909279968640E+000 -0.131028262406404E+000 -0.150572309401902E+003 -0.150572309401902E+003
  0.683764329646318E+000  0.982997102299500E+000  0.826871095445460E+000  0.496890229190925E+000 -0.131028262406404E+000 -0.150572815439392E+003 -0.150572815439392E+003
  0.661265818876877E+000  0.103199677905942E+001  0.825873723510706E+000  0.497491446780100E+000 -0.131028262406404E+000 -0.150572633843847E+003 -0.150572633843847E+003
  0.658281327993545E+000  0.102027384493976E+001  0.305250621567757E+000  0.499170274806741E+000 -0.131028262406404E+000 -0.150572374239709E+003 -0.150572374239709E+003
  0.657797481695437E+000  0.102626809295879E+001  0.815771235235401E+000  0.496945699716581E+000 -0.131028262406404E+000 -0.150572796980671E+003 -0.150572796980671E+003
  0.665107237723288E+000  0.100156513172388E+001  0.670266688981421E+000  0.498387376119335E+000 -0.131028262406404E+000 -0.150572395112360E+003 -0.150572395112360E+003
  0.668132235589651E+000  0.103235840192507E+001  0.218165605671818E+000  0.495432327430580E+000 -0.131028262406404E+000 -0.150572893362333E+003 -0.150572893362333E+003
  0.669109676728426E+000  0.102071804290185E+001  0.224172034608009E+000  0.496126236774605E+000 -0.131028262406404E+000 -0.150572652092533E+003 -0.150572652092533E+003
  0.678191110721140E+000  0.977921323066214E+000  0.254877197041251E+000  0.497937090959466E+000 -0.131028262406404E+000 -0.150572685741541E+003 -0.150572685741541E+003
  0.665575480085426E+000  0.996750876306362E+000  0.204046438812839E+000  0.494708377630364E+000 -0.131028262406404E+000 -0.150573000936991E+003 -0.150573000936991E+003
  0.665849137543952E+000  0.988654692529290E+000  0.840271812783156E+000  0.496993634173488E+000 -0.131028262406404E+000 -0.150572763681082E+003 -0.150572763681082E+003
  0.652078380150862E+000  0.103803701378492E+001  0.468679668033763E+000  0.497595818460016E+000 -0.131028262406404E+000 -0.150573017470802E+003 -0.150573017470802E+003
  0.663026772391771E+000  0.983530254324595E+000  0.700591079439426E+000  0.496919249201640E+000 -0.131028262406404E+000 -0.150573001506016E+003 -0.150573001506016E+003
  0.664139855685965E+000  0.103835833486476E+001  0.592417705528462E+000  0.498014153925070E+000 -0.131028262406404E+000 -0.150572597245888E+003 -0.150572597245888E+003
  0.659319955508896E+000  0.104321004775133E+001  0.505178446302723E+000  0.497286778101136E+000 -0.131028262406404E+000 -0.150572870029918E+003 -0.150572870029918E+003
  0.685503634789021E+000  0.984205751835163E+000  0.157590183086032E+000  0.496479735867821E+000 -0.131028262406404E+000 -0.150572895278982E+003 -0.150572895278982E+003
  0.682234839340719E+000  0.973709209728402E+000  0.203980551540942E+000  0.497398810250673E+000 -0.131028262406404E+000 -0.150572868923942E+003 -0.150572868923942E+003
  0.662089606209270E+000  0.103212468685000E+001  0.557472389177963E+000  0.495235203762958E+000 -0.131028262406404E+000 -0.150573006399130E+003 -0.150573006399130E+003
  0.681078757989314E+000  0.984180689774574E+000  0.533750522168011E+000  0.497701179377098E+000 -0.131028262406404E+000 -0.150572659279849E+003 -0.150572659279849E+003
  0.666391710063234E+000  0.103000435949064E+001  0.157349499965899E+000  0.498622638679772E+000 -0.131028262406404E+000 -0.150572377187454E+003 -0.150572377187454E+003
  0.683400266689078E+000  0.100431615241315E+001  0.722492152408668E+000  0.493999468499036E+000 -0.131028262406404E+000 -0.150573028522606E+003 -0.150573028522606E+003
  0.667042699736735E+000  0.996989372798752E+000  0.360858735124551E+000  0.495309736614544E+000 -0.131028262406404E+000 -0.150572854704240E+003 -0.150572854704240E+003
  0.666187812517254E+000  0.102570117847322E+001  0.320362324145748E+000  0.495518559984579E+000 -0.131028262406404E+000 -0.150572811865579E+003 -0.150572811865579E+003
  0.670066541263188E+000  0.994132349602946E+000  0.172612808522490E+000  0.494828073978001E+000 -0.131028262406404E+000 -0.150572880578405E+003 -0.150572880578405E+003
  0.673786157663948E+000  0.995802223747867E+000  0.675193465700550E+000  0.493764511376480E+000 -0.131028262406404E+000 -0.150572955495110E+003 -0.150572955495110E+003
  0.672495837704405E+000  0.103017359464391E+001  0.602282003342099E+000  0.499602308795643E+000 -0.131028262406404E+000 -0.150572333519942E+003 -0.150572333519942E+003
  0.675813821665127E+000  0.993845211168994E+000  0.615889962898982E+000  0.495799311105395E+000 -0.131028262406404E+000 -0.150572700600799E+003 -0.150572700600799E+003
  0.670402039279446E+000  0.103084312169481E+001  0.419754488543583E+000  0.496416425267888E+000 -0.131028262406404E+000 -0.150572731197157E+003 -0.150572731197157E+003
  0.674409269443943E+000  0.972722267413437E+000  0.100288000281854E+000  0.499965497988088E+000 -0.131028262406404E+000 -0.150572583626187E+003 -0.150572583626187E+003
  0.672564365767695E+000  0.963216546133569E+000  0.387201154733139E+000  0.499082281312069E+000 -0.131028262406404E+000 -0.150572977317265E+003 -0.150572977317265E+003
  0.645792855216674E+000  0.103841518769440E+001  0.600832230224060E+000  0.499757427637435E+000 -0.131028262406404E+000 -0.150572962935864E+003 -0.150572962935864E+003
  0.661794625550922E+000  0.100287554217689E+001  0.657488774126742E+000  0.499256440967589E+000 -0.131028262406404E+000 -0.150572343540179E+003 -0.150572343540179E+003
  0.683829550822783E+000  0.999878915069216E+000  0.949929164782832E+000  0.496272605491688E+000 -0.131028262406404E+000 -0.150572802259882E+003 -0.150572802259882E+003
  0.669915862200352E+000  0.992062604566413E+000  0.226353532972748E+000  0.495472078676191E+000 -0.131028262406404E+000 -0.150572816739726E+003 -0.150572816739726E+003
  0.678580060624422E+000  0.100791081435847E+001  0.490922785233088E+000  0.494889719198128E+000 -0.131028262406404E+000 -0.150572819480073E+003 -0.150572819480073E+003
  0.657738033571542E+000  0.998145824240464E+000  0.338210297529614E+000  0.497406398717551E+000 -0.131028262406404E+000 -0.150572900287373E+003 -0.150572900287373E+003
  0.648345355790018E+000  0.102137184995259E+001  0.616822808490304E+000  0.498749357794797E+000 -0.131028262406404E+000 -0.150572996797732E+003 -0.150572996797732E+003
  0.674280649290464E+000  0.103124235678299E+001  0.615234083573354E+000  0.498234194763754E+000 -0.131028262406404E+000 -0.150572573542690E+003 -0.150572573542690E+003
  0.679237025123099E+000  0.993997040551876E+000  0.586675679031189E+000  0.499730763432529E+000 -0.131028262406404E+000 -0.150572333912317E+003 -0.150572333912317E+003
  0.678634528461106E+000  0.101625549551156E+001  0.722210029862627E+000  0.495406786907155E+000 -0.131028262406404E+000 -0.150572823609914E+003 -0.150572823609914E+003
  0.664775504354009E+000  0.969181849315348E+000  0.495953309873088E-002  0.499668304328867E+000 -0.131028262406404E+000 -0.150572943732541E+003 -0.150572943732541E+003
  0.657706668704070E+000  0.104474608139219E+001  0.925249932257822E+000  0.499408604784290E+000 -0.131028262406404E+000 -0.150572555572843E+003 -0.150572555572843E+003
  0.674439501152474E+000  0.101448659236214E+001  0.316976389990527E+000  0.499896337746311E+000 -0.131028262406404E+000 -0.150572178322280E+003 -0.150572178322280E+003
  0.683176924200585E+000  0.101825983358116E+001  0.511182888937530E+000  0.497401841598576E+000 -0.131028262406404E+000 -0.150572823096944E+003 -0.150572823096944E+003
  0.655430789079659E+000  0.104287451069216E+001  0.556601361285486E+000  0.498622674240753E+000 -0.131028262406404E+000 -0.150572730270707E+003 -0.150572730270707E+003
  0.666211816421275E+000  0.983779703795985E+000  0.728351653029735E+000  0.496626060761500E+000 -0.131028262406404E+000 -0.150572903342145E+003 -0.150572903342145E+003
  0.666936795803073E+000  0.102925152598526E+001  0.294991512641623E-001  0.499155731548337E+000 -0.131028262406404E+000 -0.150572291416940E+003 -0.150572291416940E+003
  0.666206311123349E+000  0.104014682630358E+001  0.442979028299142E+000  0.499431014521255E+000 -0.131028262406404E+000 -0.150572417775908E+003 -0.150572417775908E+003
  0.656421203254300E+000  0.103778399406227E+001  0.475056285867433E+000  0.498599259064959E+000 -0.131028262406404E+000 -0.150572634828055E+003 -0.150572634828055E+003
  0.660094678564808E+000  0.101682848845650E+001  0.717656999586438E+000  0.499390300783135E+000 -0.131028262406404E+000 -0.150572282522644E+003 -0.150572282522644E+003
  0.675196435248543E+000  0.103331682098033E+001  0.222046941258998E+000  0.496661576284397E+000 -0.131028262406404E+000 -0.150572838730260E+003 -0.150572838730260E+003
  0.663221493992575E+000  0.102616345881108E+001  0.444019266314254E+000  0.495594322592737E+000 -0.131028262406404E+000 -0.150572858968725E+003 -0.150572858968725E+003
  0.674735438537106E+000  0.101312899283636E+001  0.717428123798814E+000  0.494559403968994E+000 -0.131028262406404E+000 -0.150572834806689E+003 -0.150572834806689E+003
  0.656005131740773E+000  0.105824848462388E+001  0.190087842051371E+000  0.499207643668605E+000 -0.131028262406404E+000 -0.150572924057917E+003 -0.150572924057917E+003
  0.658901043267092E+000  0.101924078106715E+001  0.962922743520351E+000  0.495590449054561E+000 -0.131028262406404E+000 -0.150572984302360E+003 -0.150572984302360E+003
  0.677759042658392E+000  0.986238390605968E+000  0.112145739239955E+000  0.497331475637807E+000 -0.131028262406404E+000 -0.150572616140217E+003 -0.150572616140217E+003
  0.689330307518035E+000  0.100769708414394E+001  0.888277337872061E+000  0.498036170858516E+000 -0.131028262406404E+000 -0.150573018962278E+003 -0.150573018962278E+003
  0.678874499273864E+000  0.991429903150425E+000  0.296394918371612E+000  0.497815804691333E+000 -0.131028262406404E+000 -0.150572529844603E+003 -0.150572529844603E+003
  0.663719565789605E+000  0.104359886794017E+001  0.737889537389714E+000  0.497724764629741E+000 -0.131028262406404E+000 -0.150572744518654E+003 -0.150572744518654E+003
  0.669531070821450E+000  0.995413276921560E+000  0.550159960231643E+000  0.497630316288244E+000 -0.131028262406404E+000 -0.150572484307842E+003 -0.150572484307842E+003
  0.685131981237718E+000  0.101006163978023E+001  0.176071905137600E+000  0.495700149441857E+000 -0.131028262406404E+000 -0.150572977689761E+003 -0.150572977689761E+003
  0.655143737878613E+000  0.995376072201011E+000  0.123994428200665E+000  0.498195077847162E+000 -0.131028262406404E+000 -0.150572974433994E+003 -0.150572974433994E+003
  0.682759747245498E+000  0.100124771477804E+001  0.588466854642778E-001  0.496234959644860E+000 -0.131028262406404E+000 -0.150572768561370E+003 -0.150572768561370E+003
  0.665291606160834E+000  0.994200738746324E+000  0.423787134407387E+000  0.497644059735822E+000 -0.131028262406404E+000 -0.150572592116726E+003 -0.150572592116726E+003
  0.672168170892316E+000  0.979251347099416E+000  0.689731527052023E+000  0.498867535274145E+000 -0.131028262406404E+000 -0.150572564463599E+003 -0.150572564463599E+003
  0.682917286451661E+000  0.100789339586481E+001  0.958907706594916E-001  0.499874891942535E+000 -0.131028262406404E+000 -0.150572477887626E+003 -0.150572477887626E+003
  0.677683676898185E+000  0.102495140534403E+001  0.865965109764214E+000  0.496337306488248E+000 -0.131028262406404E+000 -0.150572802353840E+003 -0.150572802353840E+003
  0.673730190828271E+000  0.988130517135742E+000  0.545522923577401E+000  0.494077141901158E+000 -0.131028262406404E+000 -0.150572991247749E+003 -0.150572991247749E+003
  0.678656684109394E+000  0.100076517744070E+001  0.821332020936033E+000  0.496199345160622E+000 -0.131028262406404E+000 -0.150572657001321E+003 -0.150572657001321E+003
  0.670989217381206E+000  0.104595638784754E+001  0.684468936368955E+000  0.499150354674252E+000 -0.131028262406404E+000 -0.150572689966474E+003 -0.150572689966474E+003
  0.664561658395644E+000  0.986812730599547E+000  0.765760759759765E+000  0.498848037121598E+000 -0.131028262406404E+000 -0.150572574000466E+003 -0.150572574000466E+003
  0.668615072323153E+000  0.996200230546708E+000  0.936231308395636E+000  0.498126155264499E+000 -0.131028262406404E+000 -0.150572421244986E+003 -0.150572421244986E+003
  0.676199513525894E+000  0.990661317142760E+000  0.404367833419060E+000  0.498571541924781E+000 -0.131028262406404E+000 -0.150572415595987E+003 -0.150572415595987E+003
  0.671857427381741E+000  0.101129311711874E+001  0.601289196499344E+000  0.497077772867666E+000 -0.131028262406404E+000 -0.150572474415480E+003 -0.150572474415480E+003
  0.678563060859385E+000  0.102475832721668E+001  0.868576796787583E+000  0.499103918489917E+000 -0.131028262406404E+000 -0.150572526668353E+003 -0.150572526668353E+003
  0.679753437826577E+000  0.103181522479230E+001  0.844363125215956E+000  0.499847578932477E+000 -0.131028262406404E+000 -0.150572650898885E+003 -0.150572650898885E+003
  0.661222492774792E+000  0.974117427779792E+000  0.447116888433674E+000  0.499872690239604E+000 -0.131028262406404E+000 -0.150572916081348E+003 -0.150572916081348E+003
  0.671909009037042E+000  0.102748319237585E+001  0.838525197174719E+000  0.497227170529181E+000 -0.131028262406404E+000 -0.150572586886995E+003 -0.150572586886995E+003
  0.667084618298990E+000  0.102794846194656E+001  0.465608135828654E+000  0.499780216083129E+000 -0.131028262406404E+000 -0.150572188150004E+003 -0.150572188150004E+003
  0.683073494676695E+000  0.101486476920775E+001  0.127149646102606E+000  0.495034209121557E+000 -0.131028262406404E+000 -0.150573004496195E+003 -0.150573004496195E+003
  0.675553124086578E+000  0.102801832776023E+001  0.462686412678085E+000  0.498459390302573E+000 -0.131028262406404E+000 -0.150572531051497E+003 -0.150572531051497E+003
  0.653477007121302E+000  0.105060242910851E+001  0.436456087723433E+000  0.499036935774950E+000 -0.131028262406404E+000 -0.150572850048356E+003 -0.150572850048356E+003
  0.655179825434103E+000  0.997253742527443E+000  0.437940069990291E+000  0.499604882034031E+000 -0.131028262406404E+000 -0.150572684613455E+003 -0.150572684613455E+003
  0.685184373122026E+000  0.101176471389631E+001  0.217783242410081E+000  0.496693027314623E+000 -0.131028262406404E+000 -0.150572909289522E+003 -0.150572909289522E+003
  0.646882791475663E+000  0.101024945502055E+001  0.617925361121865E+000  0.499961866527651E+000 -0.131028262406404E+000 -0.150572985402636E+003 -0.150572985402636E+003
  0.663029796660466E+000  0.101358542942004E+001  0.290394212341737E+000  0.499885907829369E+000 -0.131028262406404E+000 -0.150572139928696E+003 -0.150572139928696E+003
  0.667892286315851E+000  0.990482335076843E+000  0.418070943209270E-002  0.495839317465437E+000 -0.131028262406404E+000 -0.150572837635502E+003 -0.150572837635502E+003
  0.669966365685066E+000  0.100682889496187E+001  0.274032770023029E+000  0.495430248926025E+000 -0.131028262406404E+000 -0.150572710567595E+003 -0.150572710567595E+003
  0.658922262693105E+000  0.101775402394857E+001  0.264726227887349E+000  0.496963502020771E+000 -0.131028262406404E+000 -0.150572737134367E+003 -0.150572737134367E+003
  0.681039121366199E+000  0.988249017889161E+000  0.234817608309485E+000  0.493808879108110E+000 -0.131028262406404E+000 -0.150573014814859E+003 -0.150573014814859E+003
  0.683193819835804E+000  0.967756651388500E+000  0.315122483449850E+000  0.499475836722350E+000 -0.131028262406404E+000 -0.150572846144131E+003 -0.150572846144131E+003
  0.677964968431016E+000  0.989740852675834E+000  0.173274478445917E+000  0.497425211157988E+000 -0.131028262406404E+000 -0.150572569974419E+003 -0.150572569974419E+003
  0.662347975792504E+000  0.104520833959332E+001  0.748687292217839E+000  0.498541090519397E+000 -0.131028262406404E+000 -0.150572650989997E+003 -0.150572650989997E+003
  0.656714817247968E+000  0.100432551165546E+001  0.148620269695000E+000  0.498983846099822E+000 -0.131028262406404E+000 -0.150572587435792E+003 -0.150572587435792E+003
  0.689761046968176E+000  0.985782567538628E+000  0.882772861523475E+000  0.499149400153239E+000 -0.131028262406404E+000 -0.150572905207313E+003 -0.150572905207313E+003
  0.685869286806509E+000  0.101258470893499E+001  0.155074515691382E+000  0.497133986677055E+000 -0.131028262406404E+000 -0.150572919878719E+003 -0.150572919878719E+003
  0.676595899403387E+000  0.100864240351615E+001  0.483521489018952E-001  0.493998003531627E+000 -0.131028262406404E+000 -0.150572903077869E+003 -0.150572903077869E+003
  0.686754803085841E+000  0.101426843386397E+001  0.676701350030479E+000  0.499090428798512E+000 -0.131028262406404E+000 -0.150572845111220E+003 -0.150572845111220E+003
  0.680685479209925E+000  0.102206574311452E+001  0.111938695490727E+000  0.497748857554515E+000 -0.131028262406404E+000 -0.150572722021956E+003 -0.150572722021956E+003
  0.651893100034540E+000  0.101332716386217E+001  0.491275066629951E+000  0.498369997669233E+000 -0.131028262406404E+000 -0.150572884162695E+003 -0.150572884162695E+003
  0.662279207433402E+000  0.104664302035870E+001  0.629214459698741E+000  0.499339816026658E+000 -0.131028262406404E+000 -0.150572551966382E+003 -0.150572551966382E+003
  0.661896067974874E+000  0.100985676941618E+001  0.251341110459251E+000  0.499103314385292E+000 -0.131028262406404E+000 -0.150572303985007E+003 -0.150572303985007E+003
  0.678962613266181E+000  0.101835417015856E+001  0.485460868130308E+000  0.494758630257975E+000 -0.131028262406404E+000 -0.150572933931588E+003 -0.150572933931588E+003
  0.677878855112376E+000  0.103725380745159E+001  0.958028073985865E+000  0.496736594663520E+000 -0.131028262406404E+000 -0.150573020438736E+003 -0.150573020438736E+003
  0.679192847380247E+000  0.991590499472977E+000  0.689079390153185E+000  0.494571718279842E+000 -0.131028262406404E+000 -0.150572883938642E+003 -0.150572883938642E+003
  0.668911057877307E+000  0.987807278108487E+000  0.925206099169582E-001  0.495912610626914E+000 -0.131028262406404E+000 -0.150572842008816E+003 -0.150572842008816E+003
  0.672820507496563E+000  0.971027088507167E+000  0.479483216947504E+000  0.499824835846864E+000 -0.131028262406404E+000 -0.150572653985442E+003 -0.150572653985442E+003
  0.678782423699750E+000  0.990237608942249E+000  0.468557178237949E+000  0.497509655109220E+000 -0.131028262406404E+000 -0.150572569448943E+003 -0.150572569448943E+003
  0.669230987787488E+000  0.103954046740206E+001  0.947390525731041E+000  0.499771413053768E+000 -0.131028262406404E+000 -0.150572404963924E+003 -0.150572404963924E+003
  0.670805660659602E+000  0.997932819504388E+000  0.791175370791742E+000  0.495645561419302E+000 -0.131028262406404E+000 -0.150572714748089E+003 -0.150572714748089E+003
  0.682670063522339E+000  0.100187449068053E+001  0.564521687556611E+000  0.498839361770131E+000 -0.131028262406404E+000 -0.150572526721714E+003 -0.150572526721714E+003
  0.674748371803735E+000  0.103077371480511E+001  0.227548355047273E-001  0.498649654243124E+000 -0.131028262406404E+000 -0.150572529564059E+003 -0.150572529564059E+003
  0.675552831243013E+000  0.100557998175760E+001  0.818810630409406E-001  0.496805855840449E+000 -0.131028262406404E+000 -0.150572533918268E+003 -0.150572533918268E+003
  0.657276251489264E+000  0.105038362137873E+001  0.252172780842326E+000  0.497671267149433E+000 -0.131028262406404E+000 -0.150572989308367E+003 -0.150572989308367E+003
  0.674922684383579E+000  0.991634255617653E+000  0.434770313861964E+000  0.495366195650863E+000 -0.131028262406404E+000 -0.150572773598975E+003 -0.150572773598975E+003
  0.672598875779709E+000  0.989511149427702E+000  0.993383024425509E+000  0.494597746396323E+000 -0.131028262406404E+000 -0.150572920512685E+003 -0.150572920512685E+003
  0.677359824403766E+000  0.986602210353504E+000  0.346223165175113E+000  0.496040356944992E+000 -0.131028262406404E+000 -0.150572750307492E+003 -0.150572750307492E+003
  0.665170028520925E+000  0.972515517307527E+000  0.458981577609488E+000  0.498764765285509E+000 -0.131028262406404E+000 -0.150572940025637E+003 -0.150572940025637E+003
  0.676600496032487E+000  0.101269244294652E+001  0.972111676792357E+000  0.499537038848609E+000 -0.131028262406404E+000 -0.150572269602906E+003 -0.150572269602906E+003
  0.659414674027098E+000  0.978757713007761E+000  0.182494110190902E+000  0.499392140482520E+000 -0.131028262406404E+000 -0.150572938990797E+003 -0.150572938990797E+003
  0.659944453260109E+000  0.105687227253578E+001  0.602556225541094E+000  0.498486241644911E+000 -0.131028262406404E+000 -0.150572962032669E+003 -0.150572962032669E+003
  0.668181573491704E+000  0.104675934771973E+001  0.645994988888564E+000  0.499691624439544E+000 -0.131028262406404E+000 -0.150572562183308E+003 -0.150572562183308E+003
  0.654986175249984E+000  0.104329712131784E+001  0.770266272001119E+000  0.498603111117037E+000 -0.131028262406404E+000 -0.150572755480994E+003 -0.150572755480994E+003
  0.680366204644966E+000  0.101040474218945E+001  0.216695865372414E+000  0.498907372811638E+000 -0.131028262406404E+000 -0.150572458616463E+003 -0.150572458616463E+003
  0.660622133215773E+000  0.997793412184597E+000  0.623338998606367E+000  0.499429082838259E+000 -0.131028262406404E+000 -0.150572428674642E+003 -0.150572428674642E+003
  0.656281871641063E+000  0.103356371931819E+001  0.614904171224031E+000  0.496953169111074E+000 -0.131028262406404E+000 -0.150572903650012E+003 -0.150572903650012E+003
  0.655671484523595E+000  0.105261192668294E+001  0.288532951397671E+000  0.498284308448192E+000 -0.131028262406404E+000 -0.150572965941664E+003 -0.150572965941664E+003
  0.680373983630015E+000  0.975761952002653E+000  0.904544701535204E+000  0.497561923753407E+000 -0.131028262406404E+000 -0.150572785922451E+003 -0.150572785922451E+003
  0.669199169798500E+000  0.104651161657451E+001  0.211653293166069E+000  0.499142744233821E+000 -0.131028262406404E+000 -0.150572656111128E+003 -0.150572656111128E+003
  0.668454818692203E+000  0.101058884958498E+001  0.969209462171424E+000  0.494008124505155E+000 -0.131028262406404E+000 -0.150572944674972E+003 -0.150572944674972E+003
  0.676548674789502E+000  0.985100606461509E+000  0.958767381185339E+000  0.496609283479688E+000 -0.131028262406404E+000 -0.150572702442058E+003 -0.150572702442058E+003
  0.661411292998385E+000  0.100085861414782E+001  0.470773198510869E+000  0.496635879052075E+000 -0.131028262406404E+000 -0.150572805027606E+003 -0.150572805027606E+003
  0.668235332424307E+000  0.100896563062758E+001  0.810990913686145E+000  0.496277214599125E+000 -0.131028262406404E+000 -0.150572604541942E+003 -0.150572604541942E+003
  0.668841071395252E+000  0.973211514315538E+000  0.976667656721661E+000  0.499686375038874E+000 -0.131028262406404E+000 -0.150572677525252E+003 -0.150572677525252E+003
  0.657498329256656E+000  0.990395477657560E+000  0.632449741060771E+000  0.498302982559048E+000 -0.131028262406404E+000 -0.150572915380696E+003 -0.150572915380696E+003
  0.673512209650992E+000  0.102163885387324E+001  0.472317058770888E+000  0.499788564492035E+000 -0.131028262406404E+000 -0.150572224530561E+003 -0.150572224530561E+003
  0.668774233855127E+000  0.965929174911343E+000  0.969866158968840E-001  0.499971269947854E+000 -0.131028262406404E+000 -0.150572874770368E+003 -0.150572874770368E+003
  0.663715048679030E+000  0.103811968922013E+001  0.373251249804437E+000  0.495582460922553E+000 -0.131028262406404E+000 -0.150572998046661E+003 -0.150572998046661E+003
  0.669575666817139E+000  0.105554523352428E+001  0.475401374173928E+000  0.499265661243553E+000 -0.131028262406404E+000 -0.150572920475489E+003 -0.150572920475489E+003
  0.661273338869675E+000  0.100334417933520E+001  0.167643279896420E+000  0.495262862651833E+000 -0.131028262406404E+000 -0.150573016808636E+003 -0.150573016808636E+003
  0.658398548418114E+000  0.988130441892035E+000  0.632474414760459E+000  0.498479677940825E+000 -0.131028262406404E+000 -0.150572885978960E+003 -0.150572885978960E+003
  0.677246479962114E+000  0.100808472462524E+001  0.836311270098899E+000  0.494444771262913E+000 -0.131028262406404E+000 -0.150572851868426E+003 -0.150572851868426E+003
  0.672746707386879E+000  0.101214201022262E+001  0.199876960192449E+000  0.493519227865156E+000 -0.131028262406404E+000 -0.150572970779892E+003 -0.150572970779892E+003
  0.688574253269734E+000  0.997520895935412E+000  0.916551892797024E+000  0.498245954144522E+000 -0.131028262406404E+000 -0.150572879063516E+003 -0.150572879063516E+003
  0.665642930420789E+000  0.995105169024535E+000  0.257062615120245E+000  0.496115113717131E+000 -0.131028262406404E+000 -0.150572798998895E+003 -0.150572798998895E+003
  0.668582946978417E+000  0.103191530563592E+001  0.161190089660975E+000  0.494607562701475E+000 -0.131028262406404E+000 -0.150573014220494E+003 -0.150573014220494E+003
  0.674625179918059E+000  0.102437506823376E+001  0.151269807342008E-001  0.498840246457250E+000 -0.131028262406404E+000 -0.150572401051662E+003 -0.150572401051662E+003
  0.659707936744055E+000  0.105244925611116E+001  0.170278810035032E+000  0.497492164724656E+000 -0.131028262406404E+000 -0.150573021941082E+003 -0.150573021941082E+003
  0.684039187323813E+000  0.990957631386842E+000  0.269954206070155E+000  0.498213281424087E+000 -0.131028262406404E+000 -0.150572652349494E+003 -0.150572652349494E+003
  0.687487941367540E+000  0.101928866436254E+001  0.254538164023490E+000  0.499844746529636E+000 -0.131028262406404E+000 -0.150572928642089E+003 -0.150572928642089E+003
  0.665952750942787E+000  0.997781853976915E+000  0.812978220996368E+000  0.496914470339348E+000 -0.131028262406404E+000 -0.150572633743547E+003 -0.150572633743547E+003
  0.660648169244284E+000  0.103505667698518E+001  0.662112024179022E+000  0.499603479101697E+000 -0.131028262406404E+000 -0.150572326276157E+003 -0.150572326276157E+003
  0.688237840470011E+000  0.101044889950808E+001  0.429326278734319E-001  0.497472298642303E+000 -0.131028262406404E+000 -0.150573015944817E+003 -0.150573015944817E+003
  0.670116240064096E+000  0.100543179050452E+001  0.486109665992562E+000  0.496638219264794E+000 -0.131028262406404E+000 -0.150572541050656E+003 -0.150572541050656E+003
  0.681018855461830E+000  0.103027244411739E+001  0.932954438940023E+000  0.498278967439502E+000 -0.131028262406404E+000 -0.150572843701972E+003 -0.150572843701972E+003
  0.669143704704714E+000  0.103458184640793E+001  0.145896586940505E+000  0.497239103066318E+000 -0.131028262406404E+000 -0.150572662813006E+003 -0.150572662813006E+003
  0.664725096328015E+000  0.104959799316789E+001  0.335520504542468E+000  0.498055186673680E+000 -0.131028262406404E+000 -0.150572831952144E+003 -0.150572831952144E+003
  0.680175761896902E+000  0.980788978097387E+000  0.724978543188515E+000  0.497612211428900E+000 -0.131028262406404E+000 -0.150572694782362E+003 -0.150572694782362E+003
  0.667058970086423E+000  0.998090782079043E+000  0.312151458333474E+000  0.497902517181084E+000 -0.131028262406404E+000 -0.150572458672363E+003 -0.150572458672363E+003
  0.667428802970008E+000  0.103827510525992E+001  0.733084307300993E+000  0.496467272603547E+000 -0.131028262406404E+000 -0.150572835683251E+003 -0.150572835683251E+003
  0.680414218907037E+000  0.100218334589643E+001  0.359431198577552E+000  0.499220687730979E+000 -0.131028262406404E+000 -0.150572398994023E+003 -0.150572398994023E+003
  0.653387841258235E+000  0.105263761590295E+001  0.604635792732036E+000  0.499713446379019E+000 -0.131028262406404E+000 -0.150572764304798E+003 -0.150572764304798E+003
  0.661504409153654E+000  0.102400587028687E+001  0.679085969309558E+000  0.497718126408387E+000 -0.131028262406404E+000 -0.150572529849015E+003 -0.150572529849015E+003
  0.654786212353104E+000  0.103434519300056E+001  0.151640697250040E+000  0.497128649690793E+000 -0.131028262406404E+000 -0.150572942712295E+003 -0.150572942712295E+003
  0.665471146631719E+000  0.102477435144583E+001  0.733477812782380E+000  0.494590251446583E+000 -0.131028262406404E+000 -0.150572967467469E+003 -0.150572967467469E+003
  0.663174035074533E+000  0.101337464804569E+001  0.609201437259296E+000  0.499280544378516E+000 -0.131028262406404E+000 -0.150572229969890E+003 -0.150572229969890E+003
  0.655507112816567E+000  0.105051353244435E+001  0.168683148327727E+000  0.498897385740294E+000 -0.131028262406404E+000 -0.150572811045147E+003 -0.150572811045147E+003
  0.680888575838442E+000  0.998790825451565E+000  0.706881319238635E+000  0.494831823357987E+000 -0.131028262406404E+000 -0.150572856247069E+003 -0.150572856247069E+003
  0.678112061462556E+000  0.974463631166827E+000  0.266770848582927E+000  0.499653822967489E+000 -0.131028262406404E+000 -0.150572589118298E+003 -0.150572589118298E+003
  0.674679606618532E+000  0.103837718606281E+001  0.546116244761451E+000  0.499856396906668E+000 -0.131028262406404E+000 -0.150572545194941E+003 -0.150572545194941E+003
  0.678381143125394E+000  0.100820095116515E+001  0.785098018415394E+000  0.498909128404229E+000 -0.131028262406404E+000 -0.150572371178912E+003 -0.150572371178912E+003
  0.670793115875567E+000  0.101389622479101E+001  0.357679892875803E+000  0.494735182447092E+000 -0.131028262406404E+000 -0.150572810475579E+003 -0.150572810475579E+003
  0.667441119866887E+000  0.100593353614861E+001  0.101054511941506E+000  0.497465774305788E+000 -0.131028262406404E+000 -0.150572452273855E+003 -0.150572452273855E+003
  0.648896636841209E+000  0.105346036120166E+001  0.189020764903083E+000  0.499598868402513E+000 -0.131028262406404E+000 -0.150572985849555E+003 -0.150572985849555E+003
  0.673241440774970E+000  0.981023313115531E+000  0.499093182272330E+000  0.498349813777869E+000 -0.131028262406404E+000 -0.150572578606096E+003 -0.150572578606096E+003
  0.660708141370414E+000  0.100010779062389E+001  0.929680057058643E+000  0.497526096301660E+000 -0.131028262406404E+000 -0.150572698100616E+003 -0.150572698100616E+003
  0.682822662157903E+000  0.965344009311537E+000  0.667620332607583E+000  0.499963749678065E+000 -0.131028262406404E+000 -0.150572859318987E+003 -0.150572859318987E+003
  0.679205159228500E+000  0.100239337608352E+001  0.745828493092944E+000  0.494122610784404E+000 -0.131028262406404E+000 -0.150572905737870E+003 -0.150572905737870E+003
  0.663488561173934E+000  0.983519109094694E+000  0.821570488665078E+000  0.496685995238364E+000 -0.131028262406404E+000 -0.150573015856001E+003 -0.150573015856001E+003
  0.677239402065671E+000  0.100241129566425E+001  0.792215414553397E+000  0.494857278511427E+000 -0.131028262406404E+000 -0.150572790670154E+003 -0.150572790670154E+003
  0.666702440336445E+000  0.992741361402394E+000  0.570664086119181E-001  0.496335753251112E+000 -0.131028262406404E+000 -0.150572765411966E+003 -0.150572765411966E+003
  0.685326280222091E+000  0.993682360361148E+000  0.709592691369085E+000  0.495937574071655E+000 -0.131028262406404E+000 -0.150572889329398E+003 -0.150572889329398E+003
  0.676891172016852E+000  0.984451587125949E+000  0.436828682018080E+000  0.499947575998064E+000 -0.131028262406404E+000 -0.150572362778421E+003 -0.150572362778421E+003
  0.647585661065602E+000  0.101561410878155E+001  0.922745399700125E+000  0.499978877179489E+000 -0.131028262406404E+000 -0.150572853844622E+003 -0.150572853844622E+003
  0.645342236427854E+000  0.102891110213043E+001  0.326790906353793E+000  0.499861748571912E+000 -0.131028262406404E+000 -0.150572962130000E+003 -0.150572962130000E+003
  0.680699403369880E+000  0.102175276879915E+001  0.317633552220806E+000  0.499207324735885E+000 -0.131028262406404E+000 -0.150572573805008E+003 -0.150572573805008E+003
  0.666735001835627E+000  0.100719034259303E+001  0.163709504269606E+000  0.499131847399031E+000 -0.131028262406404E+000 -0.150572217374451E+003 -0.150572217374451E+003
  0.679454405963368E+000  0.101369613366249E+001  0.217402754912401E+000  0.496938722663590E+000 -0.131028262406404E+000 -0.150572651036814E+003 -0.150572651036814E+003
  0.654723277726145E+000  0.100873106757008E+001  0.291241069954306E-002  0.499682625836733E+000 -0.131028262406404E+000 -0.150572516143583E+003 -0.150572516143583E+003
  0.677232350143740E+000  0.104733988800881E+001  0.543850673220353E+000  0.499255717945826E+000 -0.131028262406404E+000 -0.150572993627992E+003 -0.150572993627992E+003
  0.655870122643012E+000  0.101868212745365E+001  0.661609667590234E+000  0.498543368892696E+000 -0.131028262406404E+000 -0.150572588239733E+003 -0.150572588239733E+003
  0.675954252212026E+000  0.101287933554244E+001  0.886912501340347E+000  0.494747690443939E+000 -0.131028262406404E+000 -0.150572821217556E+003 -0.150572821217556E+003
  0.666917018821621E+000  0.101060221487374E+001  0.452703660289270E-001  0.495471212311402E+000 -0.131028262406404E+000 -0.150572747151678E+003 -0.150572747151678E+003
  0.672203374788561E+000  0.101254243263885E+001  0.271817586262626E+000  0.495215035766983E+000 -0.131028262406404E+000 -0.150572732513302E+003 -0.150572732513302E+003
  0.685038151396315E+000  0.101296276153847E+001  0.626031837950598E+000  0.496936283795983E+000 -0.131028262406404E+000 -0.150572894200041E+003 -0.150572894200041E+003
  0.677951405853201E+000  0.102030248409559E+001  0.699551832123761E+000  0.499920894502016E+000 -0.131028262406404E+000 -0.150572350504599E+003 -0.150572350504599E+003
