  0.100563575385433E+000  0.123410324727551E+001  0.222008395472379E+000  0.101246890869876E+000 -0.131028262406404E+000 -0.135462331157291E+003 -0.135462331157291E+003 -0.135463655336572E+003
  0.103821056965711E+000  0.525611788481980E+000  0.443198785436038E+000  0.100754369166299E+000 -0.131028262406404E+000 -0.135462328002739E+003 -0.135462328002739E+003 -0.135462602029195E+003
  0.101013845381046E+000  0.743772010412760E+000  0.759383233132663E+000  0.102463534391976E+000 -0.131028262406404E+000 -0.135462336551835E+003 -0.135462336551835E+003 -0.135462487318132E+003
  0.101381991318213E+000  0.133664473789902E+001  0.264769316369545E+000  0.100442918725110E+000 -0.131028262406404E+000 -0.135462367622499E+003 -0.135462367622499E+003 -0.135462540260949E+003
  0.100340712816098E+000  0.175196293830746E+001  0.692350001274017E+000  0.100954015445441E+000 -0.131028262406404E+000 -0.135462290763213E+003 -0.135462290763213E+003 -0.135462433465372E+003
  0.100680620598446E+000  0.733802016290879E+000  0.106652845226642E+000  0.100517162689093E+000 -0.131028262406404E+000 -0.135461844643635E+003 -0.135461844643635E+003 -0.135462526640912E+003
  0.102367362194030E+000  0.863691681848272E+000  0.141092700579158E+000  0.100731924130216E+000 -0.131028262406404E+000 -0.135462367455021E+003 -0.135462367455021E+003 -0.135462665853623E+003
  0.103638904580613E+000  0.530567543542376E+000  0.649156657421545E+000  0.101285238559605E+000 -0.131028262406404E+000 -0.135462407391613E+003 -0.135462407391613E+003 -0.135463463955990E+003
  0.102678409812428E+000  0.519297459164163E+000  0.926368125250317E+000  0.100266375112348E+000 -0.131028262406404E+000 -0.135461978853775E+003 -0.135461978853775E+003 -0.135462611874590E+003
  0.102581661990253E+000  0.723076858137133E+000  0.781632359978130E-001  0.100254337930926E+000 -0.131028262406404E+000 -0.135462180014094E+003 -0.135462180014094E+003 -0.135463138653281E+003
  0.100146002136314E+000  0.979958247460278E+000  0.298621161591130E+000  0.101665545190744E+000 -0.131028262406404E+000 -0.135462184332762E+003 -0.135462184332762E+003 -0.135463062414756E+003
  0.100197266549462E+000  0.149821219788914E+001  0.936435061703673E+000  0.100596177122311E+000 -0.131028262406404E+000 -0.135462182275862E+003 -0.135462182275862E+003 -0.135462614078631E+003
  0.101304023852606E+000  0.170430293363454E+001  0.402882368901816E+000  0.100120719457242E+000 -0.131028262406404E+000 -0.135462318261125E+003 -0.135462318261125E+003 -0.135462427597999E+003
  0.100445266961546E+000  0.142413023226800E+001  0.728503843620587E+000  0.101325571551881E+000 -0.131028262406404E+000 -0.135462385427160E+003 -0.135462385427160E+003 -0.135462438427912E+003
  0.100952770256678E+000  0.623935175839654E+000  0.111089928520898E+000  0.102500405739087E+000 -0.131028262406404E+000 -0.135462200777635E+003 -0.135462200777635E+003 -0.135463332586375E+003
  0.100269407556634E+000  0.187595894705670E+001  0.708012745195002E+000  0.101347032902405E+000 -0.131028262406404E+000 -0.135462334941083E+003 -0.135462334941083E+003 -0.135462563010898E+003
  0.100569746019848E+000  0.178850252114197E+001  0.681639283871315E+000  0.100691067820385E+000 -0.131028262406404E+000 -0.135462275463641E+003 -0.135462275463641E+003 -0.135462896599818E+003
  0.101714567456139E+000  0.169653977019849E+001  0.482327485138797E+000  0.100060100520994E+000 -0.131028262406404E+000 -0.135462393646973E+003 -0.135462393646973E+003 -0.135462970437876E+003
  0.104357914586425E+000  0.540783380535353E+000  0.474402274047673E+000  0.100105319214911E+000 -0.131028262406404E+000 -0.135462321866192E+003 -0.135462321866192E+003 -0.135462487351701E+003
  0.101289823759300E+000  0.537078406923624E+000  0.511191518610896E+000  0.103275539528743E+000 -0.131028262406404E+000 -0.135462327528279E+003 -0.135462327528279E+003 -0.135462432756160E+003
  0.100921113771949E+000  0.180949992449496E+001  0.570478274631454E+000  0.100826816576895E+000 -0.131028262406404E+000 -0.135462377541553E+003 -0.135462377541553E+003 -0.135462545682968E+003
  0.100048024227422E+000  0.643545781205192E+000  0.177309458069929E+000  0.103426920313096E+000 -0.131028262406404E+000 -0.135462219854503E+003 -0.135462219854503E+003 -0.135463025748421E+003
  0.102700863573628E+000  0.532967503711237E+000  0.156347831112872E+000  0.102229062749809E+000 -0.131028262406404E+000 -0.135462408580900E+003 -0.135462408580900E+003 -0.135462804296525E+003
  0.101239668115468E+000  0.140550956597821E+001  0.774879704261399E+000  0.100030137055889E+000 -0.131028262406404E+000 -0.135462263375725E+003 -0.135462263375725E+003 -0.135462430415971E+003
  0.101851630620842E+000  0.643638193327039E+000  0.541338150598491E+000  0.102007673173498E+000 -0.131028262406404E+000 -0.135462313058524E+003 -0.135462313058524E+003 -0.135462428374973E+003
  0.101436314848738E+000  0.596232801484230E+000  0.105735046497375E+000  0.102831904110621E+000 -0.131028262406404E+000 -0.135462340983799E+003 -0.135462340983799E+003 -0.135462490482571E+003
  0.100097821275788E+000  0.541796864005136E+000  0.843174086888619E+000  0.102885505646089E+000 -0.131028262406404E+000 -0.135461997721052E+003 -0.135461997721052E+003 -0.135462556530358E+003
  0.100286943989810E+000  0.178971950880405E+001  0.139511651100860E+000  0.100722044972387E+000 -0.131028262406404E+000 -0.135462220966199E+003 -0.135462220966199E+003 -0.135462891742199E+003
  0.101014684574359E+000  0.106474517574816E+001  0.531422878633449E+000  0.100454756333167E+000 -0.131028262406404E+000 -0.135462164709465E+003 -0.135462164709465E+003 -0.135462437466572E+003
  0.102013616104590E+000  0.629242855644418E+000  0.721824334135831E+000  0.100616122926488E+000 -0.131028262406404E+000 -0.135462038984877E+003 -0.135462038984877E+003 -0.135462926681607E+003
  0.103686395414265E+000  0.602550093879420E+000  0.795924111031636E+000  0.100000263797516E+000 -0.131028262406404E+000 -0.135462230668212E+003 -0.135462230668212E+003 -0.135462696868362E+003
  0.100467967328711E+000  0.123061639699698E+001  0.625447372889330E+000  0.100308720028071E+000 -0.131028262406404E+000 -0.135462101729155E+003 -0.135462101729155E+003 -0.135463091240804E+003
  0.104082796883191E+000  0.504496941409334E+000  0.492292855922801E-001  0.100567172406692E+000 -0.131028262406404E+000 -0.135462317364281E+003 -0.135462317364281E+003 -0.135462422294728E+003
  0.102012876308523E+000  0.807754520011309E+000  0.214685933954395E-001  0.100550969248256E+000 -0.131028262406404E+000 -0.135462203559364E+003 -0.135462203559364E+003 -0.135462615100089E+003
  0.100167899510938E+000  0.920095439862646E+000  0.441990389547923E+000  0.101045941652992E+000 -0.131028262406404E+000 -0.135462010688991E+003 -0.135462010688991E+003 -0.135463562727962E+003
  0.101367043665811E+000  0.127692116654342E+001  0.615788488154624E+000  0.100573389811800E+000 -0.131028262406404E+000 -0.135462372746365E+003 -0.135462372746365E+003 -0.135462448276011E+003
  0.100298393606643E+000  0.653834926794524E+000  0.526145876200125E+000  0.102674526742966E+000 -0.131028262406404E+000 -0.135462130112571E+003 -0.135462130112571E+003 -0.135462641462067E+003
  0.101690980914573E+000  0.946589491667521E+000  0.316089336956502E+000  0.101012469515430E+000 -0.131028262406404E+000 -0.135462350677562E+003 -0.135462350677562E+003 -0.135462451168835E+003
  0.101065856701814E+000  0.190622923336582E+001  0.735377247301697E+000  0.100514883433312E+000 -0.131028262406404E+000 -0.135462312891168E+003 -0.135462312891168E+003 -0.135462423205504E+003
  0.100861260397240E+000  0.100233008296403E+001  0.442991102902852E+000  0.101715686796198E+000 -0.131028262406404E+000 -0.135462366144237E+003 -0.135462366144237E+003 -0.135462687310833E+003
  0.103124347506039E+000  0.783377050708475E+000  0.362561118216224E+000  0.100312262821292E+000 -0.131028262406404E+000 -0.135462365443823E+003 -0.135462365443823E+003 -0.135462468521100E+003
  0.101944514149080E+000  0.561018407656138E+000  0.669456748801546E+000  0.100082057786693E+000 -0.131028262406404E+000 -0.135461836443567E+003 -0.135461836443567E+003 -0.135462676565117E+003
  0.104041347571992E+000  0.597082779383887E+000  0.223222324611069E+000  0.100410166433408E+000 -0.131028262406404E+000 -0.135462386400563E+003 -0.135462386400563E+003 -0.135462652236626E+003
  0.100034674335107E+000  0.157322280826243E+001  0.764083075304068E+000  0.101200038640184E+000 -0.131028262406404E+000 -0.135462288230108E+003 -0.135462288230108E+003 -0.135462590640105E+003
  0.100130721134003E+000  0.691372556197844E+000  0.279137150921840E+000  0.102874413240020E+000 -0.131028262406404E+000 -0.135462176744726E+003 -0.135462176744726E+003 -0.135462944143558E+003
  0.101319240533458E+000  0.897268720827026E+000  0.856260111116847E+000  0.101541850549321E+000 -0.131028262406404E+000 -0.135462346712234E+003 -0.135462346712234E+003 -0.135462505561134E+003
  0.100382738810216E+000  0.923871828025127E+000  0.593604528530190E+000  0.102053305373860E+000 -0.131028262406404E+000 -0.135462276318953E+003 -0.135462276318953E+003 -0.135462433112408E+003
  0.101027255479551E+000  0.995070843546990E+000  0.719164602309074E+000  0.100959359069291E+000 -0.131028262406404E+000 -0.135462231923601E+003 -0.135462231923601E+003 -0.135462479855870E+003
  0.102262106480030E+000  0.714998364186777E+000  0.714350857133793E+000  0.100021350030057E+000 -0.131028262406404E+000 -0.135462054816479E+003 -0.135462054816479E+003 -0.135462547025757E+003
  0.101297261699789E+000  0.129481080259863E+001  0.508760774082309E+000  0.100023076245669E+000 -0.131028262406404E+000 -0.135462241410060E+003 -0.135462241410060E+003 -0.135463395324075E+003
  0.102532555462194E+000  0.615595217394967E+000  0.936371139518643E+000  0.101260223955091E+000 -0.131028262406404E+000 -0.135462269062058E+003 -0.135462269062058E+003 -0.135462570716949E+003
  0.100254226419496E+000  0.119344855193111E+001  0.272388381157121E+000  0.100382116676722E+000 -0.131028262406404E+000 -0.135462055369061E+003 -0.135462055369061E+003 -0.135465180349385E+003
  0.102007618237827E+000  0.100904976480801E+001  0.565467038346317E+000  0.100519614207505E+000 -0.131028262406404E+000 -0.135462355520618E+003 -0.135462355520618E+003 -0.135462926309467E+003
  0.101551784161376E+000  0.777259467786361E+000  0.285895624264117E+000  0.100125152659148E+000 -0.131028262406404E+000 -0.135461986669915E+003 -0.135461986669915E+003 -0.135462437656159E+003
  0.100107922946967E+000  0.172855979378884E+001  0.602862152687315E+000  0.101509561201721E+000 -0.131028262406404E+000 -0.135462367090542E+003 -0.135462367090542E+003 -0.135462517396082E+003
  0.100176254510511E+000  0.640534309230222E+000  0.602670516732947E+000  0.102200254728180E+000 -0.131028262406404E+000 -0.135461990942550E+003 -0.135461990942550E+003 -0.135466950232660E+003
  0.100559733670689E+000  0.501484686439551E+000  0.788414328694048E+000  0.100408757260725E+000 -0.131028262406404E+000 -0.135461544586378E+003 -0.135461544586378E+003 -0.135463299721176E+003
  0.101361442281869E+000  0.142409055874710E+001  0.642945394025553E+000  0.100227522157846E+000 -0.131028262406404E+000 -0.135462338050777E+003 -0.135462338050777E+003 -0.135462684620315E+003
  0.102505932325009E+000  0.643504576997237E+000  0.277841130002835E+000  0.100137838153602E+000 -0.131028262406404E+000 -0.135462057181522E+003 -0.135462057181522E+003 -0.135462539149151E+003
  0.103745190713170E+000  0.653328121664602E+000  0.301737025665393E+000  0.100339581153040E+000 -0.131028262406404E+000 -0.135462371558822E+003 -0.135462371558822E+003 -0.135463077234274E+003
  0.103736223892278E+000  0.531021149377767E+000  0.322115637729074E+000  0.101205326412548E+000 -0.131028262406404E+000 -0.135462411721709E+003 -0.135462411721709E+003 -0.135463084965575E+003
  0.100597711667549E+000  0.149943940282185E+001  0.321353232456271E+000  0.101030641197775E+000 -0.131028262406404E+000 -0.135462366083716E+003 -0.135462366083716E+003 -0.135462730067480E+003
  0.100280681688143E+000  0.164804959050378E+001  0.401176409011938E+000  0.101451107189308E+000 -0.131028262406404E+000 -0.135462398346317E+003 -0.135462398346317E+003 -0.135462447702290E+003
  0.101880238079904E+000  0.715179383596905E+000  0.814522236604782E+000  0.100920175406387E+000 -0.131028262406404E+000 -0.135462165676416E+003 -0.135462165676416E+003 -0.135462526454490E+003
  0.101200192495604E+000  0.530250762149308E+000  0.418382832273156E+000  0.102871528284158E+000 -0.131028262406404E+000 -0.135462216714101E+003 -0.135462216714101E+003 -0.135462785092671E+003
  0.100890518397890E+000  0.689180744337102E+000  0.654062743594334E+000  0.100886944771569E+000 -0.131028262406404E+000 -0.135461922133540E+003 -0.135461922133540E+003 -0.135463483903011E+003
  0.101303117928070E+000  0.653454963319178E+000  0.632296440328236E+000  0.101105518112286E+000 -0.131028262406404E+000 -0.135462017707884E+003 -0.135462017707884E+003 -0.135463266381435E+003
  0.100873871033967E+000  0.620921037343586E+000  0.759470790055334E+000  0.102318899163375E+000 -0.131028262406404E+000 -0.135462142717748E+003 -0.135462142717748E+003 -0.135462592102881E+003
  0.100511000660120E+000  0.610425612614877E+000  0.343925105268064E+000  0.100355092411369E+000 -0.131028262406404E+000 -0.135461648234260E+003 -0.135461648234260E+003 -0.135462454456386E+003
  0.100109286076832E+000  0.165959175335302E+001  0.606620476278623E+000  0.100081679073828E+000 -0.131028262406404E+000 -0.135462055838316E+003 -0.135462055838316E+003 -0.135463040694906E+003
  0.100707189657862E+000  0.126027738594724E+001  0.631203913952366E+000  0.100625080398473E+000 -0.131028262406404E+000 -0.135462235432048E+003 -0.135462235432048E+003 -0.135462972464288E+003
  0.100943591046630E+000  0.105533001756428E+001  0.241557699371004E+000  0.101325906770572E+000 -0.131028262406404E+000 -0.135462334516775E+003 -0.135462334516775E+003 -0.135462690265955E+003
  0.100838051191360E+000  0.847843760579165E+000  0.980286971426971E+000  0.101237433465754E+000 -0.131028262406404E+000 -0.135462135834634E+003 -0.135462135834634E+003 -0.135463015916339E+003
  0.100897475873636E+000  0.782867787510198E+000  0.966299933044797E+000  0.100674691034702E+000 -0.131028262406404E+000 -0.135461970298542E+003 -0.135461970298542E+003 -0.135462529409351E+003
  0.102382040769173E+000  0.771866225275157E+000  0.232633796296041E+000  0.100254064150283E+000 -0.131028262406404E+000 -0.135462184823982E+003 -0.135462184823982E+003 -0.135463841800817E+003
  0.100258014185749E+000  0.714889750680916E+000  0.806290685154068E+000  0.100370645824692E+000 -0.131028262406404E+000 -0.135461706307593E+003 -0.135461706307593E+003 -0.135463434210698E+003
  0.100123371463844E+000  0.163349682581184E+001  0.492681073827538E+000  0.100917394806989E+000 -0.131028262406404E+000 -0.135462245550970E+003 -0.135462245550970E+003 -0.135462524758506E+003
  0.100374523588696E+000  0.843915923966287E+000  0.807519063572771E+000  0.101798032413769E+000 -0.131028262406404E+000 -0.135462152517681E+003 -0.135462152517681E+003 -0.135462509347518E+003
  0.102462151596411E+000  0.835809794652897E+000  0.508451480257520E+000  0.100845810919730E+000 -0.131028262406404E+000 -0.135462388278509E+003 -0.135462388278509E+003 -0.135462512031915E+003
  0.100932677728659E+000  0.132867147383329E+001  0.539242341615918E-001  0.101053250762690E+000 -0.131028262406404E+000 -0.135462404391309E+003 -0.135462404391309E+003 -0.135463133866672E+003
  0.101405551975472E+000  0.590000784789234E+000  0.785947376628358E+000  0.101580190583695E+000 -0.131028262406404E+000 -0.135462067208924E+003 -0.135462067208924E+003 -0.135464653999873E+003
  0.101842699636118E+000  0.535034452131098E+000  0.362420257366973E+000  0.101033853362445E+000 -0.131028262406404E+000 -0.135461981456918E+003 -0.135461981456918E+003 -0.135463076452685E+003
  0.101060881254094E+000  0.137317765130433E+001  0.644309481346031E+000  0.100597736787173E+000 -0.131028262406404E+000 -0.135462343764910E+003 -0.135462343764910E+003 -0.135462458601485E+003
  0.100558469113154E+000  0.729499143764370E+000  0.208397874550985E+000  0.100092092792049E+000 -0.131028262406404E+000 -0.135461725431799E+003 -0.135461725431799E+003 -0.135462499031008E+003
  0.102187639373169E+000  0.772293051026581E+000  0.400444003472250E+000  0.100138378430262E+000 -0.131028262406404E+000 -0.135462119224076E+003 -0.135462119224076E+003 -0.135463129231351E+003
  0.101265056453972E+000  0.174833053760008E+001  0.142539169674648E+000  0.100212768986745E+000 -0.131028262406404E+000 -0.135462325225576E+003 -0.135462325225576E+003 -0.135462863230493E+003
  0.102452334891218E+000  0.547811650553306E+000  0.682023557936704E+000  0.100121360582603E+000 -0.131028262406404E+000 -0.135461935346840E+003 -0.135461935346840E+003 -0.135462916362501E+003
  0.102434559717915E+000  0.600741239867173E+000  0.809169108555840E+000  0.101430820016320E+000 -0.131028262406404E+000 -0.135462267084975E+003 -0.135462267084975E+003 -0.135462853611914E+003
  0.102004532694327E+000  0.547018380717531E+000  0.140281561957377E+000  0.101475430657085E+000 -0.131028262406404E+000 -0.135462121433196E+003 -0.135462121433196E+003 -0.135462459906341E+003
  0.101593793152185E+000  0.569085586638173E+000  0.679417460832469E+000  0.100804521434296E+000 -0.131028262406404E+000 -0.135461921976924E+003 -0.135461921976924E+003 -0.135462600536110E+003
  0.100845179221842E+000  0.719043581056402E+000  0.440242286911185E+000  0.102541771780508E+000 -0.131028262406404E+000 -0.135462291033397E+003 -0.135462291033397E+003 -0.135463007937814E+003
  0.101295485334498E+000  0.766391033337245E+000  0.759190277017658E+000  0.102027176314491E+000 -0.131028262406404E+000 -0.135462327343771E+003 -0.135462327343771E+003 -0.135462647001976E+003
  0.101902933922782E+000  0.984912539723447E+000  0.960676531169711E+000  0.100884239328102E+000 -0.131028262406404E+000 -0.135462396453765E+003 -0.135462396453765E+003 -0.135462460677741E+003
  0.100238516824055E+000  0.695765522536136E+000  0.206319816512087E+000  0.103425175070193E+000 -0.131028262406404E+000 -0.135462319645412E+003 -0.135462319645412E+003 -0.135462540287539E+003
  0.100919657119274E+000  0.585936781490669E+000  0.820388675934065E+000  0.101121817937263E+000 -0.131028262406404E+000 -0.135461864842313E+003 -0.135461864842313E+003 -0.135462673649826E+003
  0.100287713285709E+000  0.126159289442781E+001  0.111534615828800E+000  0.100434957069019E+000 -0.131028262406404E+000 -0.135462103580733E+003 -0.135462103580733E+003 -0.135462461376527E+003
  0.100969297460394E+000  0.588611340978908E+000  0.483786221760355E+000  0.102909971429741E+000 -0.131028262406404E+000 -0.135462247410709E+003 -0.135462247410709E+003 -0.135463469814969E+003
  0.100312712018908E+000  0.538329249069975E+000  0.566136619490819E+000  0.100180470961603E+000 -0.131028262406404E+000 -0.135461490244728E+003 -0.135461490244728E+003 -0.135465982009535E+003
  0.102637232710473E+000  0.507170229287656E+000  0.809938843117547E+000  0.101979165955922E+000 -0.131028262406404E+000 -0.135462310244882E+003 -0.135462310244882E+003 -0.135462631129976E+003
  0.101248115916108E+000  0.775672697582324E+000  0.362861704189862E+000  0.101013343791151E+000 -0.131028262406404E+000 -0.135462110196057E+003 -0.135462110196057E+003 -0.135462575406704E+003
  0.100365924854741E+000  0.180575637415864E+001  0.155299139719458E+000  0.101044478429416E+000 -0.131028262406404E+000 -0.135462306539356E+003 -0.135462306539356E+003 -0.135462518259745E+003
  0.101282460261650E+000  0.520099127034259E+000  0.598950911091033E-001  0.101125199118734E+000 -0.131028262406404E+000 -0.135461864174159E+003 -0.135461864174159E+003 -0.135462767947044E+003
  0.101313052061780E+000  0.178200594026274E+001  0.476744306143748E+000  0.100537731985152E+000 -0.131028262406404E+000 -0.135462403041368E+003 -0.135462403041368E+003 -0.135462722291870E+003
  0.100973523933873E+000  0.993262518780074E+000  0.743171611954510E+000  0.100727411758737E+000 -0.131028262406404E+000 -0.135462168572931E+003 -0.135462168572931E+003 -0.135462751151924E+003
  0.100424308470495E+000  0.164393600668661E+001  0.334989925728321E+000  0.101279447498796E+000 -0.131028262406404E+000 -0.135462391465900E+003 -0.135462391465900E+003 -0.135463134475340E+003
  0.104081217676796E+000  0.538563471031968E+000  0.174975443550743E+000  0.100354331541521E+000 -0.131028262406404E+000 -0.135462314020150E+003 -0.135462314020150E+003 -0.135462512878816E+003
  0.100979161048342E+000  0.126826835365100E+001  0.640110957907203E+000  0.100372618362220E+000 -0.131028262406404E+000 -0.135462241093830E+003 -0.135462241093830E+003 -0.135462571972157E+003
  0.101041552176415E+000  0.148495634102322E+001  0.904024435324460E+000  0.100458593805673E+000 -0.131028262406404E+000 -0.135462332042918E+003 -0.135462332042918E+003 -0.135462460440379E+003
  0.100900047892132E+000  0.500004548227111E+000  0.731870691772318E+000  0.100070141237745E+000 -0.131028262406404E+000 -0.135461545029008E+003 -0.135461545029008E+003 -0.135464093250843E+003
  0.101765722140103E+000  0.821164659319389E+000  0.956063955147155E+000  0.101220650987563E+000 -0.131028262406404E+000 -0.135462307324550E+003 -0.135462307324550E+003 -0.135462677238928E+003
  0.104695430913674E+000  0.508185720185450E+000  0.628740866111068E+000  0.100263702119898E+000 -0.131028262406404E+000 -0.135462386222162E+003 -0.135462386222162E+003 -0.135462479402081E+003
  0.102102865338518E+000  0.674508816688592E+000  0.141264248037556E+000  0.102085171480288E+000 -0.131028262406404E+000 -0.135462417636074E+003 -0.135462417636074E+003 -0.135462531033383E+003
  0.100207040303469E+000  0.143827719926133E+001  0.577796776598453E+000  0.101381358439808E+000 -0.131028262406404E+000 -0.135462348962417E+003 -0.135462348962417E+003 -0.135462715049885E+003
  0.102826177825797E+000  0.800949530863108E+000  0.643780298180446E+000  0.100653530087433E+000 -0.131028262406404E+000 -0.135462392592494E+003 -0.135462392592494E+003 -0.135462437420831E+003
  0.101626540184066E+000  0.559667465430563E+000  0.625336209371465E+000  0.101300344796859E+000 -0.131028262406404E+000 -0.135462020407345E+003 -0.135462020407345E+003 -0.135462564212904E+003
  0.101588324132381E+000  0.136695902585238E+001  0.982900285133423E+000  0.100211728611190E+000 -0.131028262406404E+000 -0.135462369185729E+003 -0.135462369185729E+003 -0.135463212346767E+003
  0.100550230562161E+000  0.607455923878992E+000  0.274788307507497E+000  0.101265036113250E+000 -0.131028262406404E+000 -0.135461840663782E+003 -0.135461840663782E+003 -0.135462525846158E+003
  0.101048893993951E+000  0.547506298874326E+000  0.684988151081655E+000  0.102276320792867E+000 -0.131028262406404E+000 -0.135462083989020E+003 -0.135462083989020E+003 -0.135462448321425E+003
  0.100737627367315E+000  0.163422340872259E+001  0.927501406608134E+000  0.100042321879146E+000 -0.131028262406404E+000 -0.135462182901433E+003 -0.135462182901433E+003 -0.135462797682844E+003
  0.100575142966767E+000  0.167009743621400E+001  0.815959228450240E+000  0.100500157986339E+000 -0.131028262406404E+000 -0.135462248868387E+003 -0.135462248868387E+003 -0.135462420654469E+003
  0.101477474629196E+000  0.784655650774779E+000  0.138443446452375E+000  0.100329738989517E+000 -0.131028262406404E+000 -0.135462021454463E+003 -0.135462021454463E+003 -0.135462431157002E+003
  0.100096356313945E+000  0.509892724180736E+000  0.141502814959315E+000  0.103749274701083E+000 -0.131028262406404E+000 -0.135462131129653E+003 -0.135462131129653E+003 -0.135463352472171E+003
  0.100997458615420E+000  0.971557641998634E+000  0.184988378526242E+000  0.101785316871879E+000 -0.131028262406404E+000 -0.135462388450622E+003 -0.135462388450622E+003 -0.135462685828248E+003
  0.100298717629651E+000  0.147815438924917E+001  0.116711213360684E+000  0.101214337379923E+000 -0.131028262406404E+000 -0.135462338971365E+003 -0.135462338971365E+003 -0.135462652025851E+003
  0.100562282439667E+000  0.129286867645957E+001  0.505591598149530E+000  0.100894491306084E+000 -0.131028262406404E+000 -0.135462276368353E+003 -0.135462276368353E+003 -0.135464057751962E+003
  0.100549828819167E+000  0.155541589687731E+001  0.911984150513899E+000  0.100895056481690E+000 -0.131028262406404E+000 -0.135462331071717E+003 -0.135462331071717E+003 -0.135462830271426E+003
  0.100289532736867E+000  0.140496787799627E+001  0.414730707793643E+000  0.100502976523535E+000 -0.131028262406404E+000 -0.135462164258376E+003 -0.135462164258376E+003 -0.135462730390297E+003
  0.100313449547270E+000  0.715959246191667E+000  0.168641115698624E+000  0.101489633322945E+000 -0.131028262406404E+000 -0.135461952912644E+003 -0.135461952912644E+003 -0.135462481337824E+003
  0.100280255407186E+000  0.113043842280707E+001  0.787217044447838E+000  0.100953031296377E+000 -0.131028262406404E+000 -0.135462154190691E+003 -0.135462154190691E+003 -0.135462647603446E+003
  0.100518108288206E+000  0.536185414520979E+000  0.828465274542516E+000  0.102599655901840E+000 -0.131028262406404E+000 -0.135462022653068E+003 -0.135462022653068E+003 -0.135462497232347E+003
  0.100887581306256E+000  0.880715890522885E+000  0.358914263028042E+000  0.101272698527574E+000 -0.131028262406404E+000 -0.135462182005913E+003 -0.135462182005913E+003 -0.135462924501030E+003
  0.101800737392581E+000  0.880883978052117E+000  0.689231824831109E+000  0.101089466694282E+000 -0.131028262406404E+000 -0.135462338493351E+003 -0.135462338493351E+003 -0.135462723753584E+003
  0.100751155209618E+000  0.162842360794475E+001  0.360125423076509E+000  0.100959149421076E+000 -0.131028262406404E+000 -0.135462391213362E+003 -0.135462391213362E+003 -0.135462505860977E+003
  0.100098340992996E+000  0.554435243986136E+000  0.847047540049042E+000  0.101738552575199E+000 -0.131028262406404E+000 -0.135461780474409E+003 -0.135461780474409E+003 -0.135462928918026E+003
  0.101338397679478E+000  0.864835660151939E+000  0.813255650529340E+000  0.101920608546700E+000 -0.131028262406404E+000 -0.135462405211082E+003 -0.135462405211082E+003 -0.135462518984660E+003
  0.100193423582952E+000  0.604864682965928E+000  0.502399297217608E+000  0.100303891885391E+000 -0.131028262406404E+000 -0.135461565119747E+003 -0.135461565119747E+003 -0.135465059170877E+003
  0.100286873386081E+000  0.103793789933193E+001  0.446857871459110E+000  0.102384382152903E+000 -0.131028262406404E+000 -0.135462411526970E+003 -0.135462411526970E+003 -0.135462600409660E+003
  0.102947415903231E+000  0.588074302787011E+000  0.345490102074518E+000  0.101369101914442E+000 -0.131028262406404E+000 -0.135462348196608E+003 -0.135462348196608E+003 -0.135464489128338E+003
  0.100076225407039E+000  0.506042001624911E+000  0.951129761357481E+000  0.100829404674515E+000 -0.131028262406404E+000 -0.135461533958449E+003 -0.135461533958449E+003 -0.135462473449860E+003
  0.101159143582533E+000  0.705698592063802E+000  0.146680298718994E+000  0.102554084457559E+000 -0.131028262406404E+000 -0.135462347315932E+003 -0.135462347315932E+003 -0.135462467874795E+003
  0.100523829852174E+000  0.110315313216838E+001  0.290684608117290E+000  0.100925038353619E+000 -0.131028262406404E+000 -0.135462185222844E+003 -0.135462185222844E+003 -0.135462587748940E+003
  0.100980361022834E+000  0.668822826281081E+000  0.183399366907707E-001  0.101003091563014E+000 -0.131028262406404E+000 -0.135461944260161E+003 -0.135461944260161E+003 -0.135462508906035E+003
  0.101357922666715E+000  0.664779112456362E+000  0.649085590885623E+000  0.102398784689046E+000 -0.131028262406404E+000 -0.135462312915222E+003 -0.135462312915222E+003 -0.135462422535070E+003
  0.100404864332600E+000  0.152792418653266E+001  0.491679284460687E+000  0.101295976969704E+000 -0.131028262406404E+000 -0.135462386779926E+003 -0.135462386779926E+003 -0.135463771762474E+003
  0.100119312820573E+000  0.643240127811191E+000  0.474545792981479E+000  0.103053725549213E+000 -0.131028262406404E+000 -0.135462157919224E+003 -0.135462157919224E+003 -0.135462535064402E+003
  0.100769497795634E+000  0.161464522122839E+001  0.637434433673467E+000  0.100642217597390E+000 -0.131028262406404E+000 -0.135462324231435E+003 -0.135462324231435E+003 -0.135467961742178E+003
  0.104001872995069E+000  0.658791431287536E+000  0.134097775378958E+000  0.100179812907455E+000 -0.131028262406404E+000 -0.135462397157878E+003 -0.135462397157878E+003 -0.135462435637080E+003
  0.100491016373147E+000  0.165391721914459E+001  0.868772365325970E+000  0.100531999068316E+000 -0.131028262406404E+000 -0.135462238616392E+003 -0.135462238616392E+003 -0.135462747912388E+003
  0.101616096401407E+000  0.721592615981412E+000  0.428904936364222E+000  0.100113958832376E+000 -0.131028262406404E+000 -0.135461944999957E+003 -0.135461944999957E+003 -0.135462494857325E+003
  0.101718390624740E+000  0.126165597955938E+001  0.901501163320002E+000  0.100377284444239E+000 -0.131028262406404E+000 -0.135462398590712E+003 -0.135462398590712E+003 -0.135462590338188E+003
  0.100353159940486E+000  0.940706239171826E+000  0.990048255174641E+000  0.102623141648721E+000 -0.131028262406404E+000 -0.135462406094110E+003 -0.135462406094110E+003 -0.135462644845518E+003
  0.100228216886432E+000  0.189632729665367E+001  0.446145680282405E+000  0.101078326850724E+000 -0.131028262406404E+000 -0.135462260210162E+003 -0.135462260210162E+003 -0.135465266075192E+003
  0.100503772755281E+000  0.567405348970019E+000  0.214602344536056E+000  0.103423970053863E+000 -0.131028262406404E+000 -0.135462226645625E+003 -0.135462226645625E+003 -0.135462644425633E+003
  0.100868087215146E+000  0.110686869298199E+001  0.651786070837453E+000  0.101048653054064E+000 -0.131028262406404E+000 -0.135462288746108E+003 -0.135462288746108E+003 -0.135462512350725E+003
  0.101044939339616E+000  0.734290276688920E+000  0.263863709524035E+000  0.101839049196418E+000 -0.131028262406404E+000 -0.135462201483160E+003 -0.135462201483160E+003 -0.135462687335194E+003
  0.102040335933881E+000  0.711120467156594E+000  0.372059929032332E+000  0.100814996677618E+000 -0.131028262406404E+000 -0.135462173178378E+003 -0.135462173178378E+003 -0.135462654453967E+003
  0.101388271892306E+000  0.560890455844073E+000  0.714055018780327E+000  0.102039263934638E+000 -0.131028262406404E+000 -0.135462123923339E+003 -0.135462123923339E+003 -0.135462452009828E+003
  0.100087756620490E+000  0.197541053176803E+001  0.415406950813794E+000  0.101741880078439E+000 -0.131028262406404E+000 -0.135462347521867E+003 -0.135462347521867E+003 -0.135462430111901E+003
  0.100815633974253E+000  0.613028114120251E+000  0.218466050742132E+000  0.100062957508380E+000 -0.131028262406404E+000 -0.135461654552343E+003 -0.135461654552343E+003 -0.135462618870787E+003
  0.101360884625106E+000  0.836019753811451E+000  0.189612762682758E+000  0.101882024546072E+000 -0.131028262406404E+000 -0.135462376150783E+003 -0.135462376150783E+003 -0.135462816553796E+003
  0.101994529509160E+000  0.628779232978154E+000  0.948895612960281E+000  0.101535872646644E+000 -0.131028262406404E+000 -0.135462227645331E+003 -0.135462227645331E+003 -0.135462423555717E+003
  0.100290225589858E+000  0.525126359399919E+000  0.766368553237698E+000  0.104760213336086E+000 -0.131028262406404E+000 -0.135462397657052E+003 -0.135462397657052E+003 -0.135462751135246E+003
  0.100001606631498E+000  0.193558079364356E+001  0.769879678661150E+000  0.100898301489449E+000 -0.131028262406404E+000 -0.135462158179268E+003 -0.135462158179268E+003 -0.135462515094733E+003
  0.100191560257310E+000  0.850373506862617E+000  0.941364667928259E+000  0.101711177307340E+000 -0.131028262406404E+000 -0.135462100290707E+003 -0.135462100290707E+003 -0.135463559075294E+003
  0.101822268976044E+000  0.636692415935425E+000  0.395904913391804E+000  0.101833557104545E+000 -0.131028262406404E+000 -0.135462262357272E+003 -0.135462262357272E+003 -0.135463119201129E+003
  0.101243118589950E+000  0.781743767741983E+000  0.609177572378251E+000  0.102218272714315E+000 -0.131028262406404E+000 -0.135462371824366E+003 -0.135462371824366E+003 -0.135462885258525E+003
  0.100601252153219E+000  0.101932222902219E+001  0.917246880358390E+000  0.100885469527299E+000 -0.131028262406404E+000 -0.135462140924296E+003 -0.135462140924296E+003 -0.135462692566196E+003
  0.100633157623778E+000  0.124740440737853E+001  0.220978790557345E+000  0.100895772475182E+000 -0.131028262406404E+000 -0.135462274174931E+003 -0.135462274174931E+003 -0.135462435406246E+003
  0.101006420036139E+000  0.100780598331418E+001  0.513573530619893E+000  0.101119207943311E+000 -0.131028262406404E+000 -0.135462271186981E+003 -0.135462271186981E+003 -0.135462682421693E+003
  0.100549887493599E+000  0.113375319600424E+001  0.107283865832736E+000  0.100643823419817E+000 -0.131028262406404E+000 -0.135462146268826E+003 -0.135462146268826E+003 -0.135462467392488E+003
  0.101495274743327E+000  0.184968904402685E+001  0.903828603931806E+000  0.100008811047202E+000 -0.131028262406404E+000 -0.135462308422577E+003 -0.135462308422577E+003 -0.135462578421157E+003
  0.102369358564659E+000  0.865977390677276E+000  0.589031772927446E+000  0.100871995061545E+000 -0.131028262406404E+000 -0.135462400375432E+003 -0.135462400375432E+003 -0.135462649679252E+003
  0.102585865967095E+000  0.506051519870100E+000  0.607888166522844E+000  0.102278525857576E+000 -0.131028262406404E+000 -0.135462359837559E+003 -0.135462359837559E+003 -0.135462572272012E+003
  0.100142940445913E+000  0.168952546150149E+001  0.865833881394820E+000  0.101293804175997E+000 -0.131028262406404E+000 -0.135462330794409E+003 -0.135462330794409E+003 -0.135462501287711E+003
  0.103027653929868E+000  0.659015841460084E+000  0.179783629089465E+000  0.101101499592369E+000 -0.131028262406404E+000 -0.135462388996952E+003 -0.135462388996952E+003 -0.135464376315992E+003
  0.101078174313597E+000  0.183991372851561E+001  0.281498675538001E+000  0.100221622515349E+000 -0.131028262406404E+000 -0.135462268959257E+003 -0.135462268959257E+003 -0.135462601788164E+003
  0.100054339469050E+000  0.590619032888039E+000  0.930213159963485E+000  0.101608361590576E+000 -0.131028262406404E+000 -0.135461786907856E+003 -0.135461786907856E+003 -0.135462562670595E+003
  0.100371312211983E+000  0.858459476295039E+000  0.293142011018389E+000  0.101050977740772E+000 -0.131028262406404E+000 -0.135462005188846E+003 -0.135462005188846E+003 -0.135462540004716E+003
  0.101030740118218E+000  0.191787378546419E+001  0.744557768311368E-001  0.100252090915113E+000 -0.131028262406404E+000 -0.135462242897950E+003 -0.135462242897950E+003 -0.135462441796300E+003
  0.102370614523389E+000  0.627427894013490E+000  0.253067458532164E+000  0.100592310876265E+000 -0.131028262406404E+000 -0.135462107243089E+003 -0.135462107243089E+003 -0.135462445010256E+003
  0.101679780518823E+000  0.659288617870614E+000  0.783296510704501E+000  0.101779793250667E+000 -0.131028262406404E+000 -0.135462245765840E+003 -0.135462245765840E+003 -0.135462545076447E+003
  0.100746068062622E+000  0.677109941720984E+000  0.319890938703409E+000  0.102219571247571E+000 -0.131028262406404E+000 -0.135462157379206E+003 -0.135462157379206E+003 -0.135463560075006E+003
  0.101892033508767E+000  0.103930803593852E+001  0.883297252849408E+000  0.100459049828906E+000 -0.131028262406404E+000 -0.135462337547209E+003 -0.135462337547209E+003 -0.135463042872801E+003
  0.101488276045072E+000  0.656609876071998E+000  0.782818357446111E+000  0.100824916884588E+000 -0.131028262406404E+000 -0.135462001505401E+003 -0.135462001505401E+003 -0.135463747194294E+003
  0.101044247625318E+000  0.993800461171920E+000  0.260226041080408E-001  0.100839777450275E+000 -0.131028262406404E+000 -0.135462208607152E+003 -0.135462208607152E+003 -0.135462477939166E+003
  0.101738408543858E+000  0.104665371617303E+001  0.865709030384537E+000  0.100152085782281E+000 -0.131028262406404E+000 -0.135462241632156E+003 -0.135462241632156E+003 -0.135463003422194E+003
  0.100793592256957E+000  0.155196487179116E+001  0.644864457790880E+000  0.100919500590784E+000 -0.131028262406404E+000 -0.135462389195925E+003 -0.135462389195925E+003 -0.135462688596547E+003
  0.101140483950688E+000  0.931879731369595E+000  0.942274450219838E+000  0.101919790549187E+000 -0.131028262406404E+000 -0.135462418109279E+003 -0.135462418109279E+003 -0.135462728854571E+003
  0.100661706021748E+000  0.940865194750078E+000  0.379160293667511E+000  0.100897105928212E+000 -0.131028262406404E+000 -0.135462100436528E+003 -0.135462100436528E+003 -0.135463668611851E+003
  0.101425218815877E+000  0.197155513278242E+001  0.200074912864637E+000  0.100481967992229E+000 -0.131028262406404E+000 -0.135462359403141E+003 -0.135462359403141E+003 -0.135462690291674E+003
  0.101595225305147E+000  0.148675409165966E+001  0.412669495470819E+000  0.100259900747434E+000 -0.131028262406404E+000 -0.135462407055475E+003 -0.135462407055475E+003 -0.135462690829262E+003
  0.100869710812291E+000  0.197096974861408E+001  0.125097467789524E+000  0.101211285811647E+000 -0.131028262406404E+000 -0.135462401999615E+003 -0.135462401999615E+003 -0.135462923113106E+003
  0.101495490130215E+000  0.121450793087212E+001  0.567425368446036E+000  0.100592357042223E+000 -0.131028262406404E+000 -0.135462378546182E+003 -0.135462378546182E+003 -0.135462632745117E+003
  0.100329162778731E+000  0.618149374293915E+000  0.268075538127794E+000  0.101346332381534E+000 -0.131028262406404E+000 -0.135461822538754E+003 -0.135461822538754E+003 -0.135462561405622E+003
  0.101745298535947E+000  0.120524905786181E+001  0.460031107970088E+000  0.100082150674568E+000 -0.131028262406404E+000 -0.135462314150222E+003 -0.135462314150222E+003 -0.135462548267640E+003
  0.100067493022946E+000  0.128221313856399E+001  0.714030568949562E-001  0.100253666848993E+000 -0.131028262406404E+000 -0.135462024168181E+003 -0.135462024168181E+003 -0.135462427676346E+003
  0.101068163504156E+000  0.536207568632286E+000  0.293023043589486E+000  0.103464733317412E+000 -0.131028262406404E+000 -0.135462317376992E+003 -0.135462317376992E+003 -0.135466309461464E+003
  0.101666193390336E+000  0.178908931134454E+001  0.158493981092772E-001  0.100215694149840E+000 -0.131028262406404E+000 -0.135462405373413E+003 -0.135462405373413E+003 -0.135463219815256E+003
  0.102049216030668E+000  0.107424111704020E+001  0.847055535849900E+000  0.100047885730772E+000 -0.131028262406404E+000 -0.135462302005305E+003 -0.135462302005305E+003 -0.135462719384128E+003
  0.101975503570906E+000  0.549645468950460E+000  0.729897664595555E+000  0.100549988949219E+000 -0.131028262406404E+000 -0.135461926731786E+003 -0.135461926731786E+003 -0.135462462121436E+003
  0.100474639220821E+000  0.182609339915351E+001  0.153300864982143E+000  0.100726546463764E+000 -0.131028262406404E+000 -0.135462254780032E+003 -0.135462254780032E+003 -0.135462468078383E+003
  0.101004757996299E+000  0.519391655639244E+000  0.440523070733394E+000  0.100793765445125E+000 -0.131028262406404E+000 -0.135461737313402E+003 -0.135461737313402E+003 -0.135462984345421E+003
  0.100952417261283E+000  0.102978278137930E+001  0.852367207696632E+000  0.100005679713942E+000 -0.131028262406404E+000 -0.135462031160130E+003 -0.135462031160130E+003 -0.135463897787699E+003
  0.100872204866536E+000  0.154229483606525E+001  0.564237280442504E+000  0.100521611071693E+000 -0.131028262406404E+000 -0.135462316259353E+003 -0.135462316259353E+003 -0.135462938147177E+003
  0.100833838552642E+000  0.547219032355870E+000  0.600545374873040E-001  0.101164621469660E+000 -0.131028262406404E+000 -0.135461810374778E+003 -0.135461810374778E+003 -0.135462470899934E+003
  0.100282561322119E+000  0.127929860729249E+001  0.394439303048833E+000  0.100408171841940E+000 -0.131028262406404E+000 -0.135462103365190E+003 -0.135462103365190E+003 -0.135462476775929E+003
  0.103471038712808E+000  0.708594758688722E+000  0.851758564956316E+000  0.100162221050381E+000 -0.131028262406404E+000 -0.135462333411515E+003 -0.135462333411515E+003 -0.135462656479046E+003
  0.100952291003995E+000  0.625807699162162E+000  0.392316417251046E+000  0.102742135737567E+000 -0.131028262406404E+000 -0.135462253041242E+003 -0.135462253041242E+003 -0.135464393653003E+003
  0.100186586187191E+000  0.767512610377636E+000  0.137398229497481E+000  0.102915623152939E+000 -0.131028262406404E+000 -0.135462276731477E+003 -0.135462276731477E+003 -0.135462624865237E+003
  0.100116389301014E+000  0.967914547981344E+000  0.293329669405425E+000  0.102806510957369E+000 -0.131028262406404E+000 -0.135462415156695E+003 -0.135462415156695E+003 -0.135462467449484E+003
  0.101257476543557E+000  0.117752415503264E+001  0.358012537980646E+000  0.100557150979809E+000 -0.131028262406404E+000 -0.135462301936755E+003 -0.135462301936755E+003 -0.135462761284525E+003
  0.100266476191512E+000  0.188653356003040E+001  0.984200481663006E+000  0.100121257585348E+000 -0.131028262406404E+000 -0.135462059609031E+003 -0.135462059609031E+003 -0.135462819750176E+003
  0.100725267659855E+000  0.152517815641083E+001  0.986056292368544E+000  0.100234356563961E+000 -0.131028262406404E+000 -0.135462218648005E+003 -0.135462218648005E+003 -0.135463168349993E+003
  0.100085219007197E+000  0.163982992727325E+001  0.658477516519000E+000  0.101343205318589E+000 -0.131028262406404E+000 -0.135462331911530E+003 -0.135462331911530E+003 -0.135462499777434E+003
  0.100854610427430E+000  0.530140255659525E+000  0.577045912474767E+000  0.103758075896982E+000 -0.131028262406404E+000 -0.135462323302206E+003 -0.135462323302206E+003 -0.135462530541447E+003
  0.100000048599540E+000  0.787227683307397E+000  0.234166553707670E+000  0.100133207251548E+000 -0.131028262406404E+000 -0.135461669931475E+003 -0.135461669931475E+003 -0.135462425245922E+003
  0.101598390582914E+000  0.180099915405961E+001  0.266002435682096E+000  0.100123255819584E+000 -0.131028262406404E+000 -0.135462367582594E+003 -0.135462367582594E+003 -0.135462577085177E+003
  0.100475723910374E+000  0.111590366436707E+001  0.168187825718243E+000  0.101802724591907E+000 -0.131028262406404E+000 -0.135462374578541E+003 -0.135462374578541E+003 -0.135462591355444E+003
  0.101417371579903E+000  0.182328375604166E+001  0.491159410847523E+000  0.100451523706413E+000 -0.131028262406404E+000 -0.135462397574184E+003 -0.135462397574184E+003 -0.135463461226982E+003
  0.100691821195252E+000  0.152820148836216E+001  0.886790655733421E+000  0.100522585351788E+000 -0.131028262406404E+000 -0.135462276205235E+003 -0.135462276205235E+003 -0.135463196430267E+003
  0.101237003350869E+000  0.120142458125028E+001  0.413876387221342E+000  0.100807344021280E+000 -0.131028262406404E+000 -0.135462364608137E+003 -0.135462364608137E+003 -0.135465037704646E+003
  0.100616833270200E+000  0.755693147084155E+000  0.253681106753889E-001  0.101979419649429E+000 -0.131028262406404E+000 -0.135462160578793E+003 -0.135462160578793E+003 -0.135462803664475E+003
  0.100618626769794E+000  0.619784239802469E+000  0.622158668953999E+000  0.103641976667657E+000 -0.131028262406404E+000 -0.135462360265228E+003 -0.135462360265228E+003 -0.135462570940578E+003
  0.101621032702789E+000  0.501593489590548E+000  0.890224482090218E+000  0.102526990826914E+000 -0.131028262406404E+000 -0.135462199400163E+003 -0.135462199400163E+003 -0.135462463949020E+003
  0.103607640561262E+000  0.673016250824086E+000  0.486192010876744E+000  0.100447195275612E+000 -0.131028262406404E+000 -0.135462386763394E+003 -0.135462386763394E+003 -0.135463505854410E+003
  0.100885981257586E+000  0.509161087177850E+000  0.104157432120814E+000  0.103073284643932E+000 -0.131028262406404E+000 -0.135462163329035E+003 -0.135462163329035E+003 -0.135462432796112E+003
  0.101427434623003E+000  0.131347540480900E+001  0.938380859246929E+000  0.100263439245611E+000 -0.131028262406404E+000 -0.135462329615977E+003 -0.135462329615977E+003 -0.135463001169922E+003
  0.100490902046717E+000  0.714552080065537E+000  0.691735924587041E+000  0.103436162287419E+000 -0.131028262406404E+000 -0.135462397350184E+003 -0.135462397350184E+003 -0.135462434591669E+003
  0.101160778405773E+000  0.918907757537856E+000  0.254787727028486E+000  0.100179116646652E+000 -0.131028262406404E+000 -0.135462034979409E+003 -0.135462034979409E+003 -0.135463313906847E+003
  0.102461717517092E+000  0.979693059829616E+000  0.128398357242713E+000  0.100443390246448E+000 -0.131028262406404E+000 -0.135462415322402E+003 -0.135462415322402E+003 -0.135462620078205E+003
  0.101299575491250E+000  0.656625040297972E+000  0.339543553241971E+000  0.101843025955801E+000 -0.131028262406404E+000 -0.135462174835031E+003 -0.135462174835031E+003 -0.135462523014402E+003
  0.100244426418394E+000  0.189473554302306E+001  0.399765954483564E+000  0.100172278413677E+000 -0.131028262406404E+000 -0.135462063701804E+003 -0.135462063701804E+003 -0.135462703373445E+003
  0.101630157613640E+000  0.139228330370184E+001  0.638348582062293E+000  0.100172616616558E+000 -0.131028262406404E+000 -0.135462376114547E+003 -0.135462376114547E+003 -0.135463207945825E+003
  0.101272710112614E+000  0.657435038983948E+000  0.417949663750852E+000  0.100150420643227E+000 -0.131028262406404E+000 -0.135461815633099E+003 -0.135461815633099E+003 -0.135462982264486E+003
  0.102833521871449E+000  0.589666668589565E+000  0.555952929961411E+000  0.101384077651241E+000 -0.131028262406404E+000 -0.135462329048379E+003 -0.135462329048379E+003 -0.135462962766056E+003
  0.100545603199214E+000  0.152589241612304E+001  0.756628622984845E+000  0.100341369470489E+000 -0.131028262406404E+000 -0.135462203922200E+003 -0.135462203922200E+003 -0.135462558696604E+003
  0.100484885086225E+000  0.137160701171827E+001  0.139556548140833E+000  0.101104893701455E+000 -0.131028262406404E+000 -0.135462331752766E+003 -0.135462331752766E+003 -0.135463497846548E+003
  0.100253032014357E+000  0.111799474986360E+001  0.976246415083797E+000  0.100283768670326E+000 -0.131028262406404E+000 -0.135461995205546E+003 -0.135461995205546E+003 -0.135462821619673E+003
  0.101348482638604E+000  0.108135104019423E+001  0.623181599368915E+000  0.100842038177005E+000 -0.131028262406404E+000 -0.135462331707414E+003 -0.135462331707414E+003 -0.135462614140224E+003
  0.101234719989682E+000  0.973052931578208E+000  0.604908266097250E-001  0.100021860183846E+000 -0.131028262406404E+000 -0.135462056457283E+003 -0.135462056457283E+003 -0.135462531166205E+003
  0.101779357386539E+000  0.713456657999266E+000  0.694084761414625E+000  0.101071741087777E+000 -0.131028262406404E+000 -0.135462174681308E+003 -0.135462174681308E+003 -0.135462493465885E+003
  0.101103826195157E+000  0.757077507465600E+000  0.352999434610565E+000  0.100039558972856E+000 -0.131028262406404E+000 -0.135461855265152E+003 -0.135461855265152E+003 -0.135462536285901E+003
  0.100679361261930E+000  0.572394133113901E+000  0.521451582527527E+000  0.100118024645282E+000 -0.131028262406404E+000 -0.135461592696922E+003 -0.135461592696922E+003 -0.135462568623549E+003
  0.100719248012001E+000  0.155992005737552E+001  0.683041043578058E+000  0.101037967846681E+000 -0.131028262406404E+000 -0.135462400152780E+003 -0.135462400152780E+003 -0.135462471991881E+003
  0.100784666873062E+000  0.672049850630486E+000  0.883293273720797E+000  0.101947672911572E+000 -0.131028262406404E+000 -0.135462103384941E+003 -0.135462103384941E+003 -0.135462769886895E+003
  0.101474167552277E+000  0.949880003693446E+000  0.712021780282773E+000  0.101027700750036E+000 -0.131028262406404E+000 -0.135462309920216E+003 -0.135462309920216E+003 -0.135462438982741E+003
  0.100615971882825E+000  0.541494103928953E+000  0.716044554841822E+000  0.102122021692304E+000 -0.131028262406404E+000 -0.135461952821164E+003 -0.135461952821164E+003 -0.135463886564929E+003
  0.100361040014928E+000  0.509945268419096E+000  0.473544008588071E+000  0.102848605137868E+000 -0.131028262406404E+000 -0.135462006342690E+003 -0.135462006342690E+003 -0.135462964073991E+003
  0.101107672884820E+000  0.819616823281998E+000  0.539204519854364E+000  0.100152712504975E+000 -0.131028262406404E+000 -0.135461936639825E+003 -0.135461936639825E+003 -0.135462703093183E+003
  0.100291524036611E+000  0.166498670996573E+001  0.768635083030807E+000  0.100964747051757E+000 -0.131028262406404E+000 -0.135462291449704E+003 -0.135462291449704E+003 -0.135462913030116E+003
  0.103558238700002E+000  0.648536366676080E+000  0.179190377770720E-002  0.100319786533074E+000 -0.131028262406404E+000 -0.135462322714944E+003 -0.135462322714944E+003 -0.135462983561808E+003
  0.103449172780103E+000  0.534183946706310E+000  0.703386266166745E+000  0.100167041328245E+000 -0.131028262406404E+000 -0.135462137012054E+003 -0.135462137012054E+003 -0.135462529922059E+003
  0.102901367073219E+000  0.509607485684547E+000  0.666664813699019E+000  0.100436148762767E+000 -0.131028262406404E+000 -0.135462048930506E+003 -0.135462048930506E+003 -0.135462489771507E+003
  0.100628848160709E+000  0.165220727456453E+001  0.231633711756000E+000  0.101088050807260E+000 -0.131028262406404E+000 -0.135462392884229E+003 -0.135462392884229E+003 -0.135463376363083E+003
  0.101860003543780E+000  0.104366186238373E+001  0.563423908779038E+000  0.100665405797659E+000 -0.131028262406404E+000 -0.135462379093614E+003 -0.135462379093614E+003 -0.135462678940954E+003
  0.100335415263343E+000  0.888710420302060E+000  0.582148439895310E+000  0.100312425937496E+000 -0.131028262406404E+000 -0.135461864714976E+003 -0.135461864714976E+003 -0.135462682592602E+003
  0.100139559163141E+000  0.727295205511518E+000  0.971320914290881E-002  0.100527766145946E+000 -0.131028262406404E+000 -0.135461726209052E+003 -0.135461726209052E+003 -0.135463607240561E+003
  0.102319059219571E+000  0.715387376107494E+000  0.587492665274106E-001  0.100758987156558E+000 -0.131028262406404E+000 -0.135462224710589E+003 -0.135462224710589E+003 -0.135462523520925E+003
  0.100096099439297E+000  0.187384896966773E+001  0.356168182736253E+000  0.101798886921235E+000 -0.131028262406404E+000 -0.135462397971646E+003 -0.135462397971646E+003 -0.135462817932295E+003
  0.100091664414479E+000  0.110188729632250E+001  0.770766237571371E+000  0.100694322585190E+000 -0.131028262406404E+000 -0.135462041130055E+003 -0.135462041130055E+003 -0.135462719611010E+003
  0.100986524052740E+000  0.739898350470788E+000  0.638843067007872E+000  0.102048474671912E+000 -0.131028262406404E+000 -0.135462238890579E+003 -0.135462238890579E+003 -0.135462901822232E+003
  0.101648398064394E+000  0.723703170737812E+000  0.134698319361729E+000  0.101910904924341E+000 -0.131028262406404E+000 -0.135462335450563E+003 -0.135462335450563E+003 -0.135462585202178E+003
  0.101519683965777E+000  0.116216215713755E+001  0.465219579577471E+000  0.100666222620870E+000 -0.131028262406404E+000 -0.135462374880886E+003 -0.135462374880886E+003 -0.135463426864149E+003
  0.100506839168337E+000  0.157149806578503E+001  0.309559186733351E+000  0.100562526355623E+000 -0.131028262406404E+000 -0.135462248428417E+003 -0.135462248428417E+003 -0.135462633640068E+003
  0.100929717526545E+000  0.592536382895869E+000  0.478676521694488E+000  0.100262454838906E+000 -0.131028262406404E+000 -0.135461697189957E+003 -0.135461697189957E+003 -0.135464037298748E+003
  0.100546936300655E+000  0.192231055732713E+001  0.442157572887047E+000  0.100521830625386E+000 -0.131028262406404E+000 -0.135462197261156E+003 -0.135462197261156E+003 -0.135462722901152E+003
  0.100469892464219E+000  0.141683037391100E+001  0.188972119732001E+000  0.100723554819047E+000 -0.131028262406404E+000 -0.135462255004548E+003 -0.135462255004548E+003 -0.135464646808753E+003
  0.101737918987822E+000  0.578798923290771E+000  0.857369950848566E+000  0.102312499767063E+000 -0.131028262406404E+000 -0.135462276807509E+003 -0.135462276807509E+003 -0.135462587377281E+003
  0.101533950131041E+000  0.873856627600539E+000  0.710821798808592E-001  0.101572516724339E+000 -0.131028262406404E+000 -0.135462379950411E+003 -0.135462379950411E+003 -0.135462747190629E+003
  0.100901922492872E+000  0.738682960656225E+000  0.623243137792903E+000  0.102147132198427E+000 -0.131028262406404E+000 -0.135462240303552E+003 -0.135462240303552E+003 -0.135463004932671E+003
  0.101579862572728E+000  0.889314323415625E+000  0.805447015584426E+000  0.100248350031924E+000 -0.131028262406404E+000 -0.135462115769887E+003 -0.135462115769887E+003 -0.135463035262981E+003
  0.100925514904734E+000  0.653229140977140E+000  0.652263122609860E+000  0.100001583232058E+000 -0.131028262406404E+000 -0.135461707389161E+003 -0.135461707389161E+003 -0.135463277349119E+003
  0.100738475621233E+000  0.515764565886899E+000  0.253357776272416E+000  0.102608401858614E+000 -0.131028262406404E+000 -0.135462045787618E+003 -0.135462045787618E+003 -0.135465985406396E+003
  0.101772031392195E+000  0.787362690736261E+000  0.263028164506338E-001  0.101641415136166E+000 -0.131028262406404E+000 -0.135462367734875E+003 -0.135462367734875E+003 -0.135462946785665E+003
  0.100130693718127E+000  0.125673325917854E+001  0.317791904534640E+000  0.100529620509399E+000 -0.131028262406404E+000 -0.135462088737673E+003 -0.135462088737673E+003 -0.135462990354499E+003
  0.103120643561037E+000  0.547719143515405E+000  0.978980796794080E+000  0.101468023483223E+000 -0.131028262406404E+000 -0.135462357227634E+003 -0.135462357227634E+003 -0.135462589362869E+003
  0.101914827737797E+000  0.650324352033405E+000  0.637794475897765E+000  0.101799996148036E+000 -0.131028262406404E+000 -0.135462290348658E+003 -0.135462290348658E+003 -0.135462650527200E+003
  0.100566285706465E+000  0.748685786145136E+000  0.387190475374694E+000  0.102321186652917E+000 -0.131028262406404E+000 -0.135462214802543E+003 -0.135462214802543E+003 -0.135462442798571E+003
  0.103327795564970E+000  0.505847986710004E+000  0.447168863589305E+000  0.100840902473980E+000 -0.131028262406404E+000 -0.135462217921359E+003 -0.135462217921359E+003 -0.135462498035851E+003
  0.100163120916303E+000  0.197519837000123E+001  0.670806205884197E+000  0.101158914850468E+000 -0.131028262406404E+000 -0.135462235488502E+003 -0.135462235488502E+003 -0.135462422936805E+003
  0.101922071408871E+000  0.639791204776487E+000  0.705239781996174E+000  0.100277613159914E+000 -0.131028262406404E+000 -0.135461960026387E+003 -0.135461960026387E+003 -0.135462773658524E+003
  0.100571076134341E+000  0.149133360432755E+001  0.620265414179297E+000  0.101222876415592E+000 -0.131028262406404E+000 -0.135462402147001E+003 -0.135462402147001E+003 -0.135462476360570E+003
  0.101389401377711E+000  0.547990520090300E+000  0.677322488266879E+000  0.100902880809939E+000 -0.131028262406404E+000 -0.135461874561312E+003 -0.135461874561312E+003 -0.135463003184447E+003
  0.100202549316907E+000  0.765865652984660E+000  0.128826466727378E+000  0.101426304934062E+000 -0.131028262406404E+000 -0.135461965091305E+003 -0.135461965091305E+003 -0.135467315316204E+003
  0.104336024778402E+000  0.603727964260740E+000  0.595025099691922E+000  0.100060043509744E+000 -0.131028262406404E+000 -0.135462380960112E+003 -0.135462380960112E+003 -0.135463145713882E+003
  0.100935726971473E+000  0.715063221834581E+000  0.870296633639205E+000  0.100836113110515E+000 -0.131028262406404E+000 -0.135461947309314E+003 -0.135461947309314E+003 -0.135465207845644E+003
  0.100731724484316E+000  0.895613247760224E+000  0.968742440665580E+000  0.100954079312457E+000 -0.131028262406404E+000 -0.135462092302382E+003 -0.135462092302382E+003 -0.135462478358263E+003
  0.102586824115525E+000  0.704678497981474E+000  0.594810253442056E+000  0.101447149977223E+000 -0.131028262406404E+000 -0.135462417826387E+003 -0.135462417826387E+003 -0.135473753612116E+003
  0.101041357183530E+000  0.835777947864247E+000  0.345972027225672E-001  0.100700763772581E+000 -0.131028262406404E+000 -0.135462053874838E+003 -0.135462053874838E+003 -0.135463473628595E+003
  0.101441774258791E+000  0.174263396705352E+001  0.859752411128911E+000  0.100087914399854E+000 -0.131028262406404E+000 -0.135462335985246E+003 -0.135462335985246E+003 -0.135462716653319E+003
  0.100087924421148E+000  0.170669295034780E+001  0.219593219566345E+000  0.101250736687673E+000 -0.131028262406404E+000 -0.135462307646750E+003 -0.135462307646750E+003 -0.135463081946578E+003
  0.100645171204302E+000  0.167941109737316E+001  0.141099174817326E+000  0.100823752636722E+000 -0.131028262406404E+000 -0.135462335774623E+003 -0.135462335774623E+003 -0.135462490238752E+003
  0.100317938377262E+000  0.505569492251414E+000  0.376590821405895E+000  0.101387738509812E+000 -0.131028262406404E+000 -0.135461696668646E+003 -0.135461696668646E+003 -0.135462436060251E+003
  0.101687722331640E+000  0.523029132108620E+000  0.798917176961585E+000  0.101289449998752E+000 -0.131028262406404E+000 -0.135461986819657E+003 -0.135461986819657E+003 -0.135467120314411E+003
  0.103090800737601E+000  0.579016225072002E+000  0.428536973180806E+000  0.101550849293587E+000 -0.131028262406404E+000 -0.135462406221826E+003 -0.135462406221826E+003 -0.135462807179432E+003
  0.100666169541710E+000  0.729405722292265E+000  0.559012276713688E+000  0.102636722225867E+000 -0.131028262406404E+000 -0.135462283145587E+003 -0.135462283145587E+003 -0.135462757494630E+003
  0.103713353884990E+000  0.527223538744336E+000  0.305380703469414E+000  0.101120498307961E+000 -0.131028262406404E+000 -0.135462384324606E+003 -0.135462384324606E+003 -0.135462963832665E+003
  0.101145414201744E+000  0.136754259966616E+001  0.492340723400543E-001  0.100724288724760E+000 -0.131028262406404E+000 -0.135462388800590E+003 -0.135462388800590E+003 -0.135462710040648E+003
  0.100633101401183E+000  0.599812903069209E+000  0.700775509272426E-001  0.103395275132149E+000 -0.131028262406404E+000 -0.135462288467993E+003 -0.135462288467993E+003 -0.135462613746524E+003
  0.100065640744342E+000  0.977926803032014E+000  0.998854422966791E+000  0.100443262551223E+000 -0.131028262406404E+000 -0.135461902174514E+003 -0.135461902174514E+003 -0.135462419265924E+003
