  0.101463673444607E+000  0.197773962380439E+001  0.428102964073244E+000  0.100695761542955E+000 -0.131028262406404E+000 -0.139055131512517E+003 -0.139055131512517E+003 -0.139055960220161E+003
  0.104379492096945E+000  0.186604095487236E+001  0.824240677905233E+000  0.101128366491137E+000 -0.131028262406404E+000 -0.139055846083224E+003 -0.139055846083224E+003 -0.139055956963486E+003
  0.100229148546847E+000  0.187454355966233E+001  0.451586338691239E+000  0.100265743860982E+000 -0.131028262406404E+000 -0.139055020391966E+003 -0.139055020391966E+003 -0.139056940158578E+003
  0.103399522749259E+000  0.168021854008380E+001  0.568160285991118E+000  0.100214254279478E+000 -0.131028262406404E+000 -0.139055794782906E+003 -0.139055794782906E+003 -0.139056220721072E+003
  0.100694920646888E+000  0.199977705863824E+001  0.988929983986074E+000  0.101539799063615E+000 -0.131028262406404E+000 -0.139055105298947E+003 -0.139055105298947E+003 -0.139056049905592E+003
  0.100361179831249E+000  0.150970443168388E+001  0.479024334848327E+000  0.101710714872917E+000 -0.131028262406404E+000 -0.139055765927925E+003 -0.139055765927925E+003 -0.139056086909647E+003
  0.103949305464990E+000  0.192249983417871E+001  0.275244033823693E+000  0.101174447420813E+000 -0.131028262406404E+000 -0.139055695849731E+003 -0.139055695849731E+003 -0.139056068581820E+003
  0.100607477279350E+000  0.190115082447314E+001  0.742756629063885E-001  0.100341609398291E+000 -0.131028262406404E+000 -0.139055054421361E+003 -0.139055054421361E+003 -0.139056461065678E+003
  0.100462218562967E+000  0.189280156843544E+001  0.205826894543517E+000  0.103342231838420E+000 -0.131028262406404E+000 -0.139055523013074E+003 -0.139055523013074E+003 -0.139056725316124E+003
  0.100648450640795E+000  0.177527153662373E+001  0.892801258737420E+000  0.103468150334950E+000 -0.131028262406404E+000 -0.139055756926569E+003 -0.139055756926569E+003 -0.139055905094553E+003
  0.100450910807906E+000  0.157030965825034E+001  0.220174754503623E+000  0.100526725808811E+000 -0.131028262406404E+000 -0.139055502728192E+003 -0.139055502728192E+003 -0.139056460076946E+003
  0.100245766467612E+000  0.176524999461251E+001  0.175273092240338E+000  0.102586518422349E+000 -0.131028262406404E+000 -0.139055558454065E+003 -0.139055558454065E+003 -0.139056965255848E+003
  0.100907078625481E+000  0.192347913214915E+001  0.384088498145137E-001  0.104735688139241E+000 -0.131028262406404E+000 -0.139055769610812E+003 -0.139055769610812E+003 -0.139056672293136E+003
  0.100514112542862E+000  0.183115254865088E+001  0.834090817279417E+000  0.103708477900973E+000 -0.131028262406404E+000 -0.139055688292878E+003 -0.139055688292878E+003 -0.139056057367723E+003
  0.101885210196583E+000  0.184147972213514E+001  0.645728690773268E+000  0.102986565248707E+000 -0.131028262406404E+000 -0.139055782642311E+003 -0.139055782642311E+003 -0.139056039070776E+003
  0.102502793276061E+000  0.187005812509568E+001  0.506070086934659E+000  0.102343348154011E+000 -0.131028262406404E+000 -0.139055734214655E+003 -0.139055734214655E+003 -0.139055911890130E+003
  0.102400105469064E+000  0.194375022176932E+001  0.290366662143027E+000  0.102763447083226E+000 -0.131028262406404E+000 -0.139055667412675E+003 -0.139055667412675E+003 -0.139056242807278E+003
  0.100756628885580E+000  0.182072462646123E+001  0.120830482667595E+000  0.100834932059286E+000 -0.131028262406404E+000 -0.139055274804505E+003 -0.139055274804505E+003 -0.139056269317372E+003
  0.101043695199800E+000  0.147451171002729E+001  0.601799999633052E+000  0.100611313571274E+000 -0.131028262406404E+000 -0.139055727485386E+003 -0.139055727485386E+003 -0.139056590105617E+003
  0.101718269543289E+000  0.198000080656799E+001  0.870368623706874E-001  0.102964144329872E+000 -0.131028262406404E+000 -0.139055527229946E+003 -0.139055527229946E+003 -0.139056044822194E+003
  0.100477181926246E+000  0.191586195081064E+001  0.614364663626117E+000  0.104232007333879E+000 -0.131028262406404E+000 -0.139055630028757E+003 -0.139055630028757E+003 -0.139055874649510E+003
  0.100052797149910E+000  0.134121365893687E+001  0.893318785989694E-002  0.100689185692245E+000 -0.131028262406404E+000 -0.139055717679570E+003 -0.139055717679570E+003 -0.139056206747624E+003
  0.103429199094827E+000  0.197456365620636E+001  0.211908532358636E+000  0.101414572892646E+000 -0.131028262406404E+000 -0.139055567340970E+003 -0.139055567340970E+003 -0.139057183626439E+003
  0.100663127410476E+000  0.187203898065533E+001  0.618538490684037E+000  0.102041730153364E+000 -0.131028262406404E+000 -0.139055379590384E+003 -0.139055379590384E+003 -0.139058817523733E+003
  0.102351339404226E+000  0.173166965379754E+001  0.679422453759541E+000  0.100760008405324E+000 -0.131028262406404E+000 -0.139055647463599E+003 -0.139055647463599E+003 -0.139055893493338E+003
  0.103304838327444E+000  0.186466106747685E+001  0.210871712863618E+000  0.101966160129928E+000 -0.131028262406404E+000 -0.139055812282386E+003 -0.139055812282386E+003 -0.139056111776325E+003
  0.102631791684104E+000  0.196349186333010E+001  0.860279219282565E+000  0.101939278035286E+000 -0.131028262406404E+000 -0.139055540423277E+003 -0.139055540423277E+003 -0.139055886783783E+003
  0.102518836143616E+000  0.160014765634660E+001  0.607282057650414E+000  0.100372845849794E+000 -0.131028262406404E+000 -0.139055780635625E+003 -0.139055780635625E+003 -0.139056780177371E+003
  0.100338979655513E+000  0.188711507910535E+001  0.174303153250764E+000  0.101700159805825E+000 -0.131028262406404E+000 -0.139055248880552E+003 -0.139055248880552E+003 -0.139055913135317E+003
  0.102289820596395E+000  0.173810121955404E+001  0.356731263014146E-001  0.101184434576716E+000 -0.131028262406404E+000 -0.139055700558228E+003 -0.139055700558228E+003 -0.139056038433254E+003
  0.102371658819401E+000  0.192723128468557E+001  0.902156189048049E+000  0.103116475820837E+000 -0.131028262406404E+000 -0.139055746989135E+003 -0.139055746989135E+003 -0.139059143984513E+003
  0.102807501342410E+000  0.189993077531685E+001  0.792257679404668E+000  0.100862580267231E+000 -0.131028262406404E+000 -0.139055494669523E+003 -0.139055494669523E+003 -0.139057099819880E+003
  0.100173318041413E+000  0.199358507414067E+001  0.310939115540208E+000  0.106761158134988E+000 -0.131028262406404E+000 -0.139055840019739E+003 -0.139055840019739E+003 -0.139056401648293E+003
  0.103502060326778E+000  0.178611855904857E+001  0.930561543014010E+000  0.101378417042353E+000 -0.131028262406404E+000 -0.139055864417775E+003 -0.139055864417775E+003 -0.139056009560190E+003
  0.103470344496339E+000  0.194509085626090E+001  0.540901904836559E+000  0.100141798490350E+000 -0.131028262406404E+000 -0.139055414425734E+003 -0.139055414425734E+003 -0.139055950435504E+003
  0.103109187841167E+000  0.185196225915566E+001  0.158238432924042E+000  0.100584312059059E+000 -0.131028262406404E+000 -0.139055569741209E+003 -0.139055569741209E+003 -0.139055925029929E+003
  0.102202629510995E+000  0.168262863436760E+001  0.980845682129076E+000  0.101790117721112E+000 -0.131028262406404E+000 -0.139055866467596E+003 -0.139055866467596E+003 -0.139056546330449E+003
  0.101660860548810E+000  0.199809359816640E+001  0.509093991703923E+000  0.104986251358158E+000 -0.131028262406404E+000 -0.139055805470302E+003 -0.139055805470302E+003 -0.139057492731385E+003
  0.100088454697049E+000  0.177240957915434E+001  0.772147773075680E+000  0.103897241678339E+000 -0.131028262406404E+000 -0.139055737935124E+003 -0.139055737935124E+003 -0.139056117831003E+003
  0.100508838176051E+000  0.174221281821607E+001  0.659877001588511E+000  0.101721602777587E+000 -0.131028262406404E+000 -0.139055491439132E+003 -0.139055491439132E+003 -0.139056046585870E+003
  0.100937401753183E+000  0.198983918947557E+001  0.811033838117042E+000  0.102793895190315E+000 -0.131028262406404E+000 -0.139055356202910E+003 -0.139055356202910E+003 -0.139055949531302E+003
  0.102846920143145E+000  0.197094662930139E+001  0.418692028274552E-001  0.102063134573532E+000 -0.131028262406404E+000 -0.139055583130828E+003 -0.139055583130828E+003 -0.139060823694872E+003
  0.101733703801217E+000  0.188047226193978E+001  0.839028187844729E+000  0.103060468567592E+000 -0.131028262406404E+000 -0.139055708079399E+003 -0.139055708079399E+003 -0.139055893926442E+003
  0.103185577578592E+000  0.192549764600370E+001  0.169426964509673E+000  0.101739278151167E+000 -0.131028262406404E+000 -0.139055659483894E+003 -0.139055659483894E+003 -0.139060278496440E+003
  0.104649321117905E+000  0.198560214420526E+001  0.355702409438743E+000  0.101595964488616E+000 -0.131028262406404E+000 -0.139055776269631E+003 -0.139055776269631E+003 -0.139056158211152E+003
  0.101641238942440E+000  0.196243188621129E+001  0.502695130246800E+000  0.100616377875925E+000 -0.131028262406404E+000 -0.139055171178837E+003 -0.139055171178837E+003 -0.139056823456102E+003
  0.101646060543291E+000  0.188776788585014E+001  0.179758385107899E+000  0.104139354267732E+000 -0.131028262406404E+000 -0.139055857342249E+003 -0.139055857342249E+003 -0.139057764012262E+003
  0.100435039646887E+000  0.154034082942165E+001  0.697334395837599E+000  0.102116388230167E+000 -0.131028262406404E+000 -0.139055812082994E+003 -0.139055812082994E+003 -0.139056234099739E+003
  0.102528978784124E+000  0.183890749080646E+001  0.275476270678055E+000  0.100555022793816E+000 -0.131028262406404E+000 -0.139055490026437E+003 -0.139055490026437E+003 -0.139056233442115E+003
  0.101427224279181E+000  0.197593510205003E+001  0.672270935586958E+000  0.103542988822250E+000 -0.131028262406404E+000 -0.139055577692720E+003 -0.139055577692720E+003 -0.139057467750806E+003
  0.100029956971375E+000  0.151852226239858E+001  0.290836337366592E+000  0.101341063856658E+000 -0.131028262406404E+000 -0.139055635488022E+003 -0.139055635488022E+003 -0.139056683791807E+003
  0.100288722962591E+000  0.147510352142777E+001  0.857509189312678E+000  0.100975140574571E+000 -0.131028262406404E+000 -0.139055665032623E+003 -0.139055665032623E+003 -0.139056186777213E+003
  0.100757713942771E+000  0.185702187727136E+001  0.357921203659933E+000  0.102572298823270E+000 -0.131028262406404E+000 -0.139055503915048E+003 -0.139055503915048E+003 -0.139055895933655E+003
  0.101327618533834E+000  0.187953390826168E+001  0.665320916519046E+000  0.103391227813894E+000 -0.131028262406404E+000 -0.139055695925831E+003 -0.139055695925831E+003 -0.139055929485913E+003
  0.104278704817812E+000  0.187836249349013E+001  0.349942405639344E-001  0.101070106529250E+000 -0.131028262406404E+000 -0.139055800925667E+003 -0.139055800925667E+003 -0.139056052444617E+003
  0.102747948545959E+000  0.196935200211941E+001  0.753628161999318E-001  0.101469576260711E+000 -0.131028262406404E+000 -0.139055474414227E+003 -0.139055474414227E+003 -0.139055937581027E+003
  0.102692797172517E+000  0.186665721339440E+001  0.203248641686283E+000  0.100511643086176E+000 -0.131028262406404E+000 -0.139055468556787E+003 -0.139055468556787E+003 -0.139055943057951E+003
  0.102943172003818E+000  0.199983636539726E+001  0.836656375311754E+000  0.102654971383514E+000 -0.131028262406404E+000 -0.139055645238614E+003 -0.139055645238614E+003 -0.139055943341270E+003
  0.102500657039264E+000  0.192986806043797E+001  0.676786085226758E+000  0.101120798462767E+000 -0.131028262406404E+000 -0.139055440842737E+003 -0.139055440842737E+003 -0.139055968681721E+003
  0.100523454060192E+000  0.193326097381340E+001  0.754969483220660E+000  0.101595517197592E+000 -0.131028262406404E+000 -0.139055191405097E+003 -0.139055191405097E+003 -0.139056275299689E+003
  0.100536581133981E+000  0.144448907486226E+001  0.133965956197448E+000  0.100042404382835E+000 -0.131028262406404E+000 -0.139055575848324E+003 -0.139055575848324E+003 -0.139057070638030E+003
  0.100010356571769E+000  0.176007057701227E+001  0.165384325265379E+000  0.103288871557049E+000 -0.131028262406404E+000 -0.139055642737384E+003 -0.139055642737384E+003 -0.139056076875027E+003
  0.100376523420661E+000  0.165176068712762E+001  0.278407562447464E+000  0.100629862120067E+000 -0.131028262406404E+000 -0.139055407182745E+003 -0.139055407182745E+003 -0.139055928036119E+003
  0.104625012521889E+000  0.192239219444008E+001  0.270952266488334E-001  0.100998410717724E+000 -0.131028262406404E+000 -0.139055776524753E+003 -0.139055776524753E+003 -0.139055885010173E+003
  0.101069454962804E+000  0.189228694554269E+001  0.950239689325298E+000  0.102732512547601E+000 -0.131028262406404E+000 -0.139055526304809E+003 -0.139055526304809E+003 -0.139055935124855E+003
  0.103917155503183E+000  0.193669971331759E+001  0.176222642654155E-001  0.100589779932313E+000 -0.131028262406404E+000 -0.139055572282364E+003 -0.139055572282364E+003 -0.139056016090661E+003
  0.101064788495114E+000  0.199840986639180E+001  0.951814555041989E-001  0.102256659029932E+000 -0.131028262406404E+000 -0.139055278865247E+003 -0.139055278865247E+003 -0.139055986064818E+003
  0.100572790996308E+000  0.193006297374662E+001  0.553165029718206E+000  0.102224894292696E+000 -0.131028262406404E+000 -0.139055304026759E+003 -0.139055304026759E+003 -0.139056227309695E+003
  0.103387802589469E+000  0.183371391874707E+001  0.380986354848950E-001  0.100932018538231E+000 -0.131028262406404E+000 -0.139055700135285E+003 -0.139055700135285E+003 -0.139055909015550E+003
  0.102360867137543E+000  0.187131691258287E+001  0.697979772756891E+000  0.102268584453268E+000 -0.131028262406404E+000 -0.139055696550488E+003 -0.139055696550488E+003 -0.139056073400811E+003
  0.100066039288202E+000  0.191165609961373E+001  0.877012623876032E+000  0.105510828147126E+000 -0.131028262406404E+000 -0.139055771392221E+003 -0.139055771392221E+003 -0.139056440951555E+003
  0.100124412890127E+000  0.198297727791486E+001  0.594767556974798E+000  0.105774734929686E+000 -0.131028262406404E+000 -0.139055697827339E+003 -0.139055697827339E+003 -0.139056761382285E+003
  0.100440270420646E+000  0.162413412764882E+001  0.799872658419189E-001  0.101768790033451E+000 -0.131028262406404E+000 -0.139055647033508E+003 -0.139055647033508E+003 -0.139055971724661E+003
  0.100458937183303E+000  0.144642414477726E+001  0.406371446645142E+000  0.101312176365678E+000 -0.131028262406404E+000 -0.139055785285688E+003 -0.139055785285688E+003 -0.139056311113686E+003
  0.101742939071646E+000  0.169635812492664E+001  0.348645613739297E+000  0.101664952430059E+000 -0.131028262406404E+000 -0.139055749746933E+003 -0.139055749746933E+003 -0.139059214446539E+003
  0.101544069457602E+000  0.194150711320136E+001  0.256150265249698E+000  0.103203955806710E+000 -0.131028262406404E+000 -0.139055600754966E+003 -0.139055600754966E+003 -0.139056313516431E+003
  0.102466208125601E+000  0.182372159910799E+001  0.468816165880482E+000  0.101443689350524E+000 -0.131028262406404E+000 -0.139055649798334E+003 -0.139055649798334E+003 -0.139056566370827E+003
  0.101436611890260E+000  0.199861405578243E+001  0.840944422110119E+000  0.102652163849561E+000 -0.131028262406404E+000 -0.139055400873363E+003 -0.139055400873363E+003 -0.139058896362630E+003
  0.100675063390623E+000  0.197981335204358E+001  0.768193747127712E+000  0.103460183810480E+000 -0.131028262406404E+000 -0.139055434115370E+003 -0.139055434115370E+003 -0.139056137676791E+003
  0.101803477983167E+000  0.189371309165586E+001  0.851907078495910E+000  0.102511639192766E+000 -0.131028262406404E+000 -0.139055609274933E+003 -0.139055609274933E+003 -0.139055945240951E+003
  0.100759592142531E+000  0.180488828835806E+001  0.445081357464859E+000  0.103908893097128E+000 -0.131028262406404E+000 -0.139055803278803E+003 -0.139055803278803E+003 -0.139055933246861E+003
  0.101965718496427E+000  0.165035817274077E+001  0.846276501233718E+000  0.101647533519724E+000 -0.131028262406404E+000 -0.139055846061107E+003 -0.139055846061107E+003 -0.139058080461055E+003
  0.101507196336279E+000  0.186554126942527E+001  0.737559498265543E+000  0.103526112100364E+000 -0.131028262406404E+000 -0.139055770236950E+003 -0.139055770236950E+003 -0.139056079102057E+003
  0.101900000209838E+000  0.166755781619577E+001  0.107959383710756E+000  0.100330011904179E+000 -0.131028262406404E+000 -0.139055585682956E+003 -0.139055585682956E+003 -0.139057424090942E+003
  0.103983834237637E+000  0.183015166413898E+001  0.513002715753538E-001  0.100818031477461E+000 -0.131028262406404E+000 -0.139055783420749E+003 -0.139055783420749E+003 -0.139057316759152E+003
  0.100574994638736E+000  0.191108907837486E+001  0.156633927696949E+000  0.100083032125932E+000 -0.131028262406404E+000 -0.139054993466788E+003 -0.139054993466788E+003 -0.139056077064557E+003
  0.103981066779134E+000  0.179177284366235E+001  0.595446957210867E+000  0.100048286739284E+000 -0.131028262406404E+000 -0.139055708075887E+003 -0.139055708075887E+003 -0.139056086995091E+003
  0.100216291244706E+000  0.177308488477615E+001  0.262355988436425E+000  0.103019285297120E+000 -0.131028262406404E+000 -0.139055613530855E+003 -0.139055613530855E+003 -0.139056313960771E+003
  0.100659884741833E+000  0.184038119863553E+001  0.580334470633590E+000  0.102299815245691E+000 -0.131028262406404E+000 -0.139055468863800E+003 -0.139055468863800E+003 -0.139056341320862E+003
  0.100302364971816E+000  0.129200532307022E+001  0.151250812596824E+000  0.100205041092304E+000 -0.131028262406404E+000 -0.139055720320119E+003 -0.139055720320119E+003 -0.139055953641557E+003
  0.103474171092453E+000  0.172364890881492E+001  0.461640117865571E+000  0.100025958800949E+000 -0.131028262406404E+000 -0.139055716278456E+003 -0.139055716278456E+003 -0.139056846422552E+003
  0.100914960106348E+000  0.171599748086125E+001  0.528960058647359E+000  0.103225890876204E+000 -0.131028262406404E+000 -0.139055848535616E+003 -0.139055848535616E+003 -0.139055897608708E+003
  0.101732013216837E+000  0.192520115015986E+001  0.674451651034607E+000  0.100392192932338E+000 -0.131028262406404E+000 -0.139055206893924E+003 -0.139055206893924E+003 -0.139056176440070E+003
  0.102510113527942E+000  0.151098799728030E+001  0.670958155120112E+000  0.100006516365376E+000 -0.131028262406404E+000 -0.139055821630399E+003 -0.139055821630399E+003 -0.139055924046474E+003
  0.100404519469023E+000  0.171411492617657E+001  0.655841200728323E+000  0.103138616304680E+000 -0.131028262406404E+000 -0.139055750604828E+003 -0.139055750604828E+003 -0.139056601457892E+003
  0.101345647565910E+000  0.195882967582613E+001  0.127031957510520E+000  0.102502063926248E+000 -0.131028262406404E+000 -0.139055428034559E+003 -0.139055428034559E+003 -0.139055985983452E+003
  0.100607907867269E+000  0.120132719325390E+001  0.262292207422935E+000  0.100079426780976E+000 -0.131028262406404E+000 -0.139055830741765E+003 -0.139055830741765E+003 -0.139056048880211E+003
  0.102247785701702E+000  0.194470563807927E+001  0.350444988825267E+000  0.100166996534312E+000 -0.131028262406404E+000 -0.139055223702582E+003 -0.139055223702582E+003 -0.139057139835375E+003
  0.100731120750070E+000  0.188431044405565E+001  0.241307337572288E+000  0.100431453083225E+000 -0.131028262406404E+000 -0.139055113350444E+003 -0.139055113350444E+003 -0.139055941648992E+003
  0.100267316774152E+000  0.184956691751430E+001  0.231930891786667E+000  0.102395594563447E+000 -0.131028262406404E+000 -0.139055405810263E+003 -0.139055405810263E+003 -0.139056294377812E+003
  0.101515730883289E+000  0.165438761135492E+001  0.493065942534223E+000  0.101929615116175E+000 -0.131028262406404E+000 -0.139055814233518E+003 -0.139055814233518E+003 -0.139057319010587E+003
  0.102070589634404E+000  0.146298696536637E+001  0.659222889124266E-001  0.100314533596807E+000 -0.131028262406404E+000 -0.139055858477446E+003 -0.139055858477446E+003 -0.139056211290888E+003
  0.100841498255550E+000  0.197198586041484E+001  0.822815145294924E+000  0.103770987466037E+000 -0.131028262406404E+000 -0.139055523517647E+003 -0.139055523517647E+003 -0.139056421928208E+003
  0.102104354016840E+000  0.160428394788942E+001  0.984369822674027E+000  0.101243410035314E+000 -0.131028262406404E+000 -0.139055859105455E+003 -0.139055859105455E+003 -0.139056675638257E+003
  0.101140908724120E+000  0.190851675843182E+001  0.823834757239854E-001  0.102836572611590E+000 -0.131028262406404E+000 -0.139055529028509E+003 -0.139055529028509E+003 -0.139055969087979E+003
  0.101367371491052E+000  0.194941552040548E+001  0.466642014584426E+000  0.103444271960729E+000 -0.131028262406404E+000 -0.139055596757155E+003 -0.139055596757155E+003 -0.139055893215578E+003
  0.102233281453056E+000  0.178798556276333E+001  0.141945961336361E+000  0.100941023265574E+000 -0.131028262406404E+000 -0.139055579749451E+003 -0.139055579749451E+003 -0.139055948223791E+003
  0.100126307035832E+000  0.193168276176931E+001  0.771458801857953E+000  0.103208861979518E+000 -0.131028262406404E+000 -0.139055383693995E+003 -0.139055383693995E+003 -0.139056181256197E+003
  0.100293330618534E+000  0.183576129222021E+001  0.482405904482024E+000  0.103838706145979E+000 -0.131028262406404E+000 -0.139055665283777E+003 -0.139055665283777E+003 -0.139055886823249E+003
  0.101948864991149E+000  0.191678370231010E+001  0.770909966296831E+000  0.101690672661772E+000 -0.131028262406404E+000 -0.139055463831173E+003 -0.139055463831173E+003 -0.139056181464069E+003
  0.103245234056272E+000  0.173536939335117E+001  0.824799945958289E+000  0.100393367303702E+000 -0.131028262406404E+000 -0.139055726075054E+003 -0.139055726075054E+003 -0.139055884725707E+003
  0.100821932084414E+000  0.131380931956362E+001  0.180925959870272E+000  0.100689265621853E+000 -0.131028262406404E+000 -0.139055874154585E+003 -0.139055874154585E+003 -0.139055993101233E+003
  0.101457725136765E+000  0.160165458159051E+001  0.220942060901095E+000  0.101259839075896E+000 -0.131028262406404E+000 -0.139055757695728E+003 -0.139055757695728E+003 -0.139055992156070E+003
  0.102104965019453E+000  0.197891756430153E+001  0.798037952911159E+000  0.101418894162066E+000 -0.131028262406404E+000 -0.139055347039491E+003 -0.139055347039491E+003 -0.139056410056841E+003
  0.101172728110692E+000  0.153954774139806E+001  0.168073132066221E+000  0.101244389561660E+000 -0.131028262406404E+000 -0.139055784470429E+003 -0.139055784470429E+003 -0.139056110756871E+003
  0.100195399845787E+000  0.194938553700429E+001  0.453240446064486E+000  0.103877070891032E+000 -0.131028262406404E+000 -0.139055471174522E+003 -0.139055471174522E+003 -0.139056173848284E+003
  0.101877034470293E+000  0.196184785950698E+001  0.737709137860156E-002  0.103880935772937E+000 -0.131028262406404E+000 -0.139055729790263E+003 -0.139055729790263E+003 -0.139055979683221E+003
  0.101249606904481E+000  0.193476626025009E+001  0.604516331566298E+000  0.101383554724814E+000 -0.131028262406404E+000 -0.139055273013394E+003 -0.139055273013394E+003 -0.139056339664859E+003
  0.100140330479592E+000  0.127624785811231E+001  0.752300785706990E+000  0.100042873179654E+000 -0.131028262406404E+000 -0.139055678668799E+003 -0.139055678668799E+003 -0.139056045236678E+003
  0.100077008572466E+000  0.192155126387635E+001  0.137696139238871E+000  0.101637524246719E+000 -0.131028262406404E+000 -0.139055143759384E+003 -0.139055143759384E+003 -0.139056170140838E+003
  0.104740526669976E+000  0.199108355237290E+001  0.686327246487548E+000  0.100848743973095E+000 -0.131028262406404E+000 -0.139055660218652E+003 -0.139055660218652E+003 -0.139056520485070E+003
  0.100799358830742E+000  0.167655286218344E+001  0.463845261138499E+000  0.100808435615516E+000 -0.131028262406404E+000 -0.139055474863305E+003 -0.139055474863305E+003 -0.139057030364535E+003
  0.102925292499398E+000  0.194236144763300E+001  0.570806816082847E+000  0.102038626717964E+000 -0.131028262406404E+000 -0.139055638599469E+003 -0.139055638599469E+003 -0.139056195336715E+003
  0.101599907965638E+000  0.187330104565612E+001  0.584227041766841E+000  0.100711308385989E+000 -0.131028262406404E+000 -0.139055314772100E+003 -0.139055314772100E+003 -0.139055979319094E+003
  0.100506234509077E+000  0.154897507074318E+001  0.233796133584806E+000  0.101596827384882E+000 -0.131028262406404E+000 -0.139055723041456E+003 -0.139055723041456E+003 -0.139056138513704E+003
  0.100310751144656E+000  0.167278821909253E+001  0.147132841121161E+000  0.100999198761945E+000 -0.131028262406404E+000 -0.139055431619358E+003 -0.139055431619358E+003 -0.139056269224974E+003
  0.101569380825689E+000  0.199905725951692E+001  0.600716388553517E+000  0.104506332866707E+000 -0.131028262406404E+000 -0.139055713001450E+003 -0.139055713001450E+003 -0.139055895739167E+003
  0.100403076255103E+000  0.195511877681654E+001  0.487550984436277E+000  0.105683562571081E+000 -0.131028262406404E+000 -0.139055780167864E+003 -0.139055780167864E+003 -0.139059866932154E+003
  0.100512523544711E+000  0.196465664882842E+001  0.277994102217722E+000  0.101713506136952E+000 -0.131028262406404E+000 -0.139055158973125E+003 -0.139055158973125E+003 -0.139056445890541E+003
  0.101077632591747E+000  0.181291009784110E+001  0.939017745068166E+000  0.100025987896941E+000 -0.131028262406404E+000 -0.139055205360350E+003 -0.139055205360350E+003 -0.139056019378059E+003
  0.101226434305209E+000  0.184303538191263E+001  0.395822524668871E+000  0.101949591991047E+000 -0.131028262406404E+000 -0.139055500972841E+003 -0.139055500972841E+003 -0.139058072891873E+003
  0.105450086687395E+000  0.187632363582611E+001  0.437626652937963E+000  0.100181765806231E+000 -0.131028262406404E+000 -0.139055844443054E+003 -0.139055844443054E+003 -0.139056351208526E+003
  0.100524152895059E+000  0.188093496052381E+001  0.856582662798477E+000  0.102195649050421E+000 -0.131028262406404E+000 -0.139055367958996E+003 -0.139055367958996E+003 -0.139055996550509E+003
  0.101578348016354E+000  0.192705908766181E+001  0.573305617723983E+000  0.101475250745763E+000 -0.131028262406404E+000 -0.139055352917728E+003 -0.139055352917728E+003 -0.139055924487101E+003
  0.100784830335061E+000  0.195606975899519E+001  0.667244549190118E+000  0.100297033626149E+000 -0.131028262406404E+000 -0.139054993690895E+003 -0.139054993690895E+003 -0.139056448806123E+003
  0.103156489347266E+000  0.160605933386350E+001  0.447309651118505E+000  0.100064878997423E+000 -0.131028262406404E+000 -0.139055824126034E+003 -0.139055824126034E+003 -0.139056025612930E+003
  0.100556745951683E+000  0.161419752716634E+001  0.338912888127998E+000  0.100684968377279E+000 -0.131028262406404E+000 -0.139055493604685E+003 -0.139055493604685E+003 -0.139057294052158E+003
  0.100369250500922E+000  0.164853997029358E+001  0.126057733138425E-001  0.102444360953589E+000 -0.131028262406404E+000 -0.139055718204157E+003 -0.139055718204157E+003 -0.139055879449533E+003
  0.100802806968482E+000  0.196241205207146E+001  0.463944374547284E-001  0.105538547810085E+000 -0.131028262406404E+000 -0.139055811926428E+003 -0.139055811926428E+003 -0.139056231325203E+003
  0.100526028313979E+000  0.196118809961641E+001  0.973198693762503E+000  0.100198941897061E+000 -0.131028262406404E+000 -0.139054929343414E+003 -0.139054929343414E+003 -0.139056266309805E+003
  0.100073170893167E+000  0.174286359569603E+001  0.621142833647673E+000  0.100265909020948E+000 -0.131028262406404E+000 -0.139055177955036E+003 -0.139055177955036E+003 -0.139055903869664E+003
  0.100924301524223E+000  0.189782094405998E+001  0.240766598830322E+000  0.102492545694913E+000 -0.131028262406404E+000 -0.139055455085903E+003 -0.139055455085903E+003 -0.139056237677797E+003
  0.103142648514416E+000  0.196357726634984E+001  0.167953167266612E+000  0.100734614896546E+000 -0.131028262406404E+000 -0.139055429063631E+003 -0.139055429063631E+003 -0.139056068008685E+003
  0.106140894260113E+000  0.192258845135455E+001  0.711057931557921E+000  0.100108964630028E+000 -0.131028262406404E+000 -0.139055872284234E+003 -0.139055872284234E+003 -0.139055890453176E+003
  0.101726477345717E+000  0.166261934137017E+001  0.393642217708178E+000  0.100617330457738E+000 -0.131028262406404E+000 -0.139055612903320E+003 -0.139055612903320E+003 -0.139056913249850E+003
  0.101730852292854E+000  0.170637204917301E+001  0.932322751445059E+000  0.101970365287896E+000 -0.131028262406404E+000 -0.139055785950400E+003 -0.139055785950400E+003 -0.139063635617825E+003
  0.102069853536571E+000  0.150814098335590E+001  0.216916748809999E+000  0.100367005051207E+000 -0.131028262406404E+000 -0.139055816203573E+003 -0.139055816203573E+003 -0.139055946001739E+003
  0.102524655839990E+000  0.199037104717911E+001  0.626539184071331E+000  0.100241941356009E+000 -0.131028262406404E+000 -0.139055209252985E+003 -0.139055209252985E+003 -0.139056009662073E+003
  0.101377883777843E+000  0.186231895461448E+001  0.366744059118244E+000  0.100130803867868E+000 -0.131028262406404E+000 -0.139055200693607E+003 -0.139055200693607E+003 -0.139056120711047E+003
  0.100341354215604E+000  0.185786668810363E+001  0.188708508679402E+000  0.101751871199675E+000 -0.131028262406404E+000 -0.139055301602813E+003 -0.139055301602813E+003 -0.139055952855897E+003
  0.101486194975674E+000  0.195247598832160E+001  0.616159861105059E+000  0.104657673936450E+000 -0.131028262406404E+000 -0.139055804569526E+003 -0.139055804569526E+003 -0.139056134058190E+003
  0.102215894807383E+000  0.178792767487337E+001  0.628579310454596E+000  0.102361857229192E+000 -0.131028262406404E+000 -0.139055815260028E+003 -0.139055815260028E+003 -0.139056049928045E+003
  0.101417638717803E+000  0.186610666127921E+001  0.252501902104604E+000  0.101849958156919E+000 -0.131028262406404E+000 -0.139055481163111E+003 -0.139055481163111E+003 -0.139071988159244E+003
  0.101212578094427E+000  0.148655880174197E+001  0.778353921357044E+000  0.100597909736574E+000 -0.131028262406404E+000 -0.139055739554887E+003 -0.139055739554887E+003 -0.139055932930185E+003
  0.100582242323340E+000  0.196836916078155E+001  0.682577643132454E+000  0.102761297829363E+000 -0.131028262406404E+000 -0.139055328469456E+003 -0.139055328469456E+003 -0.139055895271440E+003
  0.103497561952980E+000  0.191312545038299E+001  0.185026125227914E+000  0.102186974520033E+000 -0.131028262406404E+000 -0.139055803760964E+003 -0.139055803760964E+003 -0.139056181887876E+003
  0.100694264351707E+000  0.194843654161738E+001  0.461532851744130E+000  0.100093704842788E+000 -0.131028262406404E+000 -0.139054958775191E+003 -0.139054958775191E+003 -0.139056547828071E+003
  0.101143558700310E+000  0.148708153722693E+001  0.434590799251641E+000  0.101257736956383E+000 -0.131028262406404E+000 -0.139055844180297E+003 -0.139055844180297E+003 -0.139056282172842E+003
  0.102999536013227E+000  0.162314316885264E+001  0.506499971559653E+000  0.100038216929077E+000 -0.131028262406404E+000 -0.139055772207560E+003 -0.139055772207560E+003 -0.139056517481860E+003
  0.102712329316843E+000  0.187959096743138E+001  0.319671640137516E+000  0.101401330287140E+000 -0.131028262406404E+000 -0.139055598726985E+003 -0.139055598726985E+003 -0.139056211497103E+003
  0.104442494598173E+000  0.198780755431167E+001  0.417930049941346E+000  0.101555178195537E+000 -0.131028262406404E+000 -0.139055732431679E+003 -0.139055732431679E+003 -0.139056385304830E+003
  0.101322675748428E+000  0.170218819681313E+001  0.366591916280649E+000  0.100072513853167E+000 -0.131028262406404E+000 -0.139055402444036E+003 -0.139055402444036E+003 -0.139056258501097E+003
  0.101919055298148E+000  0.186156519937878E+001  0.988156621440387E+000  0.103552092437644E+000 -0.131028262406404E+000 -0.139055849660087E+003 -0.139055849660087E+003 -0.139055998024211E+003
  0.100327620514997E+000  0.134766945439981E+001  0.663674637860904E+000  0.100861099356624E+000 -0.131028262406404E+000 -0.139055788170583E+003 -0.139055788170583E+003 -0.139056515821312E+003
  0.103280211583693E+000  0.184483931013430E+001  0.663910251866408E+000  0.100024467391514E+000 -0.131028262406404E+000 -0.139055514596166E+003 -0.139055514596166E+003 -0.139057186805194E+003
  0.100357327909478E+000  0.180132628743985E+001  0.562498901241637E+000  0.103055260782120E+000 -0.131028262406404E+000 -0.139055600931320E+003 -0.139055600931320E+003 -0.139056297283786E+003
  0.103494829538065E+000  0.182994612690539E+001  0.639320729352735E+000  0.100650473467197E+000 -0.131028262406404E+000 -0.139055675872939E+003 -0.139055675872939E+003 -0.139055913710267E+003
  0.101872023196835E+000  0.192227485647763E+001  0.757419449246064E+000  0.104160801653533E+000 -0.131028262406404E+000 -0.139055841066845E+003 -0.139055841066845E+003 -0.139055973160060E+003
  0.102682120788496E+000  0.174967483722086E+001  0.176854108643459E-001  0.100866590477767E+000 -0.131028262406404E+000 -0.139055694839652E+003 -0.139055694839652E+003 -0.139055878017104E+003
  0.101792993428707E+000  0.191998123446046E+001  0.430561888705815E+000  0.100273519253059E+000 -0.131028262406404E+000 -0.139055205466543E+003 -0.139055205466543E+003 -0.139055940893697E+003
  0.100294478386744E+000  0.175929230945274E+001  0.598140327148393E+000  0.104337856266165E+000 -0.131028262406404E+000 -0.139055865645554E+003 -0.139055865645554E+003 -0.139056106368261E+003
  0.101009240399285E+000  0.154666280527958E+001  0.725657886071645E+000  0.101037145100777E+000 -0.131028262406404E+000 -0.139055712351439E+003 -0.139055712351439E+003 -0.139055930276919E+003
  0.100685722242242E+000  0.145099814179083E+001  0.429384313292333E+000  0.100721965987690E+000 -0.131028262406404E+000 -0.139055713682150E+003 -0.139055713682150E+003 -0.139055877156122E+003
  0.101481996755781E+000  0.188599868845765E+001  0.773584421460095E+000  0.100074903123617E+000 -0.131028262406404E+000 -0.139055173959991E+003 -0.139055173959991E+003 -0.139055874762894E+003
  0.103718419976930E+000  0.179078750120001E+001  0.999508860003304E+000  0.100632964921820E+000 -0.131028262406404E+000 -0.139055766292977E+003 -0.139055766292977E+003 -0.139055919227910E+003
  0.100743871480134E+000  0.185308356783122E+001  0.243095712231032E-001  0.102492397757851E+000 -0.131028262406404E+000 -0.139055494706526E+003 -0.139055494706526E+003 -0.139056007759054E+003
  0.102195542314463E+000  0.197350374316658E+001  0.259297151467578E+000  0.100341335980673E+000 -0.131028262406404E+000 -0.139055198914755E+003 -0.139055198914755E+003 -0.139056387232532E+003
  0.100761575017664E+000  0.177370767266879E+001  0.732133861728814E+000  0.101484410874550E+000 -0.131028262406404E+000 -0.139055449364187E+003 -0.139055449364187E+003 -0.139056140954219E+003
  0.100654194602027E+000  0.176408309585791E+001  0.855374853742903E+000  0.100745920055524E+000 -0.131028262406404E+000 -0.139055323032904E+003 -0.139055323032904E+003 -0.139056258939742E+003
  0.104176266231235E+000  0.177533346508761E+001  0.571445155356314E+000  0.100317210064204E+000 -0.131028262406404E+000 -0.139055809099967E+003 -0.139055809099967E+003 -0.139056725864018E+003
  0.100287031417894E+000  0.190986802615610E+001  0.529022932665335E-001  0.104785666185403E+000 -0.131028262406404E+000 -0.139055696343860E+003 -0.139055696343860E+003 -0.139055990366270E+003
  0.100387983977438E+000  0.158413509359512E+001  0.215610478601308E+000  0.102533561765321E+000 -0.131028262406404E+000 -0.139055821333328E+003 -0.139055821333328E+003 -0.139056015170739E+003
  0.102693831416606E+000  0.195229949370493E+001  0.192710885049563E+000  0.101596097488837E+000 -0.131028262406404E+000 -0.139055513396622E+003 -0.139055513396622E+003 -0.139055896276242E+003
  0.100489579266576E+000  0.167428710313746E+001  0.913663339474941E+000  0.100910454753744E+000 -0.131028262406404E+000 -0.139055444127182E+003 -0.139055444127182E+003 -0.139057273770005E+003
  0.101197745986927E+000  0.134924687206525E+001  0.318173430102494E+000  0.100204368104615E+000 -0.131028262406404E+000 -0.139055814041390E+003 -0.139055814041390E+003 -0.139056277956907E+003
  0.100861806418994E+000  0.182900996183582E+001  0.951700559654699E-001  0.104400693391424E+000 -0.131028262406404E+000 -0.139055863448008E+003 -0.139055863448008E+003 -0.139057213080731E+003
  0.101744418819708E+000  0.173790748491228E+001  0.562054645873795E+000  0.101961944740864E+000 -0.131028262406404E+000 -0.139055742388502E+003 -0.139055742388502E+003 -0.139056522922871E+003
  0.100020581643787E+000  0.174791589425553E+001  0.295954501154175E+000  0.104000869595383E+000 -0.131028262406404E+000 -0.139055780379541E+003 -0.139055780379541E+003 -0.139056381693593E+003
  0.100145387848470E+000  0.183007665195868E+001  0.211279748637982E+000  0.101765676741798E+000 -0.131028262406404E+000 -0.139055312939989E+003 -0.139055312939989E+003 -0.139056538585130E+003
  0.101145867890534E+000  0.185364395159131E+001  0.640520994886155E+000  0.102302143459021E+000 -0.131028262406404E+000 -0.139055529186795E+003 -0.139055529186795E+003 -0.139057039780319E+003
  0.101985954619246E+000  0.159847390946940E+001  0.197770379201811E+000  0.100062337926927E+000 -0.131028262406404E+000 -0.139055640745730E+003 -0.139055640745730E+003 -0.139056153221388E+003
  0.103094163942716E+000  0.199788704122042E+001  0.554428315852043E+000  0.102244769621625E+000 -0.131028262406404E+000 -0.139055607714938E+003 -0.139055607714938E+003 -0.139055889248656E+003
  0.100981080168459E+000  0.177997696012271E+001  0.349308693893228E+000  0.101431557468552E+000 -0.131028262406404E+000 -0.139055467754686E+003 -0.139055467754686E+003 -0.139056149563538E+003
  0.101501542803998E+000  0.188096503551645E+001  0.677930651800968E+000  0.102658913786552E+000 -0.131028262406404E+000 -0.139055603533079E+003 -0.139055603533079E+003 -0.139055911015586E+003
  0.100719440358079E+000  0.180916130165362E+001  0.410439764096783E+000  0.102580791106635E+000 -0.131028262406404E+000 -0.139055571531381E+003 -0.139055571531381E+003 -0.139055936918141E+003
  0.102738411283840E+000  0.174831748233884E+001  0.900591757013124E+000  0.101089123575207E+000 -0.131028262406404E+000 -0.139055743833726E+003 -0.139055743833726E+003 -0.139055883933264E+003
  0.104794973727125E+000  0.186135474414327E+001  0.266358452177322E+000  0.100209328179178E+000 -0.131028262406404E+000 -0.139055765787800E+003 -0.139055765787800E+003 -0.139055904714106E+003
  0.104175831384455E+000  0.183667187988299E+001  0.719777849711330E+000  0.100022287021602E+000 -0.131028262406404E+000 -0.139055670612346E+003 -0.139055670612346E+003 -0.139056161369228E+003
  0.100101707024252E+000  0.195314091756861E+001  0.531129324084292E+000  0.102011497239111E+000 -0.131028262406404E+000 -0.139055157264207E+003 -0.139055157264207E+003 -0.139056725119119E+003
  0.101840035615499E+000  0.185261776297785E+001  0.465194439049811E+000  0.101415029590487E+000 -0.131028262406404E+000 -0.139055499521140E+003 -0.139055499521140E+003 -0.139055906370050E+003
  0.100075024902019E+000  0.196565257472399E+001  0.519354331167549E+000  0.105279512310775E+000 -0.131028262406404E+000 -0.139055642988449E+003 -0.139055642988449E+003 -0.139055953942859E+003
  0.104770846451539E+000  0.189844884773934E+001  0.761095903890658E+000  0.100380093819871E+000 -0.131028262406404E+000 -0.139055734400108E+003 -0.139055734400108E+003 -0.139056623787339E+003
  0.101349683030676E+000  0.190006003503542E+001  0.350284794788708E+000  0.103745794385874E+000 -0.131028262406404E+000 -0.139055723753551E+003 -0.139055723753551E+003 -0.139055925233250E+003
  0.102243385900742E+000  0.192632581798803E+001  0.493816372961384E+000  0.100250464412924E+000 -0.131028262406404E+000 -0.139055264319867E+003 -0.139055264319867E+003 -0.139056596929691E+003
  0.104316549440677E+000  0.184425357272078E+001  0.381713405237807E+000  0.100353267838347E+000 -0.131028262406404E+000 -0.139055738108819E+003 -0.139055738108819E+003 -0.139055984917599E+003
  0.101053846924334E+000  0.188680717578063E+001  0.413467579987753E+000  0.104650991771529E+000 -0.131028262406404E+000 -0.139055842383614E+003 -0.139055842383614E+003 -0.139055875807153E+003
  0.103228010408961E+000  0.175959722432897E+001  0.956249684741044E+000  0.100434206284765E+000 -0.131028262406404E+000 -0.139055696660048E+003 -0.139055696660048E+003 -0.139056505463513E+003
  0.100301578662536E+000  0.128743182576749E+001  0.879956707752007E-001  0.100959155629358E+000 -0.131028262406404E+000 -0.139055861046443E+003 -0.139055861046443E+003 -0.139056306182812E+003
  0.103125190112200E+000  0.186419180602429E+001  0.946884937758598E+000  0.100469083831829E+000 -0.131028262406404E+000 -0.139055535075492E+003 -0.139055535075492E+003 -0.139057915148419E+003
  0.100757795641825E+000  0.183875553221840E+001  0.230276640942115E+000  0.102130469288921E+000 -0.131028262406404E+000 -0.139055459871569E+003 -0.139055459871569E+003 -0.139055914889113E+003
  0.102118283826202E+000  0.195883035520873E+001  0.407035037143592E+000  0.101123664534762E+000 -0.131028262406404E+000 -0.139055334157367E+003 -0.139055334157367E+003 -0.139056077539209E+003
  0.100909345950764E+000  0.129800304402538E+001  0.572442776386548E+000  0.100254212584602E+000 -0.131028262406404E+000 -0.139055825164662E+003 -0.139055825164662E+003 -0.139056089713696E+003
  0.103041837843671E+000  0.189634599252665E+001  0.640517426283865E+000  0.101833594245707E+000 -0.131028262406404E+000 -0.139055697631926E+003 -0.139055697631926E+003 -0.139056463461568E+003
  0.102297305612557E+000  0.178259507902260E+001  0.837354384249441E+000  0.100476560146617E+000 -0.131028262406404E+000 -0.139055519976200E+003 -0.139055519976200E+003 -0.139056028713653E+003
  0.100869698704864E+000  0.175362781306204E+001  0.713264212932874E+000  0.100734865319615E+000 -0.131028262406404E+000 -0.139055370727625E+003 -0.139055370727625E+003 -0.139062958731580E+003
  0.102513689196522E+000  0.164942606837331E+001  0.399628178747573E+000  0.100716249754848E+000 -0.131028262406404E+000 -0.139055776815534E+003 -0.139055776815534E+003 -0.139055888460119E+003
  0.101510526417672E+000  0.180232482653845E+001  0.583245954586755E+000  0.102692140206317E+000 -0.131028262406404E+000 -0.139055731578805E+003 -0.139055731578805E+003 -0.139055905037503E+003
  0.102600900570442E+000  0.198444677998002E+001  0.677995965665149E+000  0.103594276820169E+000 -0.131028262406404E+000 -0.139055765165980E+003 -0.139055765165980E+003 -0.139055952835165E+003
  0.100961503166851E+000  0.144297617608182E+001  0.956235730444361E-001  0.100947173623944E+000 -0.131028262406404E+000 -0.139055808666539E+003 -0.139055808666539E+003 -0.139056156002186E+003
  0.104043812289351E+000  0.197655568812892E+001  0.926065920985378E+000  0.101944741193818E+000 -0.131028262406404E+000 -0.139055749654268E+003 -0.139055749654268E+003 -0.139056265480418E+003
  0.102782501619153E+000  0.188708465711070E+001  0.277878193900477E+000  0.100950844122205E+000 -0.131028262406404E+000 -0.139055524663029E+003 -0.139055524663029E+003 -0.139055950683490E+003
  0.101464600426592E+000  0.178215977230393E+001  0.161334707647289E+000  0.101979630051553E+000 -0.131028262406404E+000 -0.139055635318309E+003 -0.139055635318309E+003 -0.139055958411899E+003
  0.104048273626260E+000  0.192834873498433E+001  0.235598988118648E+000  0.100856110102053E+000 -0.131028262406404E+000 -0.139055650254982E+003 -0.139055650254982E+003 -0.139055967517568E+003
  0.101104183020808E+000  0.198246778312596E+001  0.853373532995691E+000  0.103884901246982E+000 -0.131028262406404E+000 -0.139055567018773E+003 -0.139055567018773E+003 -0.139056203209491E+003
  0.100144453838646E+000  0.194043702637589E+001  0.247254691317667E-001  0.103170278113459E+000 -0.131028262406404E+000 -0.139055366399615E+003 -0.139055366399615E+003 -0.139056117985155E+003
  0.100896599087884E+000  0.185876098102479E+001  0.462291964818383E+000  0.103420918913278E+000 -0.131028262406404E+000 -0.139055662023059E+003 -0.139055662023059E+003 -0.139056140761862E+003
  0.100389287013748E+000  0.195116195314770E+001  0.111130235113830E+000  0.100090281498743E+000 -0.131028262406404E+000 -0.139054905646352E+003 -0.139054905646352E+003 -0.139056721328212E+003
  0.100197664025913E+000  0.109219340575923E+001  0.693613021556165E+000  0.100077958478595E+000 -0.131028262406404E+000 -0.139055850103861E+003 -0.139055850103861E+003 -0.139056054832432E+003
  0.100441244776189E+000  0.163177119877142E+001  0.868395921049114E+000  0.101236193234134E+000 -0.131028262406404E+000 -0.139055546431734E+003 -0.139055546431734E+003 -0.139056181127540E+003
  0.102788434844326E+000  0.196427400725069E+001  0.685955339830804E+000  0.101854177591645E+000 -0.131028262406404E+000 -0.139055550956217E+003 -0.139055550956217E+003 -0.139056065048929E+003
  0.101049383361364E+000  0.182697682722281E+001  0.152053612770077E+000  0.100491235659790E+000 -0.131028262406404E+000 -0.139055257166141E+003 -0.139055257166141E+003 -0.139056623563100E+003
  0.100062739271279E+000  0.180823008965829E+001  0.730542687326083E+000  0.104151113424935E+000 -0.131028262406404E+000 -0.139055720415370E+003 -0.139055720415370E+003 -0.139056330707098E+003
  0.100276865890248E+000  0.186295762796126E+001  0.176277504243520E+000  0.103026831881402E+000 -0.131028262406404E+000 -0.139055488672860E+003 -0.139055488672860E+003 -0.139056338696610E+003
  0.101179448725645E+000  0.167824670911690E+001  0.694362902938993E+000  0.101464387221637E+000 -0.131028262406404E+000 -0.139055646683464E+003 -0.139055646683464E+003 -0.139063274635739E+003
  0.102246159715957E+000  0.181788279994668E+001  0.204580054257377E+000  0.100748707455760E+000 -0.131028262406404E+000 -0.139055506790687E+003 -0.139055506790687E+003 -0.139056007678898E+003
  0.100044014583036E+000  0.197892338068268E+001  0.369709975396977E+000  0.106507833016502E+000 -0.131028262406404E+000 -0.139055805604236E+003 -0.139055805604236E+003 -0.139056371897275E+003
  0.100182119968031E+000  0.194793149216489E+001  0.349490702673246E+000  0.103463241665869E+000 -0.131028262406404E+000 -0.139055406392049E+003 -0.139055406392049E+003 -0.139055947338632E+003
  0.101453359085438E+000  0.153928620023534E+001  0.636431755277496E+000  0.101319592378440E+000 -0.131028262406404E+000 -0.139055844901895E+003 -0.139055844901895E+003 -0.139056061760112E+003
  0.101147368682957E+000  0.170612827365965E+001  0.121864475808015E+000  0.100863093203883E+000 -0.131028262406404E+000 -0.139055502092724E+003 -0.139055502092724E+003 -0.139056053045091E+003
  0.101110164233767E+000  0.193308398552464E+001  0.231009562015894E+000  0.101184144806765E+000 -0.131028262406404E+000 -0.139055221342127E+003 -0.139055221342127E+003 -0.139055893597334E+003
  0.101705956917736E+000  0.176409512372138E+001  0.664432129443110E+000  0.101588404658510E+000 -0.131028262406404E+000 -0.139055635818128E+003 -0.139055635818128E+003 -0.139057056353213E+003
  0.101144007898192E+000  0.198411973821708E+001  0.150826553263956E-001  0.105369636903729E+000 -0.131028262406404E+000 -0.139055804123807E+003 -0.139055804123807E+003 -0.139056367358230E+003
  0.100227438707848E+000  0.163475384020928E+001  0.577504047191831E+000  0.102228192511252E+000 -0.131028262406404E+000 -0.139055675968582E+003 -0.139055675968582E+003 -0.139056219373099E+003
  0.100345829008239E+000  0.184218584602482E+001  0.435300623058345E+000  0.100822214413940E+000 -0.131028262406404E+000 -0.139055175298445E+003 -0.139055175298445E+003 -0.139055972633430E+003
  0.104549737002200E+000  0.191662266014639E+001  0.932546810687880E+000  0.101490605875786E+000 -0.131028262406404E+000 -0.139055855188117E+003 -0.139055855188117E+003 -0.139056363736231E+003
  0.100483374293908E+000  0.148137386865818E+001  0.681199017094281E+000  0.100313520886707E+000 -0.131028262406404E+000 -0.139055574238046E+003 -0.139055574238046E+003 -0.139056063606924E+003
  0.101380423707731E+000  0.191379836341554E+001  0.602921771840884E+000  0.104418594753683E+000 -0.131028262406404E+000 -0.139055814588930E+003 -0.139055814588930E+003 -0.139056271721484E+003
  0.100756773506737E+000  0.193501414992835E+001  0.201343807839816E+000  0.104189015345249E+000 -0.131028262406404E+000 -0.139055637869221E+003 -0.139055637869221E+003 -0.139056127949303E+003
  0.100958707363641E+000  0.199009768349448E+001  0.322183768984286E+000  0.100097501679700E+000 -0.131028262406404E+000 -0.139054938172083E+003 -0.139054938172083E+003 -0.139057267138302E+003
  0.100864797955290E+000  0.154727596212801E+001  0.602043581372666E+000  0.101463292018022E+000 -0.131028262406404E+000 -0.139055761881761E+003 -0.139055761881761E+003 -0.139056195869817E+003
  0.101293172930261E+000  0.181391797700278E+001  0.451223388638794E+000  0.101666284470873E+000 -0.131028262406404E+000 -0.139055508695513E+003 -0.139055508695513E+003 -0.139056326592177E+003
  0.102085138142442E+000  0.193865625540988E+001  0.765072450178233E+000  0.101652603411671E+000 -0.131028262406404E+000 -0.139055445406102E+003 -0.139055445406102E+003 -0.139055947259029E+003
  0.101333958250399E+000  0.166600318970787E+001  0.604600993327471E+000  0.100259416455259E+000 -0.131028262406404E+000 -0.139055482946088E+003 -0.139055482946088E+003 -0.139056556153242E+003
  0.104379412299841E+000  0.199528573582445E+001  0.683385910265197E+000  0.101169821550191E+000 -0.131028262406404E+000 -0.139055647339848E+003 -0.139055647339848E+003 -0.139055974861141E+003
  0.100467530885459E+000  0.143227746541720E+001  0.545549852319902E+000  0.101306871466875E+000 -0.131028262406404E+000 -0.139055801542743E+003 -0.139055801542743E+003 -0.139056507805792E+003
  0.100872252880516E+000  0.153439846433692E+001  0.654269295272119E+000  0.100090746156874E+000 -0.131028262406404E+000 -0.139055539081152E+003 -0.139055539081152E+003 -0.139056266684126E+003
  0.100343940136939E+000  0.165188241198070E+001  0.104875694365332E+000  0.100450540794683E+000 -0.131028262406404E+000 -0.139055371329420E+003 -0.139055371329420E+003 -0.139055965021558E+003
  0.100454815669035E+000  0.144693318388036E+001  0.523654304945242E+000  0.100158443482829E+000 -0.131028262406404E+000 -0.139055580140926E+003 -0.139055580140926E+003 -0.139056032145941E+003
  0.101695370543267E+000  0.156722465123083E+001  0.416983355168738E-001  0.100294305398209E+000 -0.131028262406404E+000 -0.139055671458088E+003 -0.139055671458088E+003 -0.139055923198427E+003
  0.100745926677435E+000  0.185417514726161E+001  0.404718879704794E+000  0.101311434679962E+000 -0.131028262406404E+000 -0.139055301926322E+003 -0.139055301926322E+003 -0.139055923334190E+003
  0.101026337695965E+000  0.196955699957912E+001  0.605451693957747E+000  0.103075483508431E+000 -0.131028262406404E+000 -0.139055448656498E+003 -0.139055448656498E+003 -0.139056362745202E+003
  0.102035741831988E+000  0.193716223560725E+001  0.711720965043037E+000  0.103235623030460E+000 -0.131028262406404E+000 -0.139055694254505E+003 -0.139055694254505E+003 -0.139056470470574E+003
  0.102677942484322E+000  0.171497488537547E+001  0.571855177117188E+000  0.101571906515580E+000 -0.131028262406404E+000 -0.139055863147800E+003 -0.139055863147800E+003 -0.139056250651565E+003
  0.101348722749442E+000  0.186597945331601E+001  0.511749731531740E+000  0.104192788514503E+000 -0.131028262406404E+000 -0.139055851857174E+003 -0.139055851857174E+003 -0.139056307625705E+003
  0.100391922166729E+000  0.155775749625131E+001  0.899684322988354E+000  0.101087868964500E+000 -0.131028262406404E+000 -0.139055605021791E+003 -0.139055605021791E+003 -0.139056584944159E+003
  0.100409134306979E+000  0.187051722355466E+001  0.665375405783689E-001  0.100364651606714E+000 -0.131028262406404E+000 -0.139055070945892E+003 -0.139055070945892E+003 -0.139055908510920E+003
  0.100390832263293E+000  0.189514957606160E+001  0.590294201150435E+000  0.102402627612636E+000 -0.131028262406404E+000 -0.139055357258790E+003 -0.139055357258790E+003 -0.139056447356655E+003
  0.102406182063667E+000  0.197429585198644E+001  0.489741232976740E-001  0.103811305624045E+000 -0.131028262406404E+000 -0.139055785112303E+003 -0.139055785112303E+003 -0.139056008262029E+003
  0.102690000436741E+000  0.179019092529162E+001  0.696519623876109E+000  0.100199162637774E+000 -0.131028262406404E+000 -0.139055526503948E+003 -0.139055526503948E+003 -0.139056017847339E+003
  0.101234843781288E+000  0.151224970058008E+001  0.299540331448206E+000  0.100635852858326E+000 -0.131028262406404E+000 -0.139055720332782E+003 -0.139055720332782E+003 -0.139056543604478E+003
  0.102429820745954E+000  0.180439897465703E+001  0.503692927131819E+000  0.102380312228228E+000 -0.131028262406404E+000 -0.139055829190452E+003 -0.139055829190452E+003 -0.139056926418305E+003
  0.101282340511399E+000  0.142593062997094E+001  0.679898840551577E-001  0.100227039525428E+000 -0.131028262406404E+000 -0.139055752401286E+003 -0.139055752401286E+003 -0.139055879533043E+003
  0.103340361062466E+000  0.192528347130556E+001  0.859901007454571E+000  0.101955119621901E+000 -0.131028262406404E+000 -0.139055720388289E+003 -0.139055720388289E+003 -0.139056212702513E+003
  0.100163579701938E+000  0.180351977631966E+001  0.204019208584959E-002  0.100744217080347E+000 -0.131028262406404E+000 -0.139055188084527E+003 -0.139055188084527E+003 -0.139056586641222E+003
  0.101021404315134E+000  0.166947043494451E+001  0.176702917253282E-002  0.100564984566118E+000 -0.131028262406404E+000 -0.139055479269088E+003 -0.139055479269088E+003 -0.139055897951363E+003
  0.100110596782065E+000  0.179962396263226E+001  0.982060315487161E+000  0.100671437336126E+000 -0.131028262406404E+000 -0.139055173081460E+003 -0.139055173081460E+003 -0.139055908391541E+003
  0.100704263952606E+000  0.189309165378008E+001  0.366087366286183E+000  0.102386876919673E+000 -0.131028262406404E+000 -0.139055409384439E+003 -0.139055409384439E+003 -0.139056807448475E+003
  0.101492019196802E+000  0.194551112363292E+001  0.509407942564273E+000  0.103050015355273E+000 -0.131028262406404E+000 -0.139055560991886E+003 -0.139055560991886E+003 -0.139055975443390E+003
  0.100709842848739E+000  0.197389323362219E+001  0.678838369947605E+000  0.102269592188473E+000 -0.131028262406404E+000 -0.139055263262038E+003 -0.139055263262038E+003 -0.139055888391631E+003
  0.100281553911135E+000  0.151955845076019E+001  0.640934350106504E+000  0.102052636034971E+000 -0.131028262406404E+000 -0.139055800458690E+003 -0.139055800458690E+003 -0.139056061394112E+003
  0.100839457121511E+000  0.189128607850103E+001  0.414754467908003E+000  0.104867384034578E+000 -0.131028262406404E+000 -0.139055833690629E+003 -0.139055833690629E+003 -0.139056754645573E+003
  0.101524266336321E+000  0.184417495221631E+001  0.360686746475803E+000  0.103095895991163E+000 -0.131028262406404E+000 -0.139055736367022E+003 -0.139055736367022E+003 -0.139056055449875E+003
  0.102556555990728E+000  0.182671571962767E+001  0.277340162772647E+000  0.101616902904732E+000 -0.131028262406404E+000 -0.139055689017701E+003 -0.139055689017701E+003 -0.139055940187590E+003
  0.100806763785911E+000  0.131652912058624E+001  0.139210632676765E+000  0.100687793243872E+000 -0.131028262406404E+000 -0.139055868655438E+003 -0.139055868655438E+003 -0.139056117935686E+003
  0.101739999784336E+000  0.178735695425456E+001  0.233788799237798E+000  0.102987682585240E+000 -0.131028262406404E+000 -0.139055841667439E+003 -0.139055841667439E+003 -0.139056502876039E+003
  0.102706744522263E+000  0.195060761037909E+001  0.801323495091085E-001  0.101595335501993E+000 -0.131028262406404E+000 -0.139055518080707E+003 -0.139055518080707E+003 -0.139055913152439E+003
  0.101760651211872E+000  0.167328630296969E+001  0.506500210469516E+000  0.101119984062323E+000 -0.131028262406404E+000 -0.139055690675314E+003 -0.139055690675314E+003 -0.139056294242574E+003
  0.100059620142061E+000  0.194704565400180E+001  0.902279954030490E-001  0.104502681055917E+000 -0.131028262406404E+000 -0.139055550766381E+003 -0.139055550766381E+003 -0.139056632395916E+003
  0.100163934748860E+000  0.197779923283547E+001  0.590575091761039E+000  0.101187315394952E+000 -0.131028262406404E+000 -0.139055000074794E+003 -0.139055000074794E+003 -0.139055965126188E+003
  0.101260172830619E+000  0.196578946878173E+001  0.932982415115260E+000  0.103950358357588E+000 -0.131028262406404E+000 -0.139055631691869E+003 -0.139055631691869E+003 -0.139056530184943E+003
  0.100466041348682E+000  0.180346280957329E+001  0.828512524922476E+000  0.101832973774365E+000 -0.131028262406404E+000 -0.139055415437956E+003 -0.139055415437956E+003 -0.139056238857665E+003
  0.100579268508413E+000  0.159876045727509E+001  0.736229306470145E+000  0.101151693417085E+000 -0.131028262406404E+000 -0.139055596672035E+003 -0.139055596672035E+003 -0.139056000829292E+003
  0.105901724512617E+000  0.195998676357144E+001  0.553143721823446E+000  0.100298930659424E+000 -0.131028262406404E+000 -0.139055806551811E+003 -0.139055806551811E+003 -0.139055980987603E+003
  0.101861949264368E+000  0.193430413315428E+001  0.631766104111355E+000  0.101877142915015E+000 -0.131028262406404E+000 -0.139055452062940E+003 -0.139055452062940E+003 -0.139056547828071E+003
  0.100659650500828E+000  0.194567601750448E+001  0.186086776520149E+000  0.102313115396645E+000 -0.131028262406404E+000 -0.139055307342212E+003 -0.139055307342212E+003 -0.139056149122006E+003
  0.100493676836499E+000  0.187579675750806E+001  0.511456714319534E-001  0.103217915771229E+000 -0.131028262406404E+000 -0.139055535282259E+003 -0.139055535282259E+003 -0.139056435665495E+003
  0.102854074089118E+000  0.162107179172293E+001  0.653280327658057E+000  0.100167120008549E+000 -0.131028262406404E+000 -0.139055773513592E+003 -0.139055773513592E+003 -0.139056200594317E+003
  0.100410344756328E+000  0.151618517410589E+001  0.664077914397737E+000  0.102270697104695E+000 -0.131028262406404E+000 -0.139055864432579E+003 -0.139055864432579E+003 -0.139056191999085E+003
  0.101622822719324E+000  0.197360393815436E+001  0.792209503269862E-001  0.103019627898805E+000 -0.131028262406404E+000 -0.139055531054644E+003 -0.139055531054644E+003 -0.139056146928235E+003
  0.100482660733037E+000  0.140191937496370E+001  0.560930848468747E+000  0.101382163574315E+000 -0.131028262406404E+000 -0.139055850723744E+003 -0.139055850723744E+003 -0.139055874444479E+003
