  0.199164262145430E+001  0.113818604295652E+001  0.985139725955517E+000  0.459808673578081E+000 -0.131028262406404E+000 -0.137347857314574E+003 -0.137347857314574E+003
  0.198523260909637E+001  0.113660587688650E+001  0.986935443318462E+000  0.461512366987311E+000 -0.131028262406404E+000 -0.137347810958684E+003 -0.137347810958684E+003
  0.195895944588208E+001  0.114171557932853E+001  0.981421633815888E+000  0.470122550544630E+000 -0.131028262406404E+000 -0.137347817797829E+003 -0.137347817797829E+003
  0.196754656779475E+001  0.114139335625830E+001  0.971953177592201E+000  0.469122052302670E+000 -0.131028262406404E+000 -0.137347801268952E+003 -0.137347801268952E+003
  0.196263195278392E+001  0.114322926882097E+001  0.996393443569715E+000  0.470821630814509E+000 -0.131028262406404E+000 -0.137347844437407E+003 -0.137347844437407E+003
  0.198293238192849E+001  0.114038228276410E+001  0.974676162764891E+000  0.464313695169843E+000 -0.131028262406404E+000 -0.137347805067530E+003 -0.137347805067530E+003
  0.197048708717891E+001  0.113310160567922E+001  0.995472395371529E+000  0.467448471306590E+000 -0.131028262406404E+000 -0.137347820667272E+003 -0.137347820667272E+003
  0.196153248986247E+001  0.113633019374096E+001  0.978574977302106E+000  0.470994411867278E+000 -0.131028262406404E+000 -0.137347854832728E+003 -0.137347854832728E+003
  0.198579777934578E+001  0.113992229764330E+001  0.980469081033853E+000  0.463641967797610E+000 -0.131028262406404E+000 -0.137347814319293E+003 -0.137347814319293E+003
  0.196479591680765E+001  0.114131298815411E+001  0.995062296167189E+000  0.468904661991597E+000 -0.131028262406404E+000 -0.137347787838942E+003 -0.137347787838942E+003
  0.199209666213520E+001  0.113621989576160E+001  0.998515998210577E+000  0.461225796580212E+000 -0.131028262406404E+000 -0.137347774551017E+003 -0.137347774551017E+003
  0.196899298107450E+001  0.113308759166480E+001  0.987693034303976E+000  0.469237844375484E+000 -0.131028262406404E+000 -0.137347867825816E+003 -0.137347867825816E+003
  0.198264212952166E+001  0.113886449403676E+001  0.989562091661230E+000  0.462377078427293E+000 -0.131028262406404E+000 -0.137347816987730E+003 -0.137347816987730E+003
