  0.113314219211190E+001  0.715737486662228E+000  0.807331268377433E+000  0.499742564133607E+000 -0.131028262406404E+000 -0.147736248663845E+003 -0.147736248663845E+003
  0.112933449102806E+001  0.739296178771500E+000  0.806833320149892E+000  0.498897289149964E+000 -0.131028262406404E+000 -0.147737156092808E+003 -0.147737156092808E+003
  0.111782958617615E+001  0.742905011052802E+000  0.382412033229385E+000  0.499339459865059E+000 -0.131028262406404E+000 -0.147736498270442E+003 -0.147736498270442E+003
  0.108791089255816E+001  0.753817491877337E+000  0.992318260777885E+000  0.499981125380073E+000 -0.131028262406404E+000 -0.147736713582733E+003 -0.147736713582733E+003
  0.112243793277923E+001  0.691934366981868E+000  0.398732735975843E+000  0.499826852309014E+000 -0.131028262406404E+000 -0.147737621375111E+003 -0.147737621375111E+003
  0.111531127949615E+001  0.699591017058093E+000  0.840763001014681E+000  0.499680461508233E+000 -0.131028262406404E+000 -0.147737474624004E+003 -0.147737474624004E+003
  0.114887514010313E+001  0.705864133113982E+000  0.980395270249525E+000  0.499488209030203E+000 -0.131028262406404E+000 -0.147737200828208E+003 -0.147737200828208E+003
  0.110224189996605E+001  0.735424590477717E+000  0.800486816825555E+000  0.499060087978037E+000 -0.131028262406404E+000 -0.147737026155698E+003 -0.147737026155698E+003
  0.113437685934772E+001  0.712873893392835E+000  0.837115135545438E+000  0.499642679506828E+000 -0.131028262406404E+000 -0.147736417000941E+003 -0.147736417000941E+003
  0.114008973920312E+001  0.721024236126378E+000  0.972210759478501E+000  0.498885476249874E+000 -0.131028262406404E+000 -0.147737232553215E+003 -0.147737232553215E+003
  0.111633288702079E+001  0.761694319005309E+000  0.631495991588769E+000  0.499145552806921E+000 -0.131028262406404E+000 -0.147737576964230E+003 -0.147737576964230E+003
  0.110285445739348E+001  0.726833600645963E+000  0.532102038612043E+000  0.499933010259445E+000 -0.131028262406404E+000 -0.147736307613916E+003 -0.147736307613916E+003
  0.113391924849464E+001  0.710225757773510E+000  0.965664938882505E+000  0.499082519234581E+000 -0.131028262406404E+000 -0.147736968709871E+003 -0.147736968709871E+003
  0.111435788052314E+001  0.748314032096993E+000  0.871156104969627E+000  0.498819694440651E+000 -0.131028262406404E+000 -0.147737169383237E+003 -0.147737169383237E+003
  0.111019215446788E+001  0.729120374431301E+000  0.410640118408520E+000  0.499516417226405E+000 -0.131028262406404E+000 -0.147736342125299E+003 -0.147736342125299E+003
  0.111141074302835E+001  0.715199490564556E+000  0.447079098353706E+000  0.498986189498769E+000 -0.131028262406404E+000 -0.147737306380499E+003 -0.147737306380499E+003
  0.115282326472499E+001  0.705557695248388E+000  0.408551241810980E+000  0.499874944137701E+000 -0.131028262406404E+000 -0.147737130201808E+003 -0.147737130201808E+003
  0.112930933470246E+001  0.702674637139872E+000  0.464991531115647E+000  0.499994168783035E+000 -0.131028262406404E+000 -0.147736481098152E+003 -0.147736481098152E+003
  0.111627717325045E+001  0.741914716455251E+000  0.953407011332863E+000  0.499672901089106E+000 -0.131028262406404E+000 -0.147736115468251E+003 -0.147736115468251E+003
  0.110020923861711E+001  0.756938292704022E+000  0.975829441672775E+000  0.499929625981729E+000 -0.131028262406404E+000 -0.147736318162981E+003 -0.147736318162981E+003
  0.111321801984364E+001  0.748711571135849E+000  0.834534438540903E+000  0.499340568457351E+000 -0.131028262406404E+000 -0.147736620340274E+003 -0.147736620340274E+003
  0.109836089431360E+001  0.761443832244668E+000  0.788301364645584E+000  0.499285709396559E+000 -0.131028262406404E+000 -0.147737250384394E+003 -0.147737250384394E+003
  0.113754210715244E+001  0.719834748011649E+000  0.539848565185865E+000  0.498889018591727E+000 -0.131028262406404E+000 -0.147737113080714E+003 -0.147737113080714E+003
  0.111144096014020E+001  0.730302885946372E+000  0.703290932995312E+000  0.499764750711792E+000 -0.131028262406404E+000 -0.147736034359799E+003 -0.147736034359799E+003
  0.110430662873480E+001  0.756670542574613E+000  0.522289111319802E+000  0.499915553593105E+000 -0.131028262406404E+000 -0.147736272014659E+003 -0.147736272014659E+003
  0.113304480482730E+001  0.733608268780373E+000  0.393729054417243E+000  0.498630422135867E+000 -0.131028262406404E+000 -0.147737389062800E+003 -0.147737389062800E+003
  0.114764019947631E+001  0.734502397398797E+000  0.527048206686236E+000  0.499967201283570E+000 -0.131028262406404E+000 -0.147737233932867E+003 -0.147737233932867E+003
  0.113288041659847E+001  0.723362803833138E+000  0.878591825534433E+000  0.499251459018130E+000 -0.131028262406404E+000 -0.147736633328091E+003 -0.147736633328091E+003
  0.109519213364313E+001  0.774333510360093E+000  0.775361107571979E+000  0.499644485641844E+000 -0.131028262406404E+000 -0.147737584330217E+003 -0.147737584330217E+003
  0.110930532749431E+001  0.725828980995085E+000  0.960484619287876E+000  0.499189958747249E+000 -0.131028262406404E+000 -0.147736784268741E+003 -0.147736784268741E+003
  0.109978331514336E+001  0.732104256879405E+000  0.781883823489580E+000  0.499955601304039E+000 -0.131028262406404E+000 -0.147736283904058E+003 -0.147736283904058E+003
  0.113969237222848E+001  0.701032742511972E+000  0.483311398345447E+000  0.498722613198004E+000 -0.131028262406404E+000 -0.147737658259587E+003 -0.147737658259587E+003
  0.112829874736909E+001  0.756253485667121E+000  0.470991347582777E+000  0.499318017734557E+000 -0.131028262406404E+000 -0.147737634007159E+003 -0.147737634007159E+003
  0.111581158632268E+001  0.735279680089442E+000  0.532370081038156E+000  0.499185917460011E+000 -0.131028262406404E+000 -0.147736528047348E+003 -0.147736528047348E+003
  0.112153383486182E+001  0.708661304370098E+000  0.396855879489582E+000  0.498670314758585E+000 -0.131028262406404E+000 -0.147737519006317E+003 -0.147737519006317E+003
  0.109446653789536E+001  0.748646328658620E+000  0.881829941739323E+000  0.498813961320081E+000 -0.131028262406404E+000 -0.147737633251528E+003 -0.147737633251528E+003
  0.109458158456329E+001  0.738948850593242E+000  0.764135746426287E+000  0.499738172497101E+000 -0.131028262406404E+000 -0.147736668954053E+003 -0.147736668954053E+003
  0.110476910613807E+001  0.736516118128981E+000  0.952301260011872E+000  0.498564090485282E+000 -0.131028262406404E+000 -0.147737430013376E+003 -0.147737430013376E+003
  0.112419061241099E+001  0.731673466652773E+000  0.670575150166132E+000  0.499026749303707E+000 -0.131028262406404E+000 -0.147736701527363E+003 -0.147736701527363E+003
  0.109820558481174E+001  0.732033818778852E+000  0.850164357802765E+000  0.498990145941314E+000 -0.131028262406404E+000 -0.147737411242174E+003 -0.147737411242174E+003
  0.112424297410228E+001  0.699003790702186E+000  0.990427882608795E+000  0.499857502540518E+000 -0.131028262406404E+000 -0.147736944839886E+003 -0.147736944839886E+003
  0.113119422365801E+001  0.709896542950865E+000  0.711753014721753E+000  0.499782083262455E+000 -0.131028262406404E+000 -0.147736337619667E+003 -0.147736337619667E+003
  0.112070381131710E+001  0.727918312875497E+000  0.922667335759630E+000  0.498604056737427E+000 -0.131028262406404E+000 -0.147737086060710E+003 -0.147737086060710E+003
  0.114099126174527E+001  0.711522007549658E+000  0.626236593804826E+000  0.499319311852563E+000 -0.131028262406404E+000 -0.147736908357381E+003 -0.147736908357381E+003
  0.110379349517441E+001  0.753981533671598E+000  0.391629569337815E+000  0.499840351009103E+000 -0.131028262406404E+000 -0.147736268806019E+003 -0.147736268806019E+003
  0.115096874702883E+001  0.721047433298456E+000  0.990898299626865E+000  0.499430286223178E+000 -0.131028262406404E+000 -0.147737476312034E+003 -0.147737476312034E+003
  0.112497003696761E+001  0.728177941555001E+000  0.793465904966164E+000  0.499822913555884E+000 -0.131028262406404E+000 -0.147735925566660E+003 -0.147735925566660E+003
  0.112304291474146E+001  0.719579729638671E+000  0.807856334957169E+000  0.498666776219502E+000 -0.131028262406404E+000 -0.147737111907637E+003 -0.147737111907637E+003
  0.109996812034695E+001  0.745536767948356E+000  0.627502789438480E+000  0.499959333354322E+000 -0.131028262406404E+000 -0.147736092992728E+003 -0.147736092992728E+003
  0.114582435211529E+001  0.736428312002300E+000  0.491728534181242E+000  0.499682154644543E+000 -0.131028262406404E+000 -0.147737417262939E+003 -0.147737417262939E+003
  0.112424350636527E+001  0.723037582270712E+000  0.556772802772044E+000  0.498040104503010E+000 -0.131028262406404E+000 -0.147737658997788E+003 -0.147737658997788E+003
  0.108212487522690E+001  0.748884590001095E+000  0.901857947026748E+000  0.499979077044036E+000 -0.131028262406404E+000 -0.147737187207025E+003 -0.147737187207025E+003
  0.112127587367128E+001  0.734287453987710E+000  0.927830852017201E+000  0.498450140781985E+000 -0.131028262406404E+000 -0.147737270358684E+003 -0.147737270358684E+003
  0.114129818839166E+001  0.704850478975269E+000  0.850389905636687E+000  0.499191485307917E+000 -0.131028262406404E+000 -0.147737166728859E+003 -0.147737166728859E+003
  0.109762386420574E+001  0.728309981839663E+000  0.407118965110850E+000  0.499492816568528E+000 -0.131028262406404E+000 -0.147737047930092E+003 -0.147737047930092E+003
  0.108480454750470E+001  0.774344373271332E+000  0.992923910719006E+000  0.499955927692584E+000 -0.131028262406404E+000 -0.147737483967522E+003 -0.147737483967522E+003
  0.112593372090916E+001  0.696205406355780E+000  0.400327898209351E+000  0.499458008275767E+000 -0.131028262406404E+000 -0.147737440352803E+003 -0.147737440352803E+003
  0.109892659300922E+001  0.734096823875518E+000  0.675302521756984E+000  0.498981350527104E+000 -0.131028262406404E+000 -0.147737319586075E+003 -0.147737319586075E+003
  0.108526544166608E+001  0.761881020016023E+000  0.624157682554324E+000  0.499409922310028E+000 -0.131028262406404E+000 -0.147737661227449E+003 -0.147737661227449E+003
  0.110859409011629E+001  0.731122195907239E+000  0.940968764612011E+000  0.498593481196199E+000 -0.131028262406404E+000 -0.147737310648810E+003 -0.147737310648810E+003
  0.113097725372638E+001  0.727108555179784E+000  0.746067196192319E+000  0.498107737013960E+000 -0.131028262406404E+000 -0.147737681460601E+003 -0.147737681460601E+003
  0.108513900854059E+001  0.741964401131230E+000  0.800011284871612E+000  0.499622213188644E+000 -0.131028262406404E+000 -0.147737470024541E+003 -0.147737470024541E+003
  0.114611565931467E+001  0.740034669803199E+000  0.506566447374042E+000  0.499847303315245E+000 -0.131028262406404E+000 -0.147737509876463E+003 -0.147737509876463E+003
  0.111527233268644E+001  0.737944854480711E+000  0.549655032429207E+000  0.499076393371345E+000 -0.131028262406404E+000 -0.147736663356790E+003 -0.147736663356790E+003
  0.113781787248693E+001  0.699861129124814E+000  0.924332826609134E+000  0.498768809156992E+000 -0.131028262406404E+000 -0.147737649634599E+003 -0.147737649634599E+003
  0.111148287455856E+001  0.751180133753583E+000  0.751348434302285E+000  0.498426134928080E+000 -0.131028262406404E+000 -0.147737681812597E+003 -0.147737681812597E+003
  0.112796584751268E+001  0.712189758299132E+000  0.609755747337497E+000  0.498782208684846E+000 -0.131028262406404E+000 -0.147737160602038E+003 -0.147737160602038E+003
  0.110733443451333E+001  0.722845033609470E+000  0.489223152330457E+000  0.499221067466545E+000 -0.131028262406404E+000 -0.147736942961958E+003 -0.147736942961958E+003
  0.115141580183011E+001  0.704609656221860E+000  0.461235589227230E+000  0.499845179834156E+000 -0.131028262406404E+000 -0.147737076711862E+003 -0.147737076711862E+003
  0.111263526651110E+001  0.706825074524634E+000  0.763359083433913E+000  0.499234132323420E+000 -0.131028262406404E+000 -0.147737497954277E+003 -0.147737497954277E+003
  0.113280519876564E+001  0.713221050009293E+000  0.395422186061386E+000  0.499405696486497E+000 -0.131028262406404E+000 -0.147736592801781E+003 -0.147736592801781E+003
  0.114190020469170E+001  0.688344816757468E+000  0.744180662024436E+000  0.499696532069405E+000 -0.131028262406404E+000 -0.147737571269583E+003 -0.147737571269583E+003
  0.108712601554333E+001  0.750973342580746E+000  0.881987612876660E+000  0.499382925952277E+000 -0.131028262406404E+000 -0.147737453099738E+003 -0.147737453099738E+003
  0.112374707505196E+001  0.719963768272819E+000  0.814022020518424E+000  0.498809033847260E+000 -0.131028262406404E+000 -0.147736963521250E+003 -0.147736963521250E+003
  0.113123440832325E+001  0.736239243258547E+000  0.397804595849072E+000  0.499498582549427E+000 -0.131028262406404E+000 -0.147736553598670E+003 -0.147736553598670E+003
  0.112952550020507E+001  0.698487091930636E+000  0.728219899636728E+000  0.499297435567979E+000 -0.131028262406404E+000 -0.147737326955756E+003 -0.147737326955756E+003
  0.108317787783358E+001  0.755554293414234E+000  0.808526684058685E+000  0.499447652863473E+000 -0.131028262406404E+000 -0.147737680895191E+003 -0.147737680895191E+003
  0.113146758093501E+001  0.732783732545805E+000  0.994880162001121E+000  0.499186293636550E+000 -0.131028262406404E+000 -0.147736768215780E+003 -0.147736768215780E+003
  0.108170761343409E+001  0.761115399367055E+000  0.714654016723099E+000  0.499953804381979E+000 -0.131028262406404E+000 -0.147737239013082E+003 -0.147737239013082E+003
  0.112993275558926E+001  0.707493950431725E+000  0.467891044996471E+000  0.499989719149087E+000 -0.131028262406404E+000 -0.147736245088752E+003 -0.147736245088752E+003
  0.111201524819448E+001  0.703250289060014E+000  0.555314982292878E+000  0.499634244309297E+000 -0.131028262406404E+000 -0.147737425960092E+003 -0.147737425960092E+003
  0.114312931444364E+001  0.731085451125115E+000  0.602786251896744E+000  0.499099603910665E+000 -0.131028262406404E+000 -0.147737467618821E+003 -0.147737467618821E+003
  0.110691190264538E+001  0.714201592700482E+000  0.888988353580299E+000  0.499215697172774E+000 -0.131028262406404E+000 -0.147737398479581E+003 -0.147737398479581E+003
  0.109118927196506E+001  0.749038569653874E+000  0.930275512009779E+000  0.499441632923985E+000 -0.131028262406404E+000 -0.147737112961037E+003 -0.147737112961037E+003
  0.112469454192711E+001  0.744946583857244E+000  0.986301376247633E+000  0.499406067270948E+000 -0.131028262406404E+000 -0.147736681740052E+003 -0.147736681740052E+003
  0.112451921910208E+001  0.727863511745750E+000  0.884069840887587E+000  0.498558244375390E+000 -0.131028262406404E+000 -0.147737140563169E+003 -0.147737140563169E+003
  0.110281929033570E+001  0.757256503082851E+000  0.981597709081637E+000  0.499842892716043E+000 -0.131028262406404E+000 -0.147736386957838E+003 -0.147736386957838E+003
  0.113799768665050E+001  0.738133609380133E+000  0.688002512351553E+000  0.499383544208424E+000 -0.131028262406404E+000 -0.147737133305390E+003 -0.147737133305390E+003
  0.112677020098408E+001  0.742916954095480E+000  0.701246737482822E+000  0.498534526827213E+000 -0.131028262406404E+000 -0.147737555572294E+003 -0.147737555572294E+003
  0.112295744533980E+001  0.705530694063388E+000  0.992598140795157E+000  0.499560706533859E+000 -0.131028262406404E+000 -0.147736827822877E+003 -0.147736827822877E+003
  0.110774271979648E+001  0.713285424148820E+000  0.713359680287814E+000  0.499387760156700E+000 -0.131028262406404E+000 -0.147737230683615E+003 -0.147737230683615E+003
  0.111060887181647E+001  0.752385822727864E+000  0.970248471822452E+000  0.499382130325965E+000 -0.131028262406404E+000 -0.147736689673449E+003 -0.147736689673449E+003
  0.110414569657833E+001  0.766278846232658E+000  0.802682254064222E+000  0.499091017124252E+000 -0.131028262406404E+000 -0.147737681794884E+003 -0.147737681794884E+003
  0.110311330448011E+001  0.744651489969831E+000  0.740302699093485E+000  0.499097070129143E+000 -0.131028262406404E+000 -0.147736918197972E+003 -0.147736918197972E+003
  0.110781455534836E+001  0.733834096648231E+000  0.634292972531258E+000  0.498861770360816E+000 -0.131028262406404E+000 -0.147737024639479E+003 -0.147737024639479E+003
  0.114366061393278E+001  0.700068129053011E+000  0.979323740584898E+000  0.499316883227137E+000 -0.131028262406404E+000 -0.147737282267364E+003 -0.147737282267364E+003
  0.110237992382018E+001  0.755547742886423E+000  0.412595965526968E+000  0.499228134844802E+000 -0.131028262406404E+000 -0.147737018891424E+003 -0.147737018891424E+003
  0.111702797170686E+001  0.736709537721231E+000  0.701802620377083E+000  0.498883374626163E+000 -0.131028262406404E+000 -0.147736844413738E+003 -0.147736844413738E+003
  0.112261049235353E+001  0.750795300481903E+000  0.831618989584648E+000  0.499159497067250E+000 -0.131028262406404E+000 -0.147737130508759E+003 -0.147737130508759E+003
  0.113007597654719E+001  0.712055527333432E+000  0.796840503504659E+000  0.499896964714260E+000 -0.131028262406404E+000 -0.147736159111768E+003 -0.147736159111768E+003
  0.109344135929789E+001  0.777864365263862E+000  0.409011864075760E+000  0.499894686000020E+000 -0.131028262406404E+000 -0.147737551210933E+003 -0.147737551210933E+003
  0.112478826811390E+001  0.714032721532728E+000  0.839750666424050E+000  0.499171757379951E+000 -0.131028262406404E+000 -0.147736767146100E+003 -0.147736767146100E+003
  0.113868951432256E+001  0.707302844678359E+000  0.984237037521844E+000  0.499370601533298E+000 -0.131028262406404E+000 -0.147736881405606E+003 -0.147736881405606E+003
  0.114630166835189E+001  0.722311274931448E+000  0.858781216920293E+000  0.499509153695304E+000 -0.131028262406404E+000 -0.147737074765477E+003 -0.147737074765477E+003
  0.112257465228881E+001  0.712061053334219E+000  0.992656218578172E+000  0.499285402691149E+000 -0.131028262406404E+000 -0.147736768083390E+003 -0.147736768083390E+003
  0.113507619247846E+001  0.737817755206499E+000  0.535390483282080E+000  0.499305119341876E+000 -0.131028262406404E+000 -0.147737001524707E+003 -0.147737001524707E+003
  0.113577992501008E+001  0.728247201831736E+000  0.973685147467002E+000  0.498336482720044E+000 -0.131028262406404E+000 -0.147737651410533E+003 -0.147737651410533E+003
  0.114131471887237E+001  0.696968727614883E+000  0.657448295699166E+000  0.499678587460429E+000 -0.131028262406404E+000 -0.147737071278156E+003 -0.147737071278156E+003
  0.110806708413122E+001  0.706313965863409E+000  0.582018392802812E+000  0.499882245506352E+000 -0.131028262406404E+000 -0.147737220304063E+003 -0.147737220304063E+003
  0.112749471756984E+001  0.711985256225914E+000  0.633198537650497E+000  0.498603274184634E+000 -0.131028262406404E+000 -0.147737333997372E+003 -0.147737333997372E+003
  0.111910554953634E+001  0.735172516159550E+000  0.395912304664060E+000  0.499619610149321E+000 -0.131028262406404E+000 -0.147736092165583E+003 -0.147736092165583E+003
  0.112777088631656E+001  0.702831717317048E+000  0.544043630577920E+000  0.499692228403096E+000 -0.131028262406404E+000 -0.147736756466902E+003 -0.147736756466902E+003
  0.113354996289220E+001  0.735972162880957E+000  0.679462328340228E+000  0.499752120435082E+000 -0.131028262406404E+000 -0.147736420461363E+003 -0.147736420461363E+003
  0.113260440477997E+001  0.735281421762638E+000  0.989692303050416E+000  0.499261932080148E+000 -0.131028262406404E+000 -0.147736815355350E+003 -0.147736815355350E+003
  0.110527475189079E+001  0.732914027594893E+000  0.655698727759139E+000  0.499626994817714E+000 -0.131028262406404E+000 -0.147736334695486E+003 -0.147736334695486E+003
  0.109577294523602E+001  0.769409272069526E+000  0.605905550956487E+000  0.499363402746817E+000 -0.131028262406404E+000 -0.147737601431323E+003 -0.147737601431323E+003
  0.112252890748155E+001  0.720099287741622E+000  0.455909199093019E+000  0.498114055102175E+000 -0.131028262406404E+000 -0.147737638662945E+003 -0.147737638662945E+003
  0.109307132877589E+001  0.758755484199780E+000  0.631526426158231E+000  0.499402699365822E+000 -0.131028262406404E+000 -0.147737188204981E+003 -0.147737188204981E+003
  0.110237235042804E+001  0.724670273746926E+000  0.952681413883391E+000  0.499374051860447E+000 -0.131028262406404E+000 -0.147736998632611E+003 -0.147736998632611E+003
  0.113449720121948E+001  0.739292749425424E+000  0.526148183916239E+000  0.499938143715151E+000 -0.131028262406404E+000 -0.147736426100045E+003 -0.147736426100045E+003
  0.114228900491783E+001  0.703750904388169E+000  0.886585427768317E+000  0.499021669156710E+000 -0.131028262406404E+000 -0.147737367644540E+003 -0.147737367644540E+003
  0.112216730412358E+001  0.720223242428849E+000  0.392916902117438E+000  0.498695889663025E+000 -0.131028262406404E+000 -0.147737079375094E+003 -0.147737079375094E+003
  0.115265345349732E+001  0.692431948277188E+000  0.934560707167577E+000  0.499705156591991E+000 -0.131028262406404E+000 -0.147737592993325E+003 -0.147737592993325E+003
  0.108698545777584E+001  0.765867551210225E+000  0.786392893507938E+000  0.499517805741296E+000 -0.131028262406404E+000 -0.147737549111219E+003 -0.147737549111219E+003
  0.108444287166161E+001  0.757930429040695E+000  0.545535570330329E+000  0.499916078965454E+000 -0.131028262406404E+000 -0.147737051254041E+003 -0.147737051254041E+003
  0.108901862790032E+001  0.755946261957331E+000  0.713149033893649E+000  0.499949377912064E+000 -0.131028262406404E+000 -0.147736701503640E+003 -0.147736701503640E+003
  0.109159749454742E+001  0.768400375900261E+000  0.825205651364339E+000  0.499597184567454E+000 -0.131028262406404E+000 -0.147737371513059E+003 -0.147737371513059E+003
  0.109517400855151E+001  0.718982252714869E+000  0.533932968300810E+000  0.499999353666167E+000 -0.131028262406404E+000 -0.147737232172061E+003 -0.147737232172061E+003
  0.108764608459357E+001  0.751354910653371E+000  0.728969228738554E+000  0.499567911471154E+000 -0.131028262406404E+000 -0.147737201989336E+003 -0.147737201989336E+003
  0.112163834419007E+001  0.723462543567882E+000  0.905451885225815E+000  0.499477857120333E+000 -0.131028262406404E+000 -0.147736274535181E+003 -0.147736274535181E+003
  0.110522163763742E+001  0.745213386492598E+000  0.731183928352509E+000  0.499897737991032E+000 -0.131028262406404E+000 -0.147736002774001E+003 -0.147736002774001E+003
  0.111298563232586E+001  0.751310366411356E+000  0.707353509562600E+000  0.499231280702726E+000 -0.131028262406404E+000 -0.147736829356816E+003 -0.147736829356816E+003
  0.112091098739205E+001  0.717945473752410E+000  0.771779075007205E+000  0.498864549976968E+000 -0.131028262406404E+000 -0.147736990883935E+003 -0.147736990883935E+003
  0.110947662694620E+001  0.754933826157632E+000  0.482281056539661E+000  0.499186071302418E+000 -0.131028262406404E+000 -0.147737000184649E+003 -0.147737000184649E+003
  0.113176774633926E+001  0.723254880145467E+000  0.542578250300156E+000  0.499701664599209E+000 -0.131028262406404E+000 -0.147736186465320E+003 -0.147736186465320E+003
  0.110496402809480E+001  0.733012172559741E+000  0.911015759866022E+000  0.499186221779764E+000 -0.131028262406404E+000 -0.147736806728409E+003 -0.147736806728409E+003
  0.112575201846006E+001  0.718401668414909E+000  0.435435266365547E+000  0.498864123685174E+000 -0.131028262406404E+000 -0.147736934326955E+003 -0.147736934326955E+003
  0.113677077087145E+001  0.732966215693624E+000  0.863125321280086E+000  0.499782131941530E+000 -0.131028262406404E+000 -0.147736479935792E+003 -0.147736479935792E+003
  0.109959287766789E+001  0.751468932684331E+000  0.858798356303815E+000  0.498858530579746E+000 -0.131028262406404E+000 -0.147737393836263E+003 -0.147737393836263E+003
  0.109828879390923E+001  0.745312210907012E+000  0.690597071112560E+000  0.498829007918614E+000 -0.131028262406404E+000 -0.147737407402606E+003 -0.147737407402606E+003
  0.114984572746685E+001  0.728578727332058E+000  0.525854897388535E+000  0.499911582746020E+000 -0.131028262406404E+000 -0.147737218081508E+003 -0.147737218081508E+003
  0.109787202596478E+001  0.760185195738454E+000  0.890769770053482E+000  0.498920671183656E+000 -0.131028262406404E+000 -0.147737630596715E+003 -0.147737630596715E+003
  0.112340257961341E+001  0.730529927669408E+000  0.886174645066366E+000  0.498147494956572E+000 -0.131028262406404E+000 -0.147737549552518E+003 -0.147737549552518E+003
  0.112984996787380E+001  0.700540062165205E+000  0.698708111223837E+000  0.499542096070153E+000 -0.131028262406404E+000 -0.147736985903434E+003 -0.147736985903434E+003
  0.113240784836113E+001  0.718289324767412E+000  0.695843780379826E+000  0.498348667087564E+000 -0.131028262406404E+000 -0.147737468626195E+003 -0.147737468626195E+003
  0.111705214563451E+001  0.708573613759538E+000  0.828458497741621E+000  0.499750789964036E+000 -0.131028262406404E+000 -0.147736679995253E+003 -0.147736679995253E+003
  0.112318195338118E+001  0.692914395314519E+000  0.538523815370987E+000  0.499731930134985E+000 -0.131028262406404E+000 -0.147737579903696E+003 -0.147737579903696E+003
  0.111125964806408E+001  0.720808940259924E+000  0.566355519848289E+000  0.498531081545878E+000 -0.131028262406404E+000 -0.147737525056218E+003 -0.147737525056218E+003
  0.108667797685573E+001  0.750432222805916E+000  0.455120640170957E+000  0.499303234357127E+000 -0.131028262406404E+000 -0.147737579746223E+003 -0.147737579746223E+003
  0.114115684517735E+001  0.709684028976866E+000  0.407247660569208E+000  0.498659734322681E+000 -0.131028262406404E+000 -0.147737508388339E+003 -0.147737508388339E+003
  0.114507362293004E+001  0.705097294448867E+000  0.431794046371431E+000  0.499074777673033E+000 -0.131028262406404E+000 -0.147737380493628E+003 -0.147737380493628E+003
  0.112570854133747E+001  0.723279842504835E+000  0.711532570184011E+000  0.499856236446857E+000 -0.131028262406404E+000 -0.147735928544711E+003 -0.147735928544711E+003
  0.112731488058978E+001  0.691948139855622E+000  0.977550774690284E+000  0.499718480989906E+000 -0.131028262406404E+000 -0.147737505908987E+003 -0.147737505908987E+003
  0.108220519590345E+001  0.747012089356900E+000  0.952635976709048E+000  0.499583994577280E+000 -0.131028262406404E+000 -0.147737670414046E+003 -0.147737670414046E+003
  0.115552197154312E+001  0.718493886885172E+000  0.579928015357354E+000  0.499652171142009E+000 -0.131028262406404E+000 -0.147737632713714E+003 -0.147737632713714E+003
  0.115424508900005E+001  0.722029604794279E+000  0.543096234014622E+000  0.499570906945577E+000 -0.131028262406404E+000 -0.147737683477860E+003 -0.147737683477860E+003
  0.111412195692628E+001  0.736186318136730E+000  0.688901922757052E+000  0.499604651872408E+000 -0.131028262406404E+000 -0.147736116496380E+003 -0.147736116496380E+003
  0.109260120622234E+001  0.759091116025856E+000  0.517474723451519E+000  0.499808011839360E+000 -0.131028262406404E+000 -0.147736747967959E+003 -0.147736747967959E+003
  0.111458877831342E+001  0.739747572572828E+000  0.427975581348001E+000  0.499308171168946E+000 -0.131028262406404E+000 -0.147736448385718E+003 -0.147736448385718E+003
  0.111629382819023E+001  0.711572121217379E+000  0.469340272681216E+000  0.499256951145048E+000 -0.131028262406404E+000 -0.147737007116737E+003 -0.147737007116737E+003
  0.113747432651908E+001  0.728725639185313E+000  0.458619735648600E+000  0.498847463179224E+000 -0.131028262406404E+000 -0.147737267113130E+003 -0.147737267113130E+003
  0.112475957030232E+001  0.734911652152338E+000  0.657109535287581E+000  0.499266966349958E+000 -0.131028262406404E+000 -0.147736521332857E+003 -0.147736521332857E+003
  0.110213830652909E+001  0.715429208258563E+000  0.736910353040146E+000  0.499285585488172E+000 -0.131028262406404E+000 -0.147737597617094E+003 -0.147737597617094E+003
  0.113586203946753E+001  0.701427259428635E+000  0.823192116103531E+000  0.498975463071259E+000 -0.131028262406404E+000 -0.147737393906761E+003 -0.147737393906761E+003
  0.110065126475057E+001  0.743077100396020E+000  0.702001658979627E+000  0.499372427725559E+000 -0.131028262406404E+000 -0.147736701626641E+003 -0.147736701626641E+003
  0.112254824604052E+001  0.729453504382106E+000  0.958669305429597E+000  0.498452081399512E+000 -0.131028262406404E+000 -0.147737236669862E+003 -0.147737236669862E+003
  0.109550908163879E+001  0.731171741651069E+000  0.750773167226502E+000  0.499298022257365E+000 -0.131028262406404E+000 -0.147737302026321E+003 -0.147737302026321E+003
  0.113020196504028E+001  0.742173753110227E+000  0.594162752467029E+000  0.498550520589325E+000 -0.131028262406404E+000 -0.147737658731639E+003 -0.147737658731639E+003
  0.112195413321240E+001  0.713184334728413E+000  0.849743860640570E+000  0.499859558378738E+000 -0.131028262406404E+000 -0.147736202697676E+003 -0.147736202697676E+003
  0.110306168633488E+001  0.771184764975734E+000  0.921228465254523E+000  0.499431627020880E+000 -0.131028262406404E+000 -0.147737615440961E+003 -0.147737615440961E+003
  0.114224510951685E+001  0.716615978569573E+000  0.538399229198417E+000  0.499437153661934E+000 -0.131028262406404E+000 -0.147736828889043E+003 -0.147736828889043E+003
  0.110873154132026E+001  0.726275102648158E+000  0.637085761908080E+000  0.499617860158398E+000 -0.131028262406404E+000 -0.147736361589127E+003 -0.147736361589127E+003
  0.112075529329799E+001  0.724025719553066E+000  0.917255313588782E+000  0.499338589630249E+000 -0.131028262406404E+000 -0.147736404856121E+003 -0.147736404856121E+003
  0.112675848938998E+001  0.743025327066697E+000  0.893734144456943E+000  0.498411506382813E+000 -0.131028262406404E+000 -0.147737683878443E+003 -0.147737683878443E+003
  0.113695199816501E+001  0.701451403392138E+000  0.740336600638490E+000  0.499391961766738E+000 -0.131028262406404E+000 -0.147737045934261E+003 -0.147737045934261E+003
  0.114424199722705E+001  0.729221091131696E+000  0.935174493488830E+000  0.499694561138055E+000 -0.131028262406404E+000 -0.147736949987387E+003 -0.147736949987387E+003
  0.111618823028383E+001  0.697575299881754E+000  0.886328427065097E+000  0.499994712708997E+000 -0.131028262406404E+000 -0.147737310963195E+003 -0.147737310963195E+003
  0.111867424058629E+001  0.759084560386654E+000  0.745091233844377E+000  0.499990737331702E+000 -0.131028262406404E+000 -0.147736589058356E+003 -0.147736589058356E+003
  0.113255434619276E+001  0.694455257382829E+000  0.746086505633765E+000  0.499822557470029E+000 -0.131028262406404E+000 -0.147737097042862E+003 -0.147737097042862E+003
  0.112170739534979E+001  0.709266615992082E+000  0.996567982486640E+000  0.498792719265193E+000 -0.131028262406404E+000 -0.147737370696727E+003 -0.147737370696727E+003
  0.110374322164176E+001  0.715610327484990E+000  0.647210293537776E+000  0.499284326659843E+000 -0.131028262406404E+000 -0.147737465362301E+003 -0.147737465362301E+003
  0.110039983656408E+001  0.742417194099351E+000  0.788232038529924E+000  0.498784925155056E+000 -0.131028262406404E+000 -0.147737354776901E+003 -0.147737354776901E+003
  0.109558375377723E+001  0.723894184741619E+000  0.644586900229989E+000  0.499809663153211E+000 -0.131028262406404E+000 -0.147737088413378E+003 -0.147737088413378E+003
  0.113203572642277E+001  0.709025258669318E+000  0.775083330915400E+000  0.499268244295552E+000 -0.131028262406404E+000 -0.147736825253242E+003 -0.147736825253242E+003
  0.110065660500346E+001  0.765637476191944E+000  0.580145566453244E+000  0.499233499199282E+000 -0.131028262406404E+000 -0.147737483122511E+003 -0.147737483122511E+003
  0.109373215631521E+001  0.771228379897431E+000  0.845913605456907E+000  0.499873995763202E+000 -0.131028262406404E+000 -0.147737139350109E+003 -0.147737139350109E+003
  0.112207065600717E+001  0.724166190665652E+000  0.560101202668503E+000  0.499765658284520E+000 -0.131028262406404E+000 -0.147735987511790E+003 -0.147735987511790E+003
  0.111716201391127E+001  0.743222382818741E+000  0.647206935856651E+000  0.499153302923292E+000 -0.131028262406404E+000 -0.147736690299575E+003 -0.147736690299575E+003
  0.112395222245955E+001  0.706118034313026E+000  0.731308722843893E+000  0.498543187579796E+000 -0.131028262406404E+000 -0.147737693630073E+003 -0.147737693630073E+003
  0.111817007377767E+001  0.745402707086401E+000  0.502595887650811E+000  0.498690198294433E+000 -0.131028262406404E+000 -0.147737252142257E+003 -0.147737252142257E+003
  0.113633236458201E+001  0.689336775104156E+000  0.771612994798438E+000  0.499904563291641E+000 -0.131028262406404E+000 -0.147737353853031E+003 -0.147737353853031E+003
  0.113308593708979E+001  0.743288447792669E+000  0.744570434110361E+000  0.499992452385938E+000 -0.131028262406404E+000 -0.147736467837948E+003 -0.147736467837948E+003
  0.110917131977843E+001  0.741311898784520E+000  0.572919576610946E+000  0.499645698929215E+000 -0.131028262406404E+000 -0.147736160836240E+003 -0.147736160836240E+003
  0.114096950670661E+001  0.717074228444292E+000  0.825212760065795E+000  0.498622389556879E+000 -0.131028262406404E+000 -0.147737483669439E+003 -0.147737483669439E+003
  0.112760093720347E+001  0.706208673048319E+000  0.731545352232688E+000  0.499507804848864E+000 -0.131028262406404E+000 -0.147736745288944E+003 -0.147736745288944E+003
  0.111727574947788E+001  0.745487330476885E+000  0.837579298798310E+000  0.499283196383404E+000 -0.131028262406404E+000 -0.147736623486357E+003 -0.147736623486357E+003
  0.112220599870899E+001  0.756168778185153E+000  0.554767874534194E+000  0.499030621969597E+000 -0.131028262406404E+000 -0.147737571215889E+003 -0.147737571215889E+003
  0.112161109968293E+001  0.714441602816186E+000  0.895477432862215E+000  0.498273067518748E+000 -0.131028262406404E+000 -0.147737650432371E+003 -0.147737650432371E+003
  0.113594468625785E+001  0.704809878822540E+000  0.487047573153502E+000  0.499413861751515E+000 -0.131028262406404E+000 -0.147736879453370E+003 -0.147736879453370E+003
  0.109130784485317E+001  0.762656945128672E+000  0.979473115915773E+000  0.499512804137388E+000 -0.131028262406404E+000 -0.147737249363778E+003 -0.147737249363778E+003
  0.112245323231656E+001  0.741839901637682E+000  0.720012806639381E+000  0.498889195458258E+000 -0.131028262406404E+000 -0.147737016982515E+003 -0.147737016982515E+003
  0.113254217572408E+001  0.756233124694579E+000  0.716834095704765E+000  0.499921134023563E+000 -0.131028262406404E+000 -0.147737347717653E+003 -0.147737347717653E+003
  0.109842491868218E+001  0.727702788294664E+000  0.667503441680917E+000  0.499601545120789E+000 -0.131028262406404E+000 -0.147736900804902E+003 -0.147736900804902E+003
  0.113536047369239E+001  0.723145430096015E+000  0.852673155814211E+000  0.499485741399974E+000 -0.131028262406404E+000 -0.147736503189770E+003 -0.147736503189770E+003
  0.113354687188612E+001  0.696315832290513E+000  0.881336803089594E+000  0.499998992250169E+000 -0.131028262406404E+000 -0.147736815133111E+003 -0.147736815133111E+003
  0.111250303068559E+001  0.721908894334566E+000  0.903523840474273E+000  0.499584941564245E+000 -0.131028262406404E+000 -0.147736389669144E+003 -0.147736389669144E+003
  0.109512359066540E+001  0.738826660563203E+000  0.436741899833556E+000  0.499282828955702E+000 -0.131028262406404E+000 -0.147737134601437E+003 -0.147737134601437E+003
  0.109889340513052E+001  0.717150543709959E+000  0.186215140647586E+000  0.499595089426934E+000 -0.131028262406404E+000 -0.147737438037532E+003 -0.147737438037532E+003
  0.112717866966068E+001  0.704277270437728E+000  0.304286492552900E+000  0.499918337796535E+000 -0.131028262406404E+000 -0.147736487644896E+003 -0.147736487644896E+003
  0.114307526467688E+001  0.706615562079422E+000  0.149980362726673E+000  0.499934827557262E+000 -0.131028262406404E+000 -0.147736557979150E+003 -0.147736557979150E+003
  0.114773738559883E+001  0.721218924284578E+000  0.832662834671612E-001  0.499531107334803E+000 -0.131028262406404E+000 -0.147737138067210E+003 -0.147737138067210E+003
  0.111222847753526E+001  0.712140089542608E+000  0.306649090335138E+000  0.499748519634597E+000 -0.131028262406404E+000 -0.147736692859570E+003 -0.147736692859570E+003
  0.109626934499204E+001  0.744004317755868E+000  0.157635256223229E+000  0.499202705218368E+000 -0.131028262406404E+000 -0.147737095585688E+003 -0.147737095585688E+003
  0.114592252777850E+001  0.726533579537401E+000  0.919601648766060E-002  0.499211278549199E+000 -0.131028262406404E+000 -0.147737418545607E+003 -0.147737418545607E+003
  0.108757329528380E+001  0.746456696549233E+000  0.992529778041168E-001  0.499956182258309E+000 -0.131028262406404E+000 -0.147736796069883E+003 -0.147736796069883E+003
  0.112994707556245E+001  0.711196427197563E+000  0.542537712509480E-001  0.498586252809133E+000 -0.131028262406404E+000 -0.147737364077900E+003 -0.147737364077900E+003
  0.111477458003038E+001  0.772580557314147E+000  0.937236996075497E-001  0.499972553977588E+000 -0.131028262406404E+000 -0.147737493363333E+003 -0.147737493363333E+003
  0.110560401322374E+001  0.751285368133886E+000  0.260188301345795E+000  0.499089967450506E+000 -0.131028262406404E+000 -0.147736991208853E+003 -0.147736991208853E+003
  0.113079558318345E+001  0.743558262548779E+000  0.278678893564144E+000  0.498827414276850E+000 -0.131028262406404E+000 -0.147737481682493E+003 -0.147737481682493E+003
  0.113005890694213E+001  0.710243210258453E+000  0.284690469180983E-002  0.499167084567431E+000 -0.131028262406404E+000 -0.147736869724062E+003 -0.147736869724062E+003
  0.111805855196002E+001  0.750501859828681E+000  0.269360270162551E+000  0.499766920735690E+000 -0.131028262406404E+000 -0.147736328757476E+003 -0.147736328757476E+003
  0.108712736207114E+001  0.753135756171278E+000  0.994907529956512E-001  0.499985794621187E+000 -0.131028262406404E+000 -0.147736757120068E+003 -0.147736757120068E+003
  0.112465565207740E+001  0.739362477061589E+000  0.839447362840882E-001  0.499920277766171E+000 -0.131028262406404E+000 -0.147735975287033E+003 -0.147735975287033E+003
  0.109074140331767E+001  0.728900996057765E+000  0.341049422009027E+000  0.499669400585956E+000 -0.131028262406404E+000 -0.147737403946823E+003 -0.147737403946823E+003
  0.111164157247399E+001  0.728400548746604E+000  0.315769963064275E-001  0.498813236693640E+000 -0.131028262406404E+000 -0.147737025314460E+003 -0.147737025314460E+003
  0.110746101408866E+001  0.739136580699236E+000  0.258226667149560E+000  0.499292054041769E+000 -0.131028262406404E+000 -0.147736558691834E+003 -0.147736558691834E+003
  0.108662933123620E+001  0.773951261461031E+000  0.115487935795942E+000  0.499776407302980E+000 -0.131028262406404E+000 -0.147737607902758E+003 -0.147737607902758E+003
  0.111839606738191E+001  0.727145566075845E+000  0.330174717794070E+000  0.498231639071698E+000 -0.131028262406404E+000 -0.147737480214144E+003 -0.147737480214144E+003
  0.113027519680201E+001  0.735779353816727E+000  0.284887343524677E+000  0.499346590077850E+000 -0.131028262406404E+000 -0.147736643478526E+003 -0.147736643478526E+003
  0.111079797286144E+001  0.726948277590421E+000  0.162396667530394E+000  0.499060311638934E+000 -0.131028262406404E+000 -0.147736830925827E+003 -0.147736830925827E+003
  0.110893651476836E+001  0.732190674232119E+000  0.646724632721329E-001  0.498803942366657E+000 -0.131028262406404E+000 -0.147737065422995E+003 -0.147737065422995E+003
  0.109422963433002E+001  0.743785263232279E+000  0.280264250813998E+000  0.499280026989212E+000 -0.131028262406404E+000 -0.147737128618090E+003 -0.147737128618090E+003
  0.113250942006622E+001  0.722452426593077E+000  0.195357042812786E+000  0.498294117488879E+000 -0.131028262406404E+000 -0.147737510045804E+003 -0.147737510045804E+003
  0.112178740322499E+001  0.733225782045556E+000  0.397918287238425E-001  0.499315070017423E+000 -0.131028262406404E+000 -0.147736401059902E+003 -0.147736401059902E+003
  0.110779252419982E+001  0.770168393592025E+000  0.347517812542249E+000  0.499992175175288E+000 -0.131028262406404E+000 -0.147736988280392E+003 -0.147736988280392E+003
  0.111565199293457E+001  0.722895925217021E+000  0.262211339401768E+000  0.498204983993624E+000 -0.131028262406404E+000 -0.147737630075377E+003 -0.147737630075377E+003
  0.114378299355613E+001  0.697167642789317E+000  0.315227989267522E+000  0.499042777536341E+000 -0.131028262406404E+000 -0.147737623724560E+003 -0.147737623724560E+003
  0.112203007058478E+001  0.749536920046113E+000  0.295472470311880E+000  0.498685786980094E+000 -0.131028262406404E+000 -0.147737533722034E+003 -0.147737533722034E+003
  0.109543674685251E+001  0.741657813465498E+000  0.180069135690281E+000  0.499838855011790E+000 -0.131028262406404E+000 -0.147736460704546E+003 -0.147736460704546E+003
  0.114759818454373E+001  0.718623282446606E+000  0.555060480883977E-001  0.499685736048182E+000 -0.131028262406404E+000 -0.147736951449258E+003 -0.147736951449258E+003
  0.108863312112202E+001  0.743592751057356E+000  0.824483093088764E-001  0.499855359981527E+000 -0.131028262406404E+000 -0.147736874089395E+003 -0.147736874089395E+003
  0.112622303709048E+001  0.733319247664247E+000  0.108625217384732E+000  0.499098027579535E+000 -0.131028262406404E+000 -0.147736693770436E+003 -0.147736693770436E+003
  0.110512534369051E+001  0.745647712816849E+000  0.129839281932975E+000  0.499687836395753E+000 -0.131028262406404E+000 -0.147736235186626E+003 -0.147736235186626E+003
  0.110294637820725E+001  0.764127863964067E+000  0.131658030837068E+000  0.499086388968429E+000 -0.131028262406404E+000 -0.147737557267159E+003 -0.147737557267159E+003
  0.109674977559681E+001  0.767134703202598E+000  0.254369822697345E+000  0.499454702539402E+000 -0.131028262406404E+000 -0.147737353444514E+003 -0.147737353444514E+003
  0.108243850324039E+001  0.741624226208076E+000  0.163915240881539E-001  0.499714966502913E+000 -0.131028262406404E+000 -0.147737634316702E+003 -0.147737634316702E+003
  0.113336674384529E+001  0.720657439781594E+000  0.294591742072648E+000  0.499877668630167E+000 -0.131028262406404E+000 -0.147736079528616E+003 -0.147736079528616E+003
  0.111994883301427E+001  0.733052687169244E+000  0.771982400115019E-001  0.499234573904006E+000 -0.131028262406404E+000 -0.147736465437562E+003 -0.147736465437562E+003
  0.114076418154841E+001  0.716871858890604E+000  0.156477595204566E+000  0.499454661419962E+000 -0.131028262406404E+000 -0.147736743486671E+003 -0.147736743486671E+003
  0.113871731002709E+001  0.718705913079351E+000  0.345998197628232E+000  0.499968257597726E+000 -0.131028262406404E+000 -0.147736201302468E+003 -0.147736201302468E+003
  0.108446312822066E+001  0.758623011278739E+000  0.136380880750051E+000  0.499524258183030E+000 -0.131028262406404E+000 -0.147737520648805E+003 -0.147737520648805E+003
  0.110120122155433E+001  0.748195426578727E+000  0.752759706869074E-001  0.499316793164730E+000 -0.131028262406404E+000 -0.147736776626426E+003 -0.147736776626426E+003
  0.112055597431176E+001  0.755356436978674E+000  0.220256399567964E+000  0.499163497194523E+000 -0.131028262406404E+000 -0.147737305322836E+003 -0.147737305322836E+003
  0.111641884050056E+001  0.731359483349830E+000  0.189134813913040E+000  0.499855500844857E+000 -0.131028262406404E+000 -0.147735852169710E+003 -0.147735852169710E+003
  0.114474433230435E+001  0.730046502382937E+000  0.254833650983628E+000  0.499461670472907E+000 -0.131028262406404E+000 -0.147737226470886E+003 -0.147737226470886E+003
  0.111640348602934E+001  0.759845222626522E+000  0.460831952532828E-001  0.499292167992898E+000 -0.131028262406404E+000 -0.147737294380858E+003 -0.147737294380858E+003
  0.114688424261377E+001  0.727228594393167E+000  0.116820600990495E+000  0.499824980498456E+000 -0.131028262406404E+000 -0.147736979521895E+003 -0.147736979521895E+003
  0.110580445113121E+001  0.736564218277528E+000  0.140318169570997E+000  0.499489070858076E+000 -0.131028262406404E+000 -0.147736410166124E+003 -0.147736410166124E+003
  0.111837054875027E+001  0.710387541562750E+000  0.711390339216755E-001  0.499351762623524E+000 -0.131028262406404E+000 -0.147736900588958E+003 -0.147736900588958E+003
  0.113570348576618E+001  0.700777037568115E+000  0.140244163213666E-001  0.499454398283728E+000 -0.131028262406404E+000 -0.147737016841131E+003 -0.147737016841131E+003
  0.111761994607675E+001  0.720166816175737E+000  0.250239987316218E-001  0.499353529699863E+000 -0.131028262406404E+000 -0.147736522692435E+003 -0.147736522692435E+003
  0.111128122295995E+001  0.775292500395355E+000  0.402799716385073E-001  0.499936939278284E+000 -0.131028262406404E+000 -0.147737614885393E+003 -0.147737614885393E+003
  0.110069340612015E+001  0.750999576328339E+000  0.761547649536686E-001  0.499650515871291E+000 -0.131028262406404E+000 -0.147736468117842E+003 -0.147736468117842E+003
  0.111806101277779E+001  0.726139204582770E+000  0.114633948070176E+000  0.499077776178309E+000 -0.131028262406404E+000 -0.147736655472646E+003 -0.147736655472646E+003
  0.111195055835277E+001  0.761949113375358E+000  0.199115218932721E+000  0.499279923929028E+000 -0.131028262406404E+000 -0.147737310402517E+003 -0.147737310402517E+003
  0.110483192624864E+001  0.753099755629613E+000  0.174836618122202E+000  0.499964942379280E+000 -0.131028262406404E+000 -0.147736094157380E+003 -0.147736094157380E+003
  0.112384829780087E+001  0.715070907649080E+000  0.418267472769947E-001  0.499123104980010E+000 -0.131028262406404E+000 -0.147736789566061E+003 -0.147736789566061E+003
  0.114327735774796E+001  0.719425588706964E+000  0.195641355766532E+000  0.499022925107451E+000 -0.131028262406404E+000 -0.147737259821830E+003 -0.147737259821830E+003
  0.112427236701785E+001  0.759301684599289E+000  0.110107251362947E+000  0.499262196477006E+000 -0.131028262406404E+000 -0.147737665711865E+003 -0.147737665711865E+003
  0.114207309121633E+001  0.697407687663050E+000  0.785455043772490E-001  0.499511160838672E+000 -0.131028262406404E+000 -0.147737198985385E+003 -0.147737198985385E+003
  0.110232220306660E+001  0.771106404559132E+000  0.133040198617139E+000  0.499392141236997E+000 -0.131028262406404E+000 -0.147737648634693E+003 -0.147737648634693E+003
  0.110446543928236E+001  0.761690915612606E+000  0.225688480896928E+000  0.499638417265076E+000 -0.131028262406404E+000 -0.147736801762321E+003 -0.147736801762321E+003
  0.113614307813335E+001  0.723609057510555E+000  0.165847500556764E+000  0.498550353782457E+000 -0.131028262406404E+000 -0.147737392832886E+003 -0.147737392832886E+003
  0.112275746746201E+001  0.753073644807287E+000  0.309833059166831E+000  0.499613502278619E+000 -0.131028262406404E+000 -0.147736795710060E+003 -0.147736795710060E+003
  0.109927859279737E+001  0.757346108912787E+000  0.519953649704316E-001  0.499536269176810E+000 -0.131028262406404E+000 -0.147736793453354E+003 -0.147736793453354E+003
  0.111228627265366E+001  0.717977915543994E+000  0.647891529129063E-001  0.499848093815045E+000 -0.131028262406404E+000 -0.147736294386415E+003 -0.147736294386415E+003
  0.113422284119802E+001  0.720728128282827E+000  0.312812274779029E+000  0.498598135535858E+000 -0.131028262406404E+000 -0.147737270124454E+003 -0.147737270124454E+003
  0.112993142552953E+001  0.727317061754981E+000  0.352449634864526E+000  0.498965685983152E+000 -0.131028262406404E+000 -0.147736839303646E+003 -0.147736839303646E+003
  0.114301648995936E+001  0.738666532808069E+000  0.317562251569351E+000  0.499781127524400E+000 -0.131028262406404E+000 -0.147737192901690E+003 -0.147737192901690E+003
  0.113372180708740E+001  0.748715740427506E+000  0.231066979505179E+000  0.499757445995513E+000 -0.131028262406404E+000 -0.147737053372680E+003 -0.147737053372680E+003
  0.114138110398894E+001  0.725785460895859E+000  0.183384583191352E+000  0.498972296349577E+000 -0.131028262406404E+000 -0.147737301781507E+003 -0.147737301781507E+003
  0.116034195960801E+001  0.707017917600849E+000  0.311463629545103E-001  0.499921623580857E+000 -0.131028262406404E+000 -0.147737685377545E+003 -0.147737685377545E+003
  0.109515534134034E+001  0.745103065133158E+000  0.144338228037121E+000  0.499810468090282E+000 -0.131028262406404E+000 -0.147736477624847E+003 -0.147736477624847E+003
  0.110643143939375E+001  0.766660680142864E+000  0.201736146911378E+000  0.499364510371737E+000 -0.131028262406404E+000 -0.147737417893007E+003 -0.147737417893007E+003
  0.115620193247606E+001  0.720504513156824E+000  0.186775533559782E+000  0.499764534404759E+000 -0.131028262406404E+000 -0.147737666721883E+003 -0.147737666721883E+003
  0.113116242891820E+001  0.756169173389745E+000  0.134699847743225E+000  0.499715682121400E+000 -0.131028262406404E+000 -0.147737435496223E+003 -0.147737435496223E+003
  0.109450795826126E+001  0.740362824644686E+000  0.115360320449182E+000  0.499097498302144E+000 -0.131028262406404E+000 -0.147737353372171E+003 -0.147737353372171E+003
  0.111089977994525E+001  0.763193076622541E+000  0.144613749078895E+000  0.499042769535780E+000 -0.131028262406404E+000 -0.147737629122117E+003 -0.147737629122117E+003
  0.111436052322304E+001  0.734051463726871E+000  0.169782509984998E+000  0.498232796972438E+000 -0.131028262406404E+000 -0.147737515820838E+003 -0.147737515820838E+003
  0.109686850144790E+001  0.742578350886349E+000  0.125809500846878E+000  0.498863360780690E+000 -0.131028262406404E+000 -0.147737445784454E+003 -0.147737445784454E+003
  0.114711637531728E+001  0.691193112826041E+000  0.303840210374376E-001  0.499505845011526E+000 -0.131028262406404E+000 -0.147737618139708E+003 -0.147737618139708E+003
  0.110348075952495E+001  0.764365830858819E+000  0.265352457425557E+000  0.499232256921184E+000 -0.131028262406404E+000 -0.147737404051323E+003 -0.147737404051323E+003
  0.114929407934094E+001  0.696080412200918E+000  0.210750479982762E+000  0.499915235910544E+000 -0.131028262406404E+000 -0.147737144948410E+003 -0.147737144948410E+003
  0.115457291117702E+001  0.709086629869028E+000  0.543250835729392E-002  0.499721887975640E+000 -0.131028262406404E+000 -0.147737361608320E+003 -0.147737361608320E+003
  0.110274397790254E+001  0.760758343175974E+000  0.108551246240429E-001  0.499680719756144E+000 -0.131028262406404E+000 -0.147736713494101E+003 -0.147736713494101E+003
  0.111373250313191E+001  0.746276920124776E+000  0.564080661437128E-001  0.498988960669322E+000 -0.131028262406404E+000 -0.147736919875675E+003 -0.147736919875675E+003
  0.112083555400314E+001  0.730132980547213E+000  0.326013860284376E+000  0.499825348988771E+000 -0.131028262406404E+000 -0.147735881120817E+003 -0.147735881120817E+003
  0.111874283638563E+001  0.736982502462991E+000  0.331323881240052E+000  0.499651291196743E+000 -0.131028262406404E+000 -0.147736076751830E+003 -0.147736076751830E+003
  0.111502014053080E+001  0.711655732500055E+000  0.121410387981706E+000  0.499100769413732E+000 -0.131028262406404E+000 -0.147737205567847E+003 -0.147737205567847E+003
  0.110429833116639E+001  0.736237723942415E+000  0.860093370094499E-001  0.498865146398588E+000 -0.131028262406404E+000 -0.147737130644645E+003 -0.147737130644645E+003
