  0.100032423026707E+000  0.163786255870041E+001  0.604929858266328E-001  0.101459544308848E+000 -0.131028262406404E+000 -0.150927873601747E+003 -0.150927873601747E+003 -0.150928924105569E+003
  0.101036746131786E+000  0.625832022163353E+000  0.362085605560741E+000  0.100157036708755E+000 -0.131028262406404E+000 -0.150926157617576E+003 -0.150926157617576E+003 -0.150928219964969E+003
  0.100128430239710E+000  0.155820294727504E+001  0.889567134888869E+000  0.100295523198762E+000 -0.131028262406404E+000 -0.150927222922263E+003 -0.150927222922263E+003 -0.150930317444276E+003
  0.100478236584920E+000  0.988834523186992E+000  0.999714064717531E+000  0.100231729174160E+000 -0.131028262406404E+000 -0.150926763800722E+003 -0.150926763800722E+003 -0.150929412160600E+003
  0.101585335711842E+000  0.762559036795324E+000  0.119469589705033E+000  0.101153173230649E+000 -0.131028262406404E+000 -0.150927437831355E+003 -0.150927437831355E+003 -0.150933274290285E+003
  0.100248359472660E+000  0.542447564597488E+000  0.454162150348114E+000  0.104427665664145E+000 -0.131028262406404E+000 -0.150927763196970E+003 -0.150927763196970E+003 -0.150928558574358E+003
  0.102199033701973E+000  0.655664619422675E+000  0.528446276116405E+000  0.101819838653643E+000 -0.131028262406404E+000 -0.150927878774849E+003 -0.150927878774849E+003 -0.150928297013017E+003
  0.101586129449710E+000  0.551516357384358E+000  0.313584790147424E+000  0.101541497174383E+000 -0.131028262406404E+000 -0.150927020425352E+003 -0.150927020425352E+003 -0.150929291488773E+003
  0.101327801468940E+000  0.523268856063863E+000  0.351401967351948E+000  0.102791722073324E+000 -0.131028262406404E+000 -0.150927457990364E+003 -0.150927457990364E+003 -0.150931037673526E+003
  0.100810493549700E+000  0.865497844124885E+000  0.734773742983821E+000  0.100206343741554E+000 -0.131028262406404E+000 -0.150926685822832E+003 -0.150926685822832E+003 -0.150928071516990E+003
  0.102212088683350E+000  0.707354455250480E+000  0.436540070470516E+000  0.100173005110814E+000 -0.131028262406404E+000 -0.150927099172541E+003 -0.150927099172541E+003 -0.150934179552585E+003
  0.100124261144540E+000  0.514396481669524E+000  0.637407557213714E+000  0.102324243140119E+000 -0.131028262406404E+000 -0.150926447926426E+003 -0.150926447926426E+003 -0.150929599537604E+003
  0.100697785290065E+000  0.167002670970075E+001  0.946211599262201E+000  0.100447818860301E+000 -0.131028262406404E+000 -0.150927672186969E+003 -0.150927672186969E+003 -0.150927964357825E+003
  0.101680610649694E+000  0.834175729087658E+000  0.313014275096347E+000  0.100797132013131E+000 -0.131028262406404E+000 -0.150927474560161E+003 -0.150927474560161E+003 -0.150929019084737E+003
  0.102191771565259E+000  0.598287985611501E+000  0.706992888262225E+000  0.100233361745552E+000 -0.131028262406404E+000 -0.150926799782423E+003 -0.150926799782423E+003 -0.150928599562486E+003
  0.100909585207044E+000  0.129356630479087E+001  0.758964591890506E+000  0.100652004031803E+000 -0.131028262406404E+000 -0.150927734925587E+003 -0.150927734925587E+003 -0.150929095748509E+003
  0.103979812379984E+000  0.554955073379358E+000  0.870489839136812E+000  0.100490055611347E+000 -0.131028262406404E+000 -0.150927864203994E+003 -0.150927864203994E+003 -0.150930494079721E+003
  0.100429683311177E+000  0.960233956448151E+000  0.259540128955657E+000  0.100378866148937E+000 -0.131028262406404E+000 -0.150926763172470E+003 -0.150926763172470E+003 -0.150928114089144E+003
  0.101910987191231E+000  0.674638286288023E+000  0.820718534247411E+000  0.100060306417845E+000 -0.131028262406404E+000 -0.150926763531142E+003 -0.150926763531142E+003 -0.150927942185695E+003
  0.100689165764263E+000  0.118054321144070E+001  0.117052274219018E+000  0.101283218581624E+000 -0.131028262406404E+000 -0.150927835095188E+003 -0.150927835095188E+003 -0.150928660589976E+003
  0.100600349601132E+000  0.757925643935701E+000  0.278021333803686E+000  0.102911817462287E+000 -0.131028262406404E+000 -0.150927829451941E+003 -0.150927829451941E+003 -0.150928233236596E+003
  0.102018088091958E+000  0.646671137009683E+000  0.477506538333854E+000  0.101065341537026E+000 -0.131028262406404E+000 -0.150927315065703E+003 -0.150927315065703E+003 -0.150928688498175E+003
  0.101163479180546E+000  0.692894352026645E+000  0.200894502096330E+000  0.102200635292321E+000 -0.131028262406404E+000 -0.150927581639291E+003 -0.150927581639291E+003 -0.150928385272695E+003
  0.103156255806706E+000  0.679594160391029E+000  0.994170101415178E+000  0.100230590899722E+000 -0.131028262406404E+000 -0.150927614230779E+003 -0.150927614230779E+003 -0.150927947896942E+003
  0.103287468537082E+000  0.562191682668210E+000  0.189948250133828E+000  0.100891845649521E+000 -0.131028262406404E+000 -0.150927705574169E+003 -0.150927705574169E+003 -0.150928834023783E+003
  0.100519380681516E+000  0.506478259177299E+000  0.162618630810685E-003  0.103775941442064E+000 -0.131028262406404E+000 -0.150927444646501E+003 -0.150927444646501E+003 -0.150928310427395E+003
  0.103216584871386E+000  0.643815919240221E+000  0.287154484677033E+000  0.100181836957142E+000 -0.131028262406404E+000 -0.150927516323354E+003 -0.150927516323354E+003 -0.150928004081598E+003
  0.100108646848230E+000  0.704521521164176E+000  0.787078602018676E+000  0.103752549154992E+000 -0.131028262406404E+000 -0.150927844008445E+003 -0.150927844008445E+003 -0.150928490342687E+003
  0.101749872899172E+000  0.778448126399322E+000  0.959264666558783E+000  0.100834405751626E+000 -0.131028262406404E+000 -0.150927395851277E+003 -0.150927395851277E+003 -0.150928828397939E+003
  0.100715327281931E+000  0.106630818580142E+001  0.242147942431836E+000  0.101369452210846E+000 -0.131028262406404E+000 -0.150927717938506E+003 -0.150927717938506E+003 -0.150931373696638E+003
  0.100398512222902E+000  0.166947918918480E+001  0.490474773032185E+000  0.100025371035459E+000 -0.131028262406404E+000 -0.150927235997727E+003 -0.150927235997727E+003 -0.150928741430116E+003
  0.102504133853545E+000  0.735201632068618E+000  0.434633801458007E+000  0.100988908553091E+000 -0.131028262406404E+000 -0.150927820312657E+003 -0.150927820312657E+003 -0.150950635015467E+003
  0.100004968612457E+000  0.778879158680727E+000  0.521030213138619E+000  0.103188325583037E+000 -0.131028262406404E+000 -0.150927679543291E+003 -0.150927679543291E+003 -0.150929673323849E+003
  0.100422494040208E+000  0.120991486463616E+001  0.660557406553270E+000  0.100609891298854E+000 -0.131028262406404E+000 -0.150927313817017E+003 -0.150927313817017E+003 -0.150929813177186E+003
  0.102158049875219E+000  0.107497288828593E+001  0.685680227542865E+000  0.100169438122033E+000 -0.131028262406404E+000 -0.150927896323481E+003 -0.150927896323481E+003 -0.150927970802807E+003
  0.102700567168792E+000  0.516280347718163E+000  0.974982305053376E+000  0.100690538052843E+000 -0.131028262406404E+000 -0.150927090709191E+003 -0.150927090709191E+003 -0.150928070904366E+003
  0.102968478794142E+000  0.761602675293692E+000  0.136801236139169E+000  0.100424227246894E+000 -0.131028262406404E+000 -0.150927843413700E+003 -0.150927843413700E+003 -0.150929453505786E+003
  0.100594852513286E+000  0.956049918728624E+000  0.617190531002460E+000  0.100541031674216E+000 -0.131028262406404E+000 -0.150926948186142E+003 -0.150926948186142E+003 -0.150935701858105E+003
  0.102017356920559E+000  0.868205658680915E+000  0.695570192881509E+000  0.100454211222417E+000 -0.131028262406404E+000 -0.150927559145967E+003 -0.150927559145967E+003 -0.150931677475684E+003
  0.102526539202025E+000  0.515054869605849E+000  0.903109543152716E+000  0.101923255026636E+000 -0.131028262406404E+000 -0.150927669548020E+003 -0.150927669548020E+003 -0.150928149329313E+003
  0.100816393372708E+000  0.105985860378533E+001  0.390587405412782E+000  0.100882262255003E+000 -0.131028262406404E+000 -0.150927481348520E+003 -0.150927481348520E+003 -0.150928482997374E+003
  0.100419900443656E+000  0.161175744503923E+001  0.882652472390003E+000  0.100301689150734E+000 -0.131028262406404E+000 -0.150927413874809E+003 -0.150927413874809E+003 -0.150928309249155E+003
  0.100094353669658E+000  0.573215346916626E+000  0.890972382864260E+000  0.104415230688358E+000 -0.131028262406404E+000 -0.150927771300315E+003 -0.150927771300315E+003 -0.150929264943169E+003
  0.100047739257168E+000  0.150095739060102E+001  0.762939559677385E+000  0.100394794976946E+000 -0.131028262406404E+000 -0.150927213075620E+003 -0.150927213075620E+003 -0.150929658096055E+003
  0.100839498063595E+000  0.870806123896699E+000  0.852390006976475E+000  0.102237239601612E+000 -0.131028262406404E+000 -0.150927886846549E+003 -0.150927886846549E+003 -0.150928214022035E+003
  0.101918872844422E+000  0.756566442989438E+000  0.318596999518940E+000  0.101161896625525E+000 -0.131028262406404E+000 -0.150927627204562E+003 -0.150927627204562E+003 -0.150929992094868E+003
  0.100320828660104E+000  0.111235035138545E+001  0.669434390451453E+000  0.100273343677210E+000 -0.131028262406404E+000 -0.150926911781236E+003 -0.150926911781236E+003 -0.150928535183786E+003
  0.100039416279406E+000  0.106413016359579E+001  0.976210417799100E+000  0.100715006922480E+000 -0.131028262406404E+000 -0.150926920115360E+003 -0.150926920115360E+003 -0.150929915883405E+003
  0.100378779508350E+000  0.523254057549916E+000  0.962211399589177E+000  0.100206879723424E+000 -0.131028262406404E+000 -0.150925477114858E+003 -0.150925477114858E+003 -0.150928980258737E+003
  0.101676985785682E+000  0.669457299138838E+000  0.531320103532615E+000  0.101195275544698E+000 -0.131028262406404E+000 -0.150927252984590E+003 -0.150927252984590E+003 -0.150928940239385E+003
  0.100018260123188E+000  0.537892781822204E+000  0.304952779450195E-001  0.100529099518848E+000 -0.131028262406404E+000 -0.150925487850294E+003 -0.150925487850294E+003 -0.150932239626974E+003
  0.100324379540985E+000  0.564345491561843E+000  0.417510488196409E+000  0.103537799242215E+000 -0.131028262406404E+000 -0.150927402119536E+003 -0.150927402119536E+003 -0.150929500260930E+003
  0.100073126760584E+000  0.771699158804958E+000  0.474108669291387E+000  0.101127386997379E+000 -0.131028262406404E+000 -0.150926538158995E+003 -0.150926538158995E+003 -0.150927964393576E+003
  0.100246264859774E+000  0.801029863452922E+000  0.926373267081513E+000  0.103090636934918E+000 -0.131028262406404E+000 -0.150927832784326E+003 -0.150927832784326E+003 -0.150936165730183E+003
  0.100051814090859E+000  0.101374243289990E+001  0.152518092199090E+000  0.102476564451240E+000 -0.131028262406404E+000 -0.150927859249627E+003 -0.150927859249627E+003 -0.150928423165141E+003
  0.100570977704840E+000  0.627465621669156E+000  0.270944347890765E+000  0.103243349481293E+000 -0.131028262406404E+000 -0.150927601565368E+003 -0.150927601565368E+003 -0.150928914252831E+003
  0.100612625523898E+000  0.103855581737298E+001  0.393173473648679E+000  0.100375374203801E+000 -0.131028262406404E+000 -0.150927022177355E+003 -0.150927022177355E+003 -0.150928439167043E+003
  0.100382252208000E+000  0.985820411430215E+000  0.653778091836468E+000  0.102269735316345E+000 -0.131028262406404E+000 -0.150927885217648E+003 -0.150927885217648E+003 -0.150930273205068E+003
  0.100593546874984E+000  0.700125925038395E+000  0.837321239992356E-001  0.100207677947691E+000 -0.131028262406404E+000 -0.150926137146895E+003 -0.150926137146895E+003 -0.150929153956882E+003
  0.100165099441832E+000  0.852064265723644E+000  0.863974638210377E+000  0.100340114023073E+000 -0.131028262406404E+000 -0.150926345198665E+003 -0.150926345198665E+003 -0.150931383390281E+003
  0.100607844452946E+000  0.183600281856211E+001  0.271169479288620E+000  0.100314998663906E+000 -0.131028262406404E+000 -0.150927485061551E+003 -0.150927485061551E+003 -0.150927962594117E+003
  0.101432612917082E+000  0.612934986913968E+000  0.456977774345805E+000  0.101461564595797E+000 -0.131028262406404E+000 -0.150927083438098E+003 -0.150927083438098E+003 -0.150930259962214E+003
  0.100413283240383E+000  0.597782380489435E+000  0.840098094184099E+000  0.101963301529722E+000 -0.131028262406404E+000 -0.150926702592392E+003 -0.150926702592392E+003 -0.150928001544406E+003
  0.100021872721278E+000  0.114584075965927E+001  0.427029525032295E-003  0.101040062248165E+000 -0.131028262406404E+000 -0.150927233367528E+003 -0.150927233367528E+003 -0.150931762384034E+003
  0.102078435690307E+000  0.602152246551552E+000  0.439838766175436E+000  0.101404669938344E+000 -0.131028262406404E+000 -0.150927403822038E+003 -0.150927403822038E+003 -0.150927905123642E+003
  0.101983339947175E+000  0.647657866400495E+000  0.113202157864272E+000  0.100617999707087E+000 -0.131028262406404E+000 -0.150927043993718E+003 -0.150927043993718E+003 -0.150928015532464E+003
  0.102818471877744E+000  0.614134032615663E+000  0.115862227909505E-001  0.100855903702354E+000 -0.131028262406404E+000 -0.150927573416896E+003 -0.150927573416896E+003 -0.150927939626301E+003
  0.102150637993830E+000  0.702215286068241E+000  0.396094351005407E+000  0.100701872965179E+000 -0.131028262406404E+000 -0.150927350883254E+003 -0.150927350883254E+003 -0.150927928264238E+003
  0.100124033417011E+000  0.778783208657836E+000  0.863397296933493E+000  0.100764330601772E+000 -0.131028262406404E+000 -0.150926381791502E+003 -0.150926381791502E+003 -0.150928748511915E+003
  0.100407927582635E+000  0.120741602206593E+001  0.404385906446490E+000  0.100642197571566E+000 -0.131028262406404E+000 -0.150927320822929E+003 -0.150927320822929E+003 -0.150929925828102E+003
  0.103153091415817E+000  0.502048457072705E+000  0.995658690909472E+000  0.101098244042542E+000 -0.131028262406404E+000 -0.150927537518782E+003 -0.150927537518782E+003 -0.150930614441146E+003
  0.100559905337223E+000  0.923168862963317E+000  0.482843850761605E+000  0.101086698736272E+000 -0.131028262406404E+000 -0.150927173575947E+003 -0.150927173575947E+003 -0.150928507428650E+003
  0.102036183073008E+000  0.575292918152959E+000  0.726428621155442E+000  0.101536607790919E+000 -0.131028262406404E+000 -0.150927365452088E+003 -0.150927365452088E+003 -0.150932619220461E+003
  0.101868577164741E+000  0.826213781811151E+000  0.208955388923448E+000  0.100242605588792E+000 -0.131028262406404E+000 -0.150927246143838E+003 -0.150927246143838E+003 -0.150930046078483E+003
  0.101759837910016E+000  0.853248814996102E+000  0.938291121704338E+000  0.100517772425284E+000 -0.131028262406404E+000 -0.150927406244022E+003 -0.150927406244022E+003 -0.150929601003010E+003
  0.101805898887908E+000  0.635297255226829E+000  0.336219854056606E+000  0.100700499415549E+000 -0.131028262406404E+000 -0.150926947801891E+003 -0.150926947801891E+003 -0.150928657888671E+003
  0.103125265772390E+000  0.668573902888253E+000  0.472053986692440E+000  0.100007243686446E+000 -0.131028262406404E+000 -0.150927435171071E+003 -0.150927435171071E+003 -0.150930373947159E+003
  0.100522615694142E+000  0.100672291505873E+001  0.661328127230184E+000  0.100282250331309E+000 -0.131028262406404E+000 -0.150926854370954E+003 -0.150926854370954E+003 -0.150928745521672E+003
  0.101741856644960E+000  0.764327993088941E+000  0.200576220562130E+000  0.100420194675570E+000 -0.131028262406404E+000 -0.150927115603831E+003 -0.150927115603831E+003 -0.150928898225879E+003
  0.100490987259498E+000  0.700865449619585E+000  0.103641913150544E+000  0.100708601591621E+000 -0.131028262406404E+000 -0.150926359993980E+003 -0.150926359993980E+003 -0.150928441831288E+003
  0.101164530423919E+000  0.820132407921859E+000  0.985129926202009E+000  0.101532563937471E+000 -0.131028262406404E+000 -0.150927552615673E+003 -0.150927552615673E+003 -0.150928050657299E+003
  0.100098951632354E+000  0.989403252973140E+000  0.462499561935979E-001  0.100298365624738E+000 -0.131028262406404E+000 -0.150926575622181E+003 -0.150926575622181E+003 -0.150930125221486E+003
  0.101029390666525E+000  0.546616610278228E+000  0.655875876822681E+000  0.101639884573079E+000 -0.131028262406404E+000 -0.150926725853637E+003 -0.150926725853637E+003 -0.150928207859599E+003
  0.100676951850007E+000  0.171522870978056E+001  0.346663178127557E+000  0.100511321721476E+000 -0.131028262406404E+000 -0.150927691676152E+003 -0.150927691676152E+003 -0.150930496895476E+003
  0.101354708129925E+000  0.551962053606445E+000  0.720325543270717E+000  0.102962419604623E+000 -0.131028262406404E+000 -0.150927668685248E+003 -0.150927668685248E+003 -0.150927955325274E+003
  0.101473380371608E+000  0.107158964955620E+001  0.119022772538680E-001  0.100850845623486E+000 -0.131028262406404E+000 -0.150927882026919E+003 -0.150927882026919E+003 -0.150930310597516E+003
  0.101049968639554E+000  0.595604066409394E+000  0.476881214004665E+000  0.102835133725153E+000 -0.131028262406404E+000 -0.150927561816397E+003 -0.150927561816397E+003 -0.150928147100900E+003
  0.100084953512407E+000  0.776882868049204E+000  0.681821813317964E+000  0.101721173211345E+000 -0.131028262406404E+000 -0.150926894556072E+003 -0.150926894556072E+003 -0.150928467289005E+003
  0.100493238616696E+000  0.991076416921972E+000  0.207520193674822E+000  0.100154758904608E+000 -0.131028262406404E+000 -0.150926732320148E+003 -0.150926732320148E+003 -0.150928044656000E+003
  0.103189969211697E+000  0.807461138126876E+000  0.764879087830499E+000  0.100007547990032E+000 -0.131028262406404E+000 -0.150927851291262E+003 -0.150927851291262E+003 -0.150929293320882E+003
  0.100564299446574E+000  0.109812332845030E+001  0.622264760399843E+000  0.100562942732756E+000 -0.131028262406404E+000 -0.150927206305966E+003 -0.150927206305966E+003 -0.150928751348080E+003
  0.100092078102325E+000  0.176585683989153E+001  0.702502106735985E+000  0.100143672940681E+000 -0.131028262406404E+000 -0.150927101160951E+003 -0.150927101160951E+003 -0.150928637656716E+003
  0.102253226334236E+000  0.967688221372749E+000  0.834275433851886E+000  0.100178791982527E+000 -0.131028262406404E+000 -0.150927757095353E+003 -0.150927757095353E+003 -0.150928771851036E+003
  0.102389393693385E+000  0.690415168424972E+000  0.171163823632376E+000  0.101469071426216E+000 -0.131028262406404E+000 -0.150927898488318E+003 -0.150927898488318E+003 -0.150936757322274E+003
  0.100262106244147E+000  0.182437299215080E+001  0.429023992164813E+000  0.101326091159753E+000 -0.131028262406404E+000 -0.150927886947391E+003 -0.150927886947391E+003 -0.150927945196049E+003
  0.101793151881913E+000  0.593095358927011E+000  0.172778391477855E+000  0.102064295310281E+000 -0.131028262406404E+000 -0.150927573152870E+003 -0.150927573152870E+003 -0.150928582590114E+003
  0.100686087299535E+000  0.178634845808619E+001  0.101023323130353E+000  0.100749573354368E+000 -0.131028262406404E+000 -0.150927818603941E+003 -0.150927818603941E+003 -0.150928624822850E+003
  0.100497246276320E+000  0.702341833410520E+000  0.669665667410697E+000  0.102764791618422E+000 -0.131028262406404E+000 -0.150927522608111E+003 -0.150927522608111E+003 -0.150929466232368E+003
  0.100773203284055E+000  0.161845405563651E+001  0.167132661787347E+000  0.100646902450287E+000 -0.131028262406404E+000 -0.150927837712436E+003 -0.150927837712436E+003 -0.150929547955791E+003
  0.101328008197769E+000  0.125571845111512E+001  0.206397864553996E+000  0.100398261977609E+000 -0.131028262406404E+000 -0.150927794293534E+003 -0.150927794293534E+003 -0.150928539217705E+003
  0.100284378805954E+000  0.162736273788695E+001  0.122375206939391E+000  0.100520916497410E+000 -0.131028262406404E+000 -0.150927464445079E+003 -0.150927464445079E+003 -0.150927954305318E+003
  0.101753118428527E+000  0.710547468240692E+000  0.514753244625500E+000  0.100044174468604E+000 -0.131028262406404E+000 -0.150926761747668E+003 -0.150926761747668E+003 -0.150928286351677E+003
  0.101313668173379E+000  0.851658299568135E+000  0.258356267019048E+000  0.101125843342800E+000 -0.131028262406404E+000 -0.150927486521370E+003 -0.150927486521370E+003 -0.150973181285496E+003
  0.103418025032735E+000  0.528995161144918E+000  0.172144347682535E+000  0.100967819342229E+000 -0.131028262406404E+000 -0.150927714565533E+003 -0.150927714565533E+003 -0.150929393917755E+003
  0.101120644646813E+000  0.122954904762412E+001  0.459291890723687E+000  0.100665068903132E+000 -0.131028262406404E+000 -0.150927796124976E+003 -0.150927796124976E+003 -0.150928369846732E+003
  0.100006998156558E+000  0.596802454559319E+000  0.242318150630874E+000  0.102955277690530E+000 -0.131028262406404E+000 -0.150926999780896E+003 -0.150926999780896E+003 -0.150929202214675E+003
  0.102535057780942E+000  0.706563797512797E+000  0.607008959683810E+000  0.100114233725683E+000 -0.131028262406404E+000 -0.150927255121573E+003 -0.150927255121573E+003 -0.150928352620880E+003
  0.101342828386773E+000  0.688247588080851E+000  0.100937150752002E+000  0.100663605644329E+000 -0.131028262406404E+000 -0.150926807080124E+003 -0.150926807080124E+003 -0.150928505775910E+003
  0.100002653093493E+000  0.110644879525997E+001  0.453609426958797E+000  0.101468760130533E+000 -0.131028262406404E+000 -0.150927410560127E+003 -0.150927410560127E+003 -0.150928837381258E+003
  0.101132031582351E+000  0.736452267123458E+000  0.588440630249497E+000  0.100307977588698E+000 -0.131028262406404E+000 -0.150926613421876E+003 -0.150926613421876E+003 -0.150929065645444E+003
  0.100599298923028E+000  0.195838225184360E+001  0.306493279020809E+000  0.101157365634803E+000 -0.131028262406404E+000 -0.150927892330834E+003 -0.150927892330834E+003 -0.150930704931097E+003
  0.100414569088705E+000  0.549634261849435E+000  0.294718373147283E+000  0.101013364481701E+000 -0.131028262406404E+000 -0.150926025364889E+003 -0.150926025364889E+003 -0.150927926159821E+003
  0.102926639029765E+000  0.645198388580860E+000  0.995163309162663E+000  0.100595961633891E+000 -0.131028262406404E+000 -0.150927585421119E+003 -0.150927585421119E+003 -0.150928154410789E+003
  0.101021521976007E+000  0.179763105188743E+001  0.644537029691791E+000  0.100426601476874E+000 -0.131028262406404E+000 -0.150927823359495E+003 -0.150927823359495E+003 -0.150928717039785E+003
  0.101458044232443E+000  0.872348414398953E+000  0.544359671739245E+000  0.101469002625601E+000 -0.131028262406404E+000 -0.150927822501064E+003 -0.150927822501064E+003 -0.150932079658762E+003
  0.100586496588782E+000  0.523334167897876E+000  0.243342394456413E+000  0.101955647047601E+000 -0.131028262406404E+000 -0.150926555317119E+003 -0.150926555317119E+003 -0.150927983998604E+003
  0.100365748147651E+000  0.107882467199751E+001  0.575175172460289E-001  0.100235791522010E+000 -0.131028262406404E+000 -0.150926861946110E+003 -0.150926861946110E+003 -0.150928933175238E+003
  0.100391970655822E+000  0.860407574202421E+000  0.647449944437476E+000  0.102604393326239E+000 -0.131028262406404E+000 -0.150927798595019E+003 -0.150927798595019E+003 -0.150928662454118E+003
  0.103680297582087E+000  0.528495400469251E+000  0.831339134128567E+000  0.100152494629425E+000 -0.131028262406404E+000 -0.150927407815726E+003 -0.150927407815726E+003 -0.150927905393914E+003
  0.102026432605619E+000  0.547491384614226E+000  0.522054802488799E+000  0.101542659021776E+000 -0.131028262406404E+000 -0.150927270523398E+003 -0.150927270523398E+003 -0.150940597644206E+003
  0.100630575790478E+000  0.154780474647989E+001  0.565497084626371E+000  0.100115733506988E+000 -0.131028262406404E+000 -0.150927416931037E+003 -0.150927416931037E+003 -0.150929355745221E+003
  0.102048446334977E+000  0.542839061172822E+000  0.642417975720581E+000  0.100289234596185E+000 -0.131028262406404E+000 -0.150926569994800E+003 -0.150926569994800E+003 -0.150928208021304E+003
  0.100595928920492E+000  0.121502228452170E+001  0.379285590041480E+000  0.100967571674255E+000 -0.131028262406404E+000 -0.150927638291216E+003 -0.150927638291216E+003 -0.150927905238537E+003
  0.100330505713723E+000  0.647814408905793E+000  0.948272492893672E+000  0.101164401144167E+000 -0.131028262406404E+000 -0.150926365328921E+003 -0.150926365328921E+003 -0.150927987211611E+003
  0.100657505668867E+000  0.103157194629273E+001  0.503731524467361E+000  0.101729029750402E+000 -0.131028262406404E+000 -0.150927829445580E+003 -0.150927829445580E+003 -0.150928046027627E+003
  0.101573998018223E+000  0.995615431353637E+000  0.568126741644493E+000  0.100509053482659E+000 -0.131028262406404E+000 -0.150927599332358E+003 -0.150927599332358E+003 -0.150930615828187E+003
  0.100629637559996E+000  0.829051939052478E+000  0.604329709610538E-002  0.100638271709419E+000 -0.131028262406404E+000 -0.150926739273956E+003 -0.150926739273956E+003 -0.150928091063987E+003
  0.101119653123074E+000  0.513698682477364E+000  0.543144441555289E+000  0.102288588463490E+000 -0.131028262406404E+000 -0.150927023310705E+003 -0.150927023310705E+003 -0.150928517578802E+003
  0.100830038823853E+000  0.136356905834681E+001  0.511823383939101E+000  0.100388864481609E+000 -0.131028262406404E+000 -0.150927596253858E+003 -0.150927596253858E+003 -0.150928402037761E+003
  0.100667041907785E+000  0.668506904572031E+000  0.819145714335611E+000  0.101543506866182E+000 -0.131028262406404E+000 -0.150926840327975E+003 -0.150926840327975E+003 -0.150928100827549E+003
  0.100435530204860E+000  0.109916943004902E+001  0.452903130782877E+000  0.101380459865222E+000 -0.131028262406404E+000 -0.150927610795528E+003 -0.150927610795528E+003 -0.150929815096206E+003
  0.100551819381458E+000  0.588923742082426E+000  0.920284703906503E-001  0.100123160451916E+000 -0.131028262406404E+000 -0.150925740527376E+003 -0.150925740527376E+003 -0.150929481154320E+003
  0.103161547052343E+000  0.607504777199629E+000  0.551992918958841E+000  0.100838713295609E+000 -0.131028262406404E+000 -0.150927747064808E+003 -0.150927747064808E+003 -0.150927991305827E+003
  0.102447232036189E+000  0.592545810468976E+000  0.990333653345496E+000  0.100887473276021E+000 -0.131028262406404E+000 -0.150927301988383E+003 -0.150927301988383E+003 -0.150928079962053E+003
  0.100140214648676E+000  0.147783448661376E+001  0.570807499834168E+000  0.100980833461755E+000 -0.131028262406404E+000 -0.150927609022243E+003 -0.150927609022243E+003 -0.150929950450713E+003
  0.101459483884165E+000  0.148736137403176E+001  0.680760956714553E+000  0.100037102237260E+000 -0.131028262406404E+000 -0.150927848616407E+003 -0.150927848616407E+003 -0.150928017425391E+003
  0.100942860331659E+000  0.879703445916383E+000  0.632015216345769E+000  0.101800384857185E+000 -0.131028262406404E+000 -0.150927719165433E+003 -0.150927719165433E+003 -0.150928335263604E+003
  0.101247264491981E+000  0.816119778295554E+000  0.772745383881363E+000  0.101107599421042E+000 -0.131028262406404E+000 -0.150927347975126E+003 -0.150927347975126E+003 -0.150928013102661E+003
  0.100892858969731E+000  0.101772442925358E+001  0.898809727700657E+000  0.101644973537528E+000 -0.131028262406404E+000 -0.150927897171529E+003 -0.150927897171529E+003 -0.150928079962053E+003
  0.102725191436127E+000  0.563938768084594E+000  0.491505144740242E-001  0.101350201063515E+000 -0.131028262406404E+000 -0.150927635039927E+003 -0.150927635039927E+003 -0.150927904518384E+003
  0.100447444504818E+000  0.599240995003150E+000  0.667585309277814E+000  0.101832297146697E+000 -0.131028262406404E+000 -0.150926655469468E+003 -0.150926655469468E+003 -0.150928234631769E+003
  0.100123005247050E+000  0.543025747987497E+000  0.798961827710620E-001  0.101739657286853E+000 -0.131028262406404E+000 -0.150926226893844E+003 -0.150926226893844E+003 -0.150927966745249E+003
  0.100436993065699E+000  0.641173766374121E+000  0.965038003876298E+000  0.100430121807817E+000 -0.131028262406404E+000 -0.150926000232743E+003 -0.150926000232743E+003 -0.150929781041650E+003
  0.101362878949153E+000  0.671810442681144E+000  0.642265680630949E+000  0.100073877778301E+000 -0.131028262406404E+000 -0.150926438326729E+003 -0.150926438326729E+003 -0.150930776353530E+003
  0.100817858172758E+000  0.941002879673088E+000  0.972311561619567E+000  0.101233117202323E+000 -0.131028262406404E+000 -0.150927453474687E+003 -0.150927453474687E+003 -0.150930118535838E+003
  0.102911333136191E+000  0.504048309743124E+000  0.889045117681241E+000  0.100828528877433E+000 -0.131028262406404E+000 -0.150927250565624E+003 -0.150927250565624E+003 -0.150927989455451E+003
  0.101241864754079E+000  0.188131449697635E+001  0.309162751073399E+000  0.100159718819976E+000 -0.131028262406404E+000 -0.150927747733306E+003 -0.150927747733306E+003 -0.150927931992362E+003
  0.101083662663079E+000  0.137659352602298E+001  0.967680112615534E+000  0.100464221228024E+000 -0.131028262406404E+000 -0.150927806620680E+003 -0.150927806620680E+003 -0.150928350029732E+003
  0.100768025981668E+000  0.162810389655087E+001  0.767078794789846E+000  0.100352848734102E+000 -0.131028262406404E+000 -0.150927657803068E+003 -0.150927657803068E+003 -0.150928198057689E+003
  0.101386145255904E+000  0.791420458656126E+000  0.357618142491362E+000  0.101745508195301E+000 -0.131028262406404E+000 -0.150927734537281E+003 -0.150927734537281E+003 -0.150928078172962E+003
  0.100211713393627E+000  0.196701213117634E+001  0.135639152907035E+000  0.100912547611986E+000 -0.131028262406404E+000 -0.150927501143214E+003 -0.150927501143214E+003 -0.150928509851403E+003
  0.101040081273526E+000  0.958407347262003E+000  0.863996169722944E+000  0.100201042964492E+000 -0.131028262406404E+000 -0.150927022649866E+003 -0.150927022649866E+003 -0.150929137058157E+003
  0.100108509677440E+000  0.839049220115496E+000  0.407706385527011E+000  0.103116998471417E+000 -0.131028262406404E+000 -0.150927863354838E+003 -0.150927863354838E+003 -0.150927952147705E+003
  0.101858063323367E+000  0.686954806750934E+000  0.833432545583327E+000  0.102030615482861E+000 -0.131028262406404E+000 -0.150927887838293E+003 -0.150927887838293E+003 -0.150927931992362E+003
  0.100698461493911E+000  0.608023222500214E+000  0.448323837979107E+000  0.102188062982103E+000 -0.131028262406404E+000 -0.150927031313330E+003 -0.150927031313330E+003 -0.150928005594987E+003
  0.100055730316860E+000  0.722844416120741E+000  0.963623225182627E+000  0.103742471633278E+000 -0.131028262406404E+000 -0.150927861016752E+003 -0.150927861016752E+003 -0.150928182401089E+003
  0.101804679250028E+000  0.585524548122068E+000  0.926711162333330E+000  0.100117047630578E+000 -0.131028262406404E+000 -0.150926466011947E+003 -0.150926466011947E+003 -0.150928261202217E+003
  0.100459392270790E+000  0.754177287194415E+000  0.667150295120179E+000  0.102050422726791E+000 -0.131028262406404E+000 -0.150927245917832E+003 -0.150927245917832E+003 -0.150928261867781E+003
  0.100666281604330E+000  0.114981309330027E+001  0.688006348220675E+000  0.100165252093563E+000 -0.131028262406404E+000 -0.150927113944796E+003 -0.150927113944796E+003 -0.150928972132175E+003
  0.101096742478559E+000  0.165798136320751E+001  0.664124373523023E-001  0.100005940305661E+000 -0.131028262406404E+000 -0.150927648170842E+003 -0.150927648170842E+003 -0.150928914888737E+003
  0.100755650417815E+000  0.111173359140561E+001  0.843728542073730E+000  0.100667916101296E+000 -0.131028262406404E+000 -0.150927406293872E+003 -0.150927406293872E+003 -0.150928674766588E+003
  0.101107370179869E+000  0.727659590486543E+000  0.796241501481827E+000  0.101371078783888E+000 -0.131028262406404E+000 -0.150927178688196E+003 -0.150927178688196E+003 -0.150928860248976E+003
  0.100443892865529E+000  0.537820141308739E+000  0.609284954571944E+000  0.100431969007535E+000 -0.131028262406404E+000 -0.150925685826718E+003 -0.150925685826718E+003 -0.150942108554927E+003
  0.100156291753152E+000  0.130046388604899E+001  0.549145825718488E+000  0.100450617409708E+000 -0.131028262406404E+000 -0.150927164239513E+003 -0.150927164239513E+003 -0.150928779550197E+003
  0.102760846557906E+000  0.686782494746184E+000  0.657889065392107E+000  0.100741443409887E+000 -0.131028262406404E+000 -0.150927693500908E+003 -0.150927693500908E+003 -0.150929065386065E+003
  0.101570455554124E+000  0.590613289708424E+000  0.578375109557396E-001  0.100174112997817E+000 -0.131028262406404E+000 -0.150926375477978E+003 -0.150926375477978E+003 -0.150930077105430E+003
  0.100535151799154E+000  0.988732500676319E+000  0.244846961853575E+000  0.101500885591833E+000 -0.131028262406404E+000 -0.150927537318734E+003 -0.150927537318734E+003 -0.150929094654407E+003
  0.100254330496601E+000  0.871631209523150E+000  0.401300347023285E+000  0.101418651715162E+000 -0.131028262406404E+000 -0.150927062512331E+003 -0.150927062512331E+003 -0.150927924694701E+003
  0.101484672091606E+000  0.574692224453832E+000  0.404045394294072E+000  0.100600938511669E+000 -0.131028262406404E+000 -0.150926512947137E+003 -0.150926512947137E+003 -0.150928330925364E+003
  0.100200191212872E+000  0.863062600244262E+000  0.679792923553402E+000  0.102941466261604E+000 -0.131028262406404E+000 -0.150927880426143E+003 -0.150927880426143E+003 -0.150927952606472E+003
  0.101841779511986E+000  0.656707035808886E+000  0.403383474115022E+000  0.101008622147386E+000 -0.131028262406404E+000 -0.150927207867710E+003 -0.150927207867710E+003 -0.150930726425576E+003
  0.100321479848399E+000  0.906780121964900E+000  0.917703409114550E+000  0.101690084248184E+000 -0.131028262406404E+000 -0.150927340719410E+003 -0.150927340719410E+003 -0.150928529740730E+003
  0.100187858438612E+000  0.145431256661760E+001  0.783229206015525E+000  0.100841222086630E+000 -0.131028262406404E+000 -0.150927541630318E+003 -0.150927541630318E+003 -0.150929505088116E+003
  0.100479839197863E+000  0.537105827620621E+000  0.246803132598846E+000  0.101999124629730E+000 -0.131028262406404E+000 -0.150926562112093E+003 -0.150926562112093E+003 -0.150935216794926E+003
  0.102458452928943E+000  0.733433034241936E+000  0.305197231247584E+000  0.101075864069349E+000 -0.131028262406404E+000 -0.150927838071671E+003 -0.150927838071671E+003 -0.150928824291594E+003
  0.103358723520688E+000  0.656348355281207E+000  0.114908893411696E-002  0.100598568950474E+000 -0.131028262406404E+000 -0.150927877810345E+003 -0.150927877810345E+003 -0.150938740218906E+003
  0.103354682933859E+000  0.625477631166278E+000  0.774596084658188E+000  0.100783546102097E+000 -0.131028262406404E+000 -0.150927887022468E+003 -0.150927887022468E+003 -0.150928473455081E+003
  0.100307040736880E+000  0.592587132250886E+000  0.477096158408356E+000  0.101327758557383E+000 -0.131028262406404E+000 -0.150926271940496E+003 -0.150926271940496E+003 -0.150927963821392E+003
  0.101751000815190E+000  0.718962047505312E+000  0.743705281808067E+000  0.100079715608970E+000 -0.131028262406404E+000 -0.150926803930142E+003 -0.150926803930142E+003 -0.150928976675969E+003
  0.100823025871772E+000  0.746376677368569E+000  0.988338091712703E+000  0.102688964175320E+000 -0.131028262406404E+000 -0.150927806515764E+003 -0.150927806515764E+003 -0.150928602221459E+003
  0.100047716077957E+000  0.134261231348767E+001  0.959192629460001E+000  0.101055720813047E+000 -0.131028262406404E+000 -0.150927499387719E+003 -0.150927499387719E+003 -0.150932020251960E+003
  0.100439134836772E+000  0.107268347260398E+001  0.827656249553202E+000  0.100732881333344E+000 -0.131028262406404E+000 -0.150927187463005E+003 -0.150927187463005E+003 -0.150929396717130E+003
  0.100153842093360E+000  0.192996227276383E+001  0.346761234842562E+000  0.100075857967961E+000 -0.131028262406404E+000 -0.150927000841396E+003 -0.150927000841396E+003 -0.150928004271800E+003
  0.100510661535443E+000  0.804126223762353E+000  0.194444799538323E+000  0.101271137367902E+000 -0.131028262406404E+000 -0.150926967173356E+003 -0.150926967173356E+003 -0.150929292629577E+003
  0.100281735715350E+000  0.766159256678654E+000  0.519144290509090E+000  0.102372057183605E+000 -0.131028262406404E+000 -0.150927352805947E+003 -0.150927352805947E+003 -0.150928309264897E+003
  0.101024108414417E+000  0.170306611049477E+001  0.321075860014521E-001  0.100424443616228E+000 -0.131028262406404E+000 -0.150927852920397E+003 -0.150927852920397E+003 -0.150929136997012E+003
  0.100915543190144E+000  0.739701379162054E+000  0.822725117287144E+000  0.101195626060767E+000 -0.131028262406404E+000 -0.150926997182835E+003 -0.150926997182835E+003 -0.150930305393932E+003
  0.101078513692229E+000  0.109513837809645E+001  0.360714414528229E+000  0.100964168788628E+000 -0.131028262406404E+000 -0.150927749954656E+003 -0.150927749954656E+003 -0.150928697807774E+003
  0.101384476094051E+000  0.830386888703118E+000  0.727314543076882E-001  0.100519747992170E+000 -0.131028262406404E+000 -0.150927127012470E+003 -0.150927127012470E+003 -0.150928760695895E+003
  0.100408226713538E+000  0.602429189008097E+000  0.155113543872545E+000  0.103215672164631E+000 -0.131028262406404E+000 -0.150927405148214E+003 -0.150927405148214E+003 -0.150929407203062E+003
  0.101298856725933E+000  0.569502930592383E+000  0.148889576998996E+000  0.102360450786268E+000 -0.131028262406404E+000 -0.150927362103147E+003 -0.150927362103147E+003 -0.150930491880482E+003
  0.100666197315406E+000  0.817233934665480E+000  0.591713642260934E-001  0.100896857254424E+000 -0.131028262406404E+000 -0.150926880142791E+003 -0.150926880142791E+003 -0.150929248502723E+003
  0.100027253039953E+000  0.899300008048212E+000  0.537118211963452E+000  0.102206840835929E+000 -0.131028262406404E+000 -0.150927441176645E+003 -0.150927441176645E+003 -0.150928395440426E+003
  0.100682834517488E+000  0.123068643601336E+001  0.133753478540330E+000  0.101110321258383E+000 -0.131028262406404E+000 -0.150927796492941E+003 -0.150927796492941E+003 -0.150930104215523E+003
  0.101267022216976E+000  0.116969677518851E+001  0.515731166991308E+000  0.100822888018760E+000 -0.131028262406404E+000 -0.150927897766310E+003 -0.150927897766310E+003 -0.150929333917059E+003
  0.100803013757289E+000  0.505157293756795E+000  0.630849692695076E+000  0.100692871423303E+000 -0.131028262406404E+000 -0.150925932904355E+003 -0.150925932904355E+003 -0.150928846124932E+003
  0.100268007581224E+000  0.165410182596616E+001  0.474602705055722E+000  0.100457196330140E+000 -0.131028262406404E+000 -0.150927416783557E+003 -0.150927416783557E+003 -0.150929875767497E+003
  0.100004430232924E+000  0.651095625225230E+000  0.693299873271409E+000  0.100361608322121E+000 -0.131028262406404E+000 -0.150925734482203E+003 -0.150925734482203E+003 -0.150928809176791E+003
  0.100421011977679E+000  0.113537223792063E+001  0.751468995592425E-001  0.101150877721915E+000 -0.131028262406404E+000 -0.150927525518615E+003 -0.150927525518615E+003 -0.150930451253870E+003
  0.100909163359258E+000  0.100759507408175E+001  0.781193361455918E+000  0.100269462891354E+000 -0.131028262406404E+000 -0.150927081147418E+003 -0.150927081147418E+003 -0.150928351203847E+003
  0.100077310990790E+000  0.760194200554890E+000  0.420133018002347E+000  0.103581321641054E+000 -0.131028262406404E+000 -0.150927892876566E+003 -0.150927892876566E+003 -0.150928847442089E+003
  0.100918051692247E+000  0.804710923739928E+000  0.609754793020927E+000  0.100848554547730E+000 -0.131028262406404E+000 -0.150926972369020E+003 -0.150926972369020E+003 -0.150927954493847E+003
  0.100878351338414E+000  0.701630190653370E+000  0.366643169680727E+000  0.102917967018501E+000 -0.131028262406404E+000 -0.150927838763432E+003 -0.150927838763432E+003 -0.150929124704571E+003
  0.100350954865535E+000  0.152522544377266E+001  0.952273223256721E+000  0.100470731495408E+000 -0.131028262406404E+000 -0.150927452892971E+003 -0.150927452892971E+003 -0.150928717814329E+003
  0.100840355576794E+000  0.638926772690501E+000  0.657927854815162E+000  0.102064272816719E+000 -0.131028262406404E+000 -0.150927145664869E+003 -0.150927145664869E+003 -0.150930531837018E+003
  0.101015604271185E+000  0.142911100000196E+001  0.373814813708087E+000  0.100224332403803E+000 -0.131028262406404E+000 -0.150927659458468E+003 -0.150927659458468E+003 -0.150928695365395E+003
  0.100230740901882E+000  0.146809453611509E+001  0.692945492789103E+000  0.101205437564571E+000 -0.131028262406404E+000 -0.150927793701572E+003 -0.150927793701572E+003 -0.150930944965145E+003
  0.100744626928800E+000  0.106534550732167E+001  0.605124655163415E+000  0.100464429509597E+000 -0.131028262406404E+000 -0.150927201769755E+003 -0.150927201769755E+003 -0.150928123037935E+003
  0.103284282466133E+000  0.522667154457938E+000  0.105459754058462E+000  0.101344537807844E+000 -0.131028262406404E+000 -0.150927825146178E+003 -0.150927825146178E+003 -0.150929491669534E+003
  0.100364323768146E+000  0.170611171334626E+001  0.782098529951673E+000  0.100576347719452E+000 -0.131028262406404E+000 -0.150927541992378E+003 -0.150927541992378E+003 -0.150930994296732E+003
  0.100538122532499E+000  0.782662912141765E+000  0.204237824002851E-001  0.100199341369315E+000 -0.131028262406404E+000 -0.150926318458497E+003 -0.150926318458497E+003 -0.150928071516990E+003
  0.101865557385909E+000  0.685120635431169E+000  0.196344228265849E+000  0.100765005321721E+000 -0.131028262406404E+000 -0.150927167551244E+003 -0.150927167551244E+003 -0.150928092080676E+003
  0.100232690250038E+000  0.103928352784945E+001  0.909843246272986E-001  0.101042033582557E+000 -0.131028262406404E+000 -0.150927183598522E+003 -0.150927183598522E+003 -0.150927924564694E+003
  0.100499602601025E+000  0.121694732435093E+001  0.418696817167772E+000  0.101499000355703E+000 -0.131028262406404E+000 -0.150927897527882E+003 -0.150927897527882E+003 -0.150928953175001E+003
  0.100996800851619E+000  0.989146072045943E+000  0.263682100032952E+000  0.100520806824720E+000 -0.131028262406404E+000 -0.150927245427023E+003 -0.150927245427023E+003 -0.150928618264411E+003
  0.100430288320204E+000  0.158825859953071E+001  0.291311149428429E+000  0.100176055500263E+000 -0.131028262406404E+000 -0.150927341284744E+003 -0.150927341284744E+003 -0.150928787064654E+003
  0.100787517606590E+000  0.125704416361531E+001  0.394289150413828E-001  0.100242662184124E+000 -0.131028262406404E+000 -0.150927375183378E+003 -0.150927375183378E+003 -0.150938684648426E+003
  0.102261894515635E+000  0.742367648769449E+000  0.143150406096952E+000  0.101325729562982E+000 -0.131028262406404E+000 -0.150927888722042E+003 -0.150927888722042E+003 -0.150929283392611E+003
  0.103523384237320E+000  0.644180992855310E+000  0.578070890060922E+000  0.100417684635206E+000 -0.131028262406404E+000 -0.150927834973526E+003 -0.150927834973526E+003 -0.150945483503284E+003
  0.102061683504936E+000  0.617385516173153E+000  0.367342958132562E+000  0.102000138359215E+000 -0.131028262406404E+000 -0.150927777542540E+003 -0.150927777542540E+003 -0.150929826662037E+003
  0.100180467991219E+000  0.645502823933491E+000  0.798231556082154E+000  0.101704950661893E+000 -0.131028262406404E+000 -0.150926568794488E+003 -0.150926568794488E+003 -0.150928055827878E+003
  0.100005343738729E+000  0.784600192829789E+000  0.588156704118741E+000  0.100489417422466E+000 -0.131028262406404E+000 -0.150926170006083E+003 -0.150926170006083E+003 -0.150928849726734E+003
  0.101362597804611E+000  0.103022670895284E+001  0.961664268004037E+000  0.100834998435670E+000 -0.131028262406404E+000 -0.150927730319866E+003 -0.150927730319866E+003 -0.150928419260864E+003
  0.100918920923787E+000  0.605149272853074E+000  0.712917624430069E+000  0.101243921254524E+000 -0.131028262406404E+000 -0.150926630431180E+003 -0.150926630431180E+003 -0.150928753022572E+003
  0.100033098242658E+000  0.148394931859708E+001  0.459285818404364E+000  0.101021983668585E+000 -0.131028262406404E+000 -0.150927571194799E+003 -0.150927571194799E+003 -0.150929583596587E+003
  0.101513547414812E+000  0.511388211136633E+000  0.756998371008524E+000  0.103395378738896E+000 -0.131028262406404E+000 -0.150927858791109E+003 -0.150927858791109E+003 -0.150928177876080E+003
  0.101253872304500E+000  0.109719121365500E+001  0.369803136649327E+000  0.100668577371019E+000 -0.131028262406404E+000 -0.150927684708925E+003 -0.150927684708925E+003 -0.150928123037935E+003
  0.100895835050769E+000  0.115909287127441E+001  0.281203676095582E+000  0.100497800425913E+000 -0.131028262406404E+000 -0.150927463554915E+003 -0.150927463554915E+003 -0.150927923685269E+003
  0.100802056980575E+000  0.511188644559528E+000  0.428739699796226E+000  0.100336030918991E+000 -0.131028262406404E+000 -0.150925757311301E+003 -0.150925757311301E+003 -0.150927977275931E+003
  0.100212224066017E+000  0.630366830998615E+000  0.355234535862972E+000  0.101807332489770E+000 -0.131028262406404E+000 -0.150926598214875E+003 -0.150926598214875E+003 -0.150930544987476E+003
  0.100224997997595E+000  0.530594221439401E+000  0.674674050959210E-002  0.100164911285242E+000 -0.131028262406404E+000 -0.150925387457711E+003 -0.150925387457711E+003 -0.150928214490939E+003
  0.101198177234161E+000  0.791291393980577E+000  0.954084116374134E+000  0.101890101053182E+000 -0.131028262406404E+000 -0.150927703174746E+003 -0.150927703174746E+003 -0.150929121004494E+003
  0.101187484185910E+000  0.931061378114464E+000  0.798666203441418E+000  0.101247940537340E+000 -0.131028262406404E+000 -0.150927664520895E+003 -0.150927664520895E+003 -0.150928304708724E+003
  0.100856468793096E+000  0.541981838522758E+000  0.225321467816615E+000  0.102612023579640E+000 -0.131028262406404E+000 -0.150927140519580E+003 -0.150927140519580E+003 -0.150929738539184E+003
  0.100948174326060E+000  0.892294559164178E+000  0.950172756237534E+000  0.100597261502932E+000 -0.131028262406404E+000 -0.150927055580287E+003 -0.150927055580287E+003 -0.150927905393914E+003
  0.100688799048075E+000  0.694155268381619E+000  0.791741005778835E+000  0.100685285476538E+000 -0.131028262406404E+000 -0.150926446007056E+003 -0.150926446007056E+003 -0.150934456048532E+003
  0.100719713740347E+000  0.171939943358106E+001  0.262769790833471E+000  0.100186214364566E+000 -0.131028262406404E+000 -0.150927520818956E+003 -0.150927520818956E+003 -0.150928087310381E+003
  0.100023275469379E+000  0.673606561967373E+000  0.961072153668449E+000  0.103475689298921E+000 -0.131028262406404E+000 -0.150927542536892E+003 -0.150927542536892E+003 -0.150928117603856E+003
  0.100239851674373E+000  0.118599101804451E+001  0.430653709026081E+000  0.100545004942706E+000 -0.131028262406404E+000 -0.150927132333229E+003 -0.150927132333229E+003 -0.150928191201399E+003
  0.100219647390694E+000  0.821354714513349E+000  0.162235209075311E+000  0.100026910714501E+000 -0.131028262406404E+000 -0.150926126002459E+003 -0.150926126002459E+003 -0.150928347643907E+003
  0.101068101049415E+000  0.512360250744143E+000  0.323200163191739E-001  0.102096628883918E+000 -0.131028262406404E+000 -0.150926882692176E+003 -0.150926882692176E+003 -0.150931019308516E+003
  0.100796639402372E+000  0.138788214667662E+001  0.151841425296109E+000  0.100520034007503E+000 -0.131028262406404E+000 -0.150927674650630E+003 -0.150927674650630E+003 -0.150928165441762E+003
  0.100136261780426E+000  0.941517457632795E+000  0.201362917057941E+000  0.100889587481954E+000 -0.131028262406404E+000 -0.150926843146532E+003 -0.150926843146532E+003 -0.150927994922102E+003
  0.100381929353771E+000  0.598416950116854E+000  0.638130514414881E+000  0.102173990466952E+000 -0.131028262406404E+000 -0.150926801979327E+003 -0.150926801979327E+003 -0.150928156442707E+003
  0.100867010485481E+000  0.517261078158282E+000  0.837399313417436E+000  0.100479057458413E+000 -0.131028262406404E+000 -0.150925894024427E+003 -0.150925894024427E+003 -0.150927926575090E+003
  0.101140371471595E+000  0.546310118321592E+000  0.624325655593350E+000  0.103217006092487E+000 -0.131028262406404E+000 -0.150927659328831E+003 -0.150927659328831E+003 -0.150928587984532E+003
  0.103511524436596E+000  0.562601558822139E+000  0.994912295918722E-001  0.100804764447070E+000 -0.131028262406404E+000 -0.150927790698924E+003 -0.150927790698924E+003 -0.150928129199512E+003
  0.101568651504334E+000  0.698974489804647E+000  0.700092130757292E+000  0.100493030656322E+000 -0.131028262406404E+000 -0.150926875431385E+003 -0.150926875431385E+003 -0.150936161063762E+003
  0.100109268639668E+000  0.167835542130169E+001  0.804214031997164E+000  0.100059117703506E+000 -0.131028262406404E+000 -0.150927080184747E+003 -0.150927080184747E+003 -0.150928716382795E+003
  0.101379056540855E+000  0.193889453996536E+001  0.412964479883215E+000  0.100254323416340E+000 -0.131028262406404E+000 -0.150927842667272E+003 -0.150927842667272E+003 -0.150928477684341E+003
  0.100351906338229E+000  0.515832622827784E+000  0.610387791721016E+000  0.104440117676255E+000 -0.131028262406404E+000 -0.150927736296889E+003 -0.150927736296889E+003 -0.150930205969496E+003
  0.100284945466022E+000  0.153879598983837E+001  0.187515991066435E+000  0.100822037404414E+000 -0.131028262406404E+000 -0.150927628211159E+003 -0.150927628211159E+003 -0.150931349426154E+003
  0.100460504890615E+000  0.541310098655873E+000  0.995712324545676E+000  0.102536172904859E+000 -0.131028262406404E+000 -0.150926858140259E+003 -0.150926858140259E+003 -0.150928237539124E+003
  0.100419506111308E+000  0.524812089768880E+000  0.731623327855819E-001  0.100773799831696E+000 -0.131028262406404E+000 -0.150925815861245E+003 -0.150925815861245E+003 -0.150928401079632E+003
  0.100995193510678E+000  0.107751673347824E+001  0.710227948023248E-001  0.100956197841655E+000 -0.131028262406404E+000 -0.150927664485576E+003 -0.150927664485576E+003 -0.150927961418935E+003
  0.102019789866700E+000  0.788188323923750E+000  0.905296580724789E+000  0.101315002808974E+000 -0.131028262406404E+000 -0.150927861078618E+003 -0.150927861078618E+003 -0.150928537768767E+003
  0.101195480099182E+000  0.847804738484428E+000  0.285288350521207E+000  0.100286067509492E+000 -0.131028262406404E+000 -0.150926920787143E+003 -0.150926920787143E+003 -0.150928025206334E+003
  0.102969971824000E+000  0.728637920726716E+000  0.856349262060836E+000  0.100376522871847E+000 -0.131028262406404E+000 -0.150927726809901E+003 -0.150927726809901E+003 -0.150928950268848E+003
  0.100400811576403E+000  0.832096776010539E+000  0.720145953417746E+000  0.100974686911144E+000 -0.131028262406404E+000 -0.150926801727954E+003 -0.150926801727954E+003 -0.150932361762675E+003
  0.101471607697011E+000  0.685214636607072E+000  0.334943931686254E+000  0.100999203437451E+000 -0.131028262406404E+000 -0.150927065301031E+003 -0.150927065301031E+003 -0.150931075029763E+003
  0.101166822990530E+000  0.507734673815776E+000  0.705152048607075E+000  0.102901727040913E+000 -0.131028262406404E+000 -0.150927365796317E+003 -0.150927365796317E+003 -0.150928343528526E+003
  0.100918095376311E+000  0.760755565622486E+000  0.563614064286283E+000  0.102490940002284E+000 -0.131028262406404E+000 -0.150927792603964E+003 -0.150927792603964E+003 -0.150929980004450E+003
  0.100816429998485E+000  0.172367617218690E+001  0.508958277354703E+000  0.100149572429859E+000 -0.131028262406404E+000 -0.150927556496179E+003 -0.150927556496179E+003 -0.150928179907240E+003
  0.100014763463275E+000  0.762175971416323E+000  0.420850420797618E+000  0.103360912920638E+000 -0.131028262406404E+000 -0.150927736067352E+003 -0.150927736067352E+003 -0.150929704405782E+003
  0.100022755473136E+000  0.789176431349344E+000  0.286283497344992E+000  0.101952458597101E+000 -0.131028262406404E+000 -0.150927020192476E+003 -0.150927020192476E+003 -0.150928346351880E+003
  0.100860413241268E+000  0.101372455019819E+001  0.708212707232607E-001  0.101424961426564E+000 -0.131028262406404E+000 -0.150927740646105E+003 -0.150927740646105E+003 -0.150928762204457E+003
  0.100830266965945E+000  0.618439173600985E+000  0.419906440528476E+000  0.103185483837504E+000 -0.131028262406404E+000 -0.150927697955463E+003 -0.150927697955463E+003 -0.150932590732056E+003
  0.100542648401536E+000  0.574184341612201E+000  0.472974933852781E+000  0.101579007234552E+000 -0.131028262406404E+000 -0.150926492206977E+003 -0.150926492206977E+003 -0.150928076607787E+003
  0.100945367464252E+000  0.637492797946375E+000  0.781421331431724E+000  0.102848018707501E+000 -0.131028262406404E+000 -0.150927641804060E+003 -0.150927641804060E+003 -0.150928249804116E+003
  0.100426299690509E+000  0.984218687490095E+000  0.668044167802726E+000  0.101367848189476E+000 -0.131028262406404E+000 -0.150927384537238E+003 -0.150927384537238E+003 -0.150928699726549E+003
  0.101926929982528E+000  0.100089814025396E+001  0.219149341751461E+000  0.100477844446410E+000 -0.131028262406404E+000 -0.150927804119159E+003 -0.150927804119159E+003 -0.150928924105569E+003
  0.100947774238497E+000  0.192741364269667E+001  0.331402374443185E+000  0.100185846807699E+000 -0.131028262406404E+000 -0.150927549726976E+003 -0.150927549726976E+003 -0.150928922143338E+003
  0.101024324405714E+000  0.695979770296365E+000  0.750944789017124E+000  0.101987182250785E+000 -0.131028262406404E+000 -0.150927386184717E+003 -0.150927386184717E+003 -0.150932481130186E+003
  0.100037434717027E+000  0.583937291382701E+000  0.802229447434751E+000  0.100589282647048E+000 -0.131028262406404E+000 -0.150925678031060E+003 -0.150925678031060E+003 -0.150928364290311E+003
  0.100730883971614E+000  0.606807873012579E+000  0.542934461715685E-001  0.103533127343815E+000 -0.131028262406404E+000 -0.150927791490750E+003 -0.150927791490750E+003 -0.150942295113649E+003
  0.101134073042988E+000  0.107435100645569E+001  0.293195978874896E+000  0.100876690874262E+000 -0.131028262406404E+000 -0.150927696312705E+003 -0.150927696312705E+003 -0.150928691919677E+003
  0.101972606265552E+000  0.757050033724194E+000  0.600452724202210E-001  0.100933652270658E+000 -0.131028262406404E+000 -0.150927529558490E+003 -0.150927529558490E+003 -0.150928145388831E+003
  0.100562301370311E+000  0.929985036034101E+000  0.575866603645192E+000  0.100822634891909E+000 -0.131028262406404E+000 -0.150927036959059E+003 -0.150927036959059E+003 -0.150928254221400E+003
  0.100677044133212E+000  0.609153285279259E+000  0.696518721458812E-001  0.102812518058272E+000 -0.131028262406404E+000 -0.150927367839523E+003 -0.150927367839523E+003 -0.150928697253231E+003
  0.101194162581876E+000  0.101965862850175E+001  0.655390998883701E+000  0.100080439783192E+000 -0.131028262406404E+000 -0.150927164211442E+003 -0.150927164211442E+003 -0.150928555099711E+003
  0.100605878026165E+000  0.124140194980289E+001  0.353855379165136E+000  0.100087008966339E+000 -0.131028262406404E+000 -0.150927153974203E+003 -0.150927153974203E+003 -0.150927952927938E+003
  0.101030460436551E+000  0.907031258920677E+000  0.515259791080431E+000  0.101664825548118E+000 -0.131028262406404E+000 -0.150927757756385E+003 -0.150927757756385E+003 -0.150928299122971E+003
  0.100256022317993E+000  0.674151244841995E+000  0.278885533282370E-001  0.102742996969759E+000 -0.131028262406404E+000 -0.150927278778576E+003 -0.150927278778576E+003 -0.150928390532682E+003
  0.101808669980889E+000  0.712479918069621E+000  0.340714056755070E+000  0.100639669483304E+000 -0.131028262406404E+000 -0.150927140146687E+003 -0.150927140146687E+003 -0.150929018010914E+003
  0.100069927733551E+000  0.701603842790232E+000  0.672741615713677E+000  0.101992279602295E+000 -0.131028262406404E+000 -0.150926828773529E+003 -0.150926828773529E+003 -0.150928124846680E+003
  0.100201753579446E+000  0.540565701098725E+000  0.430903516989673E+000  0.100158050520618E+000 -0.131028262406404E+000 -0.150925402002639E+003 -0.150925402002639E+003 -0.150928065606316E+003
  0.102615310965402E+000  0.712269905256457E+000  0.701802519364629E+000  0.100252668192118E+000 -0.131028262406404E+000 -0.150927398463600E+003 -0.150927398463600E+003 -0.150928074991934E+003
  0.100809489641822E+000  0.103428820737368E+001  0.467999297094036E+000  0.100166815737115E+000 -0.131028262406404E+000 -0.150927010644353E+003 -0.150927010644353E+003 -0.150927976070444E+003
  0.100577850705958E+000  0.835708545570351E+000  0.164105004232534E+000  0.100120674158154E+000 -0.131028262406404E+000 -0.150926427657236E+003 -0.150926427657236E+003 -0.150927937476177E+003
  0.101219467705713E+000  0.724215551016714E+000  0.524443090205309E+000  0.101887530270233E+000 -0.131028262406404E+000 -0.150927529644420E+003 -0.150927529644420E+003 -0.150927910831494E+003
  0.101678608055011E+000  0.705015248266878E+000  0.725171911271301E+000  0.100782430202675E+000 -0.131028262406404E+000 -0.150927122794369E+003 -0.150927122794369E+003 -0.150927903451237E+003
  0.100564925117230E+000  0.188478788229744E+001  0.795885335926832E+000  0.100553641312426E+000 -0.131028262406404E+000 -0.150927571055451E+003 -0.150927571055451E+003 -0.150928131077251E+003
  0.100837316489158E+000  0.181727355021184E+001  0.973425803297754E+000  0.100690456958070E+000 -0.131028262406404E+000 -0.150927860820625E+003 -0.150927860820625E+003 -0.150928257967314E+003
  0.100128803137522E+000  0.177881777884797E+001  0.917271517492013E+000  0.101340163259297E+000 -0.131028262406404E+000 -0.150927835077358E+003 -0.150927835077358E+003 -0.150927973751108E+003
  0.100323655560872E+000  0.199314556934922E+001  0.817622512498710E+000  0.100544933584620E+000 -0.131028262406404E+000 -0.150927324226361E+003 -0.150927324226361E+003 -0.150928291932657E+003
  0.101167140116028E+000  0.192977204889596E+001  0.788908834436992E+000  0.100066476603913E+000 -0.131028262406404E+000 -0.150927608813888E+003 -0.150927608813888E+003 -0.150935292387037E+003
  0.100165543476119E+000  0.178126684826234E+001  0.962337452170094E+000  0.100342330792350E+000 -0.131028262406404E+000 -0.150927258975033E+003 -0.150927258975033E+003 -0.150929303109770E+003
  0.100249935988966E+000  0.195300572364069E+001  0.788543769286098E+000  0.100712973155180E+000 -0.131028262406404E+000 -0.150927418767847E+003 -0.150927418767847E+003 -0.150928123719241E+003
  0.100837519846290E+000  0.180926631245781E+001  0.997340661497621E+000  0.100134826357711E+000 -0.131028262406404E+000 -0.150927530049989E+003 -0.150927530049989E+003 -0.150928131077251E+003
  0.100354683552452E+000  0.185110739739578E+001  0.887993221018873E+000  0.101219053942909E+000 -0.131028262406404E+000 -0.150927864017267E+003 -0.150927864017267E+003 -0.150929128664226E+003
