  0.118211030399959E+001  0.199645137536069E+001  0.870748276805852E+000  0.498661144052986E+000 -0.131028262406404E+000 -0.128434829048436E+003 -0.128434829048436E+003
  0.122920424470255E+001  0.199561806112863E+001  0.409440747129791E+000  0.499669955594768E+000 -0.131028262406404E+000 -0.128438357482744E+003 -0.128438357482744E+003
  0.118943485287737E+001  0.198916121894054E+001  0.371662474495548E+000  0.498063773488815E+000 -0.131028262406404E+000 -0.128442725825544E+003 -0.128442725825544E+003
  0.124360723202946E+001  0.199925612952003E+001  0.364340673078919E+000  0.499059504432642E+000 -0.131028262406404E+000 -0.128438651697281E+003 -0.128438651697281E+003
  0.121540730804039E+001  0.199557912634376E+001  0.357633194839038E+000  0.498617290132681E+000 -0.131028262406404E+000 -0.128437880458410E+003 -0.128437880458410E+003
  0.120418102140007E+001  0.199722058196465E+001  0.790831706340198E+000  0.496519822401748E+000 -0.131028262406404E+000 -0.128438696566171E+003 -0.128438696566171E+003
  0.116744382142423E+001  0.199776280207221E+001  0.860592740382977E-001  0.497759205870742E+000 -0.131028262406404E+000 -0.128435791065899E+003 -0.128435791065899E+003
  0.113900461652286E+001  0.199798040484429E+001  0.416962518959586E+000  0.497555887356834E+000 -0.131028262406404E+000 -0.128439358006828E+003 -0.128439358006828E+003
  0.124504360936325E+001  0.199975121873174E+001  0.543830016361939E+000  0.497011778437423E+000 -0.131028262406404E+000 -0.128441548726099E+003 -0.128441548726099E+003
  0.116699663100215E+001  0.199792569509767E+001  0.101227156858164E+000  0.494655391291228E+000 -0.131028262406404E+000 -0.128441571310329E+003 -0.128441571310329E+003
  0.121472436658984E+001  0.199478850402005E+001  0.278901632192662E+000  0.499725917408015E+000 -0.131028262406404E+000 -0.128436751923924E+003 -0.128436751923924E+003
  0.119493945745661E+001  0.199614753793393E+001  0.957488894043888E+000  0.499445093082654E+000 -0.131028262406404E+000 -0.128434070621645E+003 -0.128434070621645E+003
  0.119086354848718E+001  0.199717475029616E+001  0.895117870586802E+000  0.498616906496038E+000 -0.131028262406404E+000 -0.128434393402357E+003 -0.128434393402357E+003
  0.121289601241915E+001  0.199506616033920E+001  0.520291943733532E+000  0.499041941166582E+000 -0.131028262406404E+000 -0.128437363763379E+003 -0.128437363763379E+003
  0.120751629739174E+001  0.199484252563590E+001  0.332117273177543E+000  0.498396394534124E+000 -0.131028262406404E+000 -0.128438049126633E+003 -0.128438049126633E+003
  0.121161409650863E+001  0.199601110294276E+001  0.463005709422957E+000  0.495613970077617E+000 -0.131028262406404E+000 -0.128442020518016E+003 -0.128442020518016E+003
  0.115213062416974E+001  0.199785428945567E+001  0.487094885631198E+000  0.499470327175738E+000 -0.131028262406404E+000 -0.128433807939661E+003 -0.128433807939661E+003
  0.120322952247330E+001  0.199872396613795E+001  0.900250690300644E+000  0.493564917179688E+000 -0.131028262406404E+000 -0.128442375742128E+003 -0.128442375742128E+003
  0.113674879880562E+001  0.199551920253388E+001  0.759614338570924E+000  0.499607717600227E+000 -0.131028262406404E+000 -0.128437643366089E+003 -0.128437643366089E+003
  0.117774498039916E+001  0.199939843710383E+001  0.695947715369960E+000  0.496927966533552E+000 -0.131028262406404E+000 -0.128435433344326E+003 -0.128435433344326E+003
  0.114413123587900E+001  0.199218901564662E+001  0.492606589359773E+000  0.498215626754512E+000 -0.131028262406404E+000 -0.128442019002148E+003 -0.128442019002148E+003
  0.115745574100468E+001  0.199469789392482E+001  0.472468510527021E+000  0.497168560705655E+000 -0.131028262406404E+000 -0.128440351319508E+003 -0.128440351319508E+003
  0.122991508237142E+001  0.199419263368120E+001  0.582699981956341E+000  0.499258207866264E+000 -0.131028262406404E+000 -0.128440558464886E+003 -0.128440558464886E+003
  0.120767618942378E+001  0.199382423441854E+001  0.632910267464900E+000  0.498311206874175E+000 -0.131028262406404E+000 -0.128439181457500E+003 -0.128439181457500E+003
  0.115546512145154E+001  0.199239424642033E+001  0.742208088155968E+000  0.497219338365859E+000 -0.131028262406404E+000 -0.128442423061853E+003 -0.128442423061853E+003
  0.115343094719856E+001  0.198874239088638E+001  0.399960134701887E+000  0.498929027258469E+000 -0.131028262406404E+000 -0.128442490266762E+003 -0.128442490266762E+003
  0.118508626123869E+001  0.199592095227356E+001  0.339706430457170E+000  0.497747312226111E+000 -0.131028262406404E+000 -0.128436961732358E+003 -0.128436961732358E+003
  0.114706879654162E+001  0.199963354288832E+001  0.474699339432180E+000  0.497406671681293E+000 -0.131028262406404E+000 -0.128437022634272E+003 -0.128437022634272E+003
  0.116972819559516E+001  0.199610762168899E+001  0.521297179150825E+000  0.497027543120954E+000 -0.131028262406404E+000 -0.128438468598852E+003 -0.128438468598852E+003
  0.119098949044439E+001  0.199015971105699E+001  0.730535399348137E+000  0.499718834334679E+000 -0.131028262406404E+000 -0.128438976361022E+003 -0.128438976361022E+003
  0.115862329326146E+001  0.199643021052094E+001  0.407774580015705E+000  0.495742817382736E+000 -0.131028262406404E+000 -0.128441513185644E+003 -0.128441513185644E+003
  0.116507397355296E+001  0.198619241573525E+001  0.954119675971981E+000  0.499499345353129E+000 -0.131028262406404E+000 -0.128442883052560E+003 -0.128442883052560E+003
  0.118785161744060E+001  0.199622597483367E+001  0.460332382526938E+000  0.494898626923462E+000 -0.131028262406404E+000 -0.128441840223765E+003 -0.128441840223765E+003
  0.117040390247068E+001  0.199812397576042E+001  0.672591482101810E+000  0.498504679886096E+000 -0.131028262406404E+000 -0.128433919213584E+003 -0.128433919213584E+003
  0.116632312012367E+001  0.198659144569852E+001  0.981858646890247E+000  0.499467207252341E+000 -0.131028262406404E+000 -0.128442533405028E+003 -0.128442533405028E+003
  0.121528269948852E+001  0.199255312744382E+001  0.545393152323660E+000  0.498198288051236E+000 -0.131028262406404E+000 -0.128441492115695E+003 -0.128441492115695E+003
  0.114408675590841E+001  0.199784797925320E+001  0.195756651319080E+000  0.495912678415939E+000 -0.131028262406404E+000 -0.128441912960780E+003 -0.128441912960780E+003
  0.113667830768411E+001  0.199352449733614E+001  0.856439511228694E+000  0.498637391893481E+000 -0.131028262406404E+000 -0.128441224356357E+003 -0.128441224356357E+003
  0.116063341849809E+001  0.199728015675261E+001  0.820706492671747E+000  0.495018552489722E+000 -0.131028262406404E+000 -0.128441991910507E+003 -0.128441991910507E+003
  0.118755840771838E+001  0.199249625646602E+001  0.741385806888185E+000  0.498038159393112E+000 -0.131028262406404E+000 -0.128439612844739E+003 -0.128439612844739E+003
  0.120723411583218E+001  0.199880649943866E+001  0.802549782900877E+000  0.498603647819863E+000 -0.131028262406404E+000 -0.128433915956506E+003 -0.128433915956506E+003
  0.120048860309847E+001  0.199324723422349E+001  0.236852128071014E+000  0.496977272505736E+000 -0.131028262406404E+000 -0.128441379710542E+003 -0.128441379710542E+003
  0.124144108022173E+001  0.199924597076345E+001  0.273979755938299E+000  0.496087981443567E+000 -0.131028262406404E+000 -0.128442680986629E+003 -0.128442680986629E+003
  0.118189462621243E+001  0.199433249179618E+001  0.436072136171896E+000  0.496190007597750E+000 -0.131028262406404E+000 -0.128441211148870E+003 -0.128441211148870E+003
  0.118989388680483E+001  0.199430273759846E+001  0.696873371951332E+000  0.499247951251387E+000 -0.131028262406404E+000 -0.128435890339994E+003 -0.128435890339994E+003
  0.116345615267841E+001  0.199378133787305E+001  0.873004069844061E+000  0.498595383088487E+000 -0.131028262406404E+000 -0.128437933530613E+003 -0.128437933530613E+003
  0.116415165465736E+001  0.199921177020276E+001  0.255280213248029E+000  0.498931912326040E+000 -0.131028262406404E+000 -0.128432560638812E+003 -0.128432560638812E+003
  0.119423018918733E+001  0.199950388161714E+001  0.989970820294018E+000  0.493982001380531E+000 -0.131028262406404E+000 -0.128440606857712E+003 -0.128440606857712E+003
  0.121496051053921E+001  0.199952353983765E+001  0.562142095843143E+000  0.499361695289112E+000 -0.131028262406404E+000 -0.128432809215074E+003 -0.128432809215074E+003
  0.111621327380349E+001  0.199977455084529E+001  0.368494743337234E+000  0.498998171316776E+000 -0.131028262406404E+000 -0.128439898757417E+003 -0.128439898757417E+003
  0.117876485870605E+001  0.199465604618591E+001  0.172181219037884E+000  0.499212639551125E+000 -0.131028262406404E+000 -0.128435460857526E+003 -0.128435460857526E+003
  0.117436710758645E+001  0.198734234917395E+001  0.307709919494267E+000  0.498973873467901E+000 -0.131028262406404E+000 -0.128442560908955E+003 -0.128442560908955E+003
  0.120888188079177E+001  0.199846823917738E+001  0.334071845676917E-001  0.498481715258837E+000 -0.131028262406404E+000 -0.128434596249258E+003 -0.128434596249258E+003
  0.122931442490730E+001  0.199828215247196E+001  0.272259068767039E+000  0.499906689255686E+000 -0.131028262406404E+000 -0.128435358959688E+003 -0.128435358959688E+003
  0.120446563335155E+001  0.199391053574169E+001  0.800435821998595E+000  0.499192764081250E+000 -0.131028262406404E+000 -0.128437307364114E+003 -0.128437307364114E+003
  0.124969045877561E+001  0.199904351927501E+001  0.931107762536013E+000  0.499697715984998E+000 -0.131028262406404E+000 -0.128439429961982E+003 -0.128439429961982E+003
  0.122152276565472E+001  0.199834154868038E+001  0.427957799862171E+000  0.496048392867412E+000 -0.131028262406404E+000 -0.128440218754554E+003 -0.128440218754554E+003
  0.115627924614759E+001  0.199557747547061E+001  0.293947656385178E+000  0.497630436584841E+000 -0.131028262406404E+000 -0.128438829907791E+003 -0.128438829907791E+003
  0.119359246338258E+001  0.199886533490784E+001  0.783311978478378E+000  0.499719257765335E+000 -0.131028262406404E+000 -0.128431023495289E+003 -0.128431023495289E+003
  0.121718433139146E+001  0.199190298231891E+001  0.738874199117063E+000  0.499671715831562E+000 -0.131028262406404E+000 -0.128440014134407E+003 -0.128440014134407E+003
  0.123916074212552E+001  0.199644852073043E+001  0.705199722574834E+000  0.499012952462192E+000 -0.131028262406404E+000 -0.128440564035309E+003 -0.128440564035309E+003
  0.119360411246096E+001  0.199684249434722E+001  0.357570591244411E+000  0.494077736614856E+000 -0.131028262406404E+000 -0.128442837116744E+003 -0.128442837116744E+003
  0.115977711661508E+001  0.199156462293710E+001  0.615386530087337E+000  0.498287521981431E+000 -0.131028262406404E+000 -0.128440711663062E+003 -0.128440711663062E+003
  0.116886144063380E+001  0.199759940259787E+001  0.443870390829287E+000  0.494435021340504E+000 -0.131028262406404E+000 -0.128442132124880E+003 -0.128442132124880E+003
  0.112725349755068E+001  0.199750194320260E+001  0.111300938540677E+000  0.499793424749287E+000 -0.131028262406404E+000 -0.128437459439939E+003 -0.128437459439939E+003
  0.121193998500885E+001  0.199595952000302E+001  0.983797855597186E+000  0.498805508009221E+000 -0.131028262406404E+000 -0.128436777580517E+003 -0.128436777580517E+003
  0.121274809206575E+001  0.199135634368939E+001  0.152113239080545E+000  0.498146776646728E+000 -0.131028262406404E+000 -0.128442416839643E+003 -0.128442416839643E+003
  0.117927209195948E+001  0.199953962895546E+001  0.876128254601821E+000  0.499801301520067E+000 -0.131028262406404E+000 -0.128430032663926E+003 -0.128430032663926E+003
  0.115239040505441E+001  0.199644290818962E+001  0.215743212925030E+000  0.496057517067817E+000 -0.131028262406404E+000 -0.128441600831244E+003 -0.128441600831244E+003
  0.115121263741562E+001  0.198910494180964E+001  0.721774830641309E+000  0.499862597756620E+000 -0.131028262406404E+000 -0.128440604731841E+003 -0.128440604731841E+003
  0.117570478072547E+001  0.199751881750708E+001  0.956289036755716E+000  0.496779514742462E+000 -0.131028262406404E+000 -0.128437426539507E+003 -0.128437426539507E+003
  0.121976942662436E+001  0.199474619243575E+001  0.284692100362280E+000  0.496795454052068E+000 -0.131028262406404E+000 -0.128442249696697E+003 -0.128442249696697E+003
  0.117748966740676E+001  0.199014398846517E+001  0.513217704152766E+000  0.498208968520802E+000 -0.131028262406404E+000 -0.128441366128249E+003 -0.128441366128249E+003
  0.117627121121738E+001  0.199319627214989E+001  0.242483649817426E+000  0.498252007201298E+000 -0.131028262406404E+000 -0.128438545949895E+003 -0.128438545949895E+003
  0.114388869793606E+001  0.199738865555316E+001  0.498740800464023E+000  0.496676132993186E+000 -0.131028262406404E+000 -0.128440794353209E+003 -0.128440794353209E+003
  0.123992416854267E+001  0.199838318858839E+001  0.265333866540024E+000  0.498586603764513E+000 -0.131028262406404E+000 -0.128439416322994E+003 -0.128439416322994E+003
  0.120836382007945E+001  0.199106099263193E+001  0.752995492639127E+000  0.498966368865076E+000 -0.131028262406404E+000 -0.128440828095864E+003 -0.128440828095864E+003
  0.115729008105345E+001  0.199771754516909E+001  0.373942449185872E+000  0.495002878084989E+000 -0.131028262406404E+000 -0.128442011094102E+003 -0.128442011094102E+003
  0.121186795860203E+001  0.199708456264240E+001  0.944315959711882E+000  0.495083463575941E+000 -0.131028262406404E+000 -0.128441922106656E+003 -0.128441922106656E+003
  0.114832289353295E+001  0.199703500986572E+001  0.787883297995885E+000  0.498988682232109E+000 -0.131028262406404E+000 -0.128435890456016E+003 -0.128435890456016E+003
  0.114521631171414E+001  0.199530118569503E+001  0.147272372655786E+000  0.496982024339014E+000 -0.131028262406404E+000 -0.128441704671181E+003 -0.128441704671181E+003
  0.116768642863464E+001  0.199993059814466E+001  0.280858618435389E+000  0.496463528354886E+000 -0.131028262406404E+000 -0.128436355628665E+003 -0.128436355628665E+003
  0.117875506314715E+001  0.199866339766582E+001  0.848211995212458E+000  0.498840092036031E+000 -0.131028262406404E+000 -0.128432557596092E+003 -0.128432557596092E+003
  0.115118442322712E+001  0.199797154530489E+001  0.401291627649707E+000  0.496841674544343E+000 -0.131028262406404E+000 -0.128438940664176E+003 -0.128438940664176E+003
  0.125065677139654E+001  0.199787149082932E+001  0.756042208122303E+000  0.499815677085317E+000 -0.131028262406404E+000 -0.128440726025473E+003 -0.128440726025473E+003
  0.115383222928711E+001  0.199473992600999E+001  0.534933417649164E+000  0.496828138134409E+000 -0.131028262406404E+000 -0.128441356795858E+003 -0.128441356795858E+003
  0.114301346643320E+001  0.199643912209765E+001  0.161098340207368E+000  0.497473073228185E+000 -0.131028262406404E+000 -0.128440123205175E+003 -0.128440123205175E+003
  0.119288459151280E+001  0.199070838100902E+001  0.393495656112188E+000  0.499564485191133E+000 -0.131028262406404E+000 -0.128438830943394E+003 -0.128438830943394E+003
  0.119347695843886E+001  0.199443678800839E+001  0.722123530691219E+000  0.498114385720318E+000 -0.131028262406404E+000 -0.128437895962540E+003 -0.128437895962540E+003
  0.117629370840193E+001  0.199413613281236E+001  0.687369668629103E+000  0.498143012172063E+000 -0.131028262406404E+000 -0.128437902565546E+003 -0.128437902565546E+003
  0.117725323462842E+001  0.199791291065100E+001  0.533752339380231E+000  0.496109404139865E+000 -0.131028262406404E+000 -0.128438267838707E+003 -0.128438267838707E+003
  0.112734902026391E+001  0.199926918486101E+001  0.310997726885083E-001  0.496897226114555E+000 -0.131028262406404E+000 -0.128441979340697E+003 -0.128441979340697E+003
  0.121285995448894E+001  0.199145654965014E+001  0.748467140357535E+000  0.497787918583158E+000 -0.131028262406404E+000 -0.128442923420706E+003 -0.128442923420706E+003
  0.116246152138791E+001  0.199842938577842E+001  0.840392504881478E+000  0.499842388306923E+000 -0.131028262406404E+000 -0.128431640817794E+003 -0.128431640817794E+003
  0.114419290575481E+001  0.199962153680914E+001  0.939685856880821E-001  0.499617813751146E+000 -0.131028262406404E+000 -0.128433094687748E+003 -0.128433094687748E+003
  0.113213012085728E+001  0.199831082841192E+001  0.669216769557910E+000  0.498326579089769E+000 -0.131028262406404E+000 -0.128438808106366E+003 -0.128438808106366E+003
  0.120730321187320E+001  0.199252812874657E+001  0.841381502379146E+000  0.499437672619622E+000 -0.131028262406404E+000 -0.128438510985435E+003 -0.128438510985435E+003
  0.117375947949114E+001  0.199315066652798E+001  0.752088738942641E+000  0.498020225500005E+000 -0.131028262406404E+000 -0.128439069287998E+003 -0.128439069287998E+003
  0.115112430848414E+001  0.199626026881637E+001  0.379869297627569E+000  0.496645348591553E+000 -0.131028262406404E+000 -0.128440760469223E+003 -0.128440760469223E+003
  0.116138583418825E+001  0.199166903592706E+001  0.162258712126726E-001  0.498325315836205E+000 -0.131028262406404E+000 -0.128440428667594E+003 -0.128440428667594E+003
  0.118310839072962E+001  0.199835474758301E+001  0.298037706740726E+000  0.498215774949035E+000 -0.131028262406404E+000 -0.128433923196484E+003 -0.128433923196484E+003
  0.115406574212980E+001  0.199282134276547E+001  0.684470582323626E+000  0.498858342447498E+000 -0.131028262406404E+000 -0.128439044872955E+003 -0.128439044872955E+003
  0.114771248197883E+001  0.199830678812517E+001  0.773228802453141E+000  0.499321776582339E+000 -0.131028262406404E+000 -0.128434264183143E+003 -0.128434264183143E+003
  0.114452670840208E+001  0.199370293840418E+001  0.188415126463626E+000  0.498854173931042E+000 -0.131028262406404E+000 -0.128439441764482E+003 -0.128439441764482E+003
  0.120931213646685E+001  0.199409354809640E+001  0.289913529103651E+000  0.498253519396164E+000 -0.131028262406404E+000 -0.128439190741386E+003 -0.128439190741386E+003
  0.116231519584384E+001  0.199314174872593E+001  0.396723716135476E-001  0.496499850203882E+000 -0.131028262406404E+000 -0.128442541255330E+003 -0.128442541255330E+003
  0.117052240617855E+001  0.199404580738779E+001  0.620521878346688E+000  0.495856485416538E+000 -0.131028262406404E+000 -0.128442428795100E+003 -0.128442428795100E+003
  0.114118531118865E+001  0.199789434548416E+001  0.791947843685110E+000  0.496755675167841E+000 -0.131028262406404E+000 -0.128440661819995E+003 -0.128440661819995E+003
  0.113679448787047E+001  0.199749875902235E+001  0.202548383242681E+000  0.499461367000570E+000 -0.131028262406404E+000 -0.128436316394774E+003 -0.128436316394774E+003
  0.114726834898166E+001  0.199397475132132E+001  0.581183611485064E+000  0.498423293643823E+000 -0.131028262406404E+000 -0.128439690232569E+003 -0.128439690232569E+003
  0.114081622417080E+001  0.199024069975298E+001  0.548904650726079E+000  0.499934361814754E+000 -0.131028262406404E+000 -0.128440746454239E+003 -0.128440746454239E+003
  0.117211609563963E+001  0.199679403831311E+001  0.344837058101563E-001  0.498053823564116E+000 -0.131028262406404E+000 -0.128435841092022E+003 -0.128435841092022E+003
  0.114383643329437E+001  0.199597808926544E+001  0.537364542914277E-001  0.497046290595747E+000 -0.131028262406404E+000 -0.128441224399720E+003 -0.128441224399720E+003
  0.117441270121138E+001  0.199129752326421E+001  0.513538335634570E+000  0.498883249793095E+000 -0.131028262406404E+000 -0.128439136139266E+003 -0.128439136139266E+003
  0.121807367930470E+001  0.199369091527210E+001  0.758355839777950E+000  0.496882921382341E+000 -0.131028262406404E+000 -0.128442904660882E+003 -0.128442904660882E+003
  0.122404608640703E+001  0.199619012844205E+001  0.594246396754342E+000  0.496284810864835E+000 -0.131028262406404E+000 -0.128442284519485E+003 -0.128442284519485E+003
  0.120054582255924E+001  0.199637463464764E+001  0.996056973134510E+000  0.499823364604300E+000 -0.131028262406404E+000 -0.128433577600774E+003 -0.128433577600774E+003
  0.122108803260194E+001  0.199950127787768E+001  0.203574210746800E+000  0.496940145578421E+000 -0.131028262406404E+000 -0.128437582254944E+003 -0.128437582254944E+003
  0.115545687942787E+001  0.199969270030282E+001  0.627794935805357E+000  0.499913885741211E+000 -0.131028262406404E+000 -0.128431051991942E+003 -0.128431051991942E+003
  0.116442449764935E+001  0.199272654698004E+001  0.383577024071516E+000  0.499528622113882E+000 -0.131028262406404E+000 -0.128437049267259E+003 -0.128437049267259E+003
  0.119198128193988E+001  0.199664518868765E+001  0.264928984979468E-001  0.497865660569543E+000 -0.131028262406404E+000 -0.128436237267358E+003 -0.128436237267358E+003
  0.119572850584164E+001  0.199176711042531E+001  0.157577106820914E+000  0.497084392135195E+000 -0.131028262406404E+000 -0.128442292642898E+003 -0.128442292642898E+003
  0.119742429027308E+001  0.199720267354794E+001  0.630858790502756E+000  0.498469712150066E+000 -0.131028262406404E+000 -0.128434915582582E+003 -0.128434915582582E+003
  0.121369142481503E+001  0.199288450762235E+001  0.379587860216604E+000  0.498107536528919E+000 -0.131028262406404E+000 -0.128441111509228E+003 -0.128441111509228E+003
  0.119566984796457E+001  0.199720353176632E+001  0.768344293512411E+000  0.494496525912340E+000 -0.131028262406404E+000 -0.128441812368596E+003 -0.128441812368596E+003
  0.119317649085445E+001  0.199816073338024E+001  0.244483331971726E+000  0.493999893412375E+000 -0.131028262406404E+000 -0.128441771417894E+003 -0.128441771417894E+003
  0.118900812403005E+001  0.199037302499737E+001  0.395712701521272E+000  0.499107301357862E+000 -0.131028262406404E+000 -0.128439748614752E+003 -0.128439748614752E+003
  0.112962606959923E+001  0.199888527527972E+001  0.382922275186964E+000  0.498160918229729E+000 -0.131028262406404E+000 -0.128439196000869E+003 -0.128439196000869E+003
  0.120908050735919E+001  0.199585657579661E+001  0.213185542162022E+000  0.497568833496796E+000 -0.131028262406404E+000 -0.128438625556960E+003 -0.128438625556960E+003
  0.114633395488571E+001  0.199817092504995E+001  0.855040888167175E+000  0.498257675084241E+000 -0.131028262406404E+000 -0.128436651692097E+003 -0.128436651692097E+003
  0.116299193182395E+001  0.198722890995272E+001  0.589334244890153E+000  0.499934640131529E+000 -0.131028262406404E+000 -0.128441242132551E+003 -0.128441242132551E+003
  0.120376538513929E+001  0.199149114695521E+001  0.838152542844474E+000  0.498649416058641E+000 -0.131028262406404E+000 -0.128440467203325E+003 -0.128440467203325E+003
  0.117548911602761E+001  0.199375131843434E+001  0.736316643715717E+000  0.497276901087428E+000 -0.131028262406404E+000 -0.128439852778755E+003 -0.128439852778755E+003
  0.114878873689194E+001  0.199445943303189E+001  0.313158766818801E+000  0.496872299792167E+000 -0.131028262406404E+000 -0.128442125080067E+003 -0.128442125080067E+003
  0.116165877220053E+001  0.199836951911277E+001  0.813989145786012E+000  0.495540036422057E+000 -0.131028262406404E+000 -0.128439958919261E+003 -0.128439958919261E+003
  0.118343743623818E+001  0.199173088640489E+001  0.624484432774610E-001  0.496677867000044E+000 -0.131028262406404E+000 -0.128442682638195E+003 -0.128442682638195E+003
  0.118287679838945E+001  0.199667104029930E+001  0.993405821245078E+000  0.496410683239526E+000 -0.131028262406404E+000 -0.128438701349258E+003 -0.128438701349258E+003
  0.119176139707858E+001  0.198845886518179E+001  0.831104979189039E+000  0.499172567374022E+000 -0.131028262406404E+000 -0.128441565495529E+003 -0.128441565495529E+003
  0.118384060020475E+001  0.199489521931569E+001  0.211543077842348E+000  0.496764009276172E+000 -0.131028262406404E+000 -0.128439654474965E+003 -0.128439654474965E+003
  0.112752034604183E+001  0.199595640195001E+001  0.674220986064216E+000  0.497763512814277E+000 -0.131028262406404E+000 -0.128442773888821E+003 -0.128442773888821E+003
  0.119588357622253E+001  0.199704797678491E+001  0.337141880637055E+000  0.495048888554790E+000 -0.131028262406404E+000 -0.128440979808252E+003 -0.128440979808252E+003
  0.118902788135251E+001  0.199408681265315E+001  0.820355097842292E+000  0.499053478500984E+000 -0.131028262406404E+000 -0.128436399948374E+003 -0.128436399948374E+003
  0.120098374948947E+001  0.199473759978302E+001  0.630188283276136E+000  0.499414232953131E+000 -0.131028262406404E+000 -0.128435846832663E+003 -0.128435846832663E+003
  0.118089001793361E+001  0.199674605194182E+001  0.644565155020576E+000  0.499368346475945E+000 -0.131028262406404E+000 -0.128433293587205E+003 -0.128433293587205E+003
  0.125255621953000E+001  0.199979893244236E+001  0.746954238411192E+000  0.497320175422057E+000 -0.131028262406404E+000 -0.128442855169800E+003 -0.128442855169800E+003
  0.117226563994619E+001  0.199948833524876E+001  0.141449243475659E+000  0.493118439852272E+000 -0.131028262406404E+000 -0.128442780911166E+003 -0.128442780911166E+003
  0.122260911544940E+001  0.199946503940832E+001  0.288843780430161E+000  0.497061662941692E+000 -0.131028262406404E+000 -0.128437629524957E+003 -0.128437629524957E+003
  0.123579270359277E+001  0.199611713216707E+001  0.688434840012396E+000  0.497674390837770E+000 -0.131028262406404E+000 -0.128442226655319E+003 -0.128442226655319E+003
  0.117893023096259E+001  0.199355454336192E+001  0.109434868910184E-001  0.498880369529291E+000 -0.131028262406404E+000 -0.128437052362979E+003 -0.128437052362979E+003
  0.120155423428288E+001  0.199445906273040E+001  0.239405399607393E+000  0.497726438689200E+000 -0.131028262406404E+000 -0.128439028313483E+003 -0.128439028313483E+003
  0.120105149666312E+001  0.199676221795064E+001  0.861297113010102E+000  0.496144765373850E+000 -0.131028262406404E+000 -0.128439564163884E+003 -0.128439564163884E+003
  0.121355788001891E+001  0.199306706605391E+001  0.490166605479646E+000  0.498591592439886E+000 -0.131028262406404E+000 -0.128440123063812E+003 -0.128440123063812E+003
  0.121013933181037E+001  0.199129940417659E+001  0.535593687861886E+000  0.499646484541290E+000 -0.131028262406404E+000 -0.128439686100861E+003 -0.128439686100861E+003
  0.119379060854765E+001  0.199872154710611E+001  0.838639581757353E+000  0.497972265242649E+000 -0.131028262406404E+000 -0.128434213934991E+003 -0.128434213934991E+003
  0.121889779809621E+001  0.199915507707663E+001  0.534036275933375E+000  0.493927805672149E+000 -0.131028262406404E+000 -0.128442630484987E+003 -0.128442630484987E+003
  0.124580600881288E+001  0.199947320398827E+001  0.574341785529476E+000  0.499333884177731E+000 -0.131028262406404E+000 -0.128438545906293E+003 -0.128438545906293E+003
  0.117246299311589E+001  0.199298268455089E+001  0.918320687268761E-001  0.499945477564718E+000 -0.131028262406404E+000 -0.128435728975738E+003 -0.128435728975738E+003
  0.119342301833114E+001  0.199660854794925E+001  0.917041494545121E+000  0.497244962745929E+000 -0.131028262406404E+000 -0.128437414532312E+003 -0.128437414532312E+003
  0.113830922849182E+001  0.199470624710842E+001  0.136549585370488E+000  0.498957944476841E+000 -0.131028262406404E+000 -0.128439343495087E+003 -0.128439343495087E+003
  0.118484009867693E+001  0.199354640979606E+001  0.404079938321978E+000  0.498116135037962E+000 -0.131028262406404E+000 -0.128438457118655E+003 -0.128438457118655E+003
  0.122187107729826E+001  0.199692479766683E+001  0.519990079356240E-001  0.499831187651699E+000 -0.131028262406404E+000 -0.128435541794012E+003 -0.128435541794012E+003
  0.119057587224119E+001  0.199747692133801E+001  0.400924910903428E+000  0.498990110567897E+000 -0.131028262406404E+000 -0.128433451883533E+003 -0.128433451883533E+003
  0.117064687309825E+001  0.199829687030246E+001  0.495737950630612E+000  0.495196893787464E+000 -0.131028262406404E+000 -0.128439961012742E+003 -0.128439961012742E+003
  0.116014662318934E+001  0.199520531790770E+001  0.190462070470117E+000  0.498047962105958E+000 -0.131028262406404E+000 -0.128437987455286E+003 -0.128437987455286E+003
  0.111912693736796E+001  0.199873888690328E+001  0.549318127866776E+000  0.498400999227597E+000 -0.131028262406404E+000 -0.128441204601554E+003 -0.128441204601554E+003
  0.121834221713592E+001  0.199636570201132E+001  0.122036736722045E+000  0.495349860256201E+000 -0.131028262406404E+000 -0.128442868726847E+003 -0.128442868726847E+003
  0.119108109603616E+001  0.199500639868312E+001  0.356571531942103E+000  0.496951462571020E+000 -0.131028262406404E+000 -0.128439326849984E+003 -0.128439326849984E+003
  0.124314610669398E+001  0.199733826721277E+001  0.488795489228339E+000  0.499481632413105E+000 -0.131028262406404E+000 -0.128439870203235E+003 -0.128439870203235E+003
  0.115626322760333E+001  0.199680274319183E+001  0.193070486188511E+000  0.495874647631385E+000 -0.131028262406404E+000 -0.128441196019003E+003 -0.128441196019003E+003
  0.113597879515799E+001  0.199306947067767E+001  0.517176020112314E+000  0.499899788643220E+000 -0.131028262406404E+000 -0.128439200719257E+003 -0.128439200719257E+003
  0.119086476072892E+001  0.199400009492582E+001  0.616425185871149E+000  0.495741901285517E+000 -0.131028262406404E+000 -0.128442395250161E+003 -0.128442395250161E+003
  0.119919161203032E+001  0.199571488147768E+001  0.630521005145174E-001  0.498814331050149E+000 -0.131028262406404E+000 -0.128435818287444E+003 -0.128435818287444E+003
  0.114404414213857E+001  0.199803764359842E+001  0.941562766132702E+000  0.495607058033958E+000 -0.131028262406404E+000 -0.128442377624195E+003 -0.128442377624195E+003
  0.123092235336198E+001  0.199560669881049E+001  0.392214237696746E+000  0.497210586204249E+000 -0.131028262406404E+000 -0.128442524703359E+003 -0.128442524703359E+003
  0.120874133998350E+001  0.199397057826705E+001  0.133073177368264E-001  0.499243280124643E+000 -0.131028262406404E+000 -0.128437602334640E+003 -0.128437602334640E+003
  0.120873036088024E+001  0.199828112138488E+001  0.198603242245345E-001  0.495364974242042E+000 -0.131028262406404E+000 -0.128440034609771E+003 -0.128440034609771E+003
  0.113595607365563E+001  0.199067261745607E+001  0.557771702775029E+000  0.499976505426277E+000 -0.131028262406404E+000 -0.128441035862764E+003 -0.128441035862764E+003
  0.123423239605708E+001  0.199935972909782E+001  0.231830512686028E+000  0.499294161261001E+000 -0.131028262406404E+000 -0.128436174130009E+003 -0.128436174130009E+003
  0.120790438851283E+001  0.199983686197488E+001  0.465920066346200E+000  0.492886093107770E+000 -0.131028262406404E+000 -0.128442806013156E+003 -0.128442806013156E+003
  0.121718210265264E+001  0.199279811670268E+001  0.230908566698499E+000  0.497385368564584E+000 -0.131028262406404E+000 -0.128442835239419E+003 -0.128442835239419E+003
  0.121937916102797E+001  0.199534469271067E+001  0.570562344884568E+000  0.498152983648115E+000 -0.131028262406404E+000 -0.128439405145194E+003 -0.128439405145194E+003
  0.119248437930557E+001  0.199860105473940E+001  0.408612880919061E+000  0.498899467746707E+000 -0.131028262406404E+000 -0.128432649989620E+003 -0.128432649989620E+003
  0.113724389555618E+001  0.199899837401941E+001  0.579961210589991E+000  0.498460925110143E+000 -0.131028262406404E+000 -0.128437028538054E+003 -0.128437028538054E+003
  0.120944964075440E+001  0.199775689536676E+001  0.135703517940487E-001  0.499974251395467E+000 -0.131028262406404E+000 -0.128432846159966E+003 -0.128432846159966E+003
  0.120648096442516E+001  0.199817978698849E+001  0.746096953769440E+000  0.498042411314544E+000 -0.131028262406404E+000 -0.128435385291109E+003 -0.128435385291109E+003
  0.122013660232481E+001  0.199768303189564E+001  0.845273344192185E+000  0.499508667515546E+000 -0.131028262406404E+000 -0.128435050817798E+003 -0.128435050817798E+003
  0.122704991245349E+001  0.199483812603254E+001  0.443014800183759E+000  0.498849388317881E+000 -0.131028262406404E+000 -0.128440022229552E+003 -0.128440022229552E+003
  0.118180851243135E+001  0.199600509885972E+001  0.941718580177079E+000  0.498357506763765E+000 -0.131028262406404E+000 -0.128435777446267E+003 -0.128435777446267E+003
  0.118132681783732E+001  0.199461917428880E+001  0.518309761609155E+000  0.496808159753725E+000 -0.131028262406404E+000 -0.128439832228359E+003 -0.128439832228359E+003
  0.117802959862915E+001  0.199037834950895E+001  0.494538958717786E+000  0.498708088860590E+000 -0.131028262406404E+000 -0.128440247222554E+003 -0.128440247222554E+003
  0.116201552614009E+001  0.199808203629320E+001  0.552681479641744E+000  0.499858287433295E+000 -0.131028262406404E+000 -0.128431941811199E+003 -0.128431941811199E+003
  0.118306475201583E+001  0.199819012031470E+001  0.390120733317957E+000  0.494674594726285E+000 -0.131028262406404E+000 -0.128440523313800E+003 -0.128440523313800E+003
  0.115771063774328E+001  0.199406169899930E+001  0.235198647034563E+000  0.499369420946691E+000 -0.131028262406404E+000 -0.128436665848612E+003 -0.128436665848612E+003
  0.116186237377087E+001  0.199325761651850E+001  0.665111312971147E+000  0.498584551681366E+000 -0.131028262406404E+000 -0.128438520256674E+003 -0.128438520256674E+003
  0.115080159016930E+001  0.199608559398748E+001  0.644760205795189E+000  0.499078164842950E+000 -0.131028262406404E+000 -0.128436205083917E+003 -0.128436205083917E+003
  0.112912437120352E+001  0.199644884677925E+001  0.762780346263285E+000  0.499054218650785E+000 -0.131028262406404E+000 -0.128439416209747E+003 -0.128439416209747E+003
  0.123066361818161E+001  0.199805577052740E+001  0.588497986316489E-001  0.496147447844793E+000 -0.131028262406404E+000 -0.128441730438984E+003 -0.128441730438984E+003
  0.115321017598608E+001  0.199322273615155E+001  0.888884087796841E+000  0.498453783501673E+000 -0.131028262406404E+000 -0.128439567359585E+003 -0.128439567359585E+003
  0.116718903168887E+001  0.199994460120906E+001  0.880187534489286E+000  0.499210287212902E+000 -0.131028262406404E+000 -0.128431205266584E+003 -0.128431205266584E+003
  0.121485914305691E+001  0.199802034545109E+001  0.825215927706441E+000  0.498251725099897E+000 -0.131028262406404E+000 -0.128436058803157E+003 -0.128436058803157E+003
  0.118107441053226E+001  0.199845256980949E+001  0.892761893143962E+000  0.493505782900451E+000 -0.131028262406404E+000 -0.128442506943301E+003 -0.128442506943301E+003
  0.120880105302905E+001  0.199549779124801E+001  0.577728226352535E+000  0.497126065256809E+000 -0.131028262406404E+000 -0.128439684169327E+003 -0.128439684169327E+003
  0.121255121070184E+001  0.199544440089873E+001  0.336827144544889E+000  0.495914362699551E+000 -0.131028262406404E+000 -0.128442151782884E+003 -0.128442151782884E+003
  0.124498660453961E+001  0.199831717400349E+001  0.262445679395053E+000  0.497622349666035E+000 -0.131028262406404E+000 -0.128442074442367E+003 -0.128442074442367E+003
  0.119335810482957E+001  0.199241330683171E+001  0.975653632300862E+000  0.499055849725076E+000 -0.131028262406404E+000 -0.128438137000507E+003 -0.128438137000507E+003
  0.117183375436554E+001  0.199665625758613E+001  0.649666767084464E+000  0.495355951819502E+000 -0.131028262406404E+000 -0.128441014764423E+003 -0.128441014764423E+003
  0.115613349847761E+001  0.199206211403368E+001  0.366409788910415E-001  0.497196091488402E+000 -0.131028262406404E+000 -0.128442686706875E+003 -0.128442686706875E+003
  0.118954148797547E+001  0.199257682797619E+001  0.183427548807784E+000  0.498829511528115E+000 -0.131028262406404E+000 -0.128438206364297E+003 -0.128438206364297E+003
  0.119932380163944E+001  0.198965039543818E+001  0.383054731454802E+000  0.499898076967561E+000 -0.131028262406404E+000 -0.128439728070247E+003 -0.128439728070247E+003
  0.119255486911428E+001  0.199723378081986E+001  0.717606281709998E+000  0.496767059679462E+000 -0.131028262406404E+000 -0.128437657248308E+003 -0.128437657248308E+003
  0.115203055392903E+001  0.199878585132600E+001  0.315518040431978E+000  0.494653297594888E+000 -0.131028262406404E+000 -0.128442469820482E+003 -0.128442469820482E+003
  0.120582303073654E+001  0.199997402383800E+001  0.990426446322339E+000  0.496842797638776E+000 -0.131028262406404E+000 -0.128435693353110E+003 -0.128435693353110E+003
  0.120095037146169E+001  0.199752493852819E+001  0.786163354843892E+000  0.497062049108724E+000 -0.131028262406404E+000 -0.128437259687717E+003 -0.128437259687717E+003
  0.119555577344728E+001  0.199361845466542E+001  0.128488751461431E+000  0.498167388187930E+000 -0.131028262406404E+000 -0.128438669402289E+003 -0.128438669402289E+003
  0.120851827846764E+001  0.199778136801198E+001  0.221436313495691E+000  0.496507100013986E+000 -0.131028262406404E+000 -0.128438540751283E+003 -0.128438540751283E+003
  0.117591029589869E+001  0.199224658286722E+001  0.164467697680445E+000  0.499610329324543E+000 -0.131028262406404E+000 -0.128436938321010E+003 -0.128436938321010E+003
  0.114407031432809E+001  0.198854569178503E+001  0.306419118023975E+000  0.499574717267339E+000 -0.131028262406404E+000 -0.128442448629132E+003 -0.128442448629132E+003
  0.112837183673737E+001  0.199673235372987E+001  0.975069238776068E+000  0.499192716478138E+000 -0.131028262406404E+000 -0.128439061573380E+003 -0.128439061573380E+003
  0.120511109187209E+001  0.199898525252629E+001  0.189729969848423E+000  0.495893706628544E+000 -0.131028262406404E+000 -0.128438192911916E+003 -0.128438192911916E+003
  0.111585177868824E+001  0.199684217240565E+001  0.766101034151413E+000  0.499009038623975E+000 -0.131028262406404E+000 -0.128442222848807E+003 -0.128442222848807E+003
  0.114099947424882E+001  0.199002483597033E+001  0.876229502402270E-001  0.498957310234356E+000 -0.131028262406404E+000 -0.128442821580654E+003 -0.128442821580654E+003
  0.115820465779902E+001  0.198921688800280E+001  0.339648744998627E+000  0.499991981451788E+000 -0.131028262406404E+000 -0.128439663972328E+003 -0.128439663972328E+003
  0.118642175849947E+001  0.199132676999866E+001  0.535663853486479E+000  0.498498640090790E+000 -0.131028262406404E+000 -0.128439846949216E+003 -0.128439846949216E+003
  0.115167362566468E+001  0.199897359032699E+001  0.999540469676607E+000  0.496404976643550E+000 -0.131028262406404E+000 -0.128438903058278E+003 -0.128438903058278E+003
  0.119217170421540E+001  0.199754350821021E+001  0.225809211474282E+000  0.495076954542676E+000 -0.131028262406404E+000 -0.128440377657860E+003 -0.128440377657860E+003
  0.117917470052429E+001  0.199528951915597E+001  0.960665402771763E+000  0.497652581822484E+000 -0.131028262406404E+000 -0.128437716811056E+003 -0.128437716811056E+003
  0.117777141511719E+001  0.199920799417205E+001  0.459195923935595E+000  0.496042874778378E+000 -0.131028262406404E+000 -0.128437235993660E+003 -0.128437235993660E+003
  0.118701503910452E+001  0.199593401552863E+001  0.749172060537352E+000  0.498070574898823E+000 -0.131028262406404E+000 -0.128436396738737E+003 -0.128436396738737E+003
  0.123116879927642E+001  0.199589810827783E+001  0.321723182990281E+000  0.499720336804905E+000 -0.131028262406404E+000 -0.128438376047232E+003 -0.128438376047232E+003
  0.119765762559386E+001  0.199398262483569E+001  0.902683377460751E+000  0.496596920212244E+000 -0.131028262406404E+000 -0.128441173669693E+003 -0.128441173669693E+003
  0.117389732820324E+001  0.199952628635902E+001  0.858080451811339E+000  0.495888330113946E+000 -0.131028262406404E+000 -0.128437409375503E+003 -0.128437409375503E+003
  0.119342807870442E+001  0.199543069395822E+001  0.998761118091992E+000  0.495411939464237E+000 -0.131028262406404E+000 -0.128441739638524E+003 -0.128441739638524E+003
  0.122288092882107E+001  0.199206162530047E+001  0.786911538191292E-001  0.498667784569371E+000 -0.131028262406404E+000 -0.128442357103686E+003 -0.128442357103686E+003
  0.117949015952359E+001  0.199676387747387E+001  0.372858698815725E+000  0.495954595815996E+000 -0.131028262406404E+000 -0.128439506284916E+003 -0.128439506284916E+003
  0.121641672120722E+001  0.199954855928640E+001  0.703717973847987E+000  0.493574126759341E+000 -0.131028262406404E+000 -0.128442590027036E+003 -0.128442590027036E+003
  0.121215179647227E+001  0.199536995166899E+001  0.977889115287130E-001  0.498700413090628E+000 -0.131028262406404E+000 -0.128437542850352E+003 -0.128437542850352E+003
  0.115175180829329E+001  0.199765762754877E+001  0.208895720025368E+000  0.497229608757996E+000 -0.131028262406404E+000 -0.128438370086133E+003 -0.128438370086133E+003
  0.125022550421337E+001  0.199874335574200E+001  0.490465024791124E+000  0.499647251934837E+000 -0.131028262406404E+000 -0.128439952565209E+003 -0.128439952565209E+003
  0.117175428062618E+001  0.198870754680058E+001  0.552102549050503E-001  0.499395716816078E+000 -0.131028262406404E+000 -0.128440593454894E+003 -0.128440593454894E+003
  0.124199968117176E+001  0.199797413065290E+001  0.986781605665428E+000  0.498343601995355E+000 -0.131028262406404E+000 -0.128440657199599E+003 -0.128440657199599E+003
  0.123112259790313E+001  0.199759003214353E+001  0.874299723386440E+000  0.497517616215357E+000 -0.131028262406404E+000 -0.128440106743933E+003 -0.128440106743933E+003
  0.122907849579632E+001  0.199890419638169E+001  0.160751849154178E+000  0.497787461903582E+000 -0.131028262406404E+000 -0.128438024353943E+003 -0.128438024353943E+003
  0.119814804001710E+001  0.199849233044396E+001  0.398584712512383E+000  0.496453260631562E+000 -0.131028262406404E+000 -0.128437270399889E+003 -0.128437270399889E+003
  0.110330053601907E+001  0.199841645294805E+001  0.305239196310531E+000  0.499954471211551E+000 -0.131028262406404E+000 -0.128442516113277E+003 -0.128442516113277E+003
  0.121360740936685E+001  0.199642860919133E+001  0.526899508728583E+000  0.499641577346646E+000 -0.131028262406404E+000 -0.128435155542963E+003 -0.128435155542963E+003
  0.115184538595429E+001  0.199438436654958E+001  0.604818921557938E+000  0.498100225671945E+000 -0.131028262406404E+000 -0.128439414052470E+003 -0.128439414052470E+003
  0.116114836364395E+001  0.199846271971461E+001  0.783674415292199E+000  0.496560006968681E+000 -0.131028262406404E+000 -0.128437963548068E+003 -0.128437963548068E+003
  0.113876800149869E+001  0.199709254462683E+001  0.973582444005024E+000  0.498784911406338E+000 -0.131028262406404E+000 -0.128437660704935E+003 -0.128437660704935E+003
  0.116996719416026E+001  0.199710847609792E+001  0.112569647706697E+000  0.499790876951635E+000 -0.131028262406404E+000 -0.128432444660127E+003 -0.128432444660127E+003
  0.122479434132061E+001  0.199946208671176E+001  0.588485852663538E+000  0.499626998506595E+000 -0.131028262406404E+000 -0.128433851168052E+003 -0.128433851168052E+003
  0.112716902413670E+001  0.199742342786145E+001  0.925455024035782E-001  0.499107560978552E+000 -0.131028262406404E+000 -0.128438935768432E+003 -0.128438935768432E+003
  0.115707214023130E+001  0.199045613951256E+001  0.403273692598205E-001  0.499376501178040E+000 -0.131028262406404E+000 -0.128439828347317E+003 -0.128439828347317E+003
  0.119395426975585E+001  0.199394482770239E+001  0.395928052900165E+000  0.499209309571031E+000 -0.131028262406404E+000 -0.128436473291885E+003 -0.128436473291885E+003
  0.113713182816132E+001  0.199924146548502E+001  0.428893957688541E+000  0.496917903216123E+000 -0.131028262406404E+000 -0.128439963573580E+003 -0.128439963573580E+003
  0.124640434273087E+001  0.199465029509983E+001  0.424235944434640E+000  0.499883997069644E+000 -0.131028262406404E+000 -0.128442855145400E+003 -0.128442855145400E+003
  0.119801748000955E+001  0.199202815499171E+001  0.940239734700502E+000  0.498948529621296E+000 -0.131028262406404E+000 -0.128438974871071E+003 -0.128438974871071E+003
  0.124509194417570E+001  0.199721348507210E+001  0.161804906778112E+000  0.499828989746942E+000 -0.131028262406404E+000 -0.128439956461903E+003 -0.128439956461903E+003
  0.116283465667408E+001  0.199984125590333E+001  0.508314585183030E+000  0.493590846209481E+000 -0.131028262406404E+000 -0.128442380006651E+003 -0.128442380006651E+003
  0.116501618466355E+001  0.199795397515813E+001  0.402133977721634E+000  0.494046195866550E+000 -0.131028262406404E+000 -0.128442885083763E+003 -0.128442885083763E+003
  0.115130521803369E+001  0.199564431549736E+001  0.463382620961973E+000  0.497832240487640E+000 -0.131028262406404E+000 -0.128438935366683E+003 -0.128438935366683E+003
  0.114975300175484E+001  0.199293051699170E+001  0.762345668639354E+000  0.498379839162502E+000 -0.131028262406404E+000 -0.128440346669183E+003 -0.128440346669183E+003
  0.124141555201835E+001  0.199891875183665E+001  0.428687776202103E+000  0.499211458215899E+000 -0.131028262406404E+000 -0.128438264236773E+003 -0.128438264236773E+003
  0.116178176617287E+001  0.198857188725674E+001  0.437261182238769E+000  0.499411364116170E+000 -0.131028262406404E+000 -0.128441087174936E+003 -0.128441087174936E+003
  0.111099889752387E+001  0.199996825958371E+001  0.497944229997730E+000  0.499323688473265E+000 -0.131028262406404E+000 -0.128440462265186E+003 -0.128440462265186E+003
  0.113994849976360E+001  0.199656130970862E+001  0.702332254526048E+000  0.498642229249758E+000 -0.131028262406404E+000 -0.128438184147648E+003 -0.128438184147648E+003
  0.119519533040758E+001  0.198884043929126E+001  0.769459458054379E+000  0.498352057500654E+000 -0.131028262406404E+000 -0.128442826261433E+003 -0.128442826261433E+003
  0.120293256739081E+001  0.199908234588069E+001  0.277362203469789E+000  0.493558421096570E+000 -0.131028262406404E+000 -0.128442041644016E+003 -0.128442041644016E+003
  0.117378669444057E+001  0.199412757586963E+001  0.579641215949232E+000  0.498464860648651E+000 -0.131028262406404E+000 -0.128437381321329E+003 -0.128437381321329E+003
  0.116721679825121E+001  0.199957150859557E+001  0.148209102097920E+000  0.494966680554142E+000 -0.131028262406404E+000 -0.128439550134972E+003 -0.128439550134972E+003
  0.114611005456268E+001  0.199525308748801E+001  0.963332682353161E+000  0.496859281757727E+000 -0.131028262406404E+000 -0.128441857872838E+003 -0.128441857872838E+003
  0.121168898568802E+001  0.199394454252458E+001  0.772736185262163E+000  0.497198086237076E+000 -0.131028262406404E+000 -0.128441351934701E+003 -0.128441351934701E+003
  0.121866384824822E+001  0.199313326021005E+001  0.499103398133669E+000  0.499710323552054E+000 -0.131028262406404E+000 -0.128438962825957E+003 -0.128438962825957E+003
  0.112368281269624E+001  0.199373565053198E+001  0.805227542970657E+000  0.499230975867858E+000 -0.131028262406404E+000 -0.128442360747070E+003 -0.128442360747070E+003
  0.116125519379062E+001  0.199755428667763E+001  0.891339332366855E+000  0.496666888536771E+000 -0.131028262406404E+000 -0.128438520505448E+003 -0.128438520505448E+003
  0.121329048542983E+001  0.199453786473083E+001  0.875494471136041E+000  0.496139393605809E+000 -0.131028262406404E+000 -0.128442724778163E+003 -0.128442724778163E+003
  0.120662919172037E+001  0.199989288415008E+001  0.898303391122991E+000  0.498158984453969E+000 -0.131028262406404E+000 -0.128433592978159E+003 -0.128433592978159E+003
  0.120265790128282E+001  0.199482520976062E+001  0.785129625748506E+000  0.497534529916927E+000 -0.131028262406404E+000 -0.128439094697444E+003 -0.128439094697444E+003
  0.114612997241640E+001  0.199871249238945E+001  0.277237708117598E+000  0.496149677711368E+000 -0.131028262406404E+000 -0.128440412412468E+003 -0.128440412412468E+003
  0.113876836230814E+001  0.199948177705072E+001  0.594121129240939E+000  0.496535783776985E+000 -0.131028262406404E+000 -0.128440244068998E+003 -0.128440244068998E+003
  0.115649341386662E+001  0.199436808002069E+001  0.715029032911457E+000  0.496719326973162E+000 -0.131028262406404E+000 -0.128441595909841E+003 -0.128441595909841E+003
  0.120155541490566E+001  0.199431277444312E+001  0.729371596556941E+000  0.497093302542567E+000 -0.131028262406404E+000 -0.128440251561100E+003 -0.128440251561100E+003
  0.115254682300133E+001  0.199284619135316E+001  0.236237718692920E+000  0.497008199476766E+000 -0.131028262406404E+000 -0.128442759318573E+003 -0.128442759318573E+003
  0.113482278732414E+001  0.199703396039201E+001  0.589665290139677E+000  0.499741106976610E+000 -0.131028262406404E+000 -0.128436479391729E+003 -0.128436479391729E+003
  0.122999721527900E+001  0.199491242366288E+001  0.868600181374904E+000  0.498848634567559E+000 -0.131028262406404E+000 -0.128440487846758E+003 -0.128440487846758E+003
  0.118808710404184E+001  0.199298107380489E+001  0.178342981524914E+000  0.496818794599237E+000 -0.131028262406404E+000 -0.128441346562875E+003 -0.128441346562875E+003
  0.119314125527403E+001  0.199543965315333E+001  0.829326394935827E-001  0.495336469940760E+000 -0.131028262406404E+000 -0.128441857322560E+003 -0.128441857322560E+003
  0.118222540850757E+001  0.199296162866801E+001  0.273818323769612E+000  0.498403953063234E+000 -0.131028262406404E+000 -0.128438448744836E+003 -0.128438448744836E+003
  0.119339245103641E+001  0.199832183493811E+001  0.892697032369768E+000  0.496098793119307E+000 -0.131028262406404E+000 -0.128437874704488E+003 -0.128437874704488E+003
  0.118784552380262E+001  0.199990837991339E+001  0.230098004741054E+000  0.496406823940621E+000 -0.131028262406404E+000 -0.128435801925243E+003 -0.128435801925243E+003
  0.121225548389719E+001  0.199805725476341E+001  0.176411563586163E+000  0.497819457079937E+000 -0.131028262406404E+000 -0.128436440715495E+003 -0.128436440715495E+003
  0.113989746987898E+001  0.199615248534199E+001  0.796709461343942E+000  0.498020328848597E+000 -0.131028262406404E+000 -0.128439765825705E+003 -0.128439765825705E+003
  0.118749685926445E+001  0.199834409272572E+001  0.226765181616387E+000  0.493442466808190E+000 -0.131028262406404E+000 -0.128442593527536E+003 -0.128442593527536E+003
  0.115924919004279E+001  0.199359293892024E+001  0.287147798462243E+000  0.497840497304597E+000 -0.131028262406404E+000 -0.128439847459489E+003 -0.128439847459489E+003
  0.120244236656024E+001  0.199790801866587E+001  0.942980219555746E+000  0.498598549110425E+000 -0.131028262406404E+000 -0.128434368136150E+003 -0.128434368136150E+003
  0.118081525468178E+001  0.199052530808564E+001  0.459196034370881E+000  0.497435701656595E+000 -0.131028262406404E+000 -0.128442407101387E+003 -0.128442407101387E+003
  0.115952748525947E+001  0.199412194862068E+001  0.459496088767991E+000  0.498242186063354E+000 -0.131028262406404E+000 -0.128438602433030E+003 -0.128438602433030E+003
  0.121885090816026E+001  0.199580891841889E+001  0.540808552606437E+000  0.497834664993286E+000 -0.131028262406404E+000 -0.128439394710432E+003 -0.128439394710432E+003
  0.119091342215870E+001  0.199671657735829E+001  0.779917281912379E-002  0.495588382241678E+000 -0.131028262406404E+000 -0.128440188652625E+003 -0.128440188652625E+003
  0.121420282309597E+001  0.199759288818608E+001  0.637413966753005E+000  0.499382072923546E+000 -0.131028262406404E+000 -0.128434533367059E+003 -0.128434533367059E+003
  0.120698899223230E+001  0.199156807492599E+001  0.324582305207113E+000  0.498647774405327E+000 -0.131028262406404E+000 -0.128440716516342E+003 -0.128440716516342E+003
