  0.156693653726427E+001  0.777930117218369E+000  0.125307146952707E+000  0.498177443795908E+000 -0.131028262406404E+000 -0.143995484308379E+003 -0.143995484308379E+003
  0.156307086775731E+001  0.787219990633515E+000  0.406235308691982E+000  0.498124017098232E+000 -0.131028262406404E+000 -0.143995895032803E+003 -0.143995895032803E+003
  0.157329363492168E+001  0.791837237513201E+000  0.691412552494134E+000  0.499504266740904E+000 -0.131028262406404E+000 -0.143995465029754E+003 -0.143995465029754E+003
  0.156582416259462E+001  0.780766319476312E+000  0.308556285678999E+000  0.497717807981638E+000 -0.131028262406404E+000 -0.143995955019324E+003 -0.143995955019324E+003
  0.155515515758005E+001  0.781995800733636E+000  0.698637891822245E+000  0.499083581266099E+000 -0.131028262406404E+000 -0.143994939225733E+003 -0.143994939225733E+003
  0.153247259242954E+001  0.788165040161689E+000  0.422936085258579E-001  0.499943176501736E+000 -0.131028262406404E+000 -0.143995359984266E+003 -0.143995359984266E+003
  0.158620233434675E+001  0.773679067184021E+000  0.234326090892742E+000  0.499571613838620E+000 -0.131028262406404E+000 -0.143994908286498E+003 -0.143994908286498E+003
  0.157789448691449E+001  0.780503454160196E+000  0.902721670814570E+000  0.498988914547593E+000 -0.131028262406404E+000 -0.143995224449521E+003 -0.143995224449521E+003
  0.155776674844118E+001  0.800090840794693E+000  0.387233976494040E+000  0.499695713303905E+000 -0.131028262406404E+000 -0.143995420421370E+003 -0.143995420421370E+003
  0.157426620124371E+001  0.752217590310791E+000  0.601639931970311E+000  0.498318885992190E+000 -0.131028262406404E+000 -0.143995734922545E+003 -0.143995734922545E+003
  0.156988287729527E+001  0.764351307627456E+000  0.299076348057966E+000  0.498709127559926E+000 -0.131028262406404E+000 -0.143995017227562E+003 -0.143995017227562E+003
  0.159110950020088E+001  0.762452572858227E+000  0.611080408218974E+000  0.499679854747377E+000 -0.131028262406404E+000 -0.143994780722723E+003 -0.143994780722723E+003
  0.153982426898944E+001  0.771159107759714E+000  0.167955823016173E-001  0.499588363161731E+000 -0.131028262406404E+000 -0.143995623882331E+003 -0.143995623882331E+003
  0.156862695182476E+001  0.763510056609551E+000  0.842192170028973E+000  0.499004777582799E+000 -0.131028262406404E+000 -0.143994832508064E+003 -0.143994832508064E+003
  0.159587001923360E+001  0.765134046162457E+000  0.683163877466263E+000  0.498904749270004E+000 -0.131028262406404E+000 -0.143995628821428E+003 -0.143995628821428E+003
  0.155306678984510E+001  0.773960378509654E+000  0.145369448841788E+000  0.499448119816125E+000 -0.131028262406404E+000 -0.143994709822162E+003 -0.143994709822162E+003
  0.155391808234462E+001  0.768640150020017E+000  0.287115817382459E+000  0.499736775871803E+000 -0.131028262406404E+000 -0.143994583754048E+003 -0.143994583754048E+003
  0.156499429619183E+001  0.759974362717578E+000  0.219880257439299E+000  0.498146618915080E+000 -0.131028262406404E+000 -0.143995769527988E+003 -0.143995769527988E+003
  0.156326194243656E+001  0.764393966664036E+000  0.497390516804233E+000  0.499234649368367E+000 -0.131028262406404E+000 -0.143994764182855E+003 -0.143994764182855E+003
  0.156719508927507E+001  0.747353378046818E+000  0.784000859399399E-001  0.499408406013932E+000 -0.131028262406404E+000 -0.143995617704529E+003 -0.143995617704529E+003
  0.156661200523245E+001  0.762436178052757E+000  0.814815253986970E+000  0.499124797732742E+000 -0.131028262406404E+000 -0.143994823198111E+003 -0.143994823198111E+003
  0.157678969700735E+001  0.776987724301779E+000  0.494602002103642E+000  0.499889337196081E+000 -0.131028262406404E+000 -0.143994341618445E+003 -0.143994341618445E+003
  0.157785609698571E+001  0.762547546769076E+000  0.611755179658256E-001  0.498668940249368E+000 -0.131028262406404E+000 -0.143995045511661E+003 -0.143995045511661E+003
  0.155092931662522E+001  0.783464632489202E+000  0.416493455798022E+000  0.499291853799991E+000 -0.131028262406404E+000 -0.143994898765098E+003 -0.143994898765098E+003
  0.159132017988335E+001  0.768292985381131E+000  0.289363240266300E+000  0.498764802278519E+000 -0.131028262406404E+000 -0.143995525589758E+003 -0.143995525589758E+003
  0.157987322174532E+001  0.781224342549242E+000  0.205263050697211E+000  0.499401836525434E+000 -0.131028262406404E+000 -0.143995073911392E+003 -0.143995073911392E+003
  0.157319359631008E+001  0.773413075025631E+000  0.905604928885616E+000  0.498438776186006E+000 -0.131028262406404E+000 -0.143995212731803E+003 -0.143995212731803E+003
  0.157387574478071E+001  0.755838404204806E+000  0.128868161700283E+000  0.498973128220349E+000 -0.131028262406404E+000 -0.143995059953564E+003 -0.143995059953564E+003
  0.156334275007085E+001  0.745904537966407E+000  0.767119021576148E+000  0.499534120602747E+000 -0.131028262406404E+000 -0.143995919916790E+003 -0.143995919916790E+003
  0.158240143166161E+001  0.772343573043806E+000  0.683291837464871E-001  0.499819591084356E+000 -0.131028262406404E+000 -0.143994469871222E+003 -0.143994469871222E+003
  0.156225332726316E+001  0.775147388596909E+000  0.581599522347154E+000  0.498543721629283E+000 -0.131028262406404E+000 -0.143995178699070E+003 -0.143995178699070E+003
  0.158909173874345E+001  0.742268646142450E+000  0.658138418205922E+000  0.498954257435153E+000 -0.131028262406404E+000 -0.143995761507406E+003 -0.143995761507406E+003
  0.154986059597760E+001  0.776894939925421E+000  0.808630393617573E+000  0.499305112721407E+000 -0.131028262406404E+000 -0.143994938392112E+003 -0.143994938392112E+003
  0.157924971429728E+001  0.755396026745967E+000  0.553408540527072E+000  0.498907993296242E+000 -0.131028262406404E+000 -0.143995068017714E+003 -0.143995068017714E+003
  0.154212374712139E+001  0.795013358717734E+000  0.195385019422195E+000  0.499945834322099E+000 -0.131028262406404E+000 -0.143994912234629E+003 -0.143994912234629E+003
  0.158020380860893E+001  0.753589932719300E+000  0.184281731206255E-001  0.498306551558108E+000 -0.131028262406404E+000 -0.143995562124396E+003 -0.143995562124396E+003
  0.157485887201185E+001  0.746598363685389E+000  0.425477596388041E+000  0.499581605323473E+000 -0.131028262406404E+000 -0.143995226030608E+003 -0.143995226030608E+003
  0.154911665651394E+001  0.762062714156297E+000  0.314241877253394E+000  0.499333132769110E+000 -0.131028262406404E+000 -0.143995649850832E+003 -0.143995649850832E+003
  0.154773751363462E+001  0.789223702771819E+000  0.800538047117575E+000  0.498718809769492E+000 -0.131028262406404E+000 -0.143995665360836E+003 -0.143995665360836E+003
  0.157592847394070E+001  0.778941982461846E+000  0.524188429737247E+000  0.498664925528830E+000 -0.131028262406404E+000 -0.143995300277576E+003 -0.143995300277576E+003
  0.154864352476400E+001  0.776436546867201E+000  0.597716639620157E+000  0.499487315372231E+000 -0.131028262406404E+000 -0.143994847228789E+003 -0.143994847228789E+003
  0.158328320203329E+001  0.751872669416940E+000  0.426388507955478E+000  0.497896680591128E+000 -0.131028262406404E+000 -0.143995908680723E+003 -0.143995908680723E+003
  0.160439297801072E+001  0.758129974473511E+000  0.212248371203780E+000  0.499423231938467E+000 -0.131028262406404E+000 -0.143995799988135E+003 -0.143995799988135E+003
  0.156167534737159E+001  0.761269736418366E+000  0.211974214481921E+000  0.499701497760881E+000 -0.131028262406404E+000 -0.143994596282936E+003 -0.143994596282936E+003
  0.157028568037373E+001  0.758032511029385E+000  0.608186586517444E+000  0.499968172303361E+000 -0.131028262406404E+000 -0.143994292057078E+003 -0.143994292057078E+003
  0.159782374374973E+001  0.767838894022267E+000  0.136414370434132E+000  0.498838499646140E+000 -0.131028262406404E+000 -0.143995940643131E+003 -0.143995940643131E+003
  0.155989104034009E+001  0.789925040254205E+000  0.576657235729664E+000  0.499978644872975E+000 -0.131028262406404E+000 -0.143994443383104E+003 -0.143994443383104E+003
  0.157943628758563E+001  0.743942557447737E+000  0.735993759713734E+000  0.499139371045528E+000 -0.131028262406404E+000 -0.143995627387315E+003 -0.143995627387315E+003
  0.155787302752885E+001  0.774283952847140E+000  0.102562457713852E+000  0.498934607840511E+000 -0.131028262406404E+000 -0.143994960601195E+003 -0.143994960601195E+003
  0.155644432634483E+001  0.779291003745364E+000  0.803820912057609E+000  0.499450591651227E+000 -0.131028262406404E+000 -0.143994556744758E+003 -0.143994556744758E+003
  0.155749032428771E+001  0.776530734801781E+000  0.123703201946404E+000  0.499192570766052E+000 -0.131028262406404E+000 -0.143994741057262E+003 -0.143994741057262E+003
  0.153135772318277E+001  0.791930150554017E+000  0.342948152719285E+000  0.499594186394017E+000 -0.131028262406404E+000 -0.143995803492507E+003 -0.143995803492507E+003
  0.158251173844661E+001  0.773476336314080E+000  0.521890774328459E+000  0.498213139506670E+000 -0.131028262406404E+000 -0.143995643287609E+003 -0.143995643287609E+003
  0.159697941566251E+001  0.766313656502674E+000  0.703933543887620E+000  0.499034388848329E+000 -0.131028262406404E+000 -0.143995681355919E+003 -0.143995681355919E+003
  0.160190657250652E+001  0.756431156198135E+000  0.493045717706033E+000  0.499883728490424E+000 -0.131028262406404E+000 -0.143995312528672E+003 -0.143995312528672E+003
  0.154547105403560E+001  0.761613659350147E+000  0.188261952200586E+000  0.499677892679292E+000 -0.131028262406404E+000 -0.143995707984504E+003 -0.143995707984504E+003
  0.159297511488420E+001  0.741985452730322E+000  0.827577396103224E+000  0.499210499609754E+000 -0.131028262406404E+000 -0.143995655222690E+003 -0.143995655222690E+003
  0.155059884740170E+001  0.782256672125239E+000  0.569759674694466E+000  0.498904671822389E+000 -0.131028262406404E+000 -0.143995248113272E+003 -0.143995248113272E+003
  0.155458869110405E+001  0.785958450289855E+000  0.909224970648563E+000  0.499770312258291E+000 -0.131028262406404E+000 -0.143994443965399E+003 -0.143994443965399E+003
  0.154902886131943E+001  0.807455892193738E+000  0.278290981399893E+000  0.499794357363157E+000 -0.131028262406404E+000 -0.143995899959353E+003 -0.143995899959353E+003
  0.154581390671738E+001  0.766080681773232E+000  0.300560442173594E+000  0.499982634384501E+000 -0.131028262406404E+000 -0.143995058201516E+003 -0.143995058201516E+003
  0.159614507376701E+001  0.764728078657304E+000  0.273795225651621E+000  0.499997858687449E+000 -0.131028262406404E+000 -0.143994984623127E+003 -0.143994984623127E+003
  0.159866595444180E+001  0.759123841143925E+000  0.373478053987102E+000  0.499040843386734E+000 -0.131028262406404E+000 -0.143995584807295E+003 -0.143995584807295E+003
  0.157427432687081E+001  0.760910526931722E+000  0.227047024182262E-001  0.499311590253187E+000 -0.131028262406404E+000 -0.143994609774620E+003 -0.143994609774620E+003
  0.154557198926904E+001  0.761756200778869E+000  0.241498919566416E+000  0.499952578210166E+000 -0.131028262406404E+000 -0.143995441943649E+003 -0.143995441943649E+003
  0.159425577627099E+001  0.766219076614469E+000  0.593965569864534E+000  0.499657655785369E+000 -0.131028262406404E+000 -0.143995092809385E+003 -0.143995092809385E+003
  0.154579422960582E+001  0.779918836427828E+000  0.279343652789637E+000  0.499276309917024E+000 -0.131028262406404E+000 -0.143995146334508E+003 -0.143995146334508E+003
  0.157476833988326E+001  0.791006402174338E+000  0.134717959203715E+000  0.499932472710194E+000 -0.131028262406404E+000 -0.143995155218207E+003 -0.143995155218207E+003
  0.159213006550244E+001  0.776251060194450E+000  0.302804862119080E+000  0.499751729134924E+000 -0.131028262406404E+000 -0.143995403815365E+003 -0.143995403815365E+003
  0.159079832434154E+001  0.753151685436472E+000  0.822483193781674E+000  0.498843411076799E+000 -0.131028262406404E+000 -0.143995335707205E+003 -0.143995335707205E+003
  0.156184979563315E+001  0.778245684874354E+000  0.981504523194654E+000  0.498336302552973E+000 -0.131028262406404E+000 -0.143995393283856E+003 -0.143995393283856E+003
  0.154745577839853E+001  0.782486042748538E+000  0.805804063680321E+000  0.499005934086944E+000 -0.131028262406404E+000 -0.143995296151931E+003 -0.143995296151931E+003
  0.154417693863591E+001  0.769891091163640E+000  0.791235850156488E+000  0.498886796037825E+000 -0.131028262406404E+000 -0.143995959715288E+003 -0.143995959715288E+003
  0.158450807754516E+001  0.759143782334179E+000  0.640450207582575E+000  0.498311711615320E+000 -0.131028262406404E+000 -0.143995425849847E+003 -0.143995425849847E+003
  0.154990163261273E+001  0.780263395190455E+000  0.639760841710739E+000  0.499124863383834E+000 -0.131028262406404E+000 -0.143995070707712E+003 -0.143995070707712E+003
  0.156885194969283E+001  0.764908257000828E+000  0.841118624008598E+000  0.499981496620974E+000 -0.131028262406404E+000 -0.143994046734757E+003 -0.143994046734757E+003
  0.154195763592127E+001  0.783494613723148E+000  0.335351037042889E+000  0.499062924665193E+000 -0.131028262406404E+000 -0.143995554925960E+003 -0.143995554925960E+003
  0.155775340239473E+001  0.780856725509411E+000  0.105807660521726E+000  0.499462955944020E+000 -0.131028262406404E+000 -0.143994540286125E+003 -0.143994540286125E+003
  0.159214574123007E+001  0.750344147244018E+000  0.809316562979081E+000  0.499294732991526E+000 -0.131028262406404E+000 -0.143995177258300E+003 -0.143995177258300E+003
  0.159895873983789E+001  0.742504736361917E+000  0.203089596530414E+000  0.499699271264875E+000 -0.131028262406404E+000 -0.143995503736896E+003 -0.143995503736896E+003
  0.157216173485994E+001  0.762489265752339E+000  0.864419848213616E+000  0.498002639708913E+000 -0.131028262406404E+000 -0.143995573479560E+003 -0.143995573479560E+003
  0.156574084388942E+001  0.783020444720125E+000  0.536058032586346E+000  0.498595292550027E+000 -0.131028262406404E+000 -0.143995312079995E+003 -0.143995312079995E+003
  0.158516755678539E+001  0.777781369829260E+000  0.923919571142316E+000  0.498846673601990E+000 -0.131028262406404E+000 -0.143995565916894E+003 -0.143995565916894E+003
  0.156844316396522E+001  0.777769390840403E+000  0.400912172687995E+000  0.499976205977291E+000 -0.131028262406404E+000 -0.143994060808099E+003 -0.143994060808099E+003
  0.156188070244725E+001  0.768196190935213E+000  0.350396497542715E+000  0.498894237224918E+000 -0.131028262406404E+000 -0.143994967188942E+003 -0.143994967188942E+003
  0.154633880711052E+001  0.782952737577885E+000  0.779061924761099E+000  0.499346853873242E+000 -0.131028262406404E+000 -0.143995036623995E+003 -0.143995036623995E+003
  0.153457316945984E+001  0.791808779800974E+000  0.959826045033299E+000  0.499967790542135E+000 -0.131028262406404E+000 -0.143995190097807E+003 -0.143995190097807E+003
  0.156902330807041E+001  0.786926145741670E+000  0.863376545673213E+000  0.499804340673210E+000 -0.131028262406404E+000 -0.143994631619046E+003 -0.143994631619046E+003
  0.156253801735667E+001  0.757121991421994E+000  0.161542694594149E+000  0.498918914162054E+000 -0.131028262406404E+000 -0.143995435159725E+003 -0.143995435159725E+003
  0.155195797423259E+001  0.787314397147316E+000  0.990260068640184E+000  0.498713519926179E+000 -0.131028262406404E+000 -0.143995479994087E+003 -0.143995479994087E+003
  0.156277686810556E+001  0.768851896520869E+000  0.694415664924602E-001  0.497899697707793E+000 -0.131028262406404E+000 -0.143995751797639E+003 -0.143995751797639E+003
  0.156835056979047E+001  0.764603749991176E+000  0.544969875940215E+000  0.498712078432599E+000 -0.131028262406404E+000 -0.143995035699137E+003 -0.143995035699137E+003
  0.156533409990925E+001  0.794232216740812E+000  0.605248791261072E+000  0.499283634748140E+000 -0.131028262406404E+000 -0.143995473634900E+003 -0.143995473634900E+003
  0.156588799368096E+001  0.778249269254557E+000  0.688332991711000E+000  0.499818062141125E+000 -0.131028262406404E+000 -0.143994165034538E+003 -0.143994165034538E+003
  0.158747862486923E+001  0.780602826931544E+000  0.605489647748450E+000  0.499054372462041E+000 -0.131028262406404E+000 -0.143995795041410E+003 -0.143995795041410E+003
  0.158234940297116E+001  0.768391737850518E+000  0.964640510694423E+000  0.499270401465935E+000 -0.131028262406404E+000 -0.143994736626495E+003 -0.143994736626495E+003
  0.157735445651691E+001  0.759590147557828E+000  0.864077042750792E+000  0.499712570858801E+000 -0.131028262406404E+000 -0.143994361528665E+003 -0.143994361528665E+003
  0.153517270123032E+001  0.773802843143554E+000  0.426895456965702E+000  0.499589164748393E+000 -0.131028262406404E+000 -0.143995928314678E+003 -0.143995928314678E+003
  0.158448905247311E+001  0.766037134689783E+000  0.535676236476369E+000  0.497696426528722E+000 -0.131028262406404E+000 -0.143995869436147E+003 -0.143995869436147E+003
  0.157772426676269E+001  0.765775324945126E+000  0.773845139442383E-001  0.499916525644389E+000 -0.131028262406404E+000 -0.143994130672014E+003 -0.143994130672014E+003
  0.158495016809307E+001  0.766098873090751E+000  0.864952642159706E+000  0.498037046637820E+000 -0.131028262406404E+000 -0.143995644512302E+003 -0.143995644512302E+003
  0.159253561375978E+001  0.767792730916966E+000  0.359384948574464E+000  0.499685020029146E+000 -0.131028262406404E+000 -0.143995008789288E+003 -0.143995008789288E+003
  0.155670650418101E+001  0.769081115762829E+000  0.364518572979868E+000  0.499555106008073E+000 -0.131028262406404E+000 -0.143994587543842E+003 -0.143994587543842E+003
  0.157123695440476E+001  0.783267963508181E+000  0.987501634456133E-001  0.499883348204851E+000 -0.131028262406404E+000 -0.143994431553225E+003 -0.143994431553225E+003
  0.156357750002727E+001  0.747569662928290E+000  0.629360414238535E+000  0.499482279157555E+000 -0.131028262406404E+000 -0.143995761449730E+003 -0.143995761449730E+003
  0.156018852245356E+001  0.791464552325401E+000  0.236398944076771E+000  0.499456109349530E+000 -0.131028262406404E+000 -0.143994983171908E+003 -0.143994983171908E+003
  0.157988580502093E+001  0.789277616402266E+000  0.842401907012842E-001  0.499199527999788E+000 -0.131028262406404E+000 -0.143995887197907E+003 -0.143995887197907E+003
  0.155712247215566E+001  0.777698955092088E+000  0.969549953978038E-001  0.499062461606156E+000 -0.131028262406404E+000 -0.143994864166201E+003 -0.143994864166201E+003
  0.155537059558697E+001  0.775283472656320E+000  0.263385079536575E+000  0.498451268234397E+000 -0.131028262406404E+000 -0.143995463833004E+003 -0.143995463833004E+003
  0.159815105530163E+001  0.765952300393487E+000  0.763472728510257E+000  0.499795429611942E+000 -0.131028262406404E+000 -0.143995316074384E+003 -0.143995316074384E+003
  0.157059341142853E+001  0.769839929388359E+000  0.780102515540016E+000  0.498668613118348E+000 -0.131028262406404E+000 -0.143994980713074E+003 -0.143994980713074E+003
  0.154623055273592E+001  0.775618846549192E+000  0.729461072590314E+000  0.499919973011560E+000 -0.131028262406404E+000 -0.143994618320705E+003 -0.143994618320705E+003
  0.156803552719609E+001  0.783012266688447E+000  0.346722238890971E+000  0.498475983010607E+000 -0.131028262406404E+000 -0.143995440683521E+003 -0.143995440683521E+003
  0.156351811754931E+001  0.791274071037843E+000  0.357056485155653E+000  0.499541965020218E+000 -0.131028262406404E+000 -0.143994966821042E+003 -0.143994966821042E+003
  0.159488476387321E+001  0.777769438677824E+000  0.428132003753733E+000  0.499625646487730E+000 -0.131028262406404E+000 -0.143995865263903E+003 -0.143995865263903E+003
  0.155802028805485E+001  0.751178365933363E+000  0.907427087620142E+000  0.499380198451682E+000 -0.131028262406404E+000 -0.143995867359850E+003 -0.143995867359850E+003
  0.157054296304985E+001  0.778893532856589E+000  0.930848062691302E+000  0.498747398036114E+000 -0.131028262406404E+000 -0.143995089919471E+003 -0.143995089919471E+003
  0.154566607351211E+001  0.761540846435076E+000  0.582028624250503E+000  0.499784177279429E+000 -0.131028262406404E+000 -0.143995601242238E+003 -0.143995601242238E+003
  0.157845630702690E+001  0.774499107464043E+000  0.408575093982625E+000  0.497687572942595E+000 -0.131028262406404E+000 -0.143995928965020E+003 -0.143995928965020E+003
  0.156512730072761E+001  0.763526663372572E+000  0.958102348984201E+000  0.499024251771770E+000 -0.131028262406404E+000 -0.143994904462697E+003 -0.143994904462697E+003
  0.159115226875735E+001  0.778190696038980E+000  0.417944922521837E+000  0.499503139595766E+000 -0.131028262406404E+000 -0.143995619283315E+003 -0.143995619283315E+003
  0.155006300042263E+001  0.782595570366840E+000  0.116493176167401E+000  0.499879716080002E+000 -0.131028262406404E+000 -0.143994393104633E+003 -0.143994393104633E+003
  0.155472791224259E+001  0.779009849876456E+000  0.250502634413272E+000  0.499141384349862E+000 -0.131028262406404E+000 -0.143994870115252E+003 -0.143994870115252E+003
  0.154423183187533E+001  0.762425869496017E+000  0.101310100224509E+000  0.499474386418231E+000 -0.131028262406404E+000 -0.143995940734057E+003 -0.143995940734057E+003
  0.155368277634436E+001  0.798612628367743E+000  0.594969610848949E+000  0.498936609263627E+000 -0.131028262406404E+000 -0.143995899191042E+003 -0.143995899191042E+003
  0.155148109982279E+001  0.777051756224428E+000  0.488233837327029E+000  0.499231740766741E+000 -0.131028262406404E+000 -0.143994923401561E+003 -0.143994923401561E+003
  0.155293605766410E+001  0.771394443220673E+000  0.448513238150120E+000  0.499327612594027E+000 -0.131028262406404E+000 -0.143994888056571E+003 -0.143994888056571E+003
  0.156479464229059E+001  0.786561264179728E+000  0.498801971312771E+000  0.498778019940434E+000 -0.131028262406404E+000 -0.143995325490943E+003 -0.143995325490943E+003
  0.159371100435522E+001  0.771829171752486E+000  0.975118832019812E+000  0.499136823001355E+000 -0.131028262406404E+000 -0.143995635099224E+003 -0.143995635099224E+003
  0.157540436673878E+001  0.750612866691417E+000  0.867770983723391E+000  0.498955168337440E+000 -0.131028262406404E+000 -0.143995345114062E+003 -0.143995345114062E+003
  0.157063211273957E+001  0.747494581419557E+000  0.374000635723284E+000  0.499429415627349E+000 -0.131028262406404E+000 -0.143995416295615E+003 -0.143995416295615E+003
  0.156468306404327E+001  0.791657924664885E+000  0.706934436876057E+000  0.498477747089466E+000 -0.131028262406404E+000 -0.143995913806924E+003 -0.143995913806924E+003
  0.152908630420985E+001  0.786010363365214E+000  0.506832933247693E+000  0.499890246707231E+000 -0.131028262406404E+000 -0.143995748205758E+003 -0.143995748205758E+003
  0.157910121964835E+001  0.783400852786634E+000  0.718012125446058E+000  0.499847764196268E+000 -0.131028262406404E+000 -0.143994859772505E+003 -0.143994859772505E+003
  0.159887029894591E+001  0.756957725915663E+000  0.958128769800413E+000  0.499328505593791E+000 -0.131028262406404E+000 -0.143995404349099E+003 -0.143995404349099E+003
  0.155655481292501E+001  0.794006944688126E+000  0.504225017252616E+000  0.499621474780770E+000 -0.131028262406404E+000 -0.143994966611645E+003 -0.143994966611645E+003
  0.158463222119506E+001  0.752444032592034E+000  0.909258695630293E-001  0.499669433480765E+000 -0.131028262406404E+000 -0.143994702704468E+003 -0.143994702704468E+003
  0.157223152156902E+001  0.758825400375533E+000  0.171342960252570E+000  0.498375037505232E+000 -0.131028262406404E+000 -0.143995405432135E+003 -0.143995405432135E+003
  0.153670256902324E+001  0.786329378500751E+000  0.651318208697199E+000  0.499963612987269E+000 -0.131028262406404E+000 -0.143995027535798E+003 -0.143995027535798E+003
  0.157521423313037E+001  0.792848718498288E+000  0.958241563000478E+000  0.499331898628008E+000 -0.131028262406404E+000 -0.143995819353814E+003 -0.143995819353814E+003
  0.156691137217760E+001  0.778482239122562E+000  0.838145965612382E+000  0.498856576326190E+000 -0.131028262406404E+000 -0.143994945785798E+003 -0.143994945785798E+003
  0.157962570439949E+001  0.775524755324503E+000  0.202221410020779E+000  0.498855198876238E+000 -0.131028262406404E+000 -0.143995144582138E+003 -0.143995144582138E+003
  0.156098375097129E+001  0.747660131025930E+000  0.563672918986636E+000  0.499642399547212E+000 -0.131028262406404E+000 -0.143995810169721E+003 -0.143995810169721E+003
  0.156006256672826E+001  0.804688641992575E+000  0.318022952671651E+000  0.499984080305360E+000 -0.131028262406404E+000 -0.143995748326890E+003 -0.143995748326890E+003
  0.160130753106297E+001  0.742645111393984E+000  0.369955855537027E+000  0.499309047427002E+000 -0.131028262406404E+000 -0.143995802544755E+003 -0.143995802544755E+003
  0.154464334423766E+001  0.776043611601564E+000  0.314916559176946E-001  0.498657315972738E+000 -0.131028262406404E+000 -0.143995879564875E+003 -0.143995879564875E+003
  0.155206126607231E+001  0.794392458412077E+000  0.312392164404664E-002  0.498872266325656E+000 -0.131028262406404E+000 -0.143995661586769E+003 -0.143995661586769E+003
  0.159584803863717E+001  0.749783706678469E+000  0.565438767146371E+000  0.499556952871962E+000 -0.131028262406404E+000 -0.143995174734536E+003 -0.143995174734536E+003
  0.155132001047168E+001  0.767778888341306E+000  0.254567111795560E+000  0.499941993385226E+000 -0.131028262406404E+000 -0.143994595263787E+003 -0.143994595263787E+003
  0.156129627678117E+001  0.746082917303742E+000  0.181048273980158E+000  0.499992110085574E+000 -0.131028262406404E+000 -0.143995696728744E+003 -0.143995696728744E+003
  0.154632311646620E+001  0.798603164607100E+000  0.578959489790492E+000  0.499878067420847E+000 -0.131028262406404E+000 -0.143995063639963E+003 -0.143995063639963E+003
  0.160121420021265E+001  0.754071103011659E+000  0.105509115183457E+000  0.498947229275259E+000 -0.131028262406404E+000 -0.143995759321076E+003 -0.143995759321076E+003
  0.154564270993072E+001  0.779604677857859E+000  0.811646539050539E+000  0.498648277570744E+000 -0.131028262406404E+000 -0.143995746269698E+003 -0.143995746269698E+003
  0.160445544185785E+001  0.758224683179236E+000  0.261197995799247E+000  0.499501571714897E+000 -0.131028262406404E+000 -0.143995766116315E+003 -0.143995766116315E+003
  0.157778081877068E+001  0.776330697423450E+000  0.775675646930640E+000  0.499965766896295E+000 -0.131028262406404E+000 -0.143994302443633E+003 -0.143994302443633E+003
  0.159222152924623E+001  0.765157335226696E+000  0.274839248893199E+000  0.498523271959438E+000 -0.131028262406404E+000 -0.143995630002323E+003 -0.143995630002323E+003
  0.157272530915078E+001  0.766976916714629E+000  0.994855137402930E+000  0.497974396400156E+000 -0.131028262406404E+000 -0.143995521119571E+003 -0.143995521119571E+003
  0.159952294698520E+001  0.759555818497072E+000  0.825038994524366E-001  0.499117188063472E+000 -0.131028262406404E+000 -0.143995610091256E+003 -0.143995610091256E+003
  0.154236101549688E+001  0.795218493297918E+000  0.614842027532146E+000  0.499930537006757E+000 -0.131028262406404E+000 -0.143994927209497E+003 -0.143994927209497E+003
  0.158973798077543E+001  0.763534773422330E+000  0.904950131973370E+000  0.498973677891589E+000 -0.131028262406404E+000 -0.143995170358816E+003 -0.143995170358816E+003
  0.156647380887984E+001  0.776285380830986E+000  0.838468844060340E+000  0.499014877254584E+000 -0.131028262406404E+000 -0.143994767172414E+003 -0.143994767172414E+003
  0.155831432359868E+001  0.771866630546249E+000  0.251471467940535E+000  0.499607802063632E+000 -0.131028262406404E+000 -0.143994411120554E+003 -0.143994411120554E+003
  0.159091919199966E+001  0.767700405660324E+000  0.245491006356776E+000  0.499346472925815E+000 -0.131028262406404E+000 -0.143995105908540E+003 -0.143995105908540E+003
  0.155596811128484E+001  0.793937497525655E+000  0.447536412798963E+000  0.498734613774045E+000 -0.131028262406404E+000 -0.143995741504631E+003 -0.143995741504631E+003
  0.156637602983433E+001  0.790394797734110E+000  0.716164501864664E+000  0.498609236326900E+000 -0.131028262406404E+000 -0.143995752018702E+003 -0.143995752018702E+003
  0.157014432362884E+001  0.773000807365747E+000  0.138170178400102E+000  0.499504923849462E+000 -0.131028262406404E+000 -0.143994352965239E+003 -0.143994352965239E+003
  0.158156906466354E+001  0.777857261044474E+000  0.641474336161904E+000  0.498920538598637E+000 -0.131028262406404E+000 -0.143995306006918E+003 -0.143995306006918E+003
  0.159194301820354E+001  0.767111394442514E+000  0.887170954908463E-001  0.498601872229444E+000 -0.131028262406404E+000 -0.143995625591349E+003 -0.143995625591349E+003
  0.159761281596748E+001  0.759457883839205E+000  0.697440443360804E+000  0.499768927106188E+000 -0.131028262406404E+000 -0.143995096690300E+003 -0.143995096690300E+003
  0.158567711246225E+001  0.748742899031485E+000  0.594540301738442E+000  0.499266981331992E+000 -0.131028262406404E+000 -0.143995146778586E+003 -0.143995146778586E+003
  0.157575553774418E+001  0.779965957853902E+000  0.966903145415072E+000  0.499359635055088E+000 -0.131028262406404E+000 -0.143994825044970E+003 -0.143994825044970E+003
  0.158392485602817E+001  0.763285450634140E+000  0.126332302035084E+000  0.498174018325724E+000 -0.131028262406404E+000 -0.143995489861588E+003 -0.143995489861588E+003
  0.154552977249705E+001  0.780809956868800E+000  0.914462947958919E+000  0.499501754459818E+000 -0.131028262406404E+000 -0.143994943687605E+003 -0.143994943687605E+003
  0.155660161041696E+001  0.770996816134880E+000  0.470343233831913E+000  0.498970384022525E+000 -0.131028262406404E+000 -0.143995032900910E+003 -0.143995032900910E+003
  0.157555725712732E+001  0.768836811866497E+000  0.144769545114709E+000  0.499162287265630E+000 -0.131028262406404E+000 -0.143994638595478E+003 -0.143994638595478E+003
  0.157500101537607E+001  0.780714602372239E+000  0.435582862146431E+000  0.499397276530202E+000 -0.131028262406404E+000 -0.143994805492417E+003 -0.143994805492417E+003
  0.160084903764429E+001  0.769915083991072E+000  0.139758640593313E+000  0.499558439766762E+000 -0.131028262406404E+000 -0.143995925610575E+003 -0.143995925610575E+003
  0.157691350268603E+001  0.776346992044178E+000  0.966697356200508E+000  0.499669069728630E+000 -0.131028262406404E+000 -0.143994479487177E+003 -0.143994479487177E+003
  0.156870830046289E+001  0.766308565832372E+000  0.354045325764729E-001  0.498028742952096E+000 -0.131028262406404E+000 -0.143995534008480E+003 -0.143995534008480E+003
  0.157286553231917E+001  0.751264133881379E+000  0.928221392948125E-001  0.499463384024037E+000 -0.131028262406404E+000 -0.143995004300485E+003 -0.143995004300485E+003
  0.157328338983383E+001  0.753179946975573E+000  0.114227503206772E+000  0.497982932129812E+000 -0.131028262406404E+000 -0.143995957494001E+003 -0.143995957494001E+003
  0.157114039867817E+001  0.766807909679628E+000  0.778022710503429E+000  0.497472298130440E+000 -0.131028262406404E+000 -0.143995933163510E+003 -0.143995933163510E+003
  0.156416414523784E+001  0.780381951553328E+000  0.673575793514515E+000  0.498294853129920E+000 -0.131028262406404E+000 -0.143995458542891E+003 -0.143995458542891E+003
  0.157425156788112E+001  0.773713251158126E+000  0.563562784880794E-002  0.497582207933680E+000 -0.131028262406404E+000 -0.143995900890875E+003 -0.143995900890875E+003
  0.156693224260443E+001  0.766428806510771E+000  0.362514706926694E-001  0.499598515138314E+000 -0.131028262406404E+000 -0.143994326696114E+003 -0.143994326696114E+003
  0.158821681014731E+001  0.743398201038548E+000  0.637996313571534E+000  0.499685483773196E+000 -0.131028262406404E+000 -0.143995229028845E+003 -0.143995229028845E+003
  0.153149429950579E+001  0.791470444176166E+000  0.419752949636844E+000  0.499508237841106E+000 -0.131028262406404E+000 -0.143995877553775E+003 -0.143995877553775E+003
  0.157411421865293E+001  0.783946366300933E+000  0.424380253988246E+000  0.498929906206621E+000 -0.131028262406404E+000 -0.143995314323821E+003 -0.143995314323821E+003
  0.159707423499638E+001  0.748099837988304E+000  0.385028886159861E+000  0.498742680074603E+000 -0.131028262406404E+000 -0.143995745314976E+003 -0.143995745314976E+003
  0.158690276622913E+001  0.785127649383378E+000  0.235151487785659E+000  0.499563277475893E+000 -0.131028262406404E+000 -0.143995805356318E+003 -0.143995805356318E+003
  0.159079226810086E+001  0.760969071783619E+000  0.645861658398744E-002  0.499350779851655E+000 -0.131028262406404E+000 -0.143994952961250E+003 -0.143994952961250E+003
  0.157103290990329E+001  0.764847173202238E+000  0.103289715201141E+000  0.499686970507892E+000 -0.131028262406404E+000 -0.143994252565541E+003 -0.143994252565541E+003
  0.160163690549559E+001  0.744288128424087E+000  0.266496409022476E+000  0.498953636145902E+000 -0.131028262406404E+000 -0.143995943747357E+003 -0.143995943747357E+003
  0.156219693162055E+001  0.780371735049410E+000  0.418925435190362E+000  0.499013862579518E+000 -0.131028262406404E+000 -0.143994863526497E+003 -0.143994863526497E+003
  0.154654492071784E+001  0.782214572983124E+000  0.996255795297212E+000  0.498676860944450E+000 -0.131028262406404E+000 -0.143995650167001E+003 -0.143995650167001E+003
  0.156732012040433E+001  0.798156967136095E+000  0.217730812702396E+000  0.499310757616770E+000 -0.131028262406404E+000 -0.143995925186464E+003 -0.143995925186464E+003
  0.155328320647915E+001  0.774369166801739E+000  0.756735332771863E+000  0.498066726665694E+000 -0.131028262406404E+000 -0.143995917138296E+003 -0.143995917138296E+003
  0.157373000163610E+001  0.756454543541305E+000  0.370975413019020E+000  0.499802161214440E+000 -0.131028262406404E+000 -0.143994432976245E+003 -0.143994432976245E+003
  0.157565467066689E+001  0.777698868274679E+000  0.847842565991859E+000  0.499713285716094E+000 -0.131028262406404E+000 -0.143994453549610E+003 -0.143994453549610E+003
  0.159632997673590E+001  0.771015469863260E+000  0.852496430385586E+000  0.499231451956558E+000 -0.131028262406404E+000 -0.143995751911089E+003 -0.143995751911089E+003
  0.154504634555193E+001  0.761823523857627E+000  0.132143395449853E+000  0.499753986622681E+000 -0.131028262406404E+000 -0.143995662247198E+003 -0.143995662247198E+003
  0.155185091712606E+001  0.771512099172983E+000  0.662721785896981E+000  0.499259685829301E+000 -0.131028262406404E+000 -0.143995002501727E+003 -0.143995002501727E+003
  0.157990689082688E+001  0.774349761747585E+000  0.295621299060029E+000  0.499720368403376E+000 -0.131028262406404E+000 -0.143994492658462E+003 -0.143994492658462E+003
  0.156695179589846E+001  0.785336548520905E+000  0.838214513790877E+000  0.499941132739463E+000 -0.131028262406404E+000 -0.143994362251962E+003 -0.143994362251962E+003
  0.157808483230401E+001  0.753474137123732E+000  0.227023153162554E+000  0.499403682726152E+000 -0.131028262406404E+000 -0.143994815995841E+003 -0.143994815995841E+003
  0.157644238639638E+001  0.742235701920862E+000  0.292178457677776E+000  0.499315783762393E+000 -0.131028262406404E+000 -0.143995760083154E+003 -0.143995760083154E+003
  0.156197808054744E+001  0.777028411298431E+000  0.532227708228556E+000  0.498899521692640E+000 -0.131028262406404E+000 -0.143994900227001E+003 -0.143994900227001E+003
  0.157757862628075E+001  0.765539248094746E+000  0.266471770819043E+000  0.498853563537236E+000 -0.131028262406404E+000 -0.143994885742052E+003 -0.143994885742052E+003
  0.157725691578810E+001  0.759140163672932E+000  0.539945487439569E-001  0.497924878622349E+000 -0.131028262406404E+000 -0.143995660791236E+003 -0.143995660791236E+003
  0.154758715474919E+001  0.766076221986997E+000  0.344034668341781E+000  0.499270182780202E+000 -0.131028262406404E+000 -0.143995549425455E+003 -0.143995549425455E+003
  0.158224832933884E+001  0.773264889571065E+000  0.914745281607975E+000  0.498845129540016E+000 -0.131028262406404E+000 -0.143995172435789E+003 -0.143995172435789E+003
  0.155539012183267E+001  0.793546869009022E+000  0.417923898966862E+000  0.498993880843343E+000 -0.131028262406404E+000 -0.143995483535462E+003 -0.143995483535462E+003
  0.158478444486731E+001  0.771143507384659E+000  0.172359886226490E+000  0.497982606825608E+000 -0.131028262406404E+000 -0.143995813866020E+003 -0.143995813866020E+003
  0.157408319201714E+001  0.764977599801716E+000  0.863984432571373E+000  0.498956504124948E+000 -0.131028262406404E+000 -0.143994788804351E+003 -0.143994788804351E+003
  0.158735484865822E+001  0.760645632568792E+000  0.908801459841859E+000  0.497861234380148E+000 -0.131028262406404E+000 -0.143995792781033E+003 -0.143995792781033E+003
  0.160533611137834E+001  0.757459559629160E+000  0.149701226855390E+000  0.499341590383062E+000 -0.131028262406404E+000 -0.143995909998570E+003 -0.143995909998570E+003
  0.154380608150640E+001  0.799565752201342E+000  0.942175383636759E+000  0.499307939631901E+000 -0.131028262406404E+000 -0.143995713139588E+003 -0.143995713139588E+003
  0.157140108917763E+001  0.773684258817957E+000  0.647107578117430E+000  0.498191643984282E+000 -0.131028262406404E+000 -0.143995393502918E+003 -0.143995393502918E+003
  0.155828828233939E+001  0.790335992344599E+000  0.397311529726155E+000  0.498436951245239E+000 -0.131028262406404E+000 -0.143995782357920E+003 -0.143995782357920E+003
  0.156332431463954E+001  0.783164164624493E+000  0.686724459597530E+000  0.499472600808584E+000 -0.131028262406404E+000 -0.143994574390835E+003 -0.143994574390835E+003
  0.156727776944950E+001  0.773552268953513E+000  0.684250867770792E+000  0.498410340652753E+000 -0.131028262406404E+000 -0.143995216203636E+003 -0.143995216203636E+003
  0.157783520723027E+001  0.789026707313543E+000  0.750017487724027E+000  0.498906469706874E+000 -0.131028262406404E+000 -0.143995936342143E+003 -0.143995936342143E+003
  0.159373655818120E+001  0.755236783448270E+000  0.527836455496128E+000  0.498450916104537E+000 -0.131028262406404E+000 -0.143995650930221E+003 -0.143995650930221E+003
  0.155851760284525E+001  0.756724064988789E+000  0.994840087173761E+000  0.499603373153272E+000 -0.131028262406404E+000 -0.143995146807751E+003 -0.143995146807751E+003
  0.159858187363291E+001  0.746478895268557E+000  0.546344532088426E+000  0.499500189069260E+000 -0.131028262406404E+000 -0.143995428108699E+003 -0.143995428108699E+003
  0.159921415167924E+001  0.772963514685705E+000  0.780102245052877E-001  0.499806956819791E+000 -0.131028262406404E+000 -0.143995825868602E+003 -0.143995825868602E+003
  0.154518689940270E+001  0.769345020650826E+000  0.152325524734493E+000  0.499826570905030E+000 -0.131028262406404E+000 -0.143995044577126E+003 -0.143995044577126E+003
  0.156716813369724E+001  0.785067918546846E+000  0.928901802164346E+000  0.498090615506008E+000 -0.131028262406404E+000 -0.143995851140850E+003 -0.143995851140850E+003
  0.156405483762321E+001  0.762052335500550E+000  0.122797741774416E+000  0.498933210628750E+000 -0.131028262406404E+000 -0.143995074538586E+003 -0.143995074538586E+003
  0.155418170047230E+001  0.800132542695116E+000  0.137914196315956E+000  0.499885904303269E+000 -0.131028262406404E+000 -0.143995181116371E+003 -0.143995181116371E+003
  0.159533559514374E+001  0.759496853480336E+000  0.481418739773101E+000  0.499529980630786E+000 -0.131028262406404E+000 -0.143995084276400E+003 -0.143995084276400E+003
  0.158631744444551E+001  0.742291308140987E+000  0.114347741785803E-002  0.499820119899050E+000 -0.131028262406404E+000 -0.143995227127298E+003 -0.143995227127298E+003
  0.157665682500393E+001  0.749987664326667E+000  0.114654136111212E-001  0.498486057880103E+000 -0.131028262406404E+000 -0.143995691672519E+003 -0.143995691672519E+003
  0.154471745959652E+001  0.797315669986936E+000  0.292962472864925E+000  0.499257124499340E+000 -0.131028262406404E+000 -0.143995603248336E+003 -0.143995603248336E+003
  0.158116697122707E+001  0.771852296131021E+000  0.570283057602190E+000  0.498333253158088E+000 -0.131028262406404E+000 -0.143995444360816E+003 -0.143995444360816E+003
  0.155888431024258E+001  0.804563452945305E+000  0.590409250062683E+000  0.499911253655965E+000 -0.131028262406404E+000 -0.143995744337065E+003 -0.143995744337065E+003
  0.155515321929677E+001  0.767930200764345E+000  0.287582614860898E+000  0.499631149171936E+000 -0.131028262406404E+000 -0.143994639050088E+003 -0.143994639050088E+003
  0.157082625479677E+001  0.752645374993185E+000  0.267345936674258E+000  0.499022769244583E+000 -0.131028262406404E+000 -0.143995295470398E+003 -0.143995295470398E+003
  0.158241218448942E+001  0.748524275127635E+000  0.761050569235322E+000  0.499969832447533E+000 -0.131028262406404E+000 -0.143994698818388E+003 -0.143994698818388E+003
  0.157766330154363E+001  0.775681167115907E+000  0.552415383068305E+000  0.498990636267137E+000 -0.131028262406404E+000 -0.143994975877290E+003 -0.143994975877290E+003
  0.155711438276754E+001  0.794463915195241E+000  0.537838092726439E+000  0.499138283584707E+000 -0.131028262406404E+000 -0.143995426204561E+003 -0.143995426204561E+003
  0.157909685868576E+001  0.771824930734268E+000  0.744064612012931E+000  0.497803266874845E+000 -0.131028262406404E+000 -0.143995771089535E+003 -0.143995771089535E+003
  0.159814067560979E+001  0.744898793816731E+000  0.495065401321277E+000  0.499820123728935E+000 -0.131028262406404E+000 -0.143995294231080E+003 -0.143995294231080E+003
  0.155797799948679E+001  0.790273263014362E+000  0.390254320746511E+000  0.499056486569219E+000 -0.131028262406404E+000 -0.143995234844807E+003 -0.143995234844807E+003
  0.160315410700226E+001  0.741605837569107E+000  0.677572991718502E+000  0.499301779202710E+000 -0.131028262406404E+000 -0.143995935256988E+003 -0.143995935256988E+003
  0.153472427205481E+001  0.804170180229007E+000  0.278254997102216E+000  0.499867698819439E+000 -0.131028262406404E+000 -0.143995750324705E+003 -0.143995750324705E+003
  0.160519262654295E+001  0.745395243236632E+000  0.427338135528682E+000  0.499779050351731E+000 -0.131028262406404E+000 -0.143995671244627E+003 -0.143995671244627E+003
  0.159944260343184E+001  0.748388101596428E+000  0.670429286854495E+000  0.499256852698882E+000 -0.131028262406404E+000 -0.143995546790892E+003 -0.143995546790892E+003
  0.159427685520312E+001  0.769996647096926E+000  0.649068743102863E+000  0.498924668564557E+000 -0.131028262406404E+000 -0.143995711488287E+003 -0.143995711488287E+003
  0.158918553562889E+001  0.747856684010022E+000  0.343492170702319E+000  0.498944110646820E+000 -0.131028262406404E+000 -0.143995430806006E+003 -0.143995430806006E+003
  0.159304729179810E+001  0.742473874518532E+000  0.425256347677444E+000  0.499574379896737E+000 -0.131028262406404E+000 -0.143995411888933E+003 -0.143995411888933E+003
  0.160450823162946E+001  0.746022590294229E+000  0.905247946521904E+000  0.499752245008611E+000 -0.131028262406404E+000 -0.143995625674860E+003 -0.143995625674860E+003
  0.159647410449069E+001  0.761623758357288E+000  0.549054057504696E+000  0.498556516321547E+000 -0.131028262406404E+000 -0.143995778327733E+003 -0.143995778327733E+003
  0.156683971267560E+001  0.765434622512249E+000  0.971743655904190E+000  0.498102888177106E+000 -0.131028262406404E+000 -0.143995535164338E+003 -0.143995535164338E+003
  0.157886047095725E+001  0.765260603479776E+000  0.531000942860884E-001  0.498635123176723E+000 -0.131028262406404E+000 -0.143995062617158E+003 -0.143995062617158E+003
  0.156302471801203E+001  0.797778741585614E+000  0.433554818687469E+000  0.499673200497161E+000 -0.131028262406404E+000 -0.143995390903860E+003 -0.143995390903860E+003
  0.155193358401599E+001  0.785761189532077E+000  0.973889529638769E+000  0.498760855206594E+000 -0.131028262406404E+000 -0.143995392762780E+003 -0.143995392762780E+003
  0.156331081212430E+001  0.772559351801082E+000  0.850203934682288E-001  0.497677715212726E+000 -0.131028262406404E+000 -0.143995883951134E+003 -0.143995883951134E+003
  0.159416040874050E+001  0.739495376401765E+000  0.918207516045645E-001  0.499658792938871E+000 -0.131028262406404E+000 -0.143995585188816E+003 -0.143995585188816E+003
  0.155555507619358E+001  0.780835730805801E+000  0.406097910815168E+000  0.498119601660996E+000 -0.131028262406404E+000 -0.143995765649222E+003 -0.143995765649222E+003
  0.156640014881171E+001  0.758079024580246E+000  0.157858964107097E+000  0.498792663954910E+000 -0.131028262406404E+000 -0.143995296548186E+003 -0.143995296548186E+003
  0.157464467882653E+001  0.762923490689067E+000  0.560385117682692E-001  0.498601151325277E+000 -0.131028262406404E+000 -0.143995084379688E+003 -0.143995084379688E+003
  0.158930571492746E+001  0.754134028911842E+000  0.263043657660975E+000  0.498233944653736E+000 -0.131028262406404E+000 -0.143995664713600E+003 -0.143995664713600E+003
  0.155231175001495E+001  0.768926086773251E+000  0.375882732497054E+000  0.498312620387379E+000 -0.131028262406404E+000 -0.143995911002255E+003 -0.143995911002255E+003
  0.156324854067157E+001  0.759253937431523E+000  0.984760600635201E+000  0.498747168116585E+000 -0.131028262406404E+000 -0.143995402834932E+003 -0.143995402834932E+003
  0.158188934943766E+001  0.767655106153164E+000  0.678215184728614E+000  0.499406799355716E+000 -0.131028262406404E+000 -0.143994613210023E+003 -0.143994613210023E+003
  0.154541789473231E+001  0.790342382959279E+000  0.846273030844405E+000  0.499345973891638E+000 -0.131028262406404E+000 -0.143995194493723E+003 -0.143995194493723E+003
  0.157093044648744E+001  0.779156944031040E+000  0.208493132748458E+000  0.497946581992801E+000 -0.131028262406404E+000 -0.143995744253706E+003 -0.143995744253706E+003
  0.155386515588997E+001  0.753278577471217E+000  0.277213811062814E+000  0.499931748035450E+000 -0.131028262406404E+000 -0.143995535433435E+003 -0.143995535433435E+003
  0.158621713943561E+001  0.750134958150886E+000  0.579974100363686E+000  0.498098988650602E+000 -0.131028262406404E+000 -0.143995847758861E+003 -0.143995847758861E+003
  0.156507946432961E+001  0.758014075989344E+000  0.739966034973906E+000  0.498856324392730E+000 -0.131028262406404E+000 -0.143995305005191E+003 -0.143995305005191E+003
  0.157286347648968E+001  0.764921591368289E+000  0.657109019090149E+000  0.498235711477712E+000 -0.131028262406404E+000 -0.143995338143681E+003 -0.143995338143681E+003
  0.153626585979522E+001  0.787721495281599E+000  0.417534140939040E+000  0.499857036709066E+000 -0.131028262406404E+000 -0.143995158552082E+003 -0.143995158552082E+003
  0.156149252435357E+001  0.771181994259086E+000  0.332379438941921E-001  0.498604598989563E+000 -0.131028262406404E+000 -0.143995162744309E+003 -0.143995162744309E+003
  0.157934070393873E+001  0.781714848892863E+000  0.372146148503562E+000  0.498837201645178E+000 -0.131028262406404E+000 -0.143995486301101E+003 -0.143995486301101E+003
  0.154638216600821E+001  0.791338378410825E+000  0.556467504888858E-001  0.499405411760215E+000 -0.131028262406404E+000 -0.143995138091572E+003 -0.143995138091572E+003
  0.159130274923182E+001  0.775072788331660E+000  0.947866610227874E+000  0.499354434784723E+000 -0.131028262406404E+000 -0.143995502069056E+003 -0.143995502069056E+003
  0.156668572445545E+001  0.767219239803621E+000  0.648149571010202E+000  0.499908964615608E+000 -0.131028262406404E+000 -0.143994074012484E+003 -0.143994074012484E+003
  0.157833347788918E+001  0.748044437835562E+000  0.382526257928596E+000  0.499728355679556E+000 -0.131028262406404E+000 -0.143994926475525E+003 -0.143994926475525E+003
  0.157726799777037E+001  0.783795090657409E+000  0.532104181500039E+000  0.499067500279573E+000 -0.131028262406404E+000 -0.143995349876439E+003 -0.143995349876439E+003
  0.158814008322999E+001  0.761510610516308E+000  0.466863715452396E-001  0.499049637081529E+000 -0.131028262406404E+000 -0.143995029215896E+003 -0.143995029215896E+003
  0.157300069794237E+001  0.750231782769513E+000  0.334980142515058E+000  0.499968594869502E+000 -0.131028262406404E+000 -0.143994716564531E+003 -0.143994716564531E+003
  0.153526735852002E+001  0.788470160400061E+000  0.820028356678224E+000  0.499525233496730E+000 -0.131028262406404E+000 -0.143995558741547E+003 -0.143995558741547E+003
  0.156756974623491E+001  0.748856267907825E+000  0.761606342178620E+000  0.499935382845596E+000 -0.131028262406404E+000 -0.143995063191826E+003 -0.143995063191826E+003
  0.157759403064303E+001  0.743129800278891E+000  0.667235184099849E+000  0.499290702752640E+000 -0.131028262406404E+000 -0.143995650630254E+003 -0.143995650630254E+003
  0.158490753032150E+001  0.757654757615088E+000  0.210033431393666E+000  0.499659628162866E+000 -0.131028262406404E+000 -0.143994556357358E+003 -0.143994556357358E+003
  0.160513680345678E+001  0.746862257091853E+000  0.824646255618377E-001  0.499300800812603E+000 -0.131028262406404E+000 -0.143995880928439E+003 -0.143995880928439E+003
  0.156248750716618E+001  0.790360721723701E+000  0.963964504135738E+000  0.498660306458423E+000 -0.131028262406404E+000 -0.143995622122846E+003 -0.143995622122846E+003
  0.154780341167956E+001  0.803127936485501E+000  0.893355915587848E+000  0.499908117685582E+000 -0.131028262406404E+000 -0.143995367959144E+003 -0.143995367959144E+003
  0.155884898143412E+001  0.763259469390530E+000  0.981935134603278E+000  0.498702423796081E+000 -0.131028262406404E+000 -0.143995444155514E+003 -0.143995444155514E+003
  0.156553090627207E+001  0.778988025384097E+000  0.828785555565044E+000  0.499577627238212E+000 -0.131028262406404E+000 -0.143994371558304E+003 -0.143994371558304E+003
  0.157968700712293E+001  0.749380293728919E+000  0.355040592074991E+000  0.498210512895694E+000 -0.131028262406404E+000 -0.143995860612567E+003 -0.143995860612567E+003
  0.159061767581037E+001  0.778893379763388E+000  0.708100597830386E+000  0.499856417559355E+000 -0.131028262406404E+000 -0.143995401330487E+003 -0.143995401330487E+003
  0.156938197205159E+001  0.760817106198008E+000  0.931283060518293E+000  0.499622862938655E+000 -0.131028262406404E+000 -0.143994440765376E+003 -0.143994440765376E+003
  0.156423334784563E+001  0.763640212793233E+000  0.697151235387082E+000  0.499006982141830E+000 -0.131028262406404E+000 -0.143994942645488E+003 -0.143994942645488E+003
  0.159730734130250E+001  0.745432871544755E+000  0.400729034745610E+000  0.499655116820051E+000 -0.131028262406404E+000 -0.143995329654553E+003 -0.143995329654553E+003
  0.154562218257519E+001  0.795618446580609E+000  0.230171931090397E+000  0.499224082334528E+000 -0.131028262406404E+000 -0.143995518793484E+003 -0.143995518793484E+003
  0.153923951683920E+001  0.791930119898550E+000  0.539373298826909E+000  0.499806105509092E+000 -0.131028262406404E+000 -0.143995073296346E+003 -0.143995073296346E+003
