  0.150451511021490E+001  0.117034087910509E+001  0.619564429709285E+000  0.489611848147730E+000 -0.131028262406404E+000 -0.139259024875226E+003 -0.139259024875226E+003 -0.139259072619297E+003
  0.149762484393620E+001  0.117088215157982E+001  0.308196787344216E+000  0.493086684597898E+000 -0.131028262406404E+000 -0.139259003813980E+003 -0.139259003813980E+003 -0.139259062780537E+003
  0.153373865775744E+001  0.115852009601729E+001  0.836589278958279E+000  0.482491939637630E+000 -0.131028262406404E+000 -0.139258971122664E+003 -0.139258971122664E+003 -0.139259112268974E+003
  0.150847789703726E+001  0.116913753123062E+001  0.229565478550284E+000  0.493728657761320E+000 -0.131028262406404E+000 -0.139258988757749E+003 -0.139258988757749E+003 -0.139259123368344E+003
  0.150099200199788E+001  0.116682511665168E+001  0.526112237779537E+000  0.493122774646553E+000 -0.131028262406404E+000 -0.139258955038466E+003 -0.139258955038466E+003 -0.139259397934942E+003
  0.152230458008042E+001  0.116921787500384E+001  0.484297536936951E+000  0.487754159126153E+000 -0.131028262406404E+000 -0.139259025034921E+003 -0.139259025034921E+003 -0.139259157238690E+003
  0.151755488444624E+001  0.116947649680829E+001  0.445963450720578E+000  0.488404146108567E+000 -0.131028262406404E+000 -0.139258950581648E+003 -0.139258950581648E+003 -0.139259103089310E+003
  0.153009232278312E+001  0.114896997439789E+001  0.186061643430691E+000  0.485478005039389E+000 -0.131028262406404E+000 -0.139259021685072E+003 -0.139259021685072E+003 -0.139265358606422E+003
  0.154117559539394E+001  0.115268228417258E+001  0.888158415160115E+000  0.480127058178972E+000 -0.131028262406404E+000 -0.139259020135754E+003 -0.139259020135754E+003 -0.139259083170154E+003
  0.152382631949184E+001  0.115547176262960E+001  0.792497084531952E+000  0.486972660963706E+000 -0.131028262406404E+000 -0.139258907944705E+003 -0.139258907944705E+003 -0.139259048064885E+003
  0.153549255671738E+001  0.114789818194233E+001  0.853876794238445E+000  0.483296617231797E+000 -0.131028262406404E+000 -0.139259007186713E+003 -0.139259007186713E+003 -0.139259094408829E+003
  0.150335659104120E+001  0.116054221822119E+001  0.184298233749624E+000  0.492969774859198E+000 -0.131028262406404E+000 -0.139259040185966E+003 -0.139259040185966E+003 -0.139259152748206E+003
  0.152921744009081E+001  0.114787012511161E+001  0.780948063929685E-001  0.484291639512461E+000 -0.131028262406404E+000 -0.139258993429894E+003 -0.139258993429894E+003 -0.139259325529675E+003
  0.149710460571665E+001  0.117474860996216E+001  0.898641693871505E+000  0.495422581249886E+000 -0.131028262406404E+000 -0.139258989336407E+003 -0.139258989336407E+003 -0.139259081400140E+003
  0.152846984958821E+001  0.116319480636796E+001  0.479605994641954E-001  0.483531916052092E+000 -0.131028262406404E+000 -0.139258989566182E+003 -0.139258989566182E+003 -0.139259088484334E+003
  0.150654295590681E+001  0.115911480214283E+001  0.166038996074562E+000  0.490187675442680E+000 -0.131028262406404E+000 -0.139259012168420E+003 -0.139259012168420E+003 -0.139259186894592E+003
  0.150139907878360E+001  0.117427174796657E+001  0.973099442735783E+000  0.492333483648909E+000 -0.131028262406404E+000 -0.139258983472255E+003 -0.139258983472255E+003 -0.139259169315991E+003
  0.150244979681083E+001  0.117174834486810E+001  0.585154788321006E+000  0.494568933884689E+000 -0.131028262406404E+000 -0.139258958967364E+003 -0.139258958967364E+003 -0.139259530036680E+003
  0.150986127806416E+001  0.116251312534745E+001  0.241511708849294E+000  0.488597278539581E+000 -0.131028262406404E+000 -0.139258933244871E+003 -0.139258933244871E+003 -0.139259171802235E+003
  0.150429433327665E+001  0.116119513022001E+001  0.543068927849759E-001  0.492897214743933E+000 -0.131028262406404E+000 -0.139259008850672E+003 -0.139259008850672E+003 -0.139259079619995E+003
  0.153194888972295E+001  0.115442185427343E+001  0.687456222766935E+000  0.485298021998626E+000 -0.131028262406404E+000 -0.139258978132730E+003 -0.139258978132730E+003 -0.139259046901287E+003
  0.150328740899761E+001  0.117645897291510E+001  0.711600147225069E+000  0.491985936776996E+000 -0.131028262406404E+000 -0.139259021210139E+003 -0.139259021210139E+003 -0.139259114293443E+003
  0.152841653093732E+001  0.114670409632391E+001  0.785962412245163E+000  0.483919038488165E+000 -0.131028262406404E+000 -0.139259023489123E+003 -0.139259023489123E+003 -0.139259699779100E+003
  0.150178741857567E+001  0.116648282660476E+001  0.507308080602308E+000  0.494094213948068E+000 -0.131028262406404E+000 -0.139258964013948E+003 -0.139258964013948E+003 -0.139259215629908E+003
  0.151371249818326E+001  0.116061542607491E+001  0.906600744250374E+000  0.486131882733889E+000 -0.131028262406404E+000 -0.139258999625163E+003 -0.139258999625163E+003 -0.139259053773970E+003
  0.150524880491073E+001  0.116954422039730E+001  0.972027227320685E-001  0.490290258385204E+000 -0.131028262406404E+000 -0.139258953667796E+003 -0.139258953667796E+003 -0.139259167937656E+003
  0.152738714430064E+001  0.115250027630551E+001  0.853504253630360E+000  0.481661628577986E+000 -0.131028262406404E+000 -0.139259025543502E+003 -0.139259025543502E+003 -0.139259268199080E+003
  0.152314437505098E+001  0.116169907758250E+001  0.733228936935659E+000  0.486776598046214E+000 -0.131028262406404E+000 -0.139258883373877E+003 -0.139258883373877E+003 -0.139261234593024E+003
  0.152896636174043E+001  0.115890457073193E+001  0.670364170945731E+000  0.484881185987760E+000 -0.131028262406404E+000 -0.139258911783515E+003 -0.139258911783515E+003 -0.139259201556508E+003
  0.151591440738119E+001  0.116911863933628E+001  0.249716165499144E+000  0.490668591263849E+000 -0.131028262406404E+000 -0.139258970725643E+003 -0.139258970725643E+003 -0.139260262204729E+003
  0.153180941103260E+001  0.116105713386115E+001  0.644391795239082E-003  0.482883571081271E+000 -0.131028262406404E+000 -0.139258989276186E+003 -0.139258989276186E+003 -0.139259310608850E+003
  0.151769713598368E+001  0.116469328869054E+001  0.817423558059326E-001  0.489792990901120E+000 -0.131028262406404E+000 -0.139258915390642E+003 -0.139258915390642E+003 -0.139259074188635E+003
  0.151674532904006E+001  0.115733415989263E+001  0.750807090850722E+000  0.488034208750422E+000 -0.131028262406404E+000 -0.139258895426577E+003 -0.139258895426577E+003 -0.139259154007231E+003
  0.153254747815462E+001  0.115529099308063E+001  0.266953734260493E+000  0.485428049447489E+000 -0.131028262406404E+000 -0.139259002291766E+003 -0.139259002291766E+003 -0.139259656687819E+003
  0.150980127454467E+001  0.117076474639201E+001  0.694612014881929E+000  0.491626672498278E+000 -0.131028262406404E+000 -0.139258922885714E+003 -0.139258922885714E+003 -0.139259067727274E+003
  0.150254726879658E+001  0.116821404459865E+001  0.409622467781522E+000  0.493434696260178E+000 -0.131028262406404E+000 -0.139258928710311E+003 -0.139258928710311E+003 -0.139259051694145E+003
  0.154063145787582E+001  0.115390202457140E+001  0.920474013473016E+000  0.479701206074915E+000 -0.131028262406404E+000 -0.139259035837616E+003 -0.139259035837616E+003 -0.139259122723959E+003
  0.150338661544177E+001  0.116436455940909E+001  0.248473314991340E+000  0.493927901093804E+000 -0.131028262406404E+000 -0.139258984606545E+003 -0.139258984606545E+003 -0.139259338867431E+003
  0.151078874866112E+001  0.117213478388146E+001  0.438429115798018E-001  0.488659546688212E+000 -0.131028262406404E+000 -0.139259000811311E+003 -0.139259000811311E+003 -0.139259387049173E+003
  0.153957359196103E+001  0.115373147755166E+001  0.405231178746460E+000  0.481341919815506E+000 -0.131028262406404E+000 -0.139259005348117E+003 -0.139259005348117E+003 -0.139259062005487E+003
  0.151891286556089E+001  0.116902081277918E+001  0.437899531635596E+000  0.489890653556179E+000 -0.131028262406404E+000 -0.139259010129634E+003 -0.139259010129634E+003 -0.139259617160579E+003
  0.149887590973495E+001  0.116574736073687E+001  0.222635083634603E-001  0.492891137110051E+000 -0.131028262406404E+000 -0.139259019817095E+003 -0.139259019817095E+003 -0.139259115208321E+003
  0.151671502692502E+001  0.115587292631798E+001  0.694205638376159E+000  0.486573203422763E+000 -0.131028262406404E+000 -0.139258943271398E+003 -0.139258943271398E+003 -0.139259218838480E+003
  0.150837253089903E+001  0.117107042920317E+001  0.291651864568535E-001  0.491399099682365E+000 -0.131028262406404E+000 -0.139258914640585E+003 -0.139258914640585E+003 -0.139259340836570E+003
  0.153295160796927E+001  0.115551044410379E+001  0.628954769524459E+000  0.485676720062485E+000 -0.131028262406404E+000 -0.139259034189774E+003 -0.139259034189774E+003 -0.139259088356718E+003
  0.152408326732023E+001  0.116154128567254E+001  0.288181232007981E+000  0.482748661489307E+000 -0.131028262406404E+000 -0.139259038540365E+003 -0.139259038540365E+003 -0.139259128926930E+003
  0.151002440825322E+001  0.115770805194420E+001  0.523867624820737E+000  0.490201019820326E+000 -0.131028262406404E+000 -0.139258973716616E+003 -0.139258973716616E+003 -0.139259403829665E+003
  0.152550817818103E+001  0.116060448728606E+001  0.236370311538046E+000  0.487804060638363E+000 -0.131028262406404E+000 -0.139258967919474E+003 -0.139258967919474E+003 -0.139259075917802E+003
  0.153871838169203E+001  0.114973692405725E+001  0.394727439360428E+000  0.481119472853383E+000 -0.131028262406404E+000 -0.139258976755289E+003 -0.139258976755289E+003 -0.139259127650021E+003
  0.151736957505634E+001  0.116028518015752E+001  0.982683235753887E+000  0.488932893261946E+000 -0.131028262406404E+000 -0.139258878107031E+003 -0.139258878107031E+003 -0.139259113899763E+003
  0.151072886859862E+001  0.116445085226365E+001  0.909812831896610E+000  0.489588422122654E+000 -0.131028262406404E+000 -0.139258877458245E+003 -0.139258877458245E+003 -0.139260329175699E+003
  0.150938680118095E+001  0.116256254260020E+001  0.387488389413141E+000  0.492281239635490E+000 -0.131028262406404E+000 -0.139258944427005E+003 -0.139258944427005E+003 -0.139259098774831E+003
  0.151576431779101E+001  0.115945892986418E+001  0.420465340944460E+000  0.485101668134419E+000 -0.131028262406404E+000 -0.139259028331097E+003 -0.139259028331097E+003 -0.139259257367252E+003
  0.151877248167967E+001  0.116145813164835E+001  0.528972154408283E+000  0.489931002084530E+000 -0.131028262406404E+000 -0.139258941723308E+003 -0.139258941723308E+003 -0.139259101645488E+003
  0.150480603515351E+001  0.117015486124476E+001  0.890059551725085E+000  0.495112969882104E+000 -0.131028262406404E+000 -0.139259020396427E+003 -0.139259020396427E+003 -0.139259068792366E+003
  0.150561535674433E+001  0.116644596515204E+001  0.464997101101896E+000  0.491871960743767E+000 -0.131028262406404E+000 -0.139258901834311E+003 -0.139258901834311E+003 -0.139259245416317E+003
  0.152655513798770E+001  0.115111741599483E+001  0.493039552860052E+000  0.482464596722923E+000 -0.131028262406404E+000 -0.139259002203013E+003 -0.139259002203013E+003 -0.139259258713900E+003
  0.152634319034348E+001  0.115497793750434E+001  0.696460049475500E+000  0.483345256774994E+000 -0.131028262406404E+000 -0.139258922747909E+003 -0.139258922747909E+003 -0.139259338359079E+003
  0.152055747136973E+001  0.115430833587829E+001  0.361923964741589E+000  0.485899127699716E+000 -0.131028262406404E+000 -0.139258921126682E+003 -0.139258921126682E+003 -0.139259057385465E+003
  0.153771489094685E+001  0.115243325919345E+001  0.250871908296583E+000  0.481565954780308E+000 -0.131028262406404E+000 -0.139258967140893E+003 -0.139258967140893E+003 -0.139259162428672E+003
  0.151407055831933E+001  0.116340385559445E+001  0.687150978030889E+000  0.489671548988981E+000 -0.131028262406404E+000 -0.139258867048851E+003 -0.139258867048851E+003 -0.139259194805731E+003
  0.151925115645992E+001  0.115958199305353E+001  0.791794782528894E+000  0.488991821947783E+000 -0.131028262406404E+000 -0.139258904244281E+003 -0.139258904244281E+003 -0.139259052265344E+003
  0.153195941205518E+001  0.115627112729928E+001  0.362047416359556E-001  0.483964042812819E+000 -0.131028262406404E+000 -0.139258925827057E+003 -0.139258925827057E+003 -0.139259091435273E+003
  0.149557196619703E+001  0.116833335183894E+001  0.142667154892120E+000  0.495292383610038E+000 -0.131028262406404E+000 -0.139259032624063E+003 -0.139259032624063E+003 -0.139259162467109E+003
  0.151643941559455E+001  0.115244684103412E+001  0.350683689149769E+000  0.488003613855473E+000 -0.131028262406404E+000 -0.139259011212665E+003 -0.139259011212665E+003 -0.139259058144491E+003
  0.151800552467369E+001  0.116321297603522E+001  0.321716666513124E+000  0.486765855755069E+000 -0.131028262406404E+000 -0.139258881836799E+003 -0.139258881836799E+003 -0.139259042079815E+003
  0.150878613993469E+001  0.116969393949608E+001  0.777741469586289E+000  0.491281941910142E+000 -0.131028262406404E+000 -0.139258898500582E+003 -0.139258898500582E+003 -0.139259487360423E+003
  0.152944782268731E+001  0.115367595442590E+001  0.944511402382573E+000  0.486572034698419E+000 -0.131028262406404E+000 -0.139259007130427E+003 -0.139259007130427E+003 -0.139259060434204E+003
  0.150837027252662E+001  0.117417732226774E+001  0.608005368253088E+000  0.491105510891297E+000 -0.131028262406404E+000 -0.139258976156556E+003 -0.139258976156556E+003 -0.139259163528996E+003
  0.153785776033030E+001  0.115581982030580E+001  0.584969833096908E+000  0.481870083280628E+000 -0.131028262406404E+000 -0.139259000382236E+003 -0.139259000382236E+003 -0.139259042694090E+003
  0.154005091304068E+001  0.114538462129134E+001  0.620139426163497E+000  0.479473260340809E+000 -0.131028262406404E+000 -0.139259031460702E+003 -0.139259031460702E+003 -0.139259150629835E+003
  0.153616038698279E+001  0.115074438622682E+001  0.901683258246916E+000  0.482946261765942E+000 -0.131028262406404E+000 -0.139258972781254E+003 -0.139258972781254E+003 -0.139259669420745E+003
  0.150056637510296E+001  0.117584256008563E+001  0.603741514945928E+000  0.494179751968302E+000 -0.131028262406404E+000 -0.139258985065951E+003 -0.139258985065951E+003 -0.139259131963559E+003
  0.150552286563717E+001  0.115998671260203E+001  0.946282995721917E+000  0.492139905929280E+000 -0.131028262406404E+000 -0.139259006204691E+003 -0.139259006204691E+003 -0.139259243108530E+003
  0.151755075648132E+001  0.117120661454830E+001  0.969089912582270E+000  0.488751001295082E+000 -0.131028262406404E+000 -0.139258997195336E+003 -0.139258997195336E+003 -0.139259179480023E+003
  0.150520391473064E+001  0.117325957393317E+001  0.500517301962875E+000  0.492685443956792E+000 -0.131028262406404E+000 -0.139258943401486E+003 -0.139258943401486E+003 -0.139259050126123E+003
  0.152322735499619E+001  0.116010086840596E+001  0.452397135800165E+000  0.488223056731901E+000 -0.131028262406404E+000 -0.139258933584544E+003 -0.139258933584544E+003 -0.139259199448059E+003
  0.152792076909663E+001  0.115599786678780E+001  0.969055962336118E+000  0.485310695543398E+000 -0.131028262406404E+000 -0.139258897275155E+003 -0.139258897275155E+003 -0.139259303424721E+003
  0.151331686940682E+001  0.116773297658058E+001  0.670033051849115E+000  0.490162788616825E+000 -0.131028262406404E+000 -0.139258890488516E+003 -0.139258890488516E+003 -0.139259227592476E+003
  0.151852487343220E+001  0.115950674309833E+001  0.971302620313593E+000  0.490863695814753E+000 -0.131028262406404E+000 -0.139259028495398E+003 -0.139259028495398E+003 -0.139259225337283E+003
  0.151641289067080E+001  0.116250207547132E+001  0.830535569418616E+000  0.487698549533263E+000 -0.131028262406404E+000 -0.139258864970349E+003 -0.139258864970349E+003 -0.139259083341275E+003
  0.153905483518679E+001  0.114763396811354E+001  0.719985729475374E+000  0.481496288147797E+000 -0.131028262406404E+000 -0.139258999753694E+003 -0.139258999753694E+003 -0.139259252935887E+003
  0.151458385639319E+001  0.115478209610123E+001  0.548121276947715E+000  0.488160391543011E+000 -0.131028262406404E+000 -0.139258973899577E+003 -0.139258973899577E+003 -0.139260683776427E+003
  0.151889610446915E+001  0.116368719159594E+001  0.348699786073631E+000  0.490947010530587E+000 -0.131028262406404E+000 -0.139259027615898E+003 -0.139259027615898E+003 -0.139259300074849E+003
  0.153090280580372E+001  0.114878065792181E+001  0.191874365219095E+000  0.485373503959015E+000 -0.131028262406404E+000 -0.139259031950277E+003 -0.139259031950277E+003 -0.139259181385515E+003
  0.152463847686507E+001  0.116055199321693E+001  0.679729766327630E+000  0.487090753031611E+000 -0.131028262406404E+000 -0.139258908060812E+003 -0.139258908060812E+003 -0.139259225027052E+003
  0.152217341629370E+001  0.115631882386064E+001  0.254434949051934E+000  0.487230509469087E+000 -0.131028262406404E+000 -0.139258893602104E+003 -0.139258893602104E+003 -0.139259071739147E+003
  0.151430730818009E+001  0.115400172790083E+001  0.113645803859167E+000  0.489430982969724E+000 -0.131028262406404E+000 -0.139259014576424E+003 -0.139259014576424E+003 -0.139264033381283E+003
  0.150074933127452E+001  0.117100359376646E+001  0.254803071136462E+000  0.492461954621425E+000 -0.131028262406404E+000 -0.139258957473409E+003 -0.139258957473409E+003 -0.139259139021021E+003
  0.150466650253685E+001  0.116133838460897E+001  0.438074785213506E-001  0.492084587700218E+000 -0.131028262406404E+000 -0.139258984903877E+003 -0.139258984903877E+003 -0.139259151445151E+003
  0.151702744329827E+001  0.115485502748952E+001  0.252856270944686E+000  0.486680585197052E+000 -0.131028262406404E+000 -0.139258952214787E+003 -0.139258952214787E+003 -0.139259653528290E+003
  0.152962841523787E+001  0.115134058716634E+001  0.195167565372652E+000  0.485466467754252E+000 -0.131028262406404E+000 -0.139258968799899E+003 -0.139258968799899E+003 -0.139259286430317E+003
  0.152803781759637E+001  0.115308809772323E+001  0.540798684044584E+000  0.486305779227653E+000 -0.131028262406404E+000 -0.139258964011946E+003 -0.139258964011946E+003 -0.139259545846450E+003
  0.151817091509881E+001  0.115395833861683E+001  0.967270104849283E+000  0.489755456393099E+000 -0.131028262406404E+000 -0.139259036406813E+003 -0.139259036406813E+003 -0.139259177602590E+003
  0.151919335179228E+001  0.116700430904620E+001  0.282307901737334E+000  0.490295026221500E+000 -0.131028262406404E+000 -0.139259009308753E+003 -0.139259009308753E+003 -0.139259420566154E+003
  0.152330850505955E+001  0.116825197292895E+001  0.757538507147740E+000  0.486959354960220E+000 -0.131028262406404E+000 -0.139259007177175E+003 -0.139259007177175E+003 -0.139259097660326E+003
  0.151433580442628E+001  0.117262972692627E+001  0.105595140921674E+000  0.489691231360650E+000 -0.131028262406404E+000 -0.139258993023753E+003 -0.139258993023753E+003 -0.139259200112210E+003
  0.151149350197101E+001  0.115684680195812E+001  0.650721041933525E-001  0.487976412591972E+000 -0.131028262406404E+000 -0.139259000499842E+003 -0.139259000499842E+003 -0.139259204365966E+003
  0.154249549350848E+001  0.114731292182918E+001  0.586470081717858E+000  0.479862184682475E+000 -0.131028262406404E+000 -0.139259022055688E+003 -0.139259022055688E+003 -0.139259162660507E+003
  0.151124992019836E+001  0.117068695444829E+001  0.155542847350473E+000  0.489688717387606E+000 -0.131028262406404E+000 -0.139258926824828E+003 -0.139258926824828E+003 -0.139259560809070E+003
  0.151229568935968E+001  0.117104924864079E+001  0.429323264227451E-001  0.489525814717023E+000 -0.131028262406404E+000 -0.139258938123672E+003 -0.139258938123672E+003 -0.139259119942953E+003
  0.151862415297824E+001  0.116190377800388E+001  0.796706839534984E+000  0.486082381360316E+000 -0.131028262406404E+000 -0.139258894834591E+003 -0.139258894834591E+003 -0.139259060897328E+003
  0.149907839086363E+001  0.116893624593037E+001  0.401573733284616E-001  0.493655196578845E+000 -0.131028262406404E+000 -0.139258965107597E+003 -0.139258965107597E+003 -0.139259045993827E+003
  0.151208281780323E+001  0.117239466581303E+001  0.843714254444219E+000  0.488323787300398E+000 -0.131028262406404E+000 -0.139259015202021E+003 -0.139259015202021E+003 -0.139259091443844E+003
  0.152610007297208E+001  0.115837186093382E+001  0.239520214433612E+000  0.484330602363901E+000 -0.131028262406404E+000 -0.139258890640866E+003 -0.139258890640866E+003 -0.139261015486534E+003
  0.151171370277728E+001  0.117105214043513E+001  0.356823524904850E+000  0.491660964840044E+000 -0.131028262406404E+000 -0.139258956501801E+003 -0.139258956501801E+003 -0.139259278502605E+003
  0.150061935802423E+001  0.117007248715068E+001  0.768459308812397E-002  0.493245353576822E+000 -0.131028262406404E+000 -0.139258941229310E+003 -0.139258941229310E+003 -0.139259219126407E+003
  0.151182313171446E+001  0.115827880601603E+001  0.627266864377138E+000  0.486985880252652E+000 -0.131028262406404E+000 -0.139259019597970E+003 -0.139259019597970E+003 -0.139259046469995E+003
  0.151625047053864E+001  0.116077868753801E+001  0.727270308697709E+000  0.484990241485381E+000 -0.131028262406404E+000 -0.139259020694862E+003 -0.139259020694862E+003 -0.139259077444244E+003
  0.150129112895822E+001  0.116338048385664E+001  0.929530221302401E+000  0.491440004303062E+000 -0.131028262406404E+000 -0.139259037163500E+003 -0.139259037163500E+003 -0.139259116523396E+003
  0.151272856729308E+001  0.115975377865593E+001  0.307598794345004E+000  0.490987353067099E+000 -0.131028262406404E+000 -0.139258940286363E+003 -0.139258940286363E+003 -0.139259042348572E+003
  0.151224986722665E+001  0.116586165906255E+001  0.978618954525098E+000  0.488239451064488E+000 -0.131028262406404E+000 -0.139258904318029E+003 -0.139258904318029E+003 -0.139259073335095E+003
  0.151707214214377E+001  0.117170351885275E+001  0.231842131569143E+000  0.488751696043887E+000 -0.131028262406404E+000 -0.139259003991843E+003 -0.139259003991843E+003 -0.139259092828120E+003
  0.153411736301354E+001  0.114847715692811E+001  0.770852546740969E+000  0.480357796528418E+000 -0.131028262406404E+000 -0.139259014881983E+003 -0.139259014881983E+003 -0.139259139171854E+003
  0.152160476405548E+001  0.115082872846842E+001  0.778473720207470E+000  0.485337222751759E+000 -0.131028262406404E+000 -0.139258989505857E+003 -0.139258989505857E+003 -0.139259042450792E+003
  0.152835794890436E+001  0.115375801609206E+001  0.592148109681633E+000  0.485502725673374E+000 -0.131028262406404E+000 -0.139258922141577E+003 -0.139258922141577E+003 -0.139259088329098E+003
  0.153592425071978E+001  0.115649409789719E+001  0.681173466937897E+000  0.482173280560384E+000 -0.131028262406404E+000 -0.139258975132691E+003 -0.139258975132691E+003 -0.139259238570840E+003
  0.151168812390155E+001  0.115500301912906E+001  0.334676763478911E+000  0.489375082356535E+000 -0.131028262406404E+000 -0.139259017112202E+003 -0.139259017112202E+003 -0.139259207522339E+003
  0.151137890107828E+001  0.116563673259834E+001  0.710316803812754E+000  0.489193401779934E+000 -0.131028262406404E+000 -0.139258880374375E+003 -0.139258880374375E+003 -0.139259210775365E+003
  0.150077440105311E+001  0.117444174645062E+001  0.849985053785903E+000  0.495318820075200E+000 -0.131028262406404E+000 -0.139258994646419E+003 -0.139258994646419E+003 -0.139259343286570E+003
  0.151542869276699E+001  0.115623758537943E+001  0.326248205071538E+000  0.487966876860264E+000 -0.131028262406404E+000 -0.139258928713012E+003 -0.139258928713012E+003 -0.139259513861664E+003
  0.153425079670396E+001  0.115279404888968E+001  0.193696274824707E+000  0.481097706342428E+000 -0.131028262406404E+000 -0.139258958712780E+003 -0.139258958712780E+003 -0.139259117189624E+003
  0.153729547751296E+001  0.115447961977719E+001  0.178324719653466E+000  0.480762385871880E+000 -0.131028262406404E+000 -0.139258985563703E+003 -0.139258985563703E+003 -0.139259191038760E+003
  0.152061158770907E+001  0.116156804487683E+001  0.923777000441817E+000  0.485365730417818E+000 -0.131028262406404E+000 -0.139258904073449E+003 -0.139258904073449E+003 -0.139259184552815E+003
  0.152233821659507E+001  0.115658851977981E+001  0.307984892565171E+000  0.486727390206595E+000 -0.131028262406404E+000 -0.139258880190116E+003 -0.139258880190116E+003 -0.139259172967805E+003
  0.151686285262970E+001  0.116424585227165E+001  0.953559636001520E+000  0.487227663658796E+000 -0.131028262406404E+000 -0.139258882707502E+003 -0.139258882707502E+003 -0.139259141567278E+003
  0.150045640727242E+001  0.117206299876272E+001  0.733147108205171E+000  0.492140551342244E+000 -0.131028262406404E+000 -0.139258982375239E+003 -0.139258982375239E+003 -0.139259067308591E+003
  0.152317080578984E+001  0.115081373441548E+001  0.383396817970726E+000  0.485332052495704E+000 -0.131028262406404E+000 -0.139258966240943E+003 -0.139258966240943E+003 -0.139259131017329E+003
  0.152419860703284E+001  0.116040617208207E+001  0.540512415308415E+000  0.485535366913345E+000 -0.131028262406404E+000 -0.139258878975497E+003 -0.139258878975497E+003 -0.139259153653462E+003
  0.150751874199954E+001  0.115959925433057E+001  0.353333815721365E+000  0.491239191874261E+000 -0.131028262406404E+000 -0.139258973706966E+003 -0.139258973706966E+003 -0.139259105941757E+003
  0.153201616854198E+001  0.114923151883550E+001  0.953080471809274E+000  0.480614930169259E+000 -0.131028262406404E+000 -0.139259028108951E+003 -0.139259028108951E+003 -0.139259407867119E+003
  0.153193606319600E+001  0.115558120921610E+001  0.646461031709862E+000  0.485086724404090E+000 -0.131028262406404E+000 -0.139258964216438E+003 -0.139258964216438E+003 -0.139259061159239E+003
  0.151846108419402E+001  0.116175348552256E+001  0.767474247089362E+000  0.487223373118835E+000 -0.131028262406404E+000 -0.139258862228010E+003 -0.139258862228010E+003 -0.139259128040751E+003
  0.149880520486862E+001  0.117173897874605E+001  0.261876891124031E+000  0.493284341180111E+000 -0.131028262406404E+000 -0.139258971387592E+003 -0.139258971387592E+003 -0.139259050063840E+003
  0.150973285038192E+001  0.117048649838892E+001  0.498968416481288E+000  0.493239559086239E+000 -0.131028262406404E+000 -0.139258991844255E+003 -0.139258991844255E+003 -0.139259094748465E+003
  0.153138196230216E+001  0.115013935505568E+001  0.939158711185392E-001  0.484744447319805E+000 -0.131028262406404E+000 -0.139258977540025E+003 -0.139258977540025E+003 -0.139259050070301E+003
  0.150395598142976E+001  0.116458353900788E+001  0.646771327828362E+000  0.494120022718225E+000 -0.131028262406404E+000 -0.139258990376245E+003 -0.139258990376245E+003 -0.139259234077465E+003
  0.153236106649418E+001  0.114631560867086E+001  0.390292928478934E+000  0.483846119458355E+000 -0.131028262406404E+000 -0.139259028762210E+003 -0.139259028762210E+003 -0.139259104346047E+003
  0.152282284675259E+001  0.116633254477179E+001  0.567098673798315E+000  0.485959217619951E+000 -0.131028262406404E+000 -0.139258954739310E+003 -0.139258954739310E+003 -0.139259110497449E+003
  0.150166233371809E+001  0.116715952774580E+001  0.983624658587482E+000  0.493738790804234E+000 -0.131028262406404E+000 -0.139258948075699E+003 -0.139258948075699E+003 -0.139261262734695E+003
  0.153802713045711E+001  0.114870996294807E+001  0.475777705951211E+000  0.482501182753491E+000 -0.131028262406404E+000 -0.139259005736386E+003 -0.139259005736386E+003 -0.139259146425120E+003
  0.151631802115967E+001  0.116300780383848E+001  0.870495806587772E+000  0.485264967304571E+000 -0.131028262406404E+000 -0.139259002188273E+003 -0.139259002188273E+003 -0.139259304393467E+003
  0.152095888001049E+001  0.116531776867635E+001  0.955883041624019E+000  0.490123305188616E+000 -0.131028262406404E+000 -0.139259035499250E+003 -0.139259035499250E+003 -0.139259096108872E+003
  0.149792284981960E+001  0.117647621203247E+001  0.324576081437399E+000  0.493971646267610E+000 -0.131028262406404E+000 -0.139259011951643E+003 -0.139259011951643E+003 -0.139259133839740E+003
  0.153610591153685E+001  0.115621000305035E+001  0.257824551884282E+000  0.483450720455726E+000 -0.131028262406404E+000 -0.139259002235077E+003 -0.139259002235077E+003 -0.139262130492865E+003
  0.153810417423568E+001  0.115344931298670E+001  0.901695556541681E+000  0.479669430494833E+000 -0.131028262406404E+000 -0.139259019280748E+003 -0.139259019280748E+003 -0.139259059747296E+003
  0.151995111488920E+001  0.116558790056617E+001  0.119137607504784E+000  0.488249141975147E+000 -0.131028262406404E+000 -0.139258908962404E+003 -0.139258908962404E+003 -0.139259058779028E+003
  0.153553507872216E+001  0.114560635913141E+001  0.347865842573847E+000  0.482168891363014E+000 -0.131028262406404E+000 -0.139259015560023E+003 -0.139259015560023E+003 -0.139259064384547E+003
  0.152048209450989E+001  0.115863640686046E+001  0.950821266714796E+000  0.484496745110149E+000 -0.131028262406404E+000 -0.139258947903679E+003 -0.139258947903679E+003 -0.139259101505871E+003
  0.151114058629229E+001  0.115929879645027E+001  0.236765923947259E+000  0.487911099286635E+000 -0.131028262406404E+000 -0.139258968781309E+003 -0.139258968781309E+003 -0.139259096670772E+003
  0.152021428865260E+001  0.116786737591023E+001  0.467717266036978E+000  0.489208418896285E+000 -0.131028262406404E+000 -0.139258988583738E+003 -0.139258988583738E+003 -0.139259252530388E+003
  0.151423830743941E+001  0.115358265383735E+001  0.172228513422355E+000  0.487334609428721E+000 -0.131028262406404E+000 -0.139259029685239E+003 -0.139259029685239E+003 -0.139259115357312E+003
  0.151933799196451E+001  0.115828323920089E+001  0.392415936897502E+000  0.484270722447532E+000 -0.131028262406404E+000 -0.139258994843705E+003 -0.139258994843705E+003 -0.139259297417278E+003
  0.152161320204101E+001  0.115154440520050E+001  0.445713873367686E+000  0.486405200178007E+000 -0.131028262406404E+000 -0.139258965013061E+003 -0.139258965013061E+003 -0.139259354150547E+003
  0.150943391816515E+001  0.115778035153844E+001  0.737326471911082E+000  0.491752406798485E+000 -0.131028262406404E+000 -0.139259020320994E+003 -0.139259020320994E+003 -0.139259286564128E+003
  0.150476633022105E+001  0.117061740389513E+001  0.257464328944546E+000  0.492228768511431E+000 -0.131028262406404E+000 -0.139258912463003E+003 -0.139258912463003E+003 -0.139259261752628E+003
  0.151472343500102E+001  0.116931354323803E+001  0.906876221094427E+000  0.488241288109759E+000 -0.131028262406404E+000 -0.139258933323246E+003 -0.139258933323246E+003 -0.139259222396969E+003
  0.151584042364891E+001  0.116958608260359E+001  0.686346212107605E-001  0.486395381713718E+000 -0.131028262406404E+000 -0.139259027780439E+003 -0.139259027780439E+003 -0.139259305331781E+003
  0.152820985550394E+001  0.115206510396955E+001  0.571475902294100E+000  0.486555471364129E+000 -0.131028262406404E+000 -0.139258999115750E+003 -0.139258999115750E+003 -0.139259194156000E+003
  0.153884442187562E+001  0.115038699896249E+001  0.895514677911536E-001  0.482594743480347E+000 -0.131028262406404E+000 -0.139259017236955E+003 -0.139259017236955E+003 -0.139259366915975E+003
  0.151382801952697E+001  0.116517834347809E+001  0.181501269523132E+000  0.492583411751736E+000 -0.131028262406404E+000 -0.139259024672021E+003 -0.139259024672021E+003 -0.139259050087904E+003
  0.152770475059718E+001  0.115103930216880E+001  0.398594014849510E+000  0.481762633853370E+000 -0.131028262406404E+000 -0.139259023740802E+003 -0.139259023740802E+003 -0.139259414815865E+003
  0.150718143430827E+001  0.116966352566844E+001  0.394608166348763E+000  0.493631224628517E+000 -0.131028262406404E+000 -0.139258959530038E+003 -0.139258959530038E+003 -0.139259289364430E+003
  0.149565366139608E+001  0.117227785274059E+001  0.713468283731556E+000  0.493796591365205E+000 -0.131028262406404E+000 -0.139259025833170E+003 -0.139259025833170E+003 -0.139259347109568E+003
  0.151125029814914E+001  0.116384551965982E+001  0.802622653242773E+000  0.489803020909668E+000 -0.131028262406404E+000 -0.139258872245103E+003 -0.139258872245103E+003 -0.139259162093361E+003
  0.151567010623536E+001  0.117245015011575E+001  0.951277229741111E+000  0.490026739908389E+000 -0.131028262406404E+000 -0.139259016438761E+003 -0.139259016438761E+003 -0.139259082351536E+003
  0.150842828568727E+001  0.116824487474077E+001  0.991442012560474E+000  0.491448033741887E+000 -0.131028262406404E+000 -0.139258888314436E+003 -0.139258888314436E+003 -0.139259057474213E+003
  0.152280364115175E+001  0.115125232210549E+001  0.436681407017871E+000  0.485096680407488E+000 -0.131028262406404E+000 -0.139258964096932E+003 -0.139258964096932E+003 -0.139259391583265E+003
  0.149615141375759E+001  0.117672651918716E+001  0.406202365242795E+000  0.495237661341613E+000 -0.131028262406404E+000 -0.139259013740783E+003 -0.139259013740783E+003 -0.139259230581323E+003
  0.151599002810270E+001  0.115967398151744E+001  0.627232183685962E+000  0.486870783749340E+000 -0.131028262406404E+000 -0.139258901355775E+003 -0.139258901355775E+003 -0.139259089942613E+003
  0.151773778117360E+001  0.116221439522068E+001  0.257075410331557E+000  0.490997922174040E+000 -0.131028262406404E+000 -0.139258998010486E+003 -0.139258998010486E+003 -0.139259106390165E+003
  0.153538840871397E+001  0.114850046141465E+001  0.752795149188890E+000  0.483995930165583E+000 -0.131028262406404E+000 -0.139259034095591E+003 -0.139259034095591E+003 -0.139259085298583E+003
  0.152875487911457E+001  0.116168403182836E+001  0.646701112037093E+000  0.483238954988207E+000 -0.131028262406404E+000 -0.139258969149740E+003 -0.139258969149740E+003 -0.139259048977340E+003
  0.152700166970249E+001  0.115170762224932E+001  0.954013443005689E+000  0.484412296149694E+000 -0.131028262406404E+000 -0.139258922530602E+003 -0.139258922530602E+003 -0.139259435654106E+003
  0.150821117995518E+001  0.116385132032865E+001  0.493329322788993E+000  0.493043587707560E+000 -0.131028262406404E+000 -0.139258962230729E+003 -0.139258962230729E+003 -0.139259406508082E+003
  0.152136045683894E+001  0.115731163563098E+001  0.734522765459219E+000  0.483348951472415E+000 -0.131028262406404E+000 -0.139259020816806E+003 -0.139259020816806E+003 -0.139259204781735E+003
  0.152188628821435E+001  0.116243650639131E+001  0.965502709387075E+000  0.484321473858478E+000 -0.131028262406404E+000 -0.139258958837716E+003 -0.139258958837716E+003 -0.139260269779137E+003
  0.152610075207818E+001  0.114758359482751E+001  0.777096837136449E+000  0.485149464219916E+000 -0.131028262406404E+000 -0.139259027460027E+003 -0.139259027460027E+003 -0.139259050827636E+003
  0.151743740548706E+001  0.115870592095538E+001  0.821162170323790E+000  0.487245417794920E+000 -0.131028262406404E+000 -0.139258877996641E+003 -0.139258877996641E+003 -0.139259060329075E+003
  0.150994996567940E+001  0.116465032179368E+001  0.398414902209914E+000  0.493572758971655E+000 -0.131028262406404E+000 -0.139259021072911E+003 -0.139259021072911E+003 -0.139259561630458E+003
  0.151919893497925E+001  0.115759217684214E+001  0.284241714813453E+000  0.484784228275154E+000 -0.131028262406404E+000 -0.139258961307024E+003 -0.139258961307024E+003 -0.139259156422772E+003
  0.153067951204722E+001  0.115741693109249E+001  0.826533056998247E-001  0.484276553284851E+000 -0.131028262406404E+000 -0.139258917616005E+003 -0.139258917616005E+003 -0.139259062991196E+003
  0.152945417974553E+001  0.116000208513801E+001  0.885353722282637E+000  0.483296488537202E+000 -0.131028262406404E+000 -0.139258940478988E+003 -0.139258940478988E+003 -0.139259931633356E+003
  0.153564329590053E+001  0.114760091588163E+001  0.393173923824165E+000  0.479752855784885E+000 -0.131028262406404E+000 -0.139259035627297E+003 -0.139259035627297E+003 -0.139259256122519E+003
  0.151672897179138E+001  0.117167458620358E+001  0.819948051747763E+000  0.488204213583454E+000 -0.131028262406404E+000 -0.139259003083300E+003 -0.139259003083300E+003 -0.139259136040743E+003
  0.150814348290294E+001  0.116465192446422E+001  0.177184593989438E+000  0.493237842632502E+000 -0.131028262406404E+000 -0.139258964663110E+003 -0.139258964663110E+003 -0.139259072327983E+003
  0.152783317879898E+001  0.115225470023170E+001  0.684615236565734E+000  0.486385681462049E+000 -0.131028262406404E+000 -0.139258977693518E+003 -0.139258977693518E+003 -0.139259048661912E+003
  0.152796587653728E+001  0.114971201087204E+001  0.851952922246328E+000  0.482767003151977E+000 -0.131028262406404E+000 -0.139258980415759E+003 -0.139258980415759E+003 -0.139259280638129E+003
  0.153901196410946E+001  0.114421216695488E+001  0.348361216086008E+000  0.480646686072565E+000 -0.131028262406404E+000 -0.139259037486786E+003 -0.139259037486786E+003 -0.139259069717543E+003
  0.150546949421534E+001  0.116117915194580E+001  0.826709730823398E+000  0.492118572373079E+000 -0.131028262406404E+000 -0.139258977367195E+003 -0.139258977367195E+003 -0.139259175486310E+003
  0.150261988528477E+001  0.117385550163331E+001  0.626470882193446E+000  0.493814650680116E+000 -0.131028262406404E+000 -0.139258956238448E+003 -0.139258956238448E+003 -0.139259154148920E+003
  0.151976139511490E+001  0.116796435765152E+001  0.876920350180427E+000  0.488516376022172E+000 -0.131028262406404E+000 -0.139258953863088E+003 -0.139258953863088E+003 -0.139259071507101E+003
  0.152025164312639E+001  0.116402936155636E+001  0.789644923128081E+000  0.488788869947098E+000 -0.131028262406404E+000 -0.139258914992203E+003 -0.139258914992203E+003 -0.139259904982745E+003
  0.152121538635195E+001  0.115094495331267E+001  0.730506474541913E+000  0.488097334906613E+000 -0.131028262406404E+000 -0.139259038816085E+003 -0.139259038816085E+003 -0.139259393329104E+003
  0.151815284500040E+001  0.115533046833362E+001  0.444766675889081E+000  0.484817855477070E+000 -0.131028262406404E+000 -0.139259011141535E+003 -0.139259011141535E+003 -0.139259132034143E+003
  0.151101581310600E+001  0.116925615577091E+001  0.810922842124211E+000  0.489186289726615E+000 -0.131028262406404E+000 -0.139258917377036E+003 -0.139258917377036E+003 -0.139259312989121E+003
  0.150557608723064E+001  0.116606571922553E+001  0.446736086225176E+000  0.489008707700912E+000 -0.131028262406404E+000 -0.139259018229590E+003 -0.139259018229590E+003 -0.139259454659687E+003
  0.149913121856908E+001  0.117045153251474E+001  0.551273683602889E+000  0.493943766157517E+000 -0.131028262406404E+000 -0.139258955540342E+003 -0.139258955540342E+003 -0.139259370083463E+003
  0.152355621583859E+001  0.115320722898897E+001  0.830719497135612E-001  0.488256977101246E+000 -0.131028262406404E+000 -0.139259016292115E+003 -0.139259016292115E+003 -0.139260276306801E+003
  0.151830256109529E+001  0.115560235444835E+001  0.643034480890442E+000  0.487717751551087E+000 -0.131028262406404E+000 -0.139258912333497E+003 -0.139258912333497E+003 -0.139259072681411E+003
  0.153492238791414E+001  0.115556426851548E+001  0.643525709424269E+000  0.482606417171716E+000 -0.131028262406404E+000 -0.139258950800161E+003 -0.139258950800161E+003 -0.139261157151317E+003
  0.153280330318388E+001  0.114878154081021E+001  0.263671386863163E+000  0.484614600440664E+000 -0.131028262406404E+000 -0.139259016854760E+003 -0.139259016854760E+003 -0.139259334034897E+003
  0.149630909257146E+001  0.117728036188466E+001  0.626247808383165E+000  0.496214984802796E+000 -0.131028262406404E+000 -0.139259029556048E+003 -0.139259029556048E+003 -0.139259211031151E+003
  0.153785047943331E+001  0.114895154850592E+001  0.467356963747219E+000  0.480381622215801E+000 -0.131028262406404E+000 -0.139258981985181E+003 -0.139258981985181E+003 -0.139259068034092E+003
  0.149401572432260E+001  0.117405768835523E+001  0.791387208014596E+000  0.495033863269093E+000 -0.131028262406404E+000 -0.139259026515852E+003 -0.139259026515852E+003 -0.139259297264415E+003
  0.153236767069425E+001  0.116228990613276E+001  0.441929917866006E+000  0.484687701989442E+000 -0.131028262406404E+000 -0.139259039052093E+003 -0.139259039052093E+003 -0.139259153182330E+003
  0.150615325801008E+001  0.117105002545816E+001  0.998160995945754E+000  0.493750089782285E+000 -0.131028262406404E+000 -0.139258958103463E+003 -0.139258958103463E+003 -0.139259050657657E+003
  0.153854369594105E+001  0.115095106719196E+001  0.901744200843741E-001  0.482163630447747E+000 -0.131028262406404E+000 -0.139258991220294E+003 -0.139258991220294E+003 -0.139259063840680E+003
  0.150679177429490E+001  0.117210045662032E+001  0.738023727458842E+000  0.492352112674619E+000 -0.131028262406404E+000 -0.139258930214385E+003 -0.139258930214385E+003 -0.139260413443548E+003
  0.151883703719637E+001  0.116281477232385E+001  0.801274483261165E+000  0.488159367675064E+000 -0.131028262406404E+000 -0.139258867968824E+003 -0.139258867968824E+003 -0.139259186560623E+003
  0.151426189763705E+001  0.115720235892163E+001  0.596645581443046E+000  0.490979883285981E+000 -0.131028262406404E+000 -0.139259002949352E+003 -0.139259002949352E+003 -0.139259138098487E+003
  0.149899751022859E+001  0.117107743996081E+001  0.738444763270730E+000  0.495641199315180E+000 -0.131028262406404E+000 -0.139258987295130E+003 -0.139258987295130E+003 -0.139259387613797E+003
  0.152549202708149E+001  0.115425557538840E+001  0.910604366330170E+000  0.483726071343142E+000 -0.131028262406404E+000 -0.139258921333343E+003 -0.139258921333343E+003 -0.139259488370448E+003
  0.152857730884182E+001  0.115141475435960E+001  0.953218322195698E+000  0.485054665388248E+000 -0.131028262406404E+000 -0.139258938671356E+003 -0.139258938671356E+003 -0.139259527216783E+003
  0.151659557759034E+001  0.116798689616961E+001  0.139475070155896E+000  0.487096597836029E+000 -0.131028262406404E+000 -0.139258943089667E+003 -0.139258943089667E+003 -0.139259328706049E+003
  0.150930498553881E+001  0.115880868732780E+001  0.801608534035582E+000  0.489401896843947E+000 -0.131028262406404E+000 -0.139258968412297E+003 -0.139258968412297E+003 -0.139259492997532E+003
  0.153757519962126E+001  0.115066151482945E+001  0.227934037976332E+000  0.481139732329458E+000 -0.131028262406404E+000 -0.139258964174209E+003 -0.139258964174209E+003 -0.139259065124645E+003
  0.150662103815221E+001  0.117475787935376E+001  0.761545867996144E+000  0.493156664583694E+000 -0.131028262406404E+000 -0.139258993448370E+003 -0.139258993448370E+003 -0.139259108502756E+003
  0.150860161193256E+001  0.116345149269791E+001  0.791002967560244E+000  0.487619878950178E+000 -0.131028262406404E+000 -0.139259035152183E+003 -0.139259035152183E+003 -0.139259054418985E+003
  0.152635497397707E+001  0.115012539870049E+001  0.816722971997062E+000  0.485005576301662E+000 -0.131028262406404E+000 -0.139258957175065E+003 -0.139258957175065E+003 -0.139259252667539E+003
  0.151866532583593E+001  0.117192523840423E+001  0.525210950707562E+000  0.488052705329845E+000 -0.131028262406404E+000 -0.139259037411365E+003 -0.139259037411365E+003 -0.139259101554664E+003
  0.152709299089372E+001  0.115576572986294E+001  0.901643329502274E-001  0.484546190315742E+000 -0.131028262406404E+000 -0.139258885060276E+003 -0.139258885060276E+003 -0.139260360987135E+003
  0.153779382130476E+001  0.114846468692939E+001  0.925279478825597E+000  0.481591392863711E+000 -0.131028262406404E+000 -0.139258979136210E+003 -0.139258979136210E+003 -0.139259052302306E+003
  0.153797160838407E+001  0.115247839646034E+001  0.694995303735273E+000  0.481817712432356E+000 -0.131028262406404E+000 -0.139258973737912E+003 -0.139258973737912E+003 -0.139259716645542E+003
  0.151219349855633E+001  0.116452566653951E+001  0.336790837041479E+000  0.488991457518235E+000 -0.131028262406404E+000 -0.139258874466908E+003 -0.139258874466908E+003 -0.139259056117755E+003
  0.150290718196315E+001  0.116920932416725E+001  0.395546756426527E+000  0.490105823419147E+000 -0.131028262406404E+000 -0.139259025749458E+003 -0.139259025749458E+003 -0.139259211478568E+003
  0.150911019451098E+001  0.116949324459154E+001  0.205829489313142E+000  0.491848369558373E+000 -0.131028262406404E+000 -0.139258907006833E+003 -0.139258907006833E+003 -0.139259123084230E+003
  0.151004549755886E+001  0.116991083100939E+001  0.172938724456836E-001  0.490661047883189E+000 -0.131028262406404E+000 -0.139258902611445E+003 -0.139258902611445E+003 -0.139259170841753E+003
  0.153237642970269E+001  0.114736578437005E+001  0.990791948250956E+000  0.481687912301866E+000 -0.131028262406404E+000 -0.139258997317430E+003 -0.139258997317430E+003 -0.139259518507184E+003
  0.150642701384963E+001  0.117295492039933E+001  0.574796774789343E+000  0.489800109161329E+000 -0.131028262406404E+000 -0.139259009574461E+003 -0.139259009574461E+003 -0.139259297841982E+003
  0.149446147447587E+001  0.117529082547758E+001  0.982866614903853E+000  0.495316644026457E+000 -0.131028262406404E+000 -0.139259018346263E+003 -0.139259018346263E+003 -0.139259114570906E+003
  0.151895347944613E+001  0.116600183377224E+001  0.721672083242853E+000  0.487442347293195E+000 -0.131028262406404E+000 -0.139258898903650E+003 -0.139258898903650E+003 -0.139259142420149E+003
  0.150684578100442E+001  0.116418886139698E+001  0.693106784067142E+000  0.488737090562194E+000 -0.131028262406404E+000 -0.139259001655751E+003 -0.139259001655751E+003 -0.139259259221188E+003
  0.150827865332135E+001  0.116425502474510E+001  0.807221100821618E+000  0.489478069340809E+000 -0.131028262406404E+000 -0.139258919562047E+003 -0.139258919562047E+003 -0.139259233354112E+003
  0.153622763745030E+001  0.114935994011504E+001  0.937433229370742E+000  0.481727263831408E+000 -0.131028262406404E+000 -0.139258960138671E+003 -0.139258960138671E+003 -0.139259866393532E+003
  0.152279216769283E+001  0.115296662619621E+001  0.376485443883765E+000  0.484597595837634E+000 -0.131028262406404E+000 -0.139258944820633E+003 -0.139258944820633E+003 -0.139259363783418E+003
  0.152143604709812E+001  0.116536581343415E+001  0.188485278383879E+000  0.486444244453105E+000 -0.131028262406404E+000 -0.139258915717970E+003 -0.139258915717970E+003 -0.139259279249480E+003
  0.152822323815181E+001  0.115519878448999E+001  0.225529301020444E+000  0.486474405811108E+000 -0.131028262406404E+000 -0.139258956745257E+003 -0.139258956745257E+003 -0.139259242361740E+003
  0.149892491923403E+001  0.116444008250612E+001  0.919939366896693E+000  0.494063866196453E+000 -0.131028262406404E+000 -0.139259033879148E+003 -0.139259033879148E+003 -0.139259220121602E+003
  0.151453355546147E+001  0.115829704233855E+001  0.495667669673780E+000  0.489696935124016E+000 -0.131028262406404E+000 -0.139258917247710E+003 -0.139258917247710E+003 -0.139259139220031E+003
  0.151166475537717E+001  0.117185829352038E+001  0.878884790886108E+000  0.488285973275090E+000 -0.131028262406404E+000 -0.139259006746761E+003 -0.139259006746761E+003 -0.139259198542644E+003
  0.152667524270600E+001  0.116245068587806E+001  0.273929425600553E+000  0.487311177681762E+000 -0.131028262406404E+000 -0.139258988309668E+003 -0.139258988309668E+003 -0.139259052431890E+003
  0.151912067517453E+001  0.116420902874379E+001  0.816948327784399E+000  0.489444890852008E+000 -0.131028262406404E+000 -0.139258924205855E+003 -0.139258924205855E+003 -0.139259542196363E+003
  0.152839603663146E+001  0.115851725288894E+001  0.311778254439265E+000  0.484168450180548E+000 -0.131028262406404E+000 -0.139258900428175E+003 -0.139258900428175E+003 -0.139259081103844E+003
  0.152890239842886E+001  0.115025289444390E+001  0.382750584705033E+000  0.483990713830637E+000 -0.131028262406404E+000 -0.139258940323289E+003 -0.139258940323289E+003 -0.139259045830035E+003
  0.153584946607620E+001  0.114889953797020E+001  0.424764657733662E+000  0.482394440091470E+000 -0.131028262406404E+000 -0.139258968774438E+003 -0.139258968774438E+003 -0.139259144915828E+003
  0.152884358364843E+001  0.114954860545944E+001  0.864777756236638E+000  0.483322003560231E+000 -0.131028262406404E+000 -0.139258956852323E+003 -0.139258956852323E+003 -0.139259183668396E+003
  0.153292299598806E+001  0.114772973670116E+001  0.291208643177934E+000  0.482260248756148E+000 -0.131028262406404E+000 -0.139258975918341E+003 -0.139258975918341E+003 -0.139259160102658E+003
  0.149717030039322E+001  0.117387095117373E+001  0.692970461519729E+000  0.494487715126025E+000 -0.131028262406404E+000 -0.139258982729412E+003 -0.139258982729412E+003 -0.139259287514461E+003
  0.150069764044610E+001  0.116465184967717E+001  0.803366020553986E-001  0.493497394777072E+000 -0.131028262406404E+000 -0.139258992849453E+003 -0.139258992849453E+003 -0.139259079348493E+003
  0.153320328966569E+001  0.115800426841855E+001  0.664860892371904E+000  0.482763927575389E+000 -0.131028262406404E+000 -0.139258953668783E+003 -0.139258953668783E+003 -0.139259210197409E+003
  0.153688337341807E+001  0.114735873755027E+001  0.297639186880811E+000  0.481170552445773E+000 -0.131028262406404E+000 -0.139258983960040E+003 -0.139258983960040E+003 -0.139259251787262E+003
  0.152262207178664E+001  0.115759456215091E+001  0.829868135463522E-001  0.488815282439282E+000 -0.131028262406404E+000 -0.139258972353192E+003 -0.139258972353192E+003 -0.139259203873545E+003
  0.149952899357440E+001  0.116596239251848E+001  0.113330856580758E+000  0.492943290415117E+000 -0.131028262406404E+000 -0.139258998102918E+003 -0.139258998102918E+003 -0.139259075455346E+003
  0.152059111558343E+001  0.115517142565979E+001  0.219370140674514E+000  0.483665568005785E+000 -0.131028262406404E+000 -0.139259028577161E+003 -0.139259028577161E+003 -0.139259363052743E+003
  0.152290994778277E+001  0.114954258414649E+001  0.446442576528669E+000  0.484475915960813E+000 -0.131028262406404E+000 -0.139259019981000E+003 -0.139259019981000E+003 -0.139259076834279E+003
  0.151522109471124E+001  0.117157386130311E+001  0.912713774374297E+000  0.487751988040094E+000 -0.131028262406404E+000 -0.139259007230153E+003 -0.139259007230153E+003 -0.139259050967195E+003
  0.151089855494635E+001  0.117525793007005E+001  0.627228317872072E+000  0.490126871733004E+000 -0.131028262406404E+000 -0.139259034821176E+003 -0.139259034821176E+003 -0.139259068135411E+003
  0.150603754862410E+001  0.115890690576678E+001  0.818209426456630E+000  0.491143888949969E+000 -0.131028262406404E+000 -0.139259016837668E+003 -0.139259016837668E+003 -0.139259190324565E+003
  0.153038309507851E+001  0.115268804766495E+001  0.980677443198439E+000  0.483981956955157E+000 -0.131028262406404E+000 -0.139258913267036E+003 -0.139258913267036E+003 -0.139259070355672E+003
  0.153733998124271E+001  0.115644067676869E+001  0.166806357987036E+000  0.482038342505161E+000 -0.131028262406404E+000 -0.139258999994740E+003 -0.139258999994740E+003 -0.139259094990953E+003
  0.151729272766937E+001  0.115833564627081E+001  0.102098963533314E+000  0.487070450256689E+000 -0.131028262406404E+000 -0.139258886216155E+003 -0.139258886216155E+003 -0.139259370181164E+003
  0.151393965962490E+001  0.116193267365239E+001  0.483169261804089E+000  0.490598568745020E+000 -0.131028262406404E+000 -0.139258902418993E+003 -0.139258902418993E+003 -0.139259085091235E+003
  0.151803989357610E+001  0.115500149999241E+001  0.805995486042179E+000  0.487391060858235E+000 -0.131028262406404E+000 -0.139258923927912E+003 -0.139258923927912E+003 -0.139259056351859E+003
  0.152316192745980E+001  0.116528387057573E+001  0.785060593918515E-001  0.486884794902210E+000 -0.131028262406404E+000 -0.139258933094605E+003 -0.139258933094605E+003 -0.139259518663745E+003
  0.151382372953171E+001  0.116369701186969E+001  0.149646714685454E+000  0.486515112693847E+000 -0.131028262406404E+000 -0.139258966059290E+003 -0.139258966059290E+003 -0.139259237920134E+003
  0.151837479682609E+001  0.115305110708314E+001  0.749231267146253E+000  0.488528644295826E+000 -0.131028262406404E+000 -0.139258992584107E+003 -0.139258992584107E+003 -0.139259146089877E+003
  0.149799924585428E+001  0.117689353820154E+001  0.508226779605926E+000  0.495911679279539E+000 -0.131028262406404E+000 -0.139259023326350E+003 -0.139259023326350E+003 -0.139259078172479E+003
  0.152094431572227E+001  0.116572042335192E+001  0.561031673694497E-001  0.488328539028664E+000 -0.131028262406404E+000 -0.139258931783194E+003 -0.139258931783194E+003 -0.139259087840651E+003
  0.151441322398866E+001  0.116614995479738E+001  0.835763317410660E+000  0.490400103159880E+000 -0.131028262406404E+000 -0.139258895527945E+003 -0.139258895527945E+003 -0.139259051458921E+003
  0.149836028589052E+001  0.116782388923145E+001  0.353197912694842E+000  0.492189091348690E+000 -0.131028262406404E+000 -0.139259039382400E+003 -0.139259039382400E+003 -0.139259224042996E+003
  0.151729545169908E+001  0.116700528437905E+001  0.637783130906169E+000  0.488287584446627E+000 -0.131028262406404E+000 -0.139258899056171E+003 -0.139258899056171E+003 -0.139260768792604E+003
  0.150482193255512E+001  0.116722242612364E+001  0.546725181805361E+000  0.493398465707503E+000 -0.131028262406404E+000 -0.139258929043433E+003 -0.139258929043433E+003 -0.139259051904286E+003
  0.151836898448743E+001  0.116640704915059E+001  0.168410234923932E+000  0.486259970480091E+000 -0.131028262406404E+000 -0.139258941702807E+003 -0.139258941702807E+003 -0.139259061375296E+003
  0.153805314749892E+001  0.114757076463122E+001  0.642064404733017E+000  0.479888455408231E+000 -0.131028262406404E+000 -0.139259004940773E+003 -0.139259004940773E+003 -0.139269828069605E+003
  0.150235816166779E+001  0.117166160764339E+001  0.555844360411700E-001  0.493211739468337E+000 -0.131028262406404E+000 -0.139258930013106E+003 -0.139258930013106E+003 -0.139259142014912E+003
  0.153188641179421E+001  0.115067471414529E+001  0.803767136094040E+000  0.482661163167054E+000 -0.131028262406404E+000 -0.139258934149011E+003 -0.139258934149011E+003 -0.139259050760967E+003
  0.150164070221394E+001  0.117681366593247E+001  0.140542062782472E+000  0.494668753043363E+000 -0.131028262406404E+000 -0.139259016348567E+003 -0.139259016348567E+003 -0.139259292365837E+003
  0.150721839864751E+001  0.117153657292033E+001  0.131305699121518E+000  0.493800412651422E+000 -0.131028262406404E+000 -0.139258983453021E+003 -0.139258983453021E+003 -0.139259113155766E+003
  0.151683621178308E+001  0.116086591911096E+001  0.477841464757029E+000  0.487461475341531E+000 -0.131028262406404E+000 -0.139258867364700E+003 -0.139258867364700E+003 -0.139259238422888E+003
  0.151501220759770E+001  0.115904730155618E+001  0.504919880114705E+000  0.490464032090885E+000 -0.131028262406404E+000 -0.139258940379865E+003 -0.139258940379865E+003 -0.139259113959559E+003
  0.151096974643347E+001  0.116655126261410E+001  0.734959088138399E-001  0.492973051316218E+000 -0.131028262406404E+000 -0.139258982768659E+003 -0.139258982768659E+003 -0.139260053153629E+003
  0.151357867716970E+001  0.116486147902384E+001  0.192470921815304E+000  0.490856283931738E+000 -0.131028262406404E+000 -0.139258898537906E+003 -0.139258898537906E+003 -0.139259279568281E+003
  0.152543113650670E+001  0.115373975615055E+001  0.601549399712198E+000  0.483463119412847E+000 -0.131028262406404E+000 -0.139258938320518E+003 -0.139258938320518E+003 -0.139259061781652E+003
  0.151797127663583E+001  0.116430902328206E+001  0.752335976543774E+000  0.490467084152419E+000 -0.131028262406404E+000 -0.139258961106370E+003 -0.139258961106370E+003 -0.139259412568926E+003
  0.151761550167717E+001  0.116879362989475E+001  0.866071017446454E+000  0.490268490354212E+000 -0.131028262406404E+000 -0.139258988796227E+003 -0.139258988796227E+003 -0.139259056354481E+003
  0.150910707497606E+001  0.116581017154370E+001  0.985935192369706E+000  0.492101303182278E+000 -0.131028262406404E+000 -0.139258905397486E+003 -0.139258905397486E+003 -0.139259806076119E+003
  0.151875876169371E+001  0.115917710705899E+001  0.143800123752464E+000  0.489692515400613E+000 -0.131028262406404E+000 -0.139258940835148E+003 -0.139258940835148E+003 -0.139259108640176E+003
  0.151049389310623E+001  0.115848584722679E+001  0.618388508083255E+000  0.490717847716414E+000 -0.131028262406404E+000 -0.139258958314072E+003 -0.139258958314072E+003 -0.139259049690103E+003
  0.153173441285471E+001  0.115773495408019E+001  0.430207631758403E+000  0.485172511789323E+000 -0.131028262406404E+000 -0.139258971992676E+003 -0.139258971992676E+003 -0.139259088677784E+003
  0.150891857813646E+001  0.115739743915575E+001  0.122698153527128E+000  0.490211280519473E+000 -0.131028262406404E+000 -0.139259000756700E+003 -0.139259000756700E+003 -0.139259080573786E+003
  0.151493286591728E+001  0.115514747854517E+001  0.514779703890853E+000  0.490138861747113E+000 -0.131028262406404E+000 -0.139259008350154E+003 -0.139259008350154E+003 -0.139259633981544E+003
  0.151984303531238E+001  0.116690060176099E+001  0.538970409149725E+000  0.489223879498878E+000 -0.131028262406404E+000 -0.139258961610273E+003 -0.139258961610273E+003 -0.139259047672662E+003
  0.151773439488141E+001  0.115694375666674E+001  0.711211467831285E-002  0.487373940631446E+000 -0.131028262406404E+000 -0.139258893775983E+003 -0.139258893775983E+003 -0.139259044157578E+003
  0.151904469507173E+001  0.115443523822868E+001  0.803155797197624E+000  0.487648974859425E+000 -0.131028262406404E+000 -0.139258930826539E+003 -0.139258930826539E+003 -0.139259216157959E+003
  0.150033518102337E+001  0.116636023167716E+001  0.810097436847699E+000  0.494500979980752E+000 -0.131028262406404E+000 -0.139258987446821E+003 -0.139258987446821E+003 -0.139259210227621E+003
  0.151416207594216E+001  0.115378706056364E+001  0.353742746831355E+000  0.489486035438581E+000 -0.131028262406404E+000 -0.139259024226679E+003 -0.139259024226679E+003 -0.139259136523906E+003
  0.151338575030726E+001  0.116900153912781E+001  0.628135416063266E+000  0.486696607246551E+000 -0.131028262406404E+000 -0.139259029528024E+003 -0.139259029528024E+003 -0.139259124936769E+003
  0.150602349702183E+001  0.116119328884557E+001  0.818911710254062E+000  0.490960480531199E+000 -0.131028262406404E+000 -0.139258964659723E+003 -0.139258964659723E+003 -0.139259052469872E+003
  0.151919994869772E+001  0.116063955033930E+001  0.471900491965307E+000  0.488486553359612E+000 -0.131028262406404E+000 -0.139258877602739E+003 -0.139258877602739E+003 -0.139259040900747E+003
