  0.553813837216810E+000  0.660528615648714E+000  0.256160703998282E+000  0.496729885990222E+000 -0.131028262406404E+000 -0.143915379346360E+003 -0.143915379346360E+003
  0.588549666458184E+000  0.620353185261323E+000  0.451165347969044E-001  0.499031277500773E+000 -0.131028262406404E+000 -0.143915449541193E+003 -0.143915449541193E+003
  0.571957928099991E+000  0.625626837479281E+000  0.927162776334875E-001  0.495510462902812E+000 -0.131028262406404E+000 -0.143915312272538E+003 -0.143915312272538E+003
  0.558662898849902E+000  0.663691382645932E+000  0.150343483213698E+000  0.497674840216580E+000 -0.131028262406404E+000 -0.143915211311580E+003 -0.143915211311580E+003
  0.542246001464488E+000  0.671750656097269E+000  0.219985256695663E+000  0.498794214378529E+000 -0.131028262406404E+000 -0.143915502609727E+003 -0.143915502609727E+003
  0.564077758628640E+000  0.632632384359337E+000  0.337601063890791E+000  0.494530375556862E+000 -0.131028262406404E+000 -0.143915463544639E+003 -0.143915463544639E+003
  0.581562135396380E+000  0.629778830216450E+000  0.219369752801860E+000  0.498677385123665E+000 -0.131028262406404E+000 -0.143915254295788E+003 -0.143915254295788E+003
  0.585551864387997E+000  0.636469817529220E+000  0.305894141108309E+000  0.499617117323751E+000 -0.131028262406404E+000 -0.143915453636228E+003 -0.143915453636228E+003
  0.576852345922376E+000  0.617375727510963E+000  0.101040386475754E-002  0.496683020051089E+000 -0.131028262406404E+000 -0.143915257428613E+003 -0.143915257428613E+003
  0.574902348361783E+000  0.642136297568622E+000  0.739563128009199E-001  0.499458785065085E+000 -0.131028262406404E+000 -0.143915089756283E+003 -0.143915089756283E+003
  0.572828582273107E+000  0.639827989440877E+000  0.105847462503452E-001  0.496915179473319E+000 -0.131028262406404E+000 -0.143915221836915E+003 -0.143915221836915E+003
  0.589411422919285E+000  0.609863544875199E+000  0.248012182889320E+000  0.498508222026638E+000 -0.131028262406404E+000 -0.143915445594715E+003 -0.143915445594715E+003
  0.567611868435764E+000  0.653955582072660E+000  0.104938494426103E+000  0.499760811890334E+000 -0.131028262406404E+000 -0.143914996676165E+003 -0.143914996676165E+003
  0.578691543954192E+000  0.591497276537270E+000  0.122219871884536E+000  0.499202093861311E+000 -0.131028262406404E+000 -0.143915339655178E+003 -0.143915339655178E+003
  0.547784045076489E+000  0.654688220174300E+000  0.200319633632717E+000  0.497904132734450E+000 -0.131028262406404E+000 -0.143915463083936E+003 -0.143915463083936E+003
  0.564144454806842E+000  0.644775582880144E+000  0.167742088210605E+000  0.494666096969953E+000 -0.131028262406404E+000 -0.143915422764170E+003 -0.143915422764170E+003
  0.561161439426340E+000  0.647113559119272E+000  0.306391680562745E+000  0.499337217452446E+000 -0.131028262406404E+000 -0.143914984483396E+003 -0.143914984483396E+003
  0.560932310035462E+000  0.679281254943725E+000  0.290084286692866E+000  0.497634328292837E+000 -0.131028262406404E+000 -0.143915394242570E+003 -0.143915394242570E+003
  0.575421267492652E+000  0.614023570794757E+000  0.842099292242554E-001  0.499268873817484E+000 -0.131028262406404E+000 -0.143915089448492E+003 -0.143915089448492E+003
  0.587876430902191E+000  0.610067035742504E+000  0.168463851038657E+000  0.498465265022845E+000 -0.131028262406404E+000 -0.143915390806135E+003 -0.143915390806135E+003
  0.567812330934224E+000  0.629144083290861E+000  0.364982582703404E+000  0.495927273072543E+000 -0.131028262406404E+000 -0.143915288905242E+003 -0.143915288905242E+003
  0.582972561770448E+000  0.591848765881363E+000  0.235525306771327E+000  0.495793330730273E+000 -0.131028262406404E+000 -0.143915517630522E+003 -0.143915517630522E+003
  0.583577378427377E+000  0.603389395274686E+000  0.256326624236418E+000  0.496099364676955E+000 -0.131028262406404E+000 -0.143915414874546E+003 -0.143915414874546E+003
  0.588145319858119E+000  0.617564011349338E+000  0.317455608297527E+000  0.496997398069252E+000 -0.131028262406404E+000 -0.143915503865034E+003 -0.143915503865034E+003
  0.584904250485308E+000  0.593522904714046E+000  0.369724610336939E+000  0.496924802433312E+000 -0.131028262406404E+000 -0.143915450064502E+003 -0.143915450064502E+003
  0.576886304614467E+000  0.624389374733789E+000  0.376395085519312E+000  0.498218750761016E+000 -0.131028262406404E+000 -0.143915143407892E+003 -0.143915143407892E+003
  0.544071028474272E+000  0.655550342420216E+000  0.176585628454535E+000  0.499592460194239E+000 -0.131028262406404E+000 -0.143915420794280E+003 -0.143915420794280E+003
  0.563866170109728E+000  0.666721101779314E+000  0.311594091566896E+000  0.496274291938958E+000 -0.131028262406404E+000 -0.143915398386092E+003 -0.143915398386092E+003
  0.574481926420527E+000  0.651284815302516E+000  0.373312643584070E+000  0.499488146041298E+000 -0.131028262406404E+000 -0.143915167828984E+003 -0.143915167828984E+003
  0.583172125079344E+000  0.587781152333744E+000  0.149003181793645E+000  0.498009416941756E+000 -0.131028262406404E+000 -0.143915448651185E+003 -0.143915448651185E+003
  0.564406223617798E+000  0.618398775104917E+000  0.223086938502430E+000  0.499709959904592E+000 -0.131028262406404E+000 -0.143915108129925E+003 -0.143915108129925E+003
  0.558081547880829E+000  0.639612671447394E+000  0.217879220585799E-001  0.498614174256768E+000 -0.131028262406404E+000 -0.143915139225195E+003 -0.143915139225195E+003
  0.587245196552039E+000  0.593441521904410E+000  0.287974390314326E+000  0.497724937713239E+000 -0.131028262406404E+000 -0.143915444281905E+003 -0.143915444281905E+003
  0.565286742789219E+000  0.639385931517708E+000  0.324582953786210E+000  0.499232145831025E+000 -0.131028262406404E+000 -0.143914980512326E+003 -0.143914980512326E+003
  0.580030782627647E+000  0.633347195669206E+000  0.295822885563290E+000  0.497695740366592E+000 -0.131028262406404E+000 -0.143915290658588E+003 -0.143915290658588E+003
  0.561560656393709E+000  0.631841235632470E+000  0.263051011888864E+000  0.496326534399215E+000 -0.131028262406404E+000 -0.143915344259402E+003 -0.143915344259402E+003
  0.580162887849095E+000  0.642229462888512E+000  0.177084027493949E+000  0.498231097812157E+000 -0.131028262406404E+000 -0.143915353329667E+003 -0.143915353329667E+003
  0.576443822291007E+000  0.644214693900066E+000  0.184678834352697E+000  0.499212577594193E+000 -0.131028262406404E+000 -0.143915173156938E+003 -0.143915173156938E+003
  0.581939442837128E+000  0.583068769419398E+000  0.344139983145052E+000  0.498161747048651E+000 -0.131028262406404E+000 -0.143915514624569E+003 -0.143915514624569E+003
  0.577353832548145E+000  0.595888097674896E+000  0.307038497030624E-001  0.498072463481286E+000 -0.131028262406404E+000 -0.143915348785618E+003 -0.143915348785618E+003
  0.541517844272872E+000  0.664314724113177E+000  0.285249596249411E+000  0.499123718017540E+000 -0.131028262406404E+000 -0.143915536034165E+003 -0.143915536034165E+003
  0.566524200967183E+000  0.631921412830778E+000  0.288120858252646E+000  0.493862174563232E+000 -0.131028262406404E+000 -0.143915490192410E+003 -0.143915490192410E+003
  0.569144134629085E+000  0.638817484470844E+000  0.860586633399509E-001  0.499366003451763E+000 -0.131028262406404E+000 -0.143914978740235E+003 -0.143914978740235E+003
  0.570554448967779E+000  0.612320807901109E+000  0.321430825409136E+000  0.498269056634847E+000 -0.131028262406404E+000 -0.143915193005815E+003 -0.143915193005815E+003
  0.549896119026891E+000  0.689894695288001E+000  0.178992055932604E+000  0.499479368631750E+000 -0.131028262406404E+000 -0.143915288167492E+003 -0.143915288167492E+003
  0.576831930459952E+000  0.611140256729835E+000  0.438357974063554E-001  0.496257801006866E+000 -0.131028262406404E+000 -0.143915315829030E+003 -0.143915315829030E+003
  0.564741583344994E+000  0.633844625824114E+000  0.450868243027921E-001  0.496139899556438E+000 -0.131028262406404E+000 -0.143915286796364E+003 -0.143915286796364E+003
  0.572816910679979E+000  0.621029474118399E+000  0.181215182219181E+000  0.495421948600379E+000 -0.131028262406404E+000 -0.143915332912984E+003 -0.143915332912984E+003
  0.569494581815651E+000  0.612452740287822E+000  0.551286383580155E-001  0.496629132594880E+000 -0.131028262406404E+000 -0.143915337484964E+003 -0.143915337484964E+003
  0.568386436777454E+000  0.613559818617419E+000  0.867977787683565E-002  0.498745893790208E+000 -0.131028262406404E+000 -0.143915172439824E+003 -0.143915172439824E+003
  0.570850301896683E+000  0.622935451029601E+000  0.229326214727892E+000  0.494518865767392E+000 -0.131028262406404E+000 -0.143915413410485E+003 -0.143915413410485E+003
  0.566681060951495E+000  0.647026144992183E+000  0.722373205922059E-001  0.493901299139772E+000 -0.131028262406404E+000 -0.143915491318567E+003 -0.143915491318567E+003
  0.550328229933021E+000  0.665981863320265E+000  0.230300656129578E+000  0.496889566972609E+000 -0.131028262406404E+000 -0.143915455064871E+003 -0.143915455064871E+003
  0.559127590121433E+000  0.663364718045626E+000  0.274731377306262E+000  0.498266603880094E+000 -0.131028262406404E+000 -0.143915144297987E+003 -0.143915144297987E+003
  0.549053542240008E+000  0.691031259199025E+000  0.455072116368654E-002  0.499309570310355E+000 -0.131028262406404E+000 -0.143915329464641E+003 -0.143915329464641E+003
  0.553900445963585E+000  0.683760615947095E+000  0.235858757764393E+000  0.499100333791144E+000 -0.131028262406404E+000 -0.143915244881211E+003 -0.143915244881211E+003
  0.586314427468458E+000  0.597660720900768E+000  0.291374814193868E+000  0.499636584988213E+000 -0.131028262406404E+000 -0.143915316813001E+003 -0.143915316813001E+003
  0.583079983120637E+000  0.634406105952303E+000  0.194184954435447E+000  0.498949455630512E+000 -0.131028262406404E+000 -0.143915341119396E+003 -0.143915341119396E+003
  0.584478101329082E+000  0.623201440484107E+000  0.397974818183383E+000  0.494763738664682E+000 -0.131028262406404E+000 -0.143915539064301E+003 -0.143915539064301E+003
  0.581946704654381E+000  0.620767157023731E+000  0.287971323294243E+000  0.497296119344150E+000 -0.131028262406404E+000 -0.143915300722295E+003 -0.143915300722295E+003
  0.573284510855233E+000  0.632517389818841E+000  0.293380591318073E+000  0.495070520017207E+000 -0.131028262406404E+000 -0.143915351007085E+003 -0.143915351007085E+003
  0.579407683148965E+000  0.615661372747925E+000  0.181693188373950E+000  0.498507782496713E+000 -0.131028262406404E+000 -0.143915172086436E+003 -0.143915172086436E+003
  0.563190429728385E+000  0.636386450109558E+000  0.199695034358253E+000  0.499553826529208E+000 -0.131028262406404E+000 -0.143914976594867E+003 -0.143914976594867E+003
  0.575514638604067E+000  0.643692180861907E+000  0.296677178830577E+000  0.495525667450768E+000 -0.131028262406404E+000 -0.143915414573526E+003 -0.143915414573526E+003
  0.561408324202788E+000  0.619155015668353E+000  0.323011837316871E+000  0.499490670965580E+000 -0.131028262406404E+000 -0.143915195081035E+003 -0.143915195081035E+003
  0.592149926075318E+000  0.598294882443091E+000  0.138227361467523E+000  0.499976729259582E+000 -0.131028262406404E+000 -0.143915482265348E+003 -0.143915482265348E+003
  0.556614461011764E+000  0.651008506184428E+000  0.324990407295656E+000  0.497401515638860E+000 -0.131028262406404E+000 -0.143915247539266E+003 -0.143915247539266E+003
  0.580785450586072E+000  0.647055143832504E+000  0.334781101955563E+000  0.498579471262012E+000 -0.131028262406404E+000 -0.143915427860706E+003 -0.143915427860706E+003
  0.569816853521887E+000  0.656701329215691E+000  0.276176300124448E+000  0.499269239932396E+000 -0.131028262406404E+000 -0.143915110227460E+003 -0.143915110227460E+003
  0.581082272161098E+000  0.611813428387618E+000  0.221356751827474E+000  0.497478196992845E+000 -0.131028262406404E+000 -0.143915269073689E+003 -0.143915269073689E+003
  0.563300702301403E+000  0.660034798244071E+000  0.186549005975459E-001  0.497345110159838E+000 -0.131028262406404E+000 -0.143915219935357E+003 -0.143915219935357E+003
  0.584574361318527E+000  0.616685791206643E+000  0.375741066109121E+000  0.494773382126949E+000 -0.131028262406404E+000 -0.143915506950589E+003 -0.143915506950589E+003
  0.568782997021935E+000  0.645200746868984E+000  0.860050962927197E-001  0.493382616040166E+000 -0.131028262406404E+000 -0.143915533406775E+003 -0.143915533406775E+003
  0.579725268059836E+000  0.634500944391326E+000  0.707061733493415E-001  0.499496040166385E+000 -0.131028262406404E+000 -0.143915177987085E+003 -0.143915177987085E+003
  0.558638648375542E+000  0.673682379239406E+000  0.170401307261513E+000  0.496831455246304E+000 -0.131028262406404E+000 -0.143915388356383E+003 -0.143915388356383E+003
  0.568210032686252E+000  0.610881765822634E+000  0.663513629631501E-001  0.497940484455926E+000 -0.131028262406404E+000 -0.143915275115226E+003 -0.143915275115226E+003
  0.584300293704592E+000  0.594500966460255E+000  0.480522755442588E-001  0.499515727293138E+000 -0.131028262406404E+000 -0.143915309933155E+003 -0.143915309933155E+003
  0.570242382174610E+000  0.619734274019585E+000  0.134354948745318E+000  0.499048970642011E+000 -0.131028262406404E+000 -0.143915066287523E+003 -0.143915066287523E+003
  0.586488043291877E+000  0.614342247222554E+000  0.260102221577692E+000  0.496503082733751E+000 -0.131028262406404E+000 -0.143915453002081E+003 -0.143915453002081E+003
  0.565371870226316E+000  0.641856393122550E+000  0.356104099758034E+000  0.499247273147639E+000 -0.131028262406404E+000 -0.143914976707041E+003 -0.143914976707041E+003
  0.580898508315536E+000  0.624583217238120E+000  0.172802749634702E+000  0.497334722836746E+000 -0.131028262406404E+000 -0.143915285191609E+003 -0.143915285191609E+003
  0.580930590974331E+000  0.631145008512269E+000  0.139090684734469E+000  0.494692254009188E+000 -0.131028262406404E+000 -0.143915501938939E+003 -0.143915501938939E+003
  0.577188592805892E+000  0.598118413202706E+000  0.163617304929624E+000  0.498323128950445E+000 -0.131028262406404E+000 -0.143915304089988E+003 -0.143915304089988E+003
  0.561411546702413E+000  0.662317712044185E+000  0.313921501126567E+000  0.499959186387482E+000 -0.131028262406404E+000 -0.143914969713002E+003 -0.143914969713002E+003
  0.569736784566681E+000  0.616389442737204E+000  0.228307549656151E+000  0.497636470433481E+000 -0.131028262406404E+000 -0.143915210017289E+003 -0.143915210017289E+003
  0.576541733216486E+000  0.663752136169624E+000  0.254893956138053E-001  0.498596296252391E+000 -0.131028262406404E+000 -0.143915526674172E+003 -0.143915526674172E+003
  0.567662651207560E+000  0.662633948020297E+000  0.131715220289238E+000  0.494894243129834E+000 -0.131028262406404E+000 -0.143915534826782E+003 -0.143915534826782E+003
  0.571056787789387E+000  0.590545410717924E+000  0.297980700520548E+000  0.499133591695901E+000 -0.131028262406404E+000 -0.143915485917972E+003 -0.143915485917972E+003
  0.557682395142473E+000  0.653420861961255E+000  0.141102933987429E+000  0.499738367879187E+000 -0.131028262406404E+000 -0.143914976441051E+003 -0.143914976441051E+003
  0.569152344899480E+000  0.644134863908892E+000  0.369018140315684E+000  0.494280189135079E+000 -0.131028262406404E+000 -0.143915441965266E+003 -0.143915441965266E+003
  0.571630067685205E+000  0.642647531270003E+000  0.385307444150245E+000  0.498462839010786E+000 -0.131028262406404E+000 -0.143915094619499E+003 -0.143915094619499E+003
  0.576211125753923E+000  0.592036449750211E+000  0.952904662434842E-001  0.497830705522230E+000 -0.131028262406404E+000 -0.143915435836389E+003 -0.143915435836389E+003
  0.577411569640275E+000  0.612344979123788E+000  0.131025945647605E+000  0.495159279338484E+000 -0.131028262406404E+000 -0.143915388696425E+003 -0.143915388696425E+003
  0.560229456186439E+000  0.621288291117212E+000  0.123620715487779E+000  0.497707474935078E+000 -0.131028262406404E+000 -0.143915368339093E+003 -0.143915368339093E+003
  0.559577264805422E+000  0.614109464649710E+000  0.165388687871895E+000  0.498551425275825E+000 -0.131028262406404E+000 -0.143915434860857E+003 -0.143915434860857E+003
  0.581245755041910E+000  0.582957313140587E+000  0.333132039269139E+000  0.498810163919649E+000 -0.131028262406404E+000 -0.143915487886244E+003 -0.143915487886244E+003
  0.589087766113309E+000  0.605181643053178E+000  0.389444048834140E+000  0.497822691679307E+000 -0.131028262406404E+000 -0.143915451923583E+003 -0.143915451923583E+003
  0.586901671424804E+000  0.618133852859138E+000  0.101227011114665E+000  0.496065238608149E+000 -0.131028262406404E+000 -0.143915508970460E+003 -0.143915508970460E+003
  0.583255975763228E+000  0.644246902345679E+000  0.985704069755826E-001  0.499657011291199E+000 -0.131028262406404E+000 -0.143915446218408E+003 -0.143915446218408E+003
  0.573063375706601E+000  0.606981736880197E+000  0.100052076725575E-001  0.498521449429506E+000 -0.131028262406404E+000 -0.143915209715398E+003 -0.143915209715398E+003
  0.564816583537227E+000  0.653598289036770E+000  0.328027956857570E+000  0.497957371661382E+000 -0.131028262406404E+000 -0.143915124840571E+003 -0.143915124840571E+003
  0.570950488576189E+000  0.610325468836115E+000  0.273855958511039E+000  0.497511511239087E+000 -0.131028262406404E+000 -0.143915268752657E+003 -0.143915268752657E+003
