  0.143066483946862E+001  0.199689881903755E+001  0.176621696390364E+000  0.368760157436496E+000 -0.131028262406404E+000 -0.143305077148764E+003 -0.143305077148764E+003 -0.143305872335394E+003
  0.146560071316041E+001  0.199907120185027E+001  0.387787020995344E+000  0.353189925214330E+000 -0.131028262406404E+000 -0.143304749453581E+003 -0.143304749453581E+003 -0.143305899493151E+003
  0.147714538969924E+001  0.199490369443055E+001  0.379805370398780E+000  0.359024215083321E+000 -0.131028262406404E+000 -0.143305150868130E+003 -0.143305150868130E+003 -0.143305912364915E+003
  0.143025344883065E+001  0.199747768020983E+001  0.109788693238061E+000  0.366521485570979E+000 -0.131028262406404E+000 -0.143305018158703E+003 -0.143305018158703E+003 -0.143305764384119E+003
  0.141577979115585E+001  0.199722228001783E+001  0.611508209766678E+000  0.375891443847195E+000 -0.131028262406404E+000 -0.143305584928574E+003 -0.143305584928574E+003 -0.143306360808964E+003
  0.142537849731677E+001  0.199991397633733E+001  0.201880835997594E+000  0.366048389190115E+000 -0.131028262406404E+000 -0.143304937931508E+003 -0.143304937931508E+003 -0.143306149111602E+003
  0.149271838848615E+001  0.199871222223518E+001  0.264138276050815E+000  0.354899828037057E+000 -0.131028262406404E+000 -0.143304632303254E+003 -0.143304632303254E+003 -0.143305736636612E+003
  0.145833502389949E+001  0.199976168606653E+001  0.254397043550112E+000  0.363919387284473E+000 -0.131028262406404E+000 -0.143304490128674E+003 -0.143304490128674E+003 -0.143305886805010E+003
  0.154786769290453E+001  0.199945601332953E+001  0.269506974213568E+000  0.333624323170206E+000 -0.131028262406404E+000 -0.143305382813697E+003 -0.143305382813697E+003 -0.143305935296555E+003
  0.143014872212609E+001  0.199743643758103E+001  0.491980542255002E+000  0.366900088006135E+000 -0.131028262406404E+000 -0.143305014920997E+003 -0.143305014920997E+003 -0.143309440036207E+003
  0.152958756192419E+001  0.199964856341228E+001  0.184200078194552E+000  0.340015910252784E+000 -0.131028262406404E+000 -0.143304809384831E+003 -0.143304809384831E+003 -0.143306498317903E+003
  0.141692767793975E+001  0.199744350732739E+001  0.444953048442621E+000  0.371874539183311E+000 -0.131028262406404E+000 -0.143305309044284E+003 -0.143305309044284E+003 -0.143305816010162E+003
  0.148155965348792E+001  0.199920825177050E+001  0.841174853857763E+000  0.361720084794121E+000 -0.131028262406404E+000 -0.143305130428013E+003 -0.143305130428013E+003 -0.143305888714573E+003
  0.145625095434360E+001  0.199618799427015E+001  0.688713190479132E-001  0.363696446312880E+000 -0.131028262406404E+000 -0.143304938217566E+003 -0.143304938217566E+003 -0.143305821732397E+003
  0.143058559117670E+001  0.199686889060691E+001  0.540065537995646E+000  0.361540835569903E+000 -0.131028262406404E+000 -0.143305572025765E+003 -0.143305572025765E+003 -0.143306400795470E+003
  0.143923182411108E+001  0.199914389725726E+001  0.340743352642287E+000  0.364893241772587E+000 -0.131028262406404E+000 -0.143304628259642E+003 -0.143304628259642E+003 -0.143307156620449E+003
  0.154240246195718E+001  0.199923960292418E+001  0.355554127760274E+000  0.338255676714466E+000 -0.131028262406404E+000 -0.143305069215512E+003 -0.143305069215512E+003 -0.143323716261838E+003
  0.141229968543665E+001  0.199684356374687E+001  0.538573898872908E+000  0.375679950533325E+000 -0.131028262406404E+000 -0.143305620567359E+003 -0.143305620567359E+003 -0.143308302778209E+003
  0.152762518142263E+001  0.199707763042373E+001  0.803457043160827E+000  0.347248116488223E+000 -0.131028262406404E+000 -0.143305483448665E+003 -0.143305483448665E+003 -0.143306656292011E+003
  0.149092794948362E+001  0.199936582618734E+001  0.244754507968930E-001  0.351156938096471E+000 -0.131028262406404E+000 -0.143304343760543E+003 -0.143304343760543E+003 -0.143306860714452E+003
  0.152003229155680E+001  0.199867725218312E+001  0.600082302038757E+000  0.348670656031520E+000 -0.131028262406404E+000 -0.143305028029338E+003 -0.143305028029338E+003 -0.143312012183339E+003
  0.148277194394167E+001  0.199806767537757E+001  0.689615452250695E+000  0.345427619062563E+000 -0.131028262406404E+000 -0.143305509439644E+003 -0.143305509439644E+003 -0.143306143114564E+003
  0.145251892800230E+001  0.199506253661556E+001  0.698490735678988E+000  0.366596996023597E+000 -0.131028262406404E+000 -0.143305336878438E+003 -0.143305336878438E+003 -0.143307101612807E+003
  0.146422529949151E+001  0.198997221243613E+001  0.285740193226280E+000  0.358099499816058E+000 -0.131028262406404E+000 -0.143305634008841E+003 -0.143305634008841E+003 -0.143305909841637E+003
  0.147321700863659E+001  0.199342840156141E+001  0.964702059952773E+000  0.356999217628378E+000 -0.131028262406404E+000 -0.143305148484634E+003 -0.143305148484634E+003 -0.143306762788462E+003
  0.146146927145852E+001  0.199878815847099E+001  0.603073348648718E+000  0.364477473046040E+000 -0.131028262406404E+000 -0.143304773015755E+003 -0.143304773015755E+003 -0.143309957380855E+003
  0.153217886847586E+001  0.199776763126290E+001  0.261078706879637E+000  0.344272150630622E+000 -0.131028262406404E+000 -0.143305230334298E+003 -0.143305230334298E+003 -0.143306320015585E+003
  0.145440708037471E+001  0.199694943191773E+001  0.221808567924317E-001  0.365173747656760E+000 -0.131028262406404E+000 -0.143304938875731E+003 -0.143304938875731E+003 -0.143306311613809E+003
  0.148594259516481E+001  0.199863841562168E+001  0.830636258541506E+000  0.355187505785905E+000 -0.131028262406404E+000 -0.143304486420250E+003 -0.143304486420250E+003 -0.143305715925916E+003
  0.152164115947150E+001  0.199617192545327E+001  0.628374249584666E+000  0.348530655177377E+000 -0.131028262406404E+000 -0.143305493379209E+003 -0.143305493379209E+003 -0.143305737524417E+003
  0.147676988151626E+001  0.199362038871047E+001  0.459603060581417E+000  0.353647146004773E+000 -0.131028262406404E+000 -0.143305138689094E+003 -0.143305138689094E+003 -0.143305989739092E+003
  0.143438174306655E+001  0.199444074287698E+001  0.470836907549991E+000  0.365452138600847E+000 -0.131028262406404E+000 -0.143305323331374E+003 -0.143305323331374E+003 -0.143307593277042E+003
  0.142208894965919E+001  0.199727420591722E+001  0.436154128510381E+000  0.370561311048483E+000 -0.131028262406404E+000 -0.143305202094927E+003 -0.143305202094927E+003 -0.143305998717569E+003
  0.149944643630784E+001  0.199827459462044E+001  0.343009531414817E+000  0.344868449677369E+000 -0.131028262406404E+000 -0.143304872500762E+003 -0.143304872500762E+003 -0.143306396599531E+003
  0.141426428398480E+001  0.199966212741827E+001  0.690652586115452E+000  0.368862381850565E+000 -0.131028262406404E+000 -0.143305272931448E+003 -0.143305272931448E+003 -0.143306035153596E+003
  0.150764955565252E+001  0.199495747528368E+001  0.244352012768348E-001  0.347327432661410E+000 -0.131028262406404E+000 -0.143305126518840E+003 -0.143305126518840E+003 -0.143306443099130E+003
  0.152497506197459E+001  0.199500661954712E+001  0.293966241566224E+000  0.347230622932146E+000 -0.131028262406404E+000 -0.143305674962631E+003 -0.143305674962631E+003 -0.143306509095175E+003
  0.154762484624142E+001  0.199856701303621E+001  0.308098130654724E+000  0.340304176471651E+000 -0.131028262406404E+000 -0.143305416272252E+003 -0.143305416272252E+003 -0.143305840251096E+003
  0.150837623765131E+001  0.199475652744256E+001  0.605258192771790E+000  0.348906210013574E+000 -0.131028262406404E+000 -0.143305220892716E+003 -0.143305220892716E+003 -0.143305930306365E+003
  0.153667513001216E+001  0.199670967626812E+001  0.765040565711193E+000  0.342697025537124E+000 -0.131028262406404E+000 -0.143305447712110E+003 -0.143305447712110E+003 -0.143308246214450E+003
  0.142656591434679E+001  0.199302347450691E+001  0.504805354620048E+000  0.368350330000480E+000 -0.131028262406404E+000 -0.143305635924188E+003 -0.143305635924188E+003 -0.143307300659581E+003
  0.147448032501319E+001  0.198979735751093E+001  0.153029701737985E+000  0.354338100703118E+000 -0.131028262406404E+000 -0.143305670404478E+003 -0.143305670404478E+003 -0.143306103679045E+003
  0.144375717779707E+001  0.199961251848082E+001  0.439338381739928E+000  0.355117490795147E+000 -0.131028262406404E+000 -0.143305646030408E+003 -0.143305646030408E+003 -0.143306185772245E+003
  0.148641558819782E+001  0.199937861821807E+001  0.611122080757392E-001  0.343911275284804E+000 -0.131028262406404E+000 -0.143305508109179E+003 -0.143305508109179E+003 -0.143309676537725E+003
  0.147528366738157E+001  0.199863411700113E+001  0.637628794949179E+000  0.357531186908906E+000 -0.131028262406404E+000 -0.143304444657478E+003 -0.143304444657478E+003 -0.143306160053780E+003
  0.143350455172424E+001  0.199514846831061E+001  0.218400493524827E+000  0.362522595785229E+000 -0.131028262406404E+000 -0.143305475077192E+003 -0.143305475077192E+003 -0.143306400112340E+003
  0.153035420470752E+001  0.199603129615880E+001  0.894265430459765E-001  0.342832003537616E+000 -0.131028262406404E+000 -0.143305341000223E+003 -0.143305341000223E+003 -0.143306131911641E+003
  0.150685415053825E+001  0.199971442040565E+001  0.462046523138886E+000  0.343960433647437E+000 -0.131028262406404E+000 -0.143304625673098E+003 -0.143304625673098E+003 -0.143306137547387E+003
  0.151511246600835E+001  0.199879495290373E+001  0.531937000960064E+000  0.346863401429942E+000 -0.131028262406404E+000 -0.143304676755261E+003 -0.143304676755261E+003 -0.143305934029612E+003
  0.142997472522945E+001  0.199629552215836E+001  0.101101750350881E+000  0.370602310161719E+000 -0.131028262406404E+000 -0.143305254808553E+003 -0.143305254808553E+003 -0.143309127432849E+003
  0.142430179820968E+001  0.199926486489386E+001  0.390800996983812E+000  0.367757687671329E+000 -0.131028262406404E+000 -0.143304944453096E+003 -0.143304944453096E+003 -0.143306015861338E+003
  0.146783986771071E+001  0.199184657221483E+001  0.683045369947191E+000  0.354444063210650E+000 -0.131028262406404E+000 -0.143305477378198E+003 -0.143305477378198E+003 -0.143309322426107E+003
  0.146481650862163E+001  0.199391311714012E+001  0.663642971830322E+000  0.354329704139168E+000 -0.131028262406404E+000 -0.143305295969969E+003 -0.143305295969969E+003 -0.143305834265081E+003
  0.152870294526472E+001  0.199799581694197E+001  0.104414371824002E+000  0.342986572546575E+000 -0.131028262406404E+000 -0.143304997737072E+003 -0.143304997737072E+003 -0.143306015187315E+003
  0.144611905404081E+001  0.199745505192613E+001  0.463303901841980E+000  0.365375291227056E+000 -0.131028262406404E+000 -0.143304792834784E+003 -0.143304792834784E+003 -0.143307387244408E+003
  0.142830093805698E+001  0.199971111434007E+001  0.678418379223540E+000  0.371037187479549E+000 -0.131028262406404E+000 -0.143304842298880E+003 -0.143304842298880E+003 -0.143306072517650E+003
  0.146755571964936E+001  0.199168909261554E+001  0.534218183741586E+000  0.361850845906214E+000 -0.131028262406404E+000 -0.143305667014630E+003 -0.143305667014630E+003 -0.143307716502717E+003
  0.145316875774318E+001  0.199419157973766E+001  0.132976587189269E+000  0.361065739749956E+000 -0.131028262406404E+000 -0.143305109720117E+003 -0.143305109720117E+003 -0.143305762771492E+003
  0.153343942538369E+001  0.199845865126930E+001  0.539456204508702E+000  0.342647067741866E+000 -0.131028262406404E+000 -0.143305048228485E+003 -0.143305048228485E+003 -0.143308877862848E+003
  0.144001409139235E+001  0.199491985133763E+001  0.122236849211115E+000  0.370471119863995E+000 -0.131028262406404E+000 -0.143305565711055E+003 -0.143305565711055E+003 -0.143308577324375E+003
  0.143155112393871E+001  0.199749765241050E+001  0.645113849771623E+000  0.369072146994824E+000 -0.131028262406404E+000 -0.143305002836373E+003 -0.143305002836373E+003 -0.143306322260079E+003
  0.150797664115303E+001  0.199317585366067E+001  0.298178834510968E-001  0.344461513433679E+000 -0.131028262406404E+000 -0.143305489740072E+003 -0.143305489740072E+003 -0.143305789511560E+003
  0.142459607341168E+001  0.199787737449309E+001  0.155159576416420E-001  0.376224163609380E+000 -0.131028262406404E+000 -0.143305680649310E+003 -0.143305680649310E+003 -0.143306541908201E+003
  0.150074629322925E+001  0.199504182315260E+001  0.745536956665185E+000  0.343404956450621E+000 -0.131028262406404E+000 -0.143305494329592E+003 -0.143305494329592E+003 -0.143306703621542E+003
  0.144216054339693E+001  0.199815769657731E+001  0.345035396492862E+000  0.359550943892977E+000 -0.131028262406404E+000 -0.143305056139180E+003 -0.143305056139180E+003 -0.143306833220495E+003
  0.143979167831792E+001  0.199891916170935E+001  0.598231156765877E+000  0.361174217764598E+000 -0.131028262406404E+000 -0.143304875880737E+003 -0.143304875880737E+003 -0.143306054006907E+003
  0.145596015421507E+001  0.199881245977130E+001  0.567397911610804E-001  0.359529934000024E+000 -0.131028262406404E+000 -0.143304491329196E+003 -0.143304491329196E+003 -0.143307993139998E+003
  0.146367579627864E+001  0.199266368973043E+001  0.668374156721636E+000  0.354158919365172E+000 -0.131028262406404E+000 -0.143305518477102E+003 -0.143305518477102E+003 -0.143306155637078E+003
  0.142055846804560E+001  0.199989254238064E+001  0.952265319813978E+000  0.364272516186082E+000 -0.131028262406404E+000 -0.143305450520110E+003 -0.143305450520110E+003 -0.143305954377045E+003
  0.145121968705207E+001  0.199854276976105E+001  0.268221120698394E+000  0.365167441480412E+000 -0.131028262406404E+000 -0.143304663998276E+003 -0.143304663998276E+003 -0.143306037254183E+003
  0.153259650233806E+001  0.199847661616932E+001  0.923463302213914E+000  0.340965022537445E+000 -0.131028262406404E+000 -0.143304983894415E+003 -0.143304983894415E+003 -0.143312325704724E+003
  0.150061081449644E+001  0.199791594317937E+001  0.457485870133046E+000  0.343384602740461E+000 -0.131028262406404E+000 -0.143305115256341E+003 -0.143305115256341E+003 -0.143305857578001E+003
  0.146405704567193E+001  0.199899282923484E+001  0.970541380083517E-001  0.365411116959333E+000 -0.131028262406404E+000 -0.143304991121990E+003 -0.143304991121990E+003 -0.143306017057254E+003
  0.144404034929145E+001  0.199871854156899E+001  0.223359656621850E-001  0.360337755820177E+000 -0.131028262406404E+000 -0.143304805323625E+003 -0.143304805323625E+003 -0.143306646774435E+003
  0.146876996047212E+001  0.199917580386929E+001  0.425024543115638E+000  0.348708825602838E+000 -0.131028262406404E+000 -0.143305454884432E+003 -0.143305454884432E+003 -0.143305768833750E+003
  0.143832113930074E+001  0.199764608613278E+001  0.534008888142825E+000  0.365131784841933E+000 -0.131028262406404E+000 -0.143304833771823E+003 -0.143304833771823E+003 -0.143310588170025E+003
  0.145171418424554E+001  0.199457977711501E+001  0.914174342525947E+000  0.358336927493163E+000 -0.131028262406404E+000 -0.143305233764569E+003 -0.143305233764569E+003 -0.143306264238626E+003
  0.150500617048714E+001  0.199951843799880E+001  0.636930001789108E+000  0.354281922143076E+000 -0.131028262406404E+000 -0.143304975017987E+003 -0.143304975017987E+003 -0.143310205116283E+003
  0.149184774535799E+001  0.199601282042042E+001  0.529607108469329E+000  0.350935465325032E+000 -0.131028262406404E+000 -0.143304827316760E+003 -0.143304827316760E+003 -0.143305977298361E+003
  0.152027408155606E+001  0.199798519140862E+001  0.367106297539802E+000  0.345773476551138E+000 -0.131028262406404E+000 -0.143304884511708E+003 -0.143304884511708E+003 -0.143308206499041E+003
  0.149001822856632E+001  0.199978848504309E+001  0.294097148263223E-001  0.357440943204340E+000 -0.131028262406404E+000 -0.143304692625673E+003 -0.143304692625673E+003 -0.143305785778553E+003
  0.143376008361520E+001  0.199672938599546E+001  0.477190284114639E+000  0.368827867657244E+000 -0.131028262406404E+000 -0.143305079914627E+003 -0.143305079914627E+003 -0.143305948126554E+003
  0.142661967532164E+001  0.199345010551125E+001  0.804101622460289E+000  0.367911678684020E+000 -0.131028262406404E+000 -0.143305585060081E+003 -0.143305585060081E+003 -0.143305703178220E+003
  0.155347425867729E+001  0.199949995005006E+001  0.937497617521097E+000  0.331491657088550E+000 -0.131028262406404E+000 -0.143305613034101E+003 -0.143305613034101E+003 -0.143306731649520E+003
  0.149917283626422E+001  0.199413395961967E+001  0.488144300495898E+000  0.346466016587392E+000 -0.131028262406404E+000 -0.143305275034589E+003 -0.143305275034589E+003 -0.143305729328831E+003
  0.155220814595864E+001  0.199960505592868E+001  0.225634559931960E+000  0.333281636764852E+000 -0.131028262406404E+000 -0.143305385112797E+003 -0.143305385112797E+003 -0.143307981704319E+003
  0.147881591766266E+001  0.199973277016345E+001  0.112853776000036E+000  0.364303473894517E+000 -0.131028262406404E+000 -0.143305485882050E+003 -0.143305485882050E+003 -0.143306847870197E+003
  0.142890345814606E+001  0.199304017296862E+001  0.685347439996095E+000  0.367082339221419E+000 -0.131028262406404E+000 -0.143305596422386E+003 -0.143305596422386E+003 -0.143307432458904E+003
  0.152248597069896E+001  0.199400881197981E+001  0.809850540970881E+000  0.342252927816971E+000 -0.131028262406404E+000 -0.143305501250742E+003 -0.143305501250742E+003 -0.143306900602395E+003
  0.145922091902427E+001  0.199802137116775E+001  0.138577372679491E+000  0.353307191801763E+000 -0.131028262406404E+000 -0.143305175848104E+003 -0.143305175848104E+003 -0.143306673964993E+003
  0.148910547653941E+001  0.199071832813551E+001  0.529503807510435E+000  0.351135561695460E+000 -0.131028262406404E+000 -0.143305584114605E+003 -0.143305584114605E+003 -0.143306170011431E+003
  0.148022621877933E+001  0.199364157818698E+001  0.693504713538636E+000  0.350586258027341E+000 -0.131028262406404E+000 -0.143305298436002E+003 -0.143305298436002E+003 -0.143311147211144E+003
  0.141491361876882E+001  0.199891886711128E+001  0.722318896241826E+000  0.370558873644009E+000 -0.131028262406404E+000 -0.143305215862750E+003 -0.143305215862750E+003 -0.143309165629840E+003
  0.143437649498770E+001  0.199872967536821E+001  0.828506125706046E+000  0.368949048077509E+000 -0.131028262406404E+000 -0.143304822809063E+003 -0.143304822809063E+003 -0.143306083899667E+003
  0.151159517655937E+001  0.199518445171431E+001  0.647863405289555E+000  0.350989154607951E+000 -0.131028262406404E+000 -0.143305487723950E+003 -0.143305487723950E+003 -0.143306389393533E+003
  0.151933099782501E+001  0.199827856449388E+001  0.251511800676695E+000  0.341732748508118E+000 -0.131028262406404E+000 -0.143304899901888E+003 -0.143304899901888E+003 -0.143306007418385E+003
  0.150023415144717E+001  0.199221902063144E+001  0.492441292031116E+000  0.348817903694951E+000 -0.131028262406404E+000 -0.143305451910692E+003 -0.143305451910692E+003 -0.143307015405124E+003
  0.154029911430428E+001  0.199794867332005E+001  0.481206462010988E+000  0.342396209711173E+000 -0.131028262406404E+000 -0.143305379771566E+003 -0.143305379771566E+003 -0.143307061286260E+003
  0.151415268578195E+001  0.199981625885968E+001  0.563311860731993E+000  0.339192426390078E+000 -0.131028262406404E+000 -0.143305160510368E+003 -0.143305160510368E+003 -0.143305969946036E+003
  0.149440647697839E+001  0.199921357019884E+001  0.605937401590053E+000  0.348033490206409E+000 -0.131028262406404E+000 -0.143304498724140E+003 -0.143304498724140E+003 -0.143305801826853E+003
  0.154520865241811E+001  0.199930459612516E+001  0.741562214277034E+000  0.335383353931595E+000 -0.131028262406404E+000 -0.143305230611245E+003 -0.143305230611245E+003 -0.143306258216529E+003
  0.148952025735125E+001  0.199872270969352E+001  0.295370799770069E+000  0.357363906037308E+000 -0.131028262406404E+000 -0.143304821970298E+003 -0.143304821970298E+003 -0.143307026616551E+003
  0.143764201309364E+001  0.199944746349032E+001  0.859201800042249E-001  0.367784206257542E+000 -0.131028262406404E+000 -0.143304657072026E+003 -0.143304657072026E+003 -0.143306002089271E+003
  0.150824518746367E+001  0.199815012000109E+001  0.259559875948459E+000  0.351006273076317E+000 -0.131028262406404E+000 -0.143304870035201E+003 -0.143304870035201E+003 -0.143307334924205E+003
  0.154792231092207E+001  0.199797225712413E+001  0.276522098829875E+000  0.340908920567538E+000 -0.131028262406404E+000 -0.143305589051268E+003 -0.143305589051268E+003 -0.143305694458719E+003
  0.144730553253587E+001  0.199921230114243E+001  0.110653853964758E+000  0.359654499277060E+000 -0.131028262406404E+000 -0.143304682682826E+003 -0.143304682682826E+003 -0.143305862200854E+003
  0.148212591804980E+001  0.199751477361964E+001  0.674200049638599E+000  0.345227197382396E+000 -0.131028262406404E+000 -0.143305667262067E+003 -0.143305667262067E+003 -0.143306515904893E+003
  0.154672707107728E+001  0.199898123067355E+001  0.718896260361859E+000  0.332511497162746E+000 -0.131028262406404E+000 -0.143305622936221E+003 -0.143305622936221E+003 -0.143305955974800E+003
  0.145705348977320E+001  0.199685493903123E+001  0.903405737474203E+000  0.356800270108272E+000 -0.131028262406404E+000 -0.143304910427361E+003 -0.143304910427361E+003 -0.143306540335759E+003
  0.149156286697945E+001  0.199428839644479E+001  0.441953958932854E+000  0.347514207758523E+000 -0.131028262406404E+000 -0.143305279213364E+003 -0.143305279213364E+003 -0.143305743545093E+003
  0.148251531539020E+001  0.199942925860846E+001  0.671438311140296E-001  0.353669301538621E+000 -0.131028262406404E+000 -0.143304299330228E+003 -0.143304299330228E+003 -0.143305778744282E+003
  0.143585186156848E+001  0.199681761721027E+001  0.805949802587112E+000  0.366571078377800E+000 -0.131028262406404E+000 -0.143304979023834E+003 -0.143304979023834E+003 -0.143305871548255E+003
  0.146311070688495E+001  0.199529061983054E+001  0.955325100595574E+000  0.354875053389297E+000 -0.131028262406404E+000 -0.143305111689948E+003 -0.143305111689948E+003 -0.143310806300062E+003
  0.149316826924926E+001  0.199633747659611E+001  0.569153222773622E+000  0.347940752164167E+000 -0.131028262406404E+000 -0.143304923204682E+003 -0.143304923204682E+003 -0.143307084722881E+003
  0.149872475318382E+001  0.199757621011734E+001  0.997116217949180E+000  0.350155893760085E+000 -0.131028262406404E+000 -0.143304653049912E+003 -0.143304653049912E+003 -0.143309384256613E+003
  0.152876698277845E+001  0.199401097609976E+001  0.601949935379078E+000  0.340790858271908E+000 -0.131028262406404E+000 -0.143305608791718E+003 -0.143305608791718E+003 -0.143305814789320E+003
  0.142301422693974E+001  0.199866713935478E+001  0.973722533060521E+000  0.371779394728887E+000 -0.131028262406404E+000 -0.143305052616017E+003 -0.143305052616017E+003 -0.143305936361077E+003
  0.147292317380392E+001  0.199530639653667E+001  0.932751801090711E+000  0.362250350949601E+000 -0.131028262406404E+000 -0.143305385560530E+003 -0.143305385560530E+003 -0.143306584565905E+003
  0.145559374214243E+001  0.199461026796138E+001  0.298502191699167E+000  0.354582139139278E+000 -0.131028262406404E+000 -0.143305563535798E+003 -0.143305563535798E+003 -0.143306027483387E+003
  0.151965936727223E+001  0.199783835935247E+001  0.732156512077295E+000  0.348956437111518E+000 -0.131028262406404E+000 -0.143305182285562E+003 -0.143305182285562E+003 -0.143306075416356E+003
  0.146455585269574E+001  0.199504998833421E+001  0.582636898709090E+000  0.358678554238306E+000 -0.131028262406404E+000 -0.143304923696577E+003 -0.143304923696577E+003 -0.143306669398656E+003
  0.145083493470123E+001  0.199655794943333E+001  0.337268988337382E-001  0.366271006322738E+000 -0.131028262406404E+000 -0.143305041526349E+003 -0.143305041526349E+003 -0.143305730752079E+003
  0.144910811539448E+001  0.199998069054768E+001  0.735225477733642E+000  0.363373992427894E+000 -0.131028262406404E+000 -0.143304381607406E+003 -0.143304381607406E+003 -0.143308479250549E+003
  0.145738866651276E+001  0.199702461690113E+001  0.630842455786906E+000  0.360374087720754E+000 -0.131028262406404E+000 -0.143304692167114E+003 -0.143304692167114E+003 -0.143305772662233E+003
  0.143035412547660E+001  0.199575079970144E+001  0.690318522843727E-001  0.363165431925001E+000 -0.131028262406404E+000 -0.143305484617710E+003 -0.143305484617710E+003 -0.143305740337247E+003
  0.144098864120929E+001  0.199954437849525E+001  0.906958631172819E+000  0.367143960596807E+000 -0.131028262406404E+000 -0.143304604949185E+003 -0.143304604949185E+003 -0.143305903762852E+003
  0.143840123994791E+001  0.199916137485304E+001  0.254855958671195E-002  0.368262211500965E+000 -0.131028262406404E+000 -0.143304722671323E+003 -0.143304722671323E+003 -0.143307653742529E+003
  0.144693070041660E+001  0.199747128433902E+001  0.386213561943094E+000  0.358741811258498E+000 -0.131028262406404E+000 -0.143305016026116E+003 -0.143305016026116E+003 -0.143306699560979E+003
  0.153191353665396E+001  0.199432133927946E+001  0.933518174769624E+000  0.340534809698736E+000 -0.131028262406404E+000 -0.143305609806725E+003 -0.143305609806725E+003 -0.143305722195278E+003
  0.154612135458315E+001  0.199807362950432E+001  0.426068771918980E+000  0.338233177969912E+000 -0.131028262406404E+000 -0.143305330875520E+003 -0.143305330875520E+003 -0.143306500606511E+003
  0.146406660836268E+001  0.199247850493162E+001  0.261993584755009E+000  0.357822095084294E+000 -0.131028262406404E+000 -0.143305285900176E+003 -0.143305285900176E+003 -0.143305831032079E+003
  0.145923188406598E+001  0.199952911795787E+001  0.365461792775026E+000  0.362462479196751E+000 -0.131028262406404E+000 -0.143304417198825E+003 -0.143304417198825E+003 -0.143310401395415E+003
  0.153380239883661E+001  0.199824431826083E+001  0.904051332329652E+000  0.338138199316072E+000 -0.131028262406404E+000 -0.143305153160380E+003 -0.143305153160380E+003 -0.143306448002701E+003
  0.144536905876169E+001  0.199248469146549E+001  0.629180722313207E+000  0.365139046964261E+000 -0.131028262406404E+000 -0.143305457527229E+003 -0.143305457527229E+003 -0.143308627719591E+003
  0.146658839562457E+001  0.199775781120323E+001  0.861989115999118E+000  0.353000664398727E+000 -0.131028262406404E+000 -0.143304901828320E+003 -0.143304901828320E+003 -0.143306950036338E+003
  0.145980927203195E+001  0.199983571424820E+001  0.342275696505032E+000  0.366691448971389E+000 -0.131028262406404E+000 -0.143304916255476E+003 -0.143304916255476E+003 -0.143306134981013E+003
  0.141676464301072E+001  0.199719837117564E+001  0.354348204428994E+000  0.375020080573851E+000 -0.131028262406404E+000 -0.143305502504392E+003 -0.143305502504392E+003 -0.143305808186397E+003
  0.144818742425336E+001  0.199436441330542E+001  0.389463132717081E+000  0.358926538315357E+000 -0.131028262406404E+000 -0.143305330666504E+003 -0.143305330666504E+003 -0.143305953687687E+003
  0.150059680111459E+001  0.199777599501933E+001  0.845878715722812E+000  0.348343617723754E+000 -0.131028262406404E+000 -0.143304646769936E+003 -0.143304646769936E+003 -0.143309075019079E+003
  0.148430178762575E+001  0.199647864742147E+001  0.135227255102518E+000  0.349629598073787E+000 -0.131028262406404E+000 -0.143304916159140E+003 -0.143304916159140E+003 -0.143306736355183E+003
  0.152846596115527E+001  0.199947730101077E+001  0.822468298803322E+000  0.341021622854917E+000 -0.131028262406404E+000 -0.143304779327550E+003 -0.143304779327550E+003 -0.143307743169915E+003
  0.147134346946352E+001  0.199768007638193E+001  0.418110882131446E+000  0.350238579620198E+000 -0.131028262406404E+000 -0.143305150001404E+003 -0.143305150001404E+003 -0.143306409123202E+003
  0.149951716091377E+001  0.199576094524080E+001  0.731243439048296E-001  0.347879919525086E+000 -0.131028262406404E+000 -0.143304951740967E+003 -0.143304951740967E+003 -0.143306505740473E+003
  0.149808045660326E+001  0.199162268524914E+001  0.952405015410233E-001  0.348635654645809E+000 -0.131028262406404E+000 -0.143305527631555E+003 -0.143305527631555E+003 -0.143308213838638E+003
  0.148536758187827E+001  0.199815510644056E+001  0.736630752676975E+000  0.354154523528544E+000 -0.131028262406404E+000 -0.143304500587134E+003 -0.143304500587134E+003 -0.143307532310810E+003
  0.152262914874451E+001  0.199677544569997E+001  0.105872335584165E+000  0.341920888738395E+000 -0.131028262406404E+000 -0.143305104009542E+003 -0.143305104009542E+003 -0.143305848037226E+003
  0.152992591470969E+001  0.199966872413388E+001  0.279366349835606E+000  0.344977231083135E+000 -0.131028262406404E+000 -0.143304900129002E+003 -0.143304900129002E+003 -0.143307379436577E+003
  0.142962233473704E+001  0.199692621915517E+001  0.514600668153051E+000  0.364830711627822E+000 -0.131028262406404E+000 -0.143305207912846E+003 -0.143305207912846E+003 -0.143306484095961E+003
  0.148422853334141E+001  0.199369516050326E+001  0.862318921951648E+000  0.351836631775521E+000 -0.131028262406404E+000 -0.143305143958790E+003 -0.143305143958790E+003 -0.143305718483600E+003
  0.146999747104713E+001  0.199651211668707E+001  0.800661167874283E+000  0.360936233774507E+000 -0.131028262406404E+000 -0.143304915755794E+003 -0.143304915755794E+003 -0.143306329768551E+003
  0.147818110352641E+001  0.198999136632498E+001  0.979868050185201E+000  0.353457286187406E+000 -0.131028262406404E+000 -0.143305648288405E+003 -0.143305648288405E+003 -0.143306575985086E+003
  0.143402629647151E+001  0.199880754386852E+001  0.384638000504636E+000  0.372047261790843E+000 -0.131028262406404E+000 -0.143305113424943E+003 -0.143305113424943E+003 -0.143306125793654E+003
  0.150631194113515E+001  0.199630120952155E+001  0.323037424033732E+000  0.346125458317390E+000 -0.131028262406404E+000 -0.143304943902313E+003 -0.143304943902313E+003 -0.143305859402950E+003
  0.150835620367628E+001  0.199261117805969E+001  0.167510124399498E+000  0.348423911093002E+000 -0.131028262406404E+000 -0.143305524557205E+003 -0.143305524557205E+003 -0.143306022119980E+003
  0.141917903602114E+001  0.199935424650886E+001  0.903201925178842E+000  0.366069601583016E+000 -0.131028262406404E+000 -0.143305333892538E+003 -0.143305333892538E+003 -0.143307611929246E+003
  0.147592874899453E+001  0.199283437543985E+001  0.268778930393161E+000  0.358733823100340E+000 -0.131028262406404E+000 -0.143305394513864E+003 -0.143305394513864E+003 -0.143308181862394E+003
  0.140213432734604E+001  0.199905366110233E+001  0.499268062319413E+000  0.373469977871322E+000 -0.131028262406404E+000 -0.143305632361059E+003 -0.143305632361059E+003 -0.143313885315726E+003
  0.144282861577075E+001  0.199776983939011E+001  0.109595704838099E+000  0.361460881740233E+000 -0.131028262406404E+000 -0.143304865734124E+003 -0.143304865734124E+003 -0.143305838178051E+003
  0.151944402381064E+001  0.199479995073181E+001  0.262505253226190E+000  0.344480314793753E+000 -0.131028262406404E+000 -0.143305315047304E+003 -0.143305315047304E+003 -0.143322313385132E+003
  0.148548745552659E+001  0.199908150875052E+001  0.833335672186807E+000  0.352296645281844E+000 -0.131028262406404E+000 -0.143304366343341E+003 -0.143304366343341E+003 -0.143306688583044E+003
  0.140255521569807E+001  0.199892337667061E+001  0.303722827134613E+000  0.376104168725512E+000 -0.131028262406404E+000 -0.143305572911530E+003 -0.143305572911530E+003 -0.143306037891837E+003
  0.147898429201997E+001  0.199403765296987E+001  0.678948570246823E+000  0.350261147380769E+000 -0.131028262406404E+000 -0.143305314981962E+003 -0.143305314981962E+003 -0.143306192632482E+003
  0.143024719534464E+001  0.199467917587749E+001  0.176386811463133E+000  0.368904651642573E+000 -0.131028262406404E+000 -0.143305373741639E+003 -0.143305373741639E+003 -0.143306109430104E+003
  0.140496512004615E+001  0.199889286701055E+001  0.393836744887310E+000  0.378828540505245E+000 -0.131028262406404E+000 -0.143305689720832E+003 -0.143305689720832E+003 -0.143306129242557E+003
  0.152399585240691E+001  0.199625367174780E+001  0.119561546597559E+000  0.339219438655342E+000 -0.131028262406404E+000 -0.143305400941764E+003 -0.143305400941764E+003 -0.143305700853623E+003
  0.147737122363896E+001  0.199852999064588E+001  0.281965104355935E+000  0.359270077038034E+000 -0.131028262406404E+000 -0.143304645741778E+003 -0.143304645741778E+003 -0.143305979550751E+003
  0.150474021354221E+001  0.199739237038659E+001  0.669014707160824E+000  0.347190353548927E+000 -0.131028262406404E+000 -0.143304745089617E+003 -0.143304745089617E+003 -0.143306747980177E+003
  0.146704474779736E+001  0.199220821988714E+001  0.345130803897766E+000  0.354034117516911E+000 -0.131028262406404E+000 -0.143305485824888E+003 -0.143305485824888E+003 -0.143306032168906E+003
  0.152015849758308E+001  0.199849667106446E+001  0.107865632333986E+000  0.350681639442501E+000 -0.131028262406404E+000 -0.143305391751387E+003 -0.143305391751387E+003 -0.143306647766007E+003
  0.143876142490071E+001  0.199417677511946E+001  0.966102713027839E+000  0.360663409394965E+000 -0.131028262406404E+000 -0.143305562652547E+003 -0.143305562652547E+003 -0.143305751919763E+003
  0.144393855193714E+001  0.199930026841693E+001  0.553253756365980E-001  0.359608923450290E+000 -0.131028262406404E+000 -0.143304822815255E+003 -0.143304822815255E+003 -0.143307303944564E+003
  0.153146930187179E+001  0.199774646126009E+001  0.617080503830544E+000  0.338679129210046E+000 -0.131028262406404E+000 -0.143305184629012E+003 -0.143305184629012E+003 -0.143305703852948E+003
  0.151031776056176E+001  0.199314947325933E+001  0.347680372498474E-001  0.350259560232440E+000 -0.131028262406404E+000 -0.143305658146245E+003 -0.143305658146245E+003 -0.143305962399477E+003
  0.144273842059079E+001  0.199771476012813E+001  0.233416427047745E+000  0.363317890875322E+000 -0.131028262406404E+000 -0.143304772450366E+003 -0.143304772450366E+003 -0.143305793422333E+003
  0.142297382061882E+001  0.199769154087930E+001  0.283969955094405E+000  0.375769925761492E+000 -0.131028262406404E+000 -0.143305590881890E+003 -0.143305590881890E+003 -0.143306835808651E+003
  0.147015590963775E+001  0.199366881769042E+001  0.359801873956821E+000  0.351387838236957E+000 -0.131028262406404E+000 -0.143305520887858E+003 -0.143305520887858E+003 -0.143306895063148E+003
  0.148957987221221E+001  0.199985354345981E+001  0.755889770523465E+000  0.346527007563587E+000 -0.131028262406404E+000 -0.143304726499262E+003 -0.143304726499262E+003 -0.143306568579969E+003
  0.141481244476716E+001  0.199791541134777E+001  0.891269743631830E+000  0.368315261736499E+000 -0.131028262406404E+000 -0.143305493558580E+003 -0.143305493558580E+003 -0.143307634861975E+003
  0.152549330542069E+001  0.199760866172772E+001  0.548120291138399E+000  0.339028945221351E+000 -0.131028262406404E+000 -0.143305211177867E+003 -0.143305211177867E+003 -0.143306664576023E+003
  0.147839676640617E+001  0.199724267272015E+001  0.204816351800977E+000  0.361234192776051E+000 -0.131028262406404E+000 -0.143305168818295E+003 -0.143305168818295E+003 -0.143306173431261E+003
  0.147664535986386E+001  0.199060527028306E+001  0.792174502998134E+000  0.357452813289907E+000 -0.131028262406404E+000 -0.143305635397845E+003 -0.143305635397845E+003 -0.143305796731307E+003
  0.150174259238668E+001  0.199691732852858E+001  0.221652876780658E+000  0.348531100197249E+000 -0.131028262406404E+000 -0.143304773943148E+003 -0.143304773943148E+003 -0.143305953046288E+003
  0.141607556788207E+001  0.199742689502529E+001  0.929828700556742E+000  0.367013826859519E+000 -0.131028262406404E+000 -0.143305620902485E+003 -0.143305620902485E+003 -0.143305945751367E+003
  0.147956551000848E+001  0.199520242431729E+001  0.404329867940300E+000  0.355518392010032E+000 -0.131028262406404E+000 -0.143304905610787E+003 -0.143304905610787E+003 -0.143306716879796E+003
  0.149007102709453E+001  0.199752726870176E+001  0.590028816342295E+000  0.359553311988656E+000 -0.131028262406404E+000 -0.143305447268138E+003 -0.143305447268138E+003 -0.143305847856972E+003
  0.145773568355172E+001  0.199537821718590E+001  0.403887404423139E+000  0.358691841578916E+000 -0.131028262406404E+000 -0.143304946323541E+003 -0.143304946323541E+003 -0.143305896640759E+003
  0.143034706845680E+001  0.199842610110304E+001  0.454376236810466E+000  0.361947439296017E+000 -0.131028262406404E+000 -0.143305341588870E+003 -0.143305341588870E+003 -0.143305953835502E+003
  0.144086402367875E+001  0.199656812206270E+001  0.542068361982854E-001  0.365268305085935E+000 -0.131028262406404E+000 -0.143304933678880E+003 -0.143304933678880E+003 -0.143306547650943E+003
  0.148540599530592E+001  0.199657543133100E+001  0.259550363222170E+000  0.349609391680803E+000 -0.131028262406404E+000 -0.143304879942976E+003 -0.143304879942976E+003 -0.143305820523219E+003
  0.146196123714611E+001  0.199176712290926E+001  0.917383237727200E-001  0.357836218405063E+000 -0.131028262406404E+000 -0.143305403596746E+003 -0.143305403596746E+003 -0.143305737705845E+003
  0.150977869034307E+001  0.199733008748840E+001  0.869389090361617E+000  0.353278931430415E+000 -0.131028262406404E+000 -0.143305424138015E+003 -0.143305424138015E+003 -0.143305970910155E+003
  0.143484635330810E+001  0.199536267081318E+001  0.657565273330577E-001  0.361313908257856E+000 -0.131028262406404E+000 -0.143305533156595E+003 -0.143305533156595E+003 -0.143308759041044E+003
  0.142340396948786E+001  0.199558238391487E+001  0.839357487132243E+000  0.369707261340474E+000 -0.131028262406404E+000 -0.143305378850236E+003 -0.143305378850236E+003 -0.143306316185581E+003
  0.141828971842105E+001  0.199966811081503E+001  0.362207212044743E+000  0.375099250085575E+000 -0.131028262406404E+000 -0.143305195815284E+003 -0.143305195815284E+003 -0.143305797126271E+003
  0.147635996042517E+001  0.199997771293897E+001  0.969155474320795E+000  0.362589189163675E+000 -0.131028262406404E+000 -0.143304901463471E+003 -0.143304901463471E+003 -0.143306931505127E+003
  0.155825087840755E+001  0.199904836821025E+001  0.237914375263323E-001  0.335028442292335E+000 -0.131028262406404E+000 -0.143305470032658E+003 -0.143305470032658E+003 -0.143305765355946E+003
  0.155090006029436E+001  0.199795918030659E+001  0.535448683518775E+000  0.339934442434020E+000 -0.131028262406404E+000 -0.143305635493106E+003 -0.143305635493106E+003 -0.143308878076246E+003
  0.151677387844152E+001  0.199807432734135E+001  0.706485077305572E+000  0.349932716690718E+000 -0.131028262406404E+000 -0.143305135875401E+003 -0.143305135875401E+003 -0.143306074066058E+003
  0.149153452746076E+001  0.199387777162604E+001  0.933054799427298E+000  0.355871627455717E+000 -0.131028262406404E+000 -0.143305445783834E+003 -0.143305445783834E+003 -0.143306286190568E+003
  0.150798661463000E+001  0.199969022941998E+001  0.929826596180686E-001  0.349800066220669E+000 -0.131028262406404E+000 -0.143304514690724E+003 -0.143304514690724E+003 -0.143306971810888E+003
  0.142879192526315E+001  0.199858459686461E+001  0.412349908994758E+000  0.365808673726205E+000 -0.131028262406404E+000 -0.143304968453417E+003 -0.143304968453417E+003 -0.143307995059764E+003
  0.147414776857905E+001  0.199763974774685E+001  0.723788724699760E+000  0.355458209396489E+000 -0.131028262406404E+000 -0.143304547005971E+003 -0.143304547005971E+003 -0.143308041449794E+003
  0.145447989861876E+001  0.199557475181797E+001  0.814174533307907E+000  0.367338471071206E+000 -0.131028262406404E+000 -0.143305441399589E+003 -0.143305441399589E+003 -0.143306093838749E+003
  0.145810913396036E+001  0.199866995069977E+001  0.902898896998356E+000  0.366599286421013E+000 -0.131028262406404E+000 -0.143305001100975E+003 -0.143305001100975E+003 -0.143306100487932E+003
  0.150474097934507E+001  0.199763305228918E+001  0.815045614870763E+000  0.342369984036534E+000 -0.131028262406404E+000 -0.143305188722353E+003 -0.143305188722353E+003 -0.143306005970141E+003
  0.146990956272364E+001  0.199868988196927E+001  0.662907251053672E+000  0.361685923561333E+000 -0.131028262406404E+000 -0.143304681590593E+003 -0.143304681590593E+003 -0.143306111248379E+003
  0.146704458312858E+001  0.199807291678318E+001  0.565641042049622E+000  0.364139623625789E+000 -0.131028262406404E+000 -0.143305032523348E+003 -0.143305032523348E+003 -0.143306051682404E+003
  0.151023713619885E+001  0.199685482742867E+001  0.753340355466512E+000  0.340512902898810E+000 -0.131028262406404E+000 -0.143305441929801E+003 -0.143305441929801E+003 -0.143306042024174E+003
  0.151482598140641E+001  0.199596555642506E+001  0.933288277583296E+000  0.341208044989708E+000 -0.131028262406404E+000 -0.143305337113480E+003 -0.143305337113480E+003 -0.143306000074128E+003
  0.149255274757855E+001  0.199782918355439E+001  0.497496982901905E+000  0.343853069105554E+000 -0.131028262406404E+000 -0.143305372060742E+003 -0.143305372060742E+003 -0.143312234797775E+003
  0.143282047576689E+001  0.199634285689904E+001  0.810659386007249E+000  0.373101006161936E+000 -0.131028262406404E+000 -0.143305582111059E+003 -0.143305582111059E+003 -0.143306271540757E+003
  0.145882827672503E+001  0.199545492097339E+001  0.486622293305374E+000  0.354951029325557E+000 -0.131028262406404E+000 -0.143305244935682E+003 -0.143305244935682E+003 -0.143306049456264E+003
  0.149038745155379E+001  0.199679374089445E+001  0.389954459572426E+000  0.346645057832456E+000 -0.131028262406404E+000 -0.143305083534642E+003 -0.143305083534642E+003 -0.143306144734755E+003
  0.143531611002634E+001  0.199752757211680E+001  0.210151125674057E+000  0.373497676776002E+000 -0.131028262406404E+000 -0.143305562432264E+003 -0.143305562432264E+003 -0.143305923963157E+003
  0.141763644915709E+001  0.199951162280308E+001  0.756942108652902E+000  0.369330029407854E+000 -0.131028262406404E+000 -0.143305095047440E+003 -0.143305095047440E+003 -0.143306429305365E+003
  0.147062410324890E+001  0.199318590749864E+001  0.585062718137083E+000  0.351236410799317E+000 -0.131028262406404E+000 -0.143305587859541E+003 -0.143305587859541E+003 -0.143306046089354E+003
  0.146050042954347E+001  0.199046746883623E+001  0.553625262932901E+000  0.361445426252549E+000 -0.131028262406404E+000 -0.143305649610742E+003 -0.143305649610742E+003 -0.143305709080707E+003
  0.148329938247776E+001  0.199877097357790E+001  0.256194523201378E+000  0.356785043282084E+000 -0.131028262406404E+000 -0.143304526444551E+003 -0.143304526444551E+003 -0.143306205521954E+003
  0.145760084788796E+001  0.199694485077692E+001  0.603669384141788E+000  0.355603140663014E+000 -0.131028262406404E+000 -0.143305019852306E+003 -0.143305019852306E+003 -0.143312566663838E+003
  0.150301521754027E+001  0.199778094840317E+001  0.284941490922287E-001  0.352578960145867E+000 -0.131028262406404E+000 -0.143304896974847E+003 -0.143304896974847E+003 -0.143306263244950E+003
  0.146657525190463E+001  0.199885516858295E+001  0.777122895029867E+000  0.350801309444750E+000 -0.131028262406404E+000 -0.143305150870666E+003 -0.143305150870666E+003 -0.143309422592067E+003
  0.146526048549404E+001  0.199920014867163E+001  0.411047272914129E+000  0.360712355797137E+000 -0.131028262406404E+000 -0.143304418626580E+003 -0.143304418626580E+003 -0.143306148885205E+003
  0.147906281568351E+001  0.199206593238300E+001  0.685316357981504E+000  0.354090778368163E+000 -0.131028262406404E+000 -0.143305338072642E+003 -0.143305338072642E+003 -0.143305758031489E+003
  0.145005892608771E+001  0.199976566071121E+001  0.695360263824619E+000  0.354682734182209E+000 -0.131028262406404E+000 -0.143305260233844E+003 -0.143305260233844E+003 -0.143306391984688E+003
  0.145522104752836E+001  0.199868931716306E+001  0.665164928854489E-001  0.359275225165612E+000 -0.131028262406404E+000 -0.143304534288220E+003 -0.143304534288220E+003 -0.143306329668584E+003
  0.141747776207648E+001  0.199484170051066E+001  0.605181959990567E+000  0.372562615604671E+000 -0.131028262406404E+000 -0.143305637957782E+003 -0.143305637957782E+003 -0.143305735915048E+003
  0.146942320803033E+001  0.199930630893037E+001  0.275630048156696E+000  0.364243558676301E+000 -0.131028262406404E+000 -0.143304974920936E+003 -0.143304974920936E+003 -0.143306742281659E+003
  0.147930277529927E+001  0.199600413637932E+001  0.673340461200368E+000  0.352128297120156E+000 -0.131028262406404E+000 -0.143304861057677E+003 -0.143304861057677E+003 -0.143306372476485E+003
  0.143988959988642E+001  0.199600102803163E+001  0.434517788475149E+000  0.370560211043259E+000 -0.131028262406404E+000 -0.143305423126337E+003 -0.143305423126337E+003 -0.143306669863636E+003
  0.145715512439717E+001  0.199725837372101E+001  0.861282597871147E+000  0.353818990275813E+000 -0.131028262406404E+000 -0.143305289278210E+003 -0.143305289278210E+003 -0.143308158342106E+003
  0.150062481979503E+001  0.199967165723086E+001  0.938219934964318E+000  0.351008482078902E+000 -0.131028262406404E+000 -0.143304403704663E+003 -0.143304403704663E+003 -0.143306826451719E+003
  0.148430478741669E+001  0.199773838537499E+001  0.790084662268819E+000  0.351543785939675E+000 -0.131028262406404E+000 -0.143304590915545E+003 -0.143304590915545E+003 -0.143306454886823E+003
  0.154672933229405E+001  0.199690864234127E+001  0.757117059452970E+000  0.335490359805412E+000 -0.131028262406404E+000 -0.143305586957578E+003 -0.143305586957578E+003 -0.143306040785073E+003
  0.145495825221024E+001  0.199827741431008E+001  0.481288319271002E+000  0.359457447554916E+000 -0.131028262406404E+000 -0.143304584536940E+003 -0.143304584536940E+003 -0.143307806463439E+003
  0.147571095683924E+001  0.199861545154205E+001  0.757996341785252E+000  0.361320061032099E+000 -0.131028262406404E+000 -0.143304852091371E+003 -0.143304852091371E+003 -0.143305966262830E+003
  0.147563543561393E+001  0.199669967338006E+001  0.661228480182050E+000  0.358077210838308E+000 -0.131028262406404E+000 -0.143304761192406E+003 -0.143304761192406E+003 -0.143306019855793E+003
  0.142056694713152E+001  0.199883356732274E+001  0.921306784269993E+000  0.366831140820398E+000 -0.131028262406404E+000 -0.143305227865299E+003 -0.143305227865299E+003 -0.143331196131650E+003
  0.146834455771502E+001  0.199947298506343E+001  0.785835600235449E+000  0.349105683899649E+000 -0.131028262406404E+000 -0.143305349342718E+003 -0.143305349342718E+003 -0.143306095061884E+003
  0.143343605970045E+001  0.199974644428793E+001  0.260066585132084E+000  0.366295950141046E+000 -0.131028262406404E+000 -0.143304657143727E+003 -0.143304657143727E+003 -0.143305948378569E+003
  0.148381889347095E+001  0.199366966280259E+001  0.642760334507336E+000  0.357488081094070E+000 -0.131028262406404E+000 -0.143305382725975E+003 -0.143305382725975E+003 -0.143307032591465E+003
  0.139962902421735E+001  0.199945049273353E+001  0.189399672199852E-001  0.378809460515716E+000 -0.131028262406404E+000 -0.143305685551601E+003 -0.143305685551601E+003 -0.143311005593817E+003
  0.146308121096936E+001  0.199818867916715E+001  0.661278877088835E+000  0.361845348441054E+000 -0.131028262406404E+000 -0.143304610638116E+003 -0.143304610638116E+003 -0.143305983323612E+003
  0.151170967301794E+001  0.199417523691317E+001  0.742164878338049E+000  0.349398072357039E+000 -0.131028262406404E+000 -0.143305459980292E+003 -0.143305459980292E+003 -0.143310330350395E+003
  0.145313488153362E+001  0.199776866040380E+001  0.918402672411962E+000  0.359853542499061E+000 -0.131028262406404E+000 -0.143304671523121E+003 -0.143304671523121E+003 -0.143307808035638E+003
  0.150578963819451E+001  0.199796710592240E+001  0.184233616476369E+000  0.345497966251367E+000 -0.131028262406404E+000 -0.143304743049696E+003 -0.143304743049696E+003 -0.143305946705310E+003
  0.143890414890803E+001  0.199850735410887E+001  0.419516433843867E+000  0.362406713238364E+000 -0.131028262406404E+000 -0.143304842167263E+003 -0.143304842167263E+003 -0.143306099764776E+003
  0.150034847435396E+001  0.199655573833108E+001  0.403376826561385E+000  0.355124275032325E+000 -0.131028262406404E+000 -0.143305335825759E+003 -0.143305335825759E+003 -0.143305862220803E+003
  0.144469961816483E+001  0.199553402052480E+001  0.576187906885962E+000  0.369247515311642E+000 -0.131028262406404E+000 -0.143305425400763E+003 -0.143305425400763E+003 -0.143308394398586E+003
  0.147952384930469E+001  0.199829142705964E+001  0.131974938869975E+000  0.360171922385066E+000 -0.131028262406404E+000 -0.143304882062474E+003 -0.143304882062474E+003 -0.143307197895203E+003
  0.150033369986954E+001  0.199429098461183E+001  0.830880831896297E-001  0.343042120149352E+000 -0.131028262406404E+000 -0.143305671943506E+003 -0.143305671943506E+003 -0.143306276381427E+003
  0.148127723901458E+001  0.199078316473373E+001  0.794819085619927E+000  0.352336419060814E+000 -0.131028262406404E+000 -0.143305556117138E+003 -0.143305556117138E+003 -0.143306855730989E+003
  0.148138714154572E+001  0.199788983492779E+001  0.826730408925317E+000  0.347960782205245E+000 -0.131028262406404E+000 -0.143305067773001E+003 -0.143305067773001E+003 -0.143306010062557E+003
  0.145811307509926E+001  0.199930126523220E+001  0.271089340744411E+000  0.359809244382690E+000 -0.131028262406404E+000 -0.143304385675352E+003 -0.143304385675352E+003 -0.143306379618076E+003
  0.146955110544722E+001  0.199419792070792E+001  0.184761645258586E+000  0.362768758124770E+000 -0.131028262406404E+000 -0.143305493678329E+003 -0.143305493678329E+003 -0.143307841003316E+003
  0.151127961988485E+001  0.199765193419501E+001  0.646860548213923E+000  0.353667190916491E+000 -0.131028262406404E+000 -0.143305548417209E+003 -0.143305548417209E+003 -0.143306321257642E+003
  0.148163488222157E+001  0.199583334632254E+001  0.771802252128114E+000  0.351960846742168E+000 -0.131028262406404E+000 -0.143304861714157E+003 -0.143304861714157E+003 -0.143305693118245E+003
  0.146672498707526E+001  0.199178423721512E+001  0.254772161408969E-001  0.356281333182163E+000 -0.131028262406404E+000 -0.143305396850923E+003 -0.143305396850923E+003 -0.143305916377520E+003
  0.142642827470788E+001  0.199919854555981E+001  0.201256107601963E+000  0.367883285515137E+000 -0.131028262406404E+000 -0.143304876920994E+003 -0.143304876920994E+003 -0.143305701751141E+003
  0.151399690334289E+001  0.199828384133485E+001  0.811008675031880E+000  0.342418231281326E+000 -0.131028262406404E+000 -0.143304883811315E+003 -0.143304883811315E+003 -0.143306058058713E+003
  0.151088786773192E+001  0.199784343051415E+001  0.470920959900317E+000  0.349881244206950E+000 -0.131028262406404E+000 -0.143304902396278E+003 -0.143304902396278E+003 -0.143305924315588E+003
  0.149063344550208E+001  0.199490624982940E+001  0.538680693255740E+000  0.347675010440303E+000 -0.131028262406404E+000 -0.143305196899830E+003 -0.143305196899830E+003 -0.143306664200362E+003
  0.149838880526022E+001  0.199676760176879E+001  0.105992529922755E+000  0.344407478144495E+000 -0.131028262406404E+000 -0.143305174348450E+003 -0.143305174348450E+003 -0.143305799058117E+003
  0.146797155992369E+001  0.199269720612710E+001  0.746698463898967E+000  0.360926867202719E+000 -0.131028262406404E+000 -0.143305423775129E+003 -0.143305423775129E+003 -0.143305844384732E+003
  0.143249247392475E+001  0.199446382578183E+001  0.873096022933971E+000  0.371606777837754E+000 -0.131028262406404E+000 -0.143305622398327E+003 -0.143305622398327E+003 -0.143316511573402E+003
  0.147281647117467E+001  0.199549616092908E+001  0.214306997814345E-001  0.352494167291996E+000 -0.131028262406404E+000 -0.143305043034846E+003 -0.143305043034846E+003 -0.143306296225496E+003
  0.151240352431785E+001  0.199490397136231E+001  0.274258744282791E+000  0.350910770554111E+000 -0.131028262406404E+000 -0.143305562536750E+003 -0.143305562536750E+003 -0.143305721139363E+003
  0.146132797439458E+001  0.199197913367051E+001  0.730098003629296E+000  0.360137519025573E+000 -0.131028262406404E+000 -0.143305378635284E+003 -0.143305378635284E+003 -0.143306795396095E+003
  0.152765155736122E+001  0.199759692805535E+001  0.276650102532542E+000  0.342074931456168E+000 -0.131028262406404E+000 -0.143305027452667E+003 -0.143305027452667E+003 -0.143305753577616E+003
  0.147452856929359E+001  0.199747326562632E+001  0.487190522935405E+000  0.348783195191733E+000 -0.131028262406404E+000 -0.143305296331273E+003 -0.143305296331273E+003 -0.143307510083287E+003
  0.149258876041054E+001  0.199739479789449E+001  0.922876237362450E+000  0.351243570618438E+000 -0.131028262406404E+000 -0.143304630282006E+003 -0.143304630282006E+003 -0.143312011201683E+003
  0.143872595488224E+001  0.199959517242712E+001  0.791820361951152E+000  0.366386957369441E+000 -0.131028262406404E+000 -0.143304581462826E+003 -0.143304581462826E+003 -0.143305829192812E+003
  0.147830143329682E+001  0.199896360950125E+001  0.653858998914330E+000  0.354535815071631E+000 -0.131028262406404E+000 -0.143304361150114E+003 -0.143304361150114E+003 -0.143305928240139E+003
  0.143563814589925E+001  0.199218912018343E+001  0.313908961123110E+000  0.364015282123209E+000 -0.131028262406404E+000 -0.143305635331994E+003 -0.143305635331994E+003 -0.143306467799160E+003
  0.145405668485913E+001  0.199807159249693E+001  0.963411528776776E+000  0.362137836275234E+000 -0.131028262406404E+000 -0.143304585992619E+003 -0.143304585992619E+003 -0.143306354390875E+003
  0.149505673784747E+001  0.199940100852490E+001  0.215148195946102E-001  0.354432865629074E+000 -0.131028262406404E+000 -0.143304558298993E+003 -0.143304558298993E+003 -0.143308077521834E+003
  0.144162259863989E+001  0.199138711581006E+001  0.131072979844857E+000  0.366033237693287E+000 -0.131028262406404E+000 -0.143305646784942E+003 -0.143305646784942E+003 -0.143306361780550E+003
  0.150935423851724E+001  0.199332325688027E+001  0.805883644551594E+000  0.345684974552589E+000 -0.131028262406404E+000 -0.143305404800210E+003 -0.143305404800210E+003 -0.143306840523405E+003
  0.150447736786938E+001  0.199763968064573E+001  0.675388404293265E+000  0.346623695169348E+000 -0.131028262406404E+000 -0.143304729750888E+003 -0.143304729750888E+003 -0.143306859669711E+003
  0.149268353745104E+001  0.199736190115377E+001  0.169591782891857E+000  0.356657571022170E+000 -0.131028262406404E+000 -0.143305069850417E+003 -0.143305069850417E+003 -0.143305780577242E+003
  0.146053516826894E+001  0.199650577136541E+001  0.635816920666320E+000  0.362844928937696E+000 -0.131028262406404E+000 -0.143304890777683E+003 -0.143304890777683E+003 -0.143306032378475E+003
  0.144512802570580E+001  0.199349223975038E+001  0.523197943652474E+000  0.363709291050560E+000 -0.131028262406404E+000 -0.143305282737574E+003 -0.143305282737574E+003 -0.143306066999861E+003
  0.146464782207037E+001  0.199124169092613E+001  0.605950235001509E+000  0.359464073692463E+000 -0.131028262406404E+000 -0.143305479616984E+003 -0.143305479616984E+003 -0.143306315497010E+003
  0.148145411695527E+001  0.199884155950809E+001  0.828176282709697E+000  0.347061419661906E+000 -0.131028262406404E+000 -0.143305117163783E+003 -0.143305117163783E+003 -0.143306748217591E+003
  0.151399567412240E+001  0.199797434740370E+001  0.147438406498850E+000  0.345767961562167E+000 -0.131028262406404E+000 -0.143304757685595E+003 -0.143304757685595E+003 -0.143306884055583E+003
  0.151636270051271E+001  0.199520656023733E+001  0.737769044414305E+000  0.348627654094401E+000 -0.131028262406404E+000 -0.143305406590605E+003 -0.143305406590605E+003 -0.143305780578921E+003
  0.146287053627246E+001  0.199667605594861E+001  0.256142547516354E-001  0.353630724055809E+000 -0.131028262406404E+000 -0.143305105256236E+003 -0.143305105256236E+003 -0.143305935429835E+003
  0.149249874082230E+001  0.199315711462255E+001  0.246458691103608E+000  0.350579505921637E+000 -0.131028262406404E+000 -0.143305247670178E+003 -0.143305247670178E+003 -0.143305775195693E+003
  0.149228295354783E+001  0.199796182650259E+001  0.611860759282377E+000  0.345874347018056E+000 -0.131028262406404E+000 -0.143304983721492E+003 -0.143304983721492E+003 -0.143305728475674E+003
  0.154083534530377E+001  0.199762749468266E+001  0.848858802213728E+000  0.334658800077370E+000 -0.131028262406404E+000 -0.143305579146858E+003 -0.143305579146858E+003 -0.143305914418707E+003
  0.145528427597119E+001  0.199875275496868E+001  0.392951784262266E+000  0.353646024321912E+000 -0.131028262406404E+000 -0.143305255582359E+003 -0.143305255582359E+003 -0.143309167232927E+003
  0.144306198893484E+001  0.199989482458254E+001  0.312940792486963E+000  0.361996402634556E+000 -0.131028262406404E+000 -0.143304553651282E+003 -0.143304553651282E+003 -0.143307502315166E+003
  0.147449559903325E+001  0.199991386232060E+001  0.463587672195287E+000  0.364060369072850E+000 -0.131028262406404E+000 -0.143305116656351E+003 -0.143305116656351E+003 -0.143306188753640E+003
  0.152462299573767E+001  0.199871379807208E+001  0.485934896500674E+000  0.339694016957817E+000 -0.131028262406404E+000 -0.143304988658506E+003 -0.143304988658506E+003 -0.143306499592972E+003
  0.152791726886562E+001  0.199855784007541E+001  0.115189430091703E+000  0.346710528998143E+000 -0.131028262406404E+000 -0.143305182220108E+003 -0.143305182220108E+003 -0.143308456450744E+003
  0.141057909021273E+001  0.199642116993286E+001  0.972231653343679E+000  0.373985629440071E+000 -0.131028262406404E+000 -0.143305615875254E+003 -0.143305615875254E+003 -0.143306241505959E+003
  0.147004928706172E+001  0.199602264065942E+001  0.431266260446982E+000  0.351263570083505E+000 -0.131028262406404E+000 -0.143305241731727E+003 -0.143305241731727E+003 -0.143306605543136E+003
  0.144845976029863E+001  0.199489094104437E+001  0.170206876335319E+000  0.366185278884330E+000 -0.131028262406404E+000 -0.143305224821952E+003 -0.143305224821952E+003 -0.143306299455188E+003
  0.143556178303335E+001  0.199683218923763E+001  0.134501113263432E+000  0.371567676537351E+000 -0.131028262406404E+000 -0.143305349254265E+003 -0.143305349254265E+003 -0.143308133520039E+003
  0.145765456729644E+001  0.199089469443938E+001  0.219860999104225E+000  0.361014656079168E+000 -0.131028262406404E+000 -0.143305546392247E+003 -0.143305546392247E+003 -0.143305911422787E+003
  0.150363265652275E+001  0.199555305545912E+001  0.593412102934409E+000  0.349330216516083E+000 -0.131028262406404E+000 -0.143305010133224E+003 -0.143305010133224E+003 -0.143305691655993E+003
