  0.100679063979678E+000  0.926321316748049E+000  0.272603669892051E+000  0.100764465622374E+000 -0.131028262406404E+000 -0.149120337114657E+003 -0.149120337114657E+003
  0.105377236638732E+000  0.533134934714573E+000  0.243263621422218E+000  0.100256557594523E+000 -0.131028262406404E+000 -0.149120520350576E+003 -0.149120520350576E+003
  0.101002838576130E+000  0.702491503574352E+000  0.493216855384591E+000  0.102702387131152E+000 -0.131028262406404E+000 -0.149120373816110E+003 -0.149120373816110E+003
  0.102584200540587E+000  0.825414743024313E+000  0.818828042757397E+000  0.100077333996054E+000 -0.131028262406404E+000 -0.149120458400199E+003 -0.149120458400199E+003
  0.101960908115974E+000  0.583637710305701E+000  0.412209811446481E+000  0.101657275970905E+000 -0.131028262406404E+000 -0.149120077794395E+003 -0.149120077794395E+003
  0.100767407419595E+000  0.577607617335289E+000  0.863434716439961E+000  0.100618148596088E+000 -0.131028262406404E+000 -0.149119506430119E+003 -0.149119506430119E+003
  0.101646754879915E+000  0.667730199541060E+000  0.665865152951769E+000  0.100772057455016E+000 -0.131028262406404E+000 -0.149120002539279E+003 -0.149120002539279E+003
  0.100855853922387E+000  0.867101345363243E+000  0.254215887884826E+000  0.100802109275526E+000 -0.131028262406404E+000 -0.149120265594442E+003 -0.149120265594442E+003
  0.100028755138536E+000  0.117847725963032E+001  0.188618250882693E+000  0.100244012265249E+000 -0.131028262406404E+000 -0.149120516864301E+003 -0.149120516864301E+003
  0.100931588749790E+000  0.567148019110457E+000  0.186362373590300E+000  0.105042802474981E+000 -0.131028262406404E+000 -0.149120524147395E+003 -0.149120524147395E+003
  0.101900579209447E+000  0.557608168467609E+000  0.796621691472510E+000  0.100362051814715E+000 -0.131028262406404E+000 -0.149119695014556E+003 -0.149119695014556E+003
  0.101289290766010E+000  0.661640547231107E+000  0.458934423534836E+000  0.102582250339048E+000 -0.131028262406404E+000 -0.149120317760863E+003 -0.149120317760863E+003
  0.101498981687225E+000  0.828521823962400E+000  0.410172448852896E+000  0.101751835762263E+000 -0.131028262406404E+000 -0.149120588418416E+003 -0.149120588418416E+003
  0.104405766108559E+000  0.544982561961249E+000  0.384762493134514E+000  0.100785323647457E+000 -0.131028262406404E+000 -0.149120420846501E+003 -0.149120420846501E+003
  0.102442793468733E+000  0.544075796939172E+000  0.358990735015305E+000  0.101229921450312E+000 -0.131028262406404E+000 -0.149120002000072E+003 -0.149120002000072E+003
  0.101068188763567E+000  0.544605944049577E+000  0.532733122019493E+000  0.105022685735451E+000 -0.131028262406404E+000 -0.149120491162580E+003 -0.149120491162580E+003
  0.104856627423584E+000  0.548541993826201E+000  0.970587935077987E+000  0.100858514374395E+000 -0.131028262406404E+000 -0.149120567028416E+003 -0.149120567028416E+003
  0.102299639531556E+000  0.803183462185413E+000  0.781423114818286E+000  0.100521698136839E+000 -0.131028262406404E+000 -0.149120441798773E+003 -0.149120441798773E+003
  0.100076425514021E+000  0.683054834690677E+000  0.618364594178177E+000  0.103577312745127E+000 -0.131028262406404E+000 -0.149120275329222E+003 -0.149120275329222E+003
  0.101481565490827E+000  0.707222062455654E+000  0.640422242848071E-001  0.100181108662163E+000 -0.131028262406404E+000 -0.149119913650034E+003 -0.149119913650034E+003
  0.104509823806267E+000  0.501586450486318E+000  0.669302348208048E-001  0.100505684460470E+000 -0.131028262406404E+000 -0.149120265142842E+003 -0.149120265142842E+003
  0.101172507240062E+000  0.542082974913657E+000  0.227136961047685E+000  0.100053065993840E+000 -0.131028262406404E+000 -0.149119393338235E+003 -0.149119393338235E+003
  0.100447294393188E+000  0.663756221839154E+000  0.743994293112317E+000  0.101087401311990E+000 -0.131028262406404E+000 -0.149119746465015E+003 -0.149119746465015E+003
  0.101844776223023E+000  0.563101512900142E+000  0.482984764793980E+000  0.103935764457342E+000 -0.131028262406404E+000 -0.149120512134383E+003 -0.149120512134383E+003
  0.102143612421473E+000  0.690374226768520E+000  0.382373015229077E+000  0.100772142685236E+000 -0.131028262406404E+000 -0.149120191377315E+003 -0.149120191377315E+003
  0.102962952290634E+000  0.806982159657457E+000  0.390856085822155E+000  0.100359981887896E+000 -0.131028262406404E+000 -0.149120589112490E+003 -0.149120589112490E+003
  0.100468760156415E+000  0.601900757279770E+000  0.998460738390395E+000  0.102764052347259E+000 -0.131028262406404E+000 -0.149119979777094E+003 -0.149119979777094E+003
  0.102519354273067E+000  0.600973211475445E+000  0.715057785322445E+000  0.101782161371091E+000 -0.131028262406404E+000 -0.149120302262200E+003 -0.149120302262200E+003
  0.103053617573265E+000  0.518664676762765E+000  0.353753792473704E+000  0.103202383754886E+000 -0.131028262406404E+000 -0.149120545135980E+003 -0.149120545135980E+003
  0.101209958204911E+000  0.833624561724768E+000  0.116118716429761E+000  0.100864404086719E+000 -0.131028262406404E+000 -0.149120301922437E+003 -0.149120301922437E+003
  0.100201210643445E+000  0.574518094260407E+000  0.522191890602969E+000  0.105373779284145E+000 -0.131028262406404E+000 -0.149120418660152E+003 -0.149120418660152E+003
  0.102203509017928E+000  0.701612480024688E+000  0.633542887271239E+000  0.102261709047133E+000 -0.131028262406404E+000 -0.149120593361116E+003 -0.149120593361116E+003
  0.100803080680279E+000  0.678282775720582E+000  0.329227798955755E-001  0.102372556233321E+000 -0.131028262406404E+000 -0.149120179743231E+003 -0.149120179743231E+003
  0.101242912996758E+000  0.528348979208226E+000  0.420741023951799E+000  0.101446258849949E+000 -0.131028262406404E+000 -0.149119691109281E+003 -0.149119691109281E+003
  0.103835390259716E+000  0.547236773980462E+000  0.987982697459756E+000  0.101666816010277E+000 -0.131028262406404E+000 -0.149120481743557E+003 -0.149120481743557E+003
  0.101945875496790E+000  0.853507673795297E+000  0.393342958518934E+000  0.100217248925654E+000 -0.131028262406404E+000 -0.149120384464516E+003 -0.149120384464516E+003
  0.100269441188717E+000  0.556161453318508E+000  0.784126830819286E+000  0.105902585070262E+000 -0.131028262406404E+000 -0.149120500944023E+003 -0.149120500944023E+003
  0.100090582966004E+000  0.555201800189710E+000  0.838704292250291E+000  0.101292934950920E+000 -0.131028262406404E+000 -0.149119422457952E+003 -0.149119422457952E+003
  0.104354309824694E+000  0.562122116403982E+000  0.500849821439997E+000  0.100400062120091E+000 -0.131028262406404E+000 -0.149120362288580E+003 -0.149120362288580E+003
  0.101245404082814E+000  0.634876305579383E+000  0.965391671166940E+000  0.102207418272165E+000 -0.131028262406404E+000 -0.149120148378831E+003 -0.149120148378831E+003
  0.102970854996907E+000  0.738986149582508E+000  0.930769328546088E+000  0.100324944058853E+000 -0.131028262406404E+000 -0.149120422390018E+003 -0.149120422390018E+003
  0.102111064724767E+000  0.660002677985162E+000  0.269227558382836E+000  0.101946429303309E+000 -0.131028262406404E+000 -0.149120385980382E+003 -0.149120385980382E+003
  0.100048895444613E+000  0.101511963153865E+001  0.699176064969729E+000  0.101304091395848E+000 -0.131028262406404E+000 -0.149120486876917E+003 -0.149120486876917E+003
  0.103202466770072E+000  0.576545202487531E+000  0.603438944556364E-001  0.100610616273501E+000 -0.131028262406404E+000 -0.149120145481100E+003 -0.149120145481100E+003
  0.104114246530752E+000  0.590578896753842E+000  0.970085838801271E+000  0.100681902774826E+000 -0.131028262406404E+000 -0.149120440689209E+003 -0.149120440689209E+003
  0.100166377303541E+000  0.707210374729812E+000  0.987195687980462E+000  0.102986819730885E+000 -0.131028262406404E+000 -0.149120224601060E+003 -0.149120224601060E+003
  0.102395278158048E+000  0.630039318252532E+000  0.855894512121566E+000  0.101553676326859E+000 -0.131028262406404E+000 -0.149120291838385E+003 -0.149120291838385E+003
  0.101054899150430E+000  0.922845322340693E+000  0.844853656265093E+000  0.101422199575968E+000 -0.131028262406404E+000 -0.149120598406723E+003 -0.149120598406723E+003
  0.100472746093696E+000  0.773310086932163E+000  0.309182622114680E+000  0.100968927954355E+000 -0.131028262406404E+000 -0.149119988980316E+003 -0.149119988980316E+003
  0.101180316734221E+000  0.782763295094454E+000  0.877321530219304E+000  0.100944663631787E+000 -0.131028262406404E+000 -0.149120196228386E+003 -0.149120196228386E+003
  0.101531035126018E+000  0.503005855930464E+000  0.276703651161568E+000  0.104072126850624E+000 -0.131028262406404E+000 -0.149120283792442E+003 -0.149120283792442E+003
  0.100093635208624E+000  0.703195600575823E+000  0.249032488653389E+000  0.103865102467122E+000 -0.131028262406404E+000 -0.149120399957342E+003 -0.149120399957342E+003
  0.101207678585294E+000  0.724449617091544E+000  0.936027393666550E+000  0.102005511867501E+000 -0.131028262406404E+000 -0.149120319126477E+003 -0.149120319126477E+003
  0.100498944053549E+000  0.590298546878534E+000  0.217794283367294E+000  0.104787777855238E+000 -0.131028262406404E+000 -0.149120414602360E+003 -0.149120414602360E+003
  0.100070979561544E+000  0.762318443265201E+000  0.106770497350607E+000  0.101847070342195E+000 -0.131028262406404E+000 -0.149120065100409E+003 -0.149120065100409E+003
  0.101246810238557E+000  0.748913601447611E+000  0.236894896138248E+000  0.102915144965633E+000 -0.131028262406404E+000 -0.149120609385510E+003 -0.149120609385510E+003
  0.103227940400702E+000  0.747166415074296E+000  0.151782957535524E+000  0.100707983242764E+000 -0.131028262406404E+000 -0.149120605512735E+003 -0.149120605512735E+003
  0.100812790393444E+000  0.727043151275475E+000  0.763653362030680E+000  0.102584726415225E+000 -0.131028262406404E+000 -0.149120356379068E+003 -0.149120356379068E+003
  0.100997463662502E+000  0.723444683468316E+000  0.557352407400675E-001  0.100136722214060E+000 -0.131028262406404E+000 -0.149119812474221E+003 -0.149119812474221E+003
  0.101344310510670E+000  0.918906089611262E+000  0.732235024849626E+000  0.100298360047276E+000 -0.131028262406404E+000 -0.149120384519284E+003 -0.149120384519284E+003
  0.101095229832089E+000  0.736697691514294E+000  0.293417984590410E+000  0.103230670874341E+000 -0.131028262406404E+000 -0.149120612381276E+003 -0.149120612381276E+003
  0.100350252204796E+000  0.636567907831335E+000  0.288518066282695E-001  0.100322868933582E+000 -0.131028262406404E+000 -0.149119475687472E+003 -0.149119475687472E+003
  0.100329282916279E+000  0.582487396933487E+000  0.526434264374358E+000  0.102302240492541E+000 -0.131028262406404E+000 -0.149119785561569E+003 -0.149119785561569E+003
  0.103725903491145E+000  0.526430471853768E+000  0.445109930092622E+000  0.101441828400851E+000 -0.131028262406404E+000 -0.149120343150434E+003 -0.149120343150434E+003
  0.100746891801518E+000  0.613404144745611E+000  0.796102652268486E+000  0.100228389577302E+000 -0.131028262406404E+000 -0.149119501501649E+003 -0.149119501501649E+003
  0.100946595394721E+000  0.578270723074362E+000  0.569318270723441E+000  0.101896193924759E+000 -0.131028262406404E+000 -0.149119847405177E+003 -0.149119847405177E+003
  0.101151704350695E+000  0.641586865347099E+000  0.134741212284293E+000  0.100511173440183E+000 -0.131028262406404E+000 -0.149119744413666E+003 -0.149119744413666E+003
  0.100749078434479E+000  0.568877242314869E+000  0.327299452927860E+000  0.105198559707848E+000 -0.131028262406404E+000 -0.149120513931587E+003 -0.149120513931587E+003
  0.101963906956567E+000  0.658252924177508E+000  0.780303315555104E+000  0.101861332083175E+000 -0.131028262406404E+000 -0.149120321622181E+003 -0.149120321622181E+003
  0.101258228254493E+000  0.621043571020724E+000  0.278739743688108E+000  0.103530126328399E+000 -0.131028262406404E+000 -0.149120421344473E+003 -0.149120421344473E+003
  0.103202006110654E+000  0.713749782692981E+000  0.485337984208450E+000  0.100334572823526E+000 -0.131028262406404E+000 -0.149120425679379E+003 -0.149120425679379E+003
  0.102984912323419E+000  0.566848734487801E+000  0.383275792554662E+000  0.100819336850582E+000 -0.131028262406404E+000 -0.149120111213996E+003 -0.149120111213996E+003
  0.100346818998242E+000  0.521856149032117E+000  0.197068973820372E-001  0.101192395271879E+000 -0.131028262406404E+000 -0.149119380069531E+003 -0.149119380069531E+003
  0.101799785387360E+000  0.779548102559532E+000  0.457681258788215E+000  0.101918872574053E+000 -0.131028262406404E+000 -0.149120594757975E+003 -0.149120594757975E+003
  0.101697384159481E+000  0.531895092974027E+000  0.298200144966524E+000  0.102514869308172E+000 -0.131028262406404E+000 -0.149120062720496E+003 -0.149120062720496E+003
  0.101360983319691E+000  0.751870795605069E+000  0.752548517661010E+000  0.102300362043649E+000 -0.131028262406404E+000 -0.149120499854579E+003 -0.149120499854579E+003
  0.103748749974963E+000  0.651888642220322E+000  0.787133819382039E+000  0.100346413041513E+000 -0.131028262406404E+000 -0.149120421089361E+003 -0.149120421089361E+003
  0.100003080897543E+000  0.579473488809481E+000  0.459631179325624E+000  0.101764239110325E+000 -0.131028262406404E+000 -0.149119568724217E+003 -0.149119568724217E+003
  0.100027647062653E+000  0.738288797256781E+000  0.559122359982562E+000  0.104370943197064E+000 -0.131028262406404E+000 -0.149120592265208E+003 -0.149120592265208E+003
  0.103782458687943E+000  0.579576124351137E+000  0.597747287324229E+000  0.101824152280221E+000 -0.131028262406404E+000 -0.149120592914940E+003 -0.149120592914940E+003
  0.102705203764323E+000  0.694855208765940E+000  0.137659499414424E+000  0.100811274911120E+000 -0.131028262406404E+000 -0.149120362284872E+003 -0.149120362284872E+003
  0.101669015660422E+000  0.843988763391808E+000  0.361562053612875E+000  0.100127042720253E+000 -0.131028262406404E+000 -0.149120266032402E+003 -0.149120266032402E+003
  0.102223752942679E+000  0.822242286688517E+000  0.323896117422166E+000  0.100357751592907E+000 -0.131028262406404E+000 -0.149120424259348E+003 -0.149120424259348E+003
  0.100653303555728E+000  0.605512295103811E+000  0.530887516936213E+000  0.104208367853978E+000 -0.131028262406404E+000 -0.149120368598940E+003 -0.149120368598940E+003
  0.100033501158101E+000  0.727030222872385E+000  0.719346050982624E+000  0.103289044998140E+000 -0.131028262406404E+000 -0.149120309835835E+003 -0.149120309835835E+003
  0.102748076842172E+000  0.548345384559259E+000  0.172658693197551E+000  0.103119243319447E+000 -0.131028262406404E+000 -0.149120528663935E+003 -0.149120528663935E+003
  0.101485632379413E+000  0.100658747735623E+001  0.381230498286006E+000  0.100222537520127E+000 -0.131028262406404E+000 -0.149120585709663E+003 -0.149120585709663E+003
  0.102505319603548E+000  0.592009091924690E+000  0.479994825205350E+000  0.102285386549501E+000 -0.131028262406404E+000 -0.149120391754474E+003 -0.149120391754474E+003
  0.102478697890870E+000  0.690581961817761E+000  0.300452382109812E+000  0.100594247642022E+000 -0.131028262406404E+000 -0.149120238714761E+003 -0.149120238714761E+003
  0.101444192135646E+000  0.644648884967925E+000  0.824926951575190E-001  0.101294734003763E+000 -0.131028262406404E+000 -0.149120013728039E+003 -0.149120013728039E+003
  0.100056241759425E+000  0.589334646776203E+000  0.113935340400287E+000  0.100768531470121E+000 -0.131028262406404E+000 -0.149119382572282E+003 -0.149119382572282E+003
  0.101578123166543E+000  0.524101513596370E+000  0.286716568069174E+000  0.103477026669403E+000 -0.131028262406404E+000 -0.149120225014163E+003 -0.149120225014163E+003
  0.100665373732244E+000  0.641101051949015E+000  0.462158268891895E+000  0.101254660163332E+000 -0.131028262406404E+000 -0.149119787096032E+003 -0.149119787096032E+003
  0.102934256848513E+000  0.752890999904818E+000  0.893002336476364E+000  0.100042035498456E+000 -0.131028262406404E+000 -0.149120375921980E+003 -0.149120375921980E+003
  0.101803235195983E+000  0.579060459537225E+000  0.982196091888869E+000  0.100964414789027E+000 -0.131028262406404E+000 -0.149119863771496E+003 -0.149119863771496E+003
  0.100535124536833E+000  0.114737952134826E+001  0.228553219195388E+000  0.100129811262098E+000 -0.131028262406404E+000 -0.149120570585591E+003 -0.149120570585591E+003
  0.100567860209560E+000  0.822553553782204E+000  0.406986286990704E+000  0.102202266037478E+000 -0.131028262406404E+000 -0.149120430119056E+003 -0.149120430119056E+003
  0.100051497209118E+000  0.567931882779260E+000  0.389235858456550E+000  0.103002156746568E+000 -0.131028262406404E+000 -0.149119829322598E+003 -0.149119829322598E+003
  0.101267499088472E+000  0.507255908886136E+000  0.958984559157338E-001  0.101610816385554E+000 -0.131028262406404E+000 -0.149119677536452E+003 -0.149119677536452E+003
  0.100543597239767E+000  0.651107648974276E+000  0.657683729534766E-001  0.101379661065851E+000 -0.131028262406404E+000 -0.149119808793448E+003 -0.149119808793448E+003
  0.101745277843505E+000  0.786781430593269E+000  0.317311908488265E+000  0.100699533557192E+000 -0.131028262406404E+000 -0.149120298096582E+003 -0.149120298096582E+003
  0.104009550360756E+000  0.616449317514020E+000  0.787895150877589E+000  0.100930461349912E+000 -0.131028262406404E+000 -0.149120539975809E+003 -0.149120539975809E+003
  0.103842902273502E+000  0.673251922811689E+000  0.749356350673721E+000  0.100755074818899E+000 -0.131028262406404E+000 -0.149120599236486E+003 -0.149120599236486E+003
  0.105128766186448E+000  0.571434905755775E+000  0.352081887083250E-001  0.100094509724505E+000 -0.131028262406404E+000 -0.149120518460225E+003 -0.149120518460225E+003
  0.100756279197746E+000  0.873139870194060E+000  0.368954815035030E+000  0.101394251526586E+000 -0.131028262406404E+000 -0.149120399183201E+003 -0.149120399183201E+003
  0.100936173212288E+000  0.729946311873355E+000  0.370680377271241E+000  0.102545044669668E+000 -0.131028262406404E+000 -0.149120387899464E+003 -0.149120387899464E+003
  0.103115584330746E+000  0.635117912869103E+000  0.424771134821224E+000  0.100363475727991E+000 -0.131028262406404E+000 -0.149120214621063E+003 -0.149120214621063E+003
  0.100106044547479E+000  0.676329881614367E+000  0.793084132743221E+000  0.103803261037806E+000 -0.131028262406404E+000 -0.149120318143435E+003 -0.149120318143435E+003
  0.100318980777253E+000  0.726800014471065E+000  0.146076346271939E+000  0.103105643322906E+000 -0.131028262406404E+000 -0.149120344284164E+003 -0.149120344284164E+003
  0.104540361533995E+000  0.522780832871461E+000  0.225957500264403E+000  0.100361489737809E+000 -0.131028262406404E+000 -0.149120297089304E+003 -0.149120297089304E+003
  0.100273665625674E+000  0.650950657151619E+000  0.641602519242142E+000  0.101911668558638E+000 -0.131028262406404E+000 -0.149119859452987E+003 -0.149119859452987E+003
  0.100545967295171E+000  0.957633643316379E+000  0.400315060738624E+000  0.101046007848714E+000 -0.131028262406404E+000 -0.149120438451112E+003 -0.149120438451112E+003
  0.102907415675282E+000  0.539184967094275E+000  0.753080398256726E+000  0.101503599150268E+000 -0.131028262406404E+000 -0.149120174983879E+003 -0.149120174983879E+003
  0.101452770471445E+000  0.623596407457599E+000  0.670165429627017E+000  0.103976101148423E+000 -0.131028262406404E+000 -0.149120584480766E+003 -0.149120584480766E+003
  0.100881154550627E+000  0.512555987193140E+000  0.468198375951866E+000  0.100394527339672E+000 -0.131028262406404E+000 -0.149119317776558E+003 -0.149119317776558E+003
  0.101141997792074E+000  0.543248260800393E+000  0.255054530538405E+000  0.103238424607230E+000 -0.131028262406404E+000 -0.149120108074560E+003 -0.149120108074560E+003
  0.100627423435670E+000  0.790853950147953E+000  0.401522092648165E+000  0.102577413864624E+000 -0.131028262406404E+000 -0.149120461742868E+003 -0.149120461742868E+003
  0.103626608590529E+000  0.613626423512799E+000  0.309718437260972E+000  0.101307144390086E+000 -0.131028262406404E+000 -0.149120520175148E+003 -0.149120520175148E+003
  0.100936444239549E+000  0.625372064552252E+000  0.313861837059583E+000  0.100782844634130E+000 -0.131028262406404E+000 -0.149119710116697E+003 -0.149119710116697E+003
  0.100187156785599E+000  0.612844463311716E+000  0.113718738783572E-001  0.104545129913952E+000 -0.131028262406404E+000 -0.149120337698521E+003 -0.149120337698521E+003
  0.101669987820227E+000  0.613042610421180E+000  0.653745422420157E+000  0.101516100771649E+000 -0.131028262406404E+000 -0.149120044590450E+003 -0.149120044590450E+003
  0.102826684230491E+000  0.507846618841158E+000  0.337429590203316E-001  0.102261209625172E+000 -0.131028262406404E+000 -0.149120239801763E+003 -0.149120239801763E+003
  0.101015822241295E+000  0.578675483177572E+000  0.999869576870909E+000  0.102220661088139E+000 -0.131028262406404E+000 -0.149119940961119E+003 -0.149119940961119E+003
  0.101135628584175E+000  0.846960187217541E+000  0.120157767941325E+000  0.100256992268800E+000 -0.131028262406404E+000 -0.149120161170690E+003 -0.149120161170690E+003
  0.102272370584379E+000  0.605380365012210E+000  0.590963431846237E-001  0.103100087024822E+000 -0.131028262406404E+000 -0.149120554676059E+003 -0.149120554676059E+003
  0.100483535934384E+000  0.518728257676434E+000  0.785823275119259E+000  0.102159209300385E+000 -0.131028262406404E+000 -0.149119622897537E+003 -0.149119622897537E+003
  0.103467739865020E+000  0.548343161546580E+000  0.369229860739469E+000  0.100089709161169E+000 -0.131028262406404E+000 -0.149120019722865E+003 -0.149120019722865E+003
  0.103367685279893E+000  0.686946335795350E+000  0.408709304197119E+000  0.100868122482194E+000 -0.131028262406404E+000 -0.149120533921214E+003 -0.149120533921214E+003
  0.102975734182134E+000  0.522195515263441E+000  0.353292644016711E+000  0.102283439193008E+000 -0.131028262406404E+000 -0.149120324969245E+003 -0.149120324969245E+003
  0.100669357082426E+000  0.102210443431941E+001  0.531692944025740E+000  0.100918563416313E+000 -0.131028262406404E+000 -0.149120573186476E+003 -0.149120573186476E+003
  0.101031962621545E+000  0.695437600095215E+000  0.509952576388662E+000  0.103045341070938E+000 -0.131028262406404E+000 -0.149120444649846E+003 -0.149120444649846E+003
  0.102089917525373E+000  0.701703506844238E+000  0.283398959683544E+000  0.100143604582307E+000 -0.131028262406404E+000 -0.149120053419365E+003 -0.149120053419365E+003
  0.100409132470447E+000  0.653563611090066E+000  0.576895750142916E+000  0.102517269604407E+000 -0.131028262406404E+000 -0.149120043045626E+003 -0.149120043045626E+003
  0.100149762800890E+000  0.940255627484289E+000  0.815488786416054E+000  0.101853420849838E+000 -0.131028262406404E+000 -0.149120495856631E+003 -0.149120495856631E+003
  0.100059988408362E+000  0.998779483059232E+000  0.601721055819617E+000  0.101888268016104E+000 -0.131028262406404E+000 -0.149120605033098E+003 -0.149120605033098E+003
  0.101372912509943E+000  0.732127100348380E+000  0.208710897876845E+000  0.102097531225001E+000 -0.131028262406404E+000 -0.149120405196950E+003 -0.149120405196950E+003
  0.100071862808538E+000  0.805502652435345E+000  0.843649383993847E+000  0.100632352154828E+000 -0.131028262406404E+000 -0.149119873530925E+003 -0.149119873530925E+003
  0.100375001523968E+000  0.532391233522103E+000  0.514570351709797E+000  0.106675498593440E+000 -0.131028262406404E+000 -0.149120628342468E+003 -0.149120628342468E+003
  0.101631839778643E+000  0.641383501121304E+000  0.505833824125250E+000  0.102498543189119E+000 -0.131028262406404E+000 -0.149120337798779E+003 -0.149120337798779E+003
  0.100668345742466E+000  0.510413475532978E+000  0.870415647397812E+000  0.100268653146309E+000 -0.131028262406404E+000 -0.149119228367547E+003 -0.149119228367547E+003
  0.101533108332695E+000  0.669615657782658E+000  0.714053279602171E+000  0.103076547511483E+000 -0.131028262406404E+000 -0.149120521208339E+003 -0.149120521208339E+003
  0.102221965425952E+000  0.595582583256112E+000  0.511274621103043E+000  0.101389673170042E+000 -0.131028262406404E+000 -0.149120116950929E+003 -0.149120116950929E+003
  0.102495124753717E+000  0.626214156224776E+000  0.422010678196341E+000  0.102878540509177E+000 -0.131028262406404E+000 -0.149120620250193E+003 -0.149120620250193E+003
  0.102254022471807E+000  0.580950140110200E+000  0.840112768389510E+000  0.100563638041008E+000 -0.131028262406404E+000 -0.149119895164422E+003 -0.149119895164422E+003
  0.100200161018214E+000  0.743639819617379E+000  0.170414560183438E+000  0.103381357703427E+000 -0.131028262406404E+000 -0.149120419706648E+003 -0.149120419706648E+003
  0.100411348147316E+000  0.950992430188335E+000  0.754975872013361E+000  0.101016724325233E+000 -0.131028262406404E+000 -0.149120380089111E+003 -0.149120380089111E+003
  0.103906467209628E+000  0.579167948782957E+000  0.958260404181469E+000  0.100058097720347E+000 -0.131028262406404E+000 -0.149120207929437E+003 -0.149120207929437E+003
  0.101752628055125E+000  0.668137434824181E+000  0.813716613591386E+000  0.101999732293694E+000 -0.131028262406404E+000 -0.149120322813912E+003 -0.149120322813912E+003
  0.100011801688004E+000  0.847354953049598E+000  0.499345623526026E+000  0.101732501100245E+000 -0.131028262406404E+000 -0.149120220595915E+003 -0.149120220595915E+003
  0.102213500691093E+000  0.525927404722108E+000  0.482411142155321E+000  0.104286230752129E+000 -0.131028262406404E+000 -0.149120583982055E+003 -0.149120583982055E+003
  0.103566977711473E+000  0.688054572811569E+000  0.227699833011758E+000  0.100211470305255E+000 -0.131028262406404E+000 -0.149120430096123E+003 -0.149120430096123E+003
  0.101328039187579E+000  0.568712231740419E+000  0.621340130694760E+000  0.104933669655849E+000 -0.131028262406404E+000 -0.149120613030667E+003 -0.149120613030667E+003
  0.100350129160733E+000  0.914071843145949E+000  0.155012651552974E-001  0.101067741542550E+000 -0.131028262406404E+000 -0.149120297087325E+003 -0.149120297087325E+003
  0.101633283740206E+000  0.686731508895450E+000  0.456088186299440E+000  0.100943052538111E+000 -0.131028262406404E+000 -0.149120086628669E+003 -0.149120086628669E+003
  0.100868915737372E+000  0.691765211381871E+000  0.502140589509657E+000  0.100816751119785E+000 -0.131028262406404E+000 -0.149119864363916E+003 -0.149119864363916E+003
  0.100434375295920E+000  0.882563846056218E+000  0.842332714839073E+000  0.101609380721261E+000 -0.131028262406404E+000 -0.149120385677745E+003 -0.149120385677745E+003
  0.102025702406933E+000  0.502196314622469E+000  0.748943736577676E+000  0.100164073632461E+000 -0.131028262406404E+000 -0.149119537958709E+003 -0.149119537958709E+003
  0.101233007396425E+000  0.606142859422448E+000  0.632045623728077E+000  0.104359100950542E+000 -0.131028262406404E+000 -0.149120563578430E+003 -0.149120563578430E+003
  0.101027757600975E+000  0.512408407374465E+000  0.326765381983745E+000  0.101854565769511E+000 -0.131028262406404E+000 -0.149119682474902E+003 -0.149119682474902E+003
  0.103169117782319E+000  0.570808744640651E+000  0.596990117796913E+000  0.101284712281788E+000 -0.131028262406404E+000 -0.149120279154593E+003 -0.149120279154593E+003
  0.100043951432925E+000  0.612093766251943E+000  0.964479348478817E-001  0.104128139518674E+000 -0.131028262406404E+000 -0.149120201898316E+003 -0.149120201898316E+003
  0.100714880495337E+000  0.548385211487949E+000  0.472592824344865E+000  0.100654526449748E+000 -0.131028262406404E+000 -0.149119425771886E+003 -0.149119425771886E+003
  0.101743033352449E+000  0.530546835540533E+000  0.578081368911304E+000  0.104888658689502E+000 -0.131028262406404E+000 -0.149120604410724E+003 -0.149120604410724E+003
  0.100709744831796E+000  0.536506877149380E+000  0.119150785546254E+000  0.102146293355212E+000 -0.131028262406404E+000 -0.149119728653476E+003 -0.149119728653476E+003
  0.101205688105356E+000  0.102969087253324E+001  0.175909446553058E+000  0.100484187040535E+000 -0.131028262406404E+000 -0.149120623432310E+003 -0.149120623432310E+003
  0.100477980483559E+000  0.111161721199742E+001  0.684520865537910E+000  0.100553834978720E+000 -0.131028262406404E+000 -0.149120600459168E+003 -0.149120600459168E+003
  0.102244589286133E+000  0.881481581906970E+000  0.826820158037489E-001  0.100142015930312E+000 -0.131028262406404E+000 -0.149120507951983E+003 -0.149120507951983E+003
  0.102118131974009E+000  0.505637739768660E+000  0.779768529593036E+000  0.104491856647126E+000 -0.131028262406404E+000 -0.149120544030535E+003 -0.149120544030535E+003
  0.100342181213452E+000  0.624336150490178E+000  0.974630681460343E+000  0.103623747132897E+000 -0.131028262406404E+000 -0.149120202040473E+003 -0.149120202040473E+003
  0.100495847643329E+000  0.680974663443787E+000  0.290670412512507E+000  0.101366615723628E+000 -0.131028262406404E+000 -0.149119867522964E+003 -0.149119867522964E+003
  0.100816994683983E+000  0.905750207481620E+000  0.649065112157303E+000  0.101402627458287E+000 -0.131028262406404E+000 -0.149120490574953E+003 -0.149120490574953E+003
  0.100664243119105E+000  0.638384564744598E+000  0.203451869825025E+000  0.102789392730119E+000 -0.131028262406404E+000 -0.149120135422666E+003 -0.149120135422666E+003
  0.103970142415542E+000  0.680137893656524E+000  0.239830038042852E+000  0.100103835594706E+000 -0.131028262406404E+000 -0.149120491611885E+003 -0.149120491611885E+003
  0.104522593372722E+000  0.592852382573808E+000  0.983880446254471E+000  0.100298731331366E+000 -0.131028262406404E+000 -0.149120463422836E+003 -0.149120463422836E+003
  0.100350855760425E+000  0.110222505323267E+001  0.581216852367558E+000  0.100791829036149E+000 -0.131028262406404E+000 -0.149120609897219E+003 -0.149120609897219E+003
  0.102761474035181E+000  0.590263982183478E+000  0.725995925916040E+000  0.102278052233856E+000 -0.131028262406404E+000 -0.149120454216219E+003 -0.149120454216219E+003
  0.102405402304601E+000  0.839061863023155E+000  0.887531533251757E+000  0.100635357797234E+000 -0.131028262406404E+000 -0.149120581201910E+003 -0.149120581201910E+003
  0.102127995622361E+000  0.670261078269427E+000  0.580685238702776E+000  0.102014799099724E+000 -0.131028262406404E+000 -0.149120433292257E+003 -0.149120433292257E+003
  0.100321819484564E+000  0.983768121927372E+000  0.336054650141981E+000  0.101498703060033E+000 -0.131028262406404E+000 -0.149120546826661E+003 -0.149120546826661E+003
  0.100402841958395E+000  0.617333956177570E+000  0.264689886537239E+000  0.101891967799665E+000 -0.131028262406404E+000 -0.149119803247269E+003 -0.149119803247269E+003
  0.102484546597577E+000  0.677306758671274E+000  0.818159426400701E+000  0.101587978561020E+000 -0.131028262406404E+000 -0.149120445771107E+003 -0.149120445771107E+003
  0.101359336611609E+000  0.573416329915948E+000  0.543526416160798E+000  0.103242143828635E+000 -0.131028262406404E+000 -0.149120251718655E+003 -0.149120251718655E+003
  0.101324639612034E+000  0.667845986480566E+000  0.828500531546120E+000  0.101743274537456E+000 -0.131028262406404E+000 -0.149120146060867E+003 -0.149120146060867E+003
  0.100097641620005E+000  0.553330486928892E+000  0.551672845295720E+000  0.104034608733570E+000 -0.131028262406404E+000 -0.149120031638961E+003 -0.149120031638961E+003
  0.100794744319590E+000  0.895463462437144E+000  0.824358486719863E+000  0.100568693302185E+000 -0.131028262406404E+000 -0.149120252965108E+003 -0.149120252965108E+003
  0.101994666767697E+000  0.621333035161607E+000  0.337028922127864E+000  0.100105290889569E+000 -0.131028262406404E+000 -0.149119822008180E+003 -0.149119822008180E+003
  0.100342369615547E+000  0.785539113698990E+000  0.978550831857229E+000  0.101786691343867E+000 -0.131028262406404E+000 -0.149120179875261E+003 -0.149120179875261E+003
  0.102593384825361E+000  0.512274509848666E+000  0.134468362633019E+000  0.102042572271532E+000 -0.131028262406404E+000 -0.149120140476157E+003 -0.149120140476157E+003
  0.103310395131846E+000  0.632911092312576E+000  0.642880909028617E+000  0.100042783621229E+000 -0.131028262406404E+000 -0.149120184008634E+003 -0.149120184008634E+003
  0.100974997038398E+000  0.713480553239217E+000  0.252086121867480E+000  0.102366718957893E+000 -0.131028262406404E+000 -0.149120314545963E+003 -0.149120314545963E+003
  0.101545187211174E+000  0.562028457521252E+000  0.691075119066168E+000  0.104521406931621E+000 -0.131028262406404E+000 -0.149120560049844E+003 -0.149120560049844E+003
  0.100932592975206E+000  0.742318336420425E+000  0.673596989888388E+000  0.102146161892193E+000 -0.131028262406404E+000 -0.149120322335669E+003 -0.149120322335669E+003
  0.101936457444231E+000  0.565232808679563E+000  0.384129729796572E+000  0.100511826302355E+000 -0.131028262406404E+000 -0.149119758681790E+003 -0.149119758681790E+003
  0.102408095078801E+000  0.515402383927861E+000  0.998634485881738E+000  0.101569032887331E+000 -0.131028262406404E+000 -0.149119992476859E+003 -0.149119992476859E+003
  0.100288888076519E+000  0.736152930032596E+000  0.265154145639845E+000  0.101736857070542E+000 -0.131028262406404E+000 -0.149120034687613E+003 -0.149120034687613E+003
  0.103665638825153E+000  0.506665748908116E+000  0.915493929532375E-001  0.102777936227780E+000 -0.131028262406404E+000 -0.149120578290224E+003 -0.149120578290224E+003
  0.100618051536188E+000  0.607760705798295E+000  0.961181412225970E-002  0.100979189866719E+000 -0.131028262406404E+000 -0.149119626409943E+003 -0.149119626409943E+003
  0.101650012246454E+000  0.572125367591908E+000  0.909548686691786E+000  0.103771728213204E+000 -0.131028262406404E+000 -0.149120447464478E+003 -0.149120447464478E+003
  0.100892293960454E+000  0.811255826474156E+000  0.175801621421201E+000  0.102172390666862E+000 -0.131028262406404E+000 -0.149120484951185E+003 -0.149120484951185E+003
  0.101004840520103E+000  0.766993540492679E+000  0.688222086955117E+000  0.102626876435852E+000 -0.131028262406404E+000 -0.149120518720255E+003 -0.149120518720255E+003
  0.100825899154345E+000  0.545221566440025E+000  0.221963576252892E+000  0.100701395445051E+000 -0.131028262406404E+000 -0.149119457408069E+003 -0.149119457408069E+003
  0.102131568344417E+000  0.758912199197559E+000  0.955009765693747E+000  0.100114178310715E+000 -0.131028262406404E+000 -0.149120193073856E+003 -0.149120193073856E+003
  0.100180690306273E+000  0.108957963907704E+001  0.251228163009888E+000  0.100240035441069E+000 -0.131028262406404E+000 -0.149120395021934E+003 -0.149120395021934E+003
  0.100802043217813E+000  0.525412260963661E+000  0.754975817531409E-001  0.106151000736158E+000 -0.131028262406404E+000 -0.149120610180948E+003 -0.149120610180948E+003
  0.101622478189726E+000  0.821903468589773E+000  0.168459643628587E+000  0.101596808494242E+000 -0.131028262406404E+000 -0.149120568262303E+003 -0.149120568262303E+003
  0.101343537844327E+000  0.590476329721979E+000  0.598327632927565E+000  0.104464621003235E+000 -0.131028262406404E+000 -0.149120573616960E+003 -0.149120573616960E+003
  0.101413550940012E+000  0.678331596870819E+000  0.213206618869926E+000  0.101559224706929E+000 -0.131028262406404E+000 -0.149120153061837E+003 -0.149120153061837E+003
  0.104066050533460E+000  0.626314333177562E+000  0.388677549793694E+000  0.100246363642656E+000 -0.131028262406404E+000 -0.149120416317564E+003 -0.149120416317564E+003
  0.101203311677705E+000  0.915172165112824E+000  0.125628786379142E+000  0.100339862825044E+000 -0.131028262406404E+000 -0.149120348766956E+003 -0.149120348766956E+003
  0.102878046492767E+000  0.629613871840025E+000  0.663397962013642E+000  0.100763956531886E+000 -0.131028262406404E+000 -0.149120232865649E+003 -0.149120232865649E+003
  0.102348412782746E+000  0.522981039262131E+000  0.611091605039447E+000  0.100828104081986E+000 -0.131028262406404E+000 -0.149119828636961E+003 -0.149119828636961E+003
  0.100572770867159E+000  0.559819625622377E+000  0.559661060384566E+000  0.101617460617868E+000 -0.131028262406404E+000 -0.149119635662557E+003 -0.149119635662557E+003
  0.100067237302295E+000  0.518771908940352E+000  0.784184788972063E+000  0.104647217825404E+000 -0.131028262406404E+000 -0.149120059315713E+003 -0.149120059315713E+003
  0.103281680395531E+000  0.514269706238845E+000  0.922222156435500E+000  0.100912961934005E+000 -0.131028262406404E+000 -0.149120070545290E+003 -0.149120070545290E+003
  0.101706746294861E+000  0.541724361579239E+000  0.577417242302317E+000  0.104732860624942E+000 -0.131028262406404E+000 -0.149120592615744E+003 -0.149120592615744E+003
  0.100877776142229E+000  0.607632720893313E+000  0.195722609050103E+000  0.102044773694841E+000 -0.131028262406404E+000 -0.149119940464176E+003 -0.149119940464176E+003
  0.104500895191322E+000  0.513980414132672E+000  0.133333122221014E+000  0.101929325327648E+000 -0.131028262406404E+000 -0.149120627275268E+003 -0.149120627275268E+003
  0.100057377105391E+000  0.786277179328127E+000  0.657028270588732E+000  0.101240434096927E+000 -0.131028262406404E+000 -0.149119972479990E+003 -0.149119972479990E+003
  0.100727912768315E+000  0.605784749436033E+000  0.243159967668883E+000  0.101584256377043E+000 -0.131028262406404E+000 -0.149119789695931E+003 -0.149119789695931E+003
  0.101077376169872E+000  0.523420740496721E+000  0.170036854368621E+000  0.100732093312108E+000 -0.131028262406404E+000 -0.149119473535620E+003 -0.149119473535620E+003
  0.100467759082445E+000  0.804124243250901E+000  0.173482933862770E+000  0.102321038645302E+000 -0.131028262406404E+000 -0.149120387787115E+003 -0.149120387787115E+003
  0.102929675422844E+000  0.572711345300600E+000  0.656252296201796E+000  0.101285093630657E+000 -0.131028262406404E+000 -0.149120220615221E+003 -0.149120220615221E+003
  0.102344018560443E+000  0.810988533900369E+000  0.820022572700624E+000  0.100879814945614E+000 -0.131028262406404E+000 -0.149120560988586E+003 -0.149120560988586E+003
  0.100787318416383E+000  0.765855500608498E+000  0.414677623854045E+000  0.102128132475082E+000 -0.131028262406404E+000 -0.149120336137270E+003 -0.149120336137270E+003
  0.102416290529141E+000  0.581392477588274E+000  0.710300062299650E+000  0.101744441998122E+000 -0.131028262406404E+000 -0.149120213662500E+003 -0.149120213662500E+003
  0.100170257772074E+000  0.857196391901537E+000  0.460295552737490E+000  0.101128441306815E+000 -0.131028262406404E+000 -0.149120137846540E+003 -0.149120137846540E+003
  0.101731617191909E+000  0.729292134129762E+000  0.402735229341878E+000  0.101186348277558E+000 -0.131028262406404E+000 -0.149120275875503E+003 -0.149120275875503E+003
  0.104432784339903E+000  0.560227446368343E+000  0.585437159192936E-001  0.100747062410936E+000 -0.131028262406404E+000 -0.149120459983782E+003 -0.149120459983782E+003
  0.101792959020312E+000  0.653422318425302E+000  0.868765597692922E+000  0.100948517100910E+000 -0.131028262406404E+000 -0.149120047621799E+003 -0.149120047621799E+003
  0.102748751073583E+000  0.579727745460558E+000  0.250234858443182E-001  0.100404141053255E+000 -0.131028262406404E+000 -0.149119985514453E+003 -0.149119985514453E+003
  0.102069409547383E+000  0.510036811077835E+000  0.691848765601590E+000  0.104377972156500E+000 -0.131028262406404E+000 -0.149120518469233E+003 -0.149120518469233E+003
  0.101098342161758E+000  0.510095319411918E+000  0.700220466536160E+000  0.105349522509632E+000 -0.131028262406404E+000 -0.149120469038280E+003 -0.149120469038280E+003
  0.104292670519224E+000  0.685732369121521E+000  0.841995565498307E+000  0.100246457454762E+000 -0.131028262406404E+000 -0.149120626364680E+003 -0.149120626364680E+003
  0.101699669264146E+000  0.504037514856113E+000  0.283376364808153E+000  0.102989564510304E+000 -0.131028262406404E+000 -0.149120091535842E+003 -0.149120091535842E+003
  0.100120935502284E+000  0.501981287307144E+000  0.912237172471201E+000  0.107126649193453E+000 -0.131028262406404E+000 -0.149120561273289E+003 -0.149120561273289E+003
  0.101171540324839E+000  0.890216982776229E+000  0.874128289891996E+000  0.100102656929470E+000 -0.131028262406404E+000 -0.149120226808671E+003 -0.149120226808671E+003
  0.102047867739033E+000  0.561933861841492E+000  0.229626857175398E+000  0.100691820536063E+000 -0.131028262406404E+000 -0.149119820993293E+003 -0.149119820993293E+003
  0.101311367677074E+000  0.529669536372655E+000  0.127159904800791E+000  0.105510422554214E+000 -0.131028262406404E+000 -0.149120621937340E+003 -0.149120621937340E+003
  0.102395608354454E+000  0.859505757648790E+000  0.271510452747671E+000  0.100485559391761E+000 -0.131028262406404E+000 -0.149120587066652E+003 -0.149120587066652E+003
  0.105330274972204E+000  0.542297943127938E+000  0.865451336805898E+000  0.100249861779039E+000 -0.131028262406404E+000 -0.149120531072562E+003 -0.149120531072562E+003
  0.100175562224894E+000  0.917112792929034E+000  0.997308257891132E+000  0.100498456356683E+000 -0.131028262406404E+000 -0.149120113602940E+003 -0.149120113602940E+003
  0.100728876437311E+000  0.672759132698470E+000  0.203065466725213E+000  0.102279466338650E+000 -0.131028262406404E+000 -0.149120123671942E+003 -0.149120123671942E+003
  0.100605268001297E+000  0.505736265465228E+000  0.867368474682240E+000  0.103346789782877E+000 -0.131028262406404E+000 -0.149119881859230E+003 -0.149119881859230E+003
  0.103709143430932E+000  0.662717108243926E+000  0.793159590520886E+000  0.100720734795778E+000 -0.131028262406404E+000 -0.149120528463985E+003 -0.149120528463985E+003
  0.103975855592998E+000  0.578171162214220E+000  0.782161456561043E+000  0.100134639705910E+000 -0.131028262406404E+000 -0.149120241759419E+003 -0.149120241759419E+003
  0.101004403143380E+000  0.996500499758068E+000  0.859851547989678E+000  0.100244671728332E+000 -0.131028262406404E+000 -0.149120439608115E+003 -0.149120439608115E+003
  0.100824138863466E+000  0.591920878688517E+000  0.840588074587239E+000  0.103660006804752E+000 -0.131028262406404E+000 -0.149120252793657E+003 -0.149120252793657E+003
  0.100649618014021E+000  0.615152279224225E+000  0.276623710902743E-001  0.102983316424076E+000 -0.131028262406404E+000 -0.149120114283048E+003 -0.149120114283048E+003
  0.100486152406963E+000  0.691072478624026E+000  0.784702543444054E+000  0.103870000292026E+000 -0.131028262406404E+000 -0.149120477229752E+003 -0.149120477229752E+003
  0.103489561271899E+000  0.585363098351711E+000  0.884659140930094E+000  0.101336907690569E+000 -0.131028262406404E+000 -0.149120415631191E+003 -0.149120415631191E+003
  0.101088392281692E+000  0.740748675256187E+000  0.317346204496377E+000  0.101690831389563E+000 -0.131028262406404E+000 -0.149120251501475E+003 -0.149120251501475E+003
  0.101459267535618E+000  0.648356635297965E+000  0.629596100964024E+000  0.101075984264961E+000 -0.131028262406404E+000 -0.149119975775812E+003 -0.149119975775812E+003
  0.101579600309402E+000  0.593478848560782E+000  0.196502195345521E+000  0.100465254970271E+000 -0.131028262406404E+000 -0.149119726205446E+003 -0.149119726205446E+003
  0.104583929050336E+000  0.568293862960788E+000  0.916144105220967E+000  0.100551398653324E+000 -0.131028262406404E+000 -0.149120475183532E+003 -0.149120475183532E+003
  0.101543405609058E+000  0.656416961710302E+000  0.796717139800757E+000  0.100193228765717E+000 -0.131028262406404E+000 -0.149119810077088E+003 -0.149119810077088E+003
  0.104897009552312E+000  0.599174126340598E+000  0.457305923940425E+000  0.100184943220848E+000 -0.131028262406404E+000 -0.149120551609643E+003 -0.149120551609643E+003
  0.100640419869739E+000  0.674618645649500E+000  0.403773488913271E+000  0.103295178282848E+000 -0.131028262406404E+000 -0.149120341852160E+003 -0.149120341852160E+003
  0.100598253557800E+000  0.805888786002784E+000  0.919986418574335E-001  0.101598473406792E+000 -0.131028262406404E+000 -0.149120251911002E+003 -0.149120251911002E+003
  0.101859147883919E+000  0.507231723555388E+000  0.184387326667290E+000  0.100174372054573E+000 -0.131028262406404E+000 -0.149119510030289E+003 -0.149119510030289E+003
  0.104451085714051E+000  0.572845857489019E+000  0.464155925599866E+000  0.101251958711075E+000 -0.131028262406404E+000 -0.149120618208858E+003 -0.149120618208858E+003
  0.101884099116187E+000  0.567149277525716E+000  0.229843723563867E+000  0.103765200697588E+000 -0.131028262406404E+000 -0.149120495531878E+003 -0.149120495531878E+003
  0.101624587006748E+000  0.619305398793365E+000  0.617377859113377E+000  0.103013711409333E+000 -0.131028262406404E+000 -0.149120396821985E+003 -0.149120396821985E+003
  0.100025669391355E+000  0.764994606308883E+000  0.782091925814604E-002  0.102740176289189E+000 -0.131028262406404E+000 -0.149120272565658E+003 -0.149120272565658E+003
  0.100438099378291E+000  0.680625151851119E+000  0.925480002119360E-001  0.103837706716287E+000 -0.131028262406404E+000 -0.149120428761111E+003 -0.149120428761111E+003
  0.102099344375616E+000  0.817682595754101E+000  0.856808757724047E+000  0.100781266269552E+000 -0.131028262406404E+000 -0.149120485726154E+003 -0.149120485726154E+003
  0.101157187627918E+000  0.530251931960766E+000  0.624747801208327E+000  0.105074725751721E+000 -0.131028262406404E+000 -0.149120484706379E+003 -0.149120484706379E+003
  0.101212409230019E+000  0.581231191044427E+000  0.369520974941386E+000  0.103256591157388E+000 -0.131028262406404E+000 -0.149120236855251E+003 -0.149120236855251E+003
  0.102284684266812E+000  0.711307265544946E+000  0.762414409778066E+000  0.100374589027617E+000 -0.131028262406404E+000 -0.149120184344025E+003 -0.149120184344025E+003
  0.101815985220832E+000  0.702105176751515E+000  0.503673169122327E-001  0.101778184937217E+000 -0.131028262406404E+000 -0.149120373629911E+003 -0.149120373629911E+003
  0.100585582079448E+000  0.551951895397433E+000  0.880037963110971E+000  0.100349316408147E+000 -0.131028262406404E+000 -0.149119331892471E+003 -0.149119331892471E+003
  0.101455687599692E+000  0.956890194905855E+000  0.690033916256841E+000  0.100271585434680E+000 -0.131028262406404E+000 -0.149120488130840E+003 -0.149120488130840E+003
  0.101269809546437E+000  0.739532300481281E+000  0.625792572122104E+000  0.101011924707025E+000 -0.131028262406404E+000 -0.149120134139495E+003 -0.149120134139495E+003
  0.101261737171867E+000  0.779426642417947E+000  0.196354868418013E+000  0.102019751286870E+000 -0.131028262406404E+000 -0.149120472280328E+003 -0.149120472280328E+003
  0.101127045716615E+000  0.845933146121089E+000  0.271427915302714E+000  0.100367789015624E+000 -0.131028262406404E+000 -0.149120184087041E+003 -0.149120184087041E+003
  0.102062927669041E+000  0.576527515548275E+000  0.397814589623209E+000  0.100013178030362E+000 -0.131028262406404E+000 -0.149119705601639E+003 -0.149119705601639E+003
  0.100124559396594E+000  0.917186716233856E+000  0.517759767738037E+000  0.102483994622668E+000 -0.131028262406404E+000 -0.149120595598074E+003 -0.149120595598074E+003
  0.100307046458573E+000  0.589708077258727E+000  0.673294711852405E+000  0.103197757696989E+000 -0.131028262406404E+000 -0.149120001628642E+003 -0.149120001628642E+003
  0.100903218722123E+000  0.686627836747913E+000  0.533572331351964E+000  0.103441137223981E+000 -0.131028262406404E+000 -0.149120479559740E+003 -0.149120479559740E+003
  0.101475689017149E+000  0.617397342145481E+000  0.631371474797414E+000  0.100711874648362E+000 -0.131028262406404E+000 -0.149119816705689E+003 -0.149119816705689E+003
  0.100371396423186E+000  0.775817888079239E+000  0.136635185234524E+000  0.100730984969349E+000 -0.131028262406404E+000 -0.149119910066846E+003 -0.149119910066846E+003
  0.100378558437695E+000  0.937096917626854E+000  0.298373575576093E+000  0.102019589450337E+000 -0.131028262406404E+000 -0.149120593888668E+003 -0.149120593888668E+003
  0.100008995342240E+000  0.955640050284303E+000  0.778734613307796E+000  0.101288121445053E+000 -0.131028262406404E+000 -0.149120348011153E+003 -0.149120348011153E+003
  0.101067098771540E+000  0.582856140624296E+000  0.490176539489564E+000  0.102395888898027E+000 -0.131028262406404E+000 -0.149120005893767E+003 -0.149120005893767E+003
  0.104201498604084E+000  0.514674382520950E+000  0.265247648910728E+000  0.100884234709822E+000 -0.131028262406404E+000 -0.149120307591251E+003 -0.149120307591251E+003
  0.102469984273400E+000  0.556081721287987E+000  0.318393794599538E+000  0.103097831187739E+000 -0.131028262406404E+000 -0.149120470539332E+003 -0.149120470539332E+003
  0.102222443775181E+000  0.583392389508145E+000  0.618248884115901E+000  0.102123006385843E+000 -0.131028262406404E+000 -0.149120254814137E+003 -0.149120254814137E+003
  0.103864850118699E+000  0.618018937689302E+000  0.168960528848694E+000  0.101172784191598E+000 -0.131028262406404E+000 -0.149120563398438E+003 -0.149120563398438E+003
  0.100931998540365E+000  0.736136712246085E+000  0.161586935412650E+000  0.102568939170161E+000 -0.131028262406404E+000 -0.149120408008399E+003 -0.149120408008399E+003
  0.103595028202576E+000  0.702996349472137E+000  0.235195357281338E+000  0.100787205151033E+000 -0.131028262406404E+000 -0.149120615266595E+003 -0.149120615266595E+003
  0.101721042041392E+000  0.593734304938511E+000  0.170507588730039E+000  0.102648024024421E+000 -0.131028262406404E+000 -0.149120269119854E+003 -0.149120269119854E+003
  0.100915228481223E+000  0.571301869027215E+000  0.800931223489690E+000  0.105270559831697E+000 -0.131028262406404E+000 -0.149120582887340E+003 -0.149120582887340E+003
  0.103499193534422E+000  0.701256446634941E+000  0.657885422922046E+000  0.100139263536075E+000 -0.131028262406404E+000 -0.149120426766496E+003 -0.149120426766496E+003
  0.101845548880444E+000  0.598459352569110E+000  0.996296409696155E-001  0.103828387465594E+000 -0.131028262406404E+000 -0.149120587766351E+003 -0.149120587766351E+003
  0.100585385986879E+000  0.653195040017101E+000  0.302773266898116E-001  0.104688515577652E+000 -0.131028262406404E+000 -0.149120592207537E+003 -0.149120592207537E+003
  0.103716133252095E+000  0.516734397979505E+000  0.379452518707123E+000  0.100247432579885E+000 -0.131028262406404E+000 -0.149120037969118E+003 -0.149120037969118E+003
  0.101513411226709E+000  0.743778012401689E+000  0.808622309942820E+000  0.101072946237613E+000 -0.131028262406404E+000 -0.149120224722923E+003 -0.149120224722923E+003
  0.100095334645694E+000  0.674695213743305E+000  0.567732770018928E+000  0.102416590024170E+000 -0.131028262406404E+000 -0.149119989032153E+003 -0.149119989032153E+003
  0.105444815145339E+000  0.531062145530819E+000  0.142544233373416E+000  0.100192397031013E+000 -0.131028262406404E+000 -0.149120517328270E+003 -0.149120517328270E+003
  0.100335515247744E+000  0.655451915096292E+000  0.338269692858162E+000  0.101143790841678E+000 -0.131028262406404E+000 -0.149119709110566E+003 -0.149119709110566E+003
  0.100459079023599E+000  0.602203538286226E+000  0.777454106942695E+000  0.102263936558896E+000 -0.131028262406404E+000 -0.149119863928518E+003 -0.149119863928518E+003
