  0.519513238050713E+000  0.507976855851824E+000  0.719554569630410E+000  0.497469745179014E+000 -0.131028262406404E+000 -0.151490339904306E+003 -0.151490339904306E+003
  0.506776414214705E+000  0.514551589878149E+000  0.729033424493837E+000  0.498920887640740E+000 -0.131028262406404E+000 -0.151490417553872E+003 -0.151490417553872E+003
  0.470619435928225E+000  0.505862542376239E+000  0.669401870307274E+000  0.498518443441777E+000 -0.131028262406404E+000 -0.151491009181095E+003 -0.151491009181095E+003
  0.552274231768365E+000  0.503336217010804E+000  0.742103876303744E+000  0.499450101723203E+000 -0.131028262406404E+000 -0.151488528441450E+003 -0.151488528441450E+003
  0.549189026920885E+000  0.500443141087756E+000  0.743087000591357E+000  0.496380886572978E+000 -0.131028262406404E+000 -0.151490853288587E+003 -0.151490853288587E+003
  0.548873322565677E+000  0.507481805362046E+000  0.757050937542251E+000  0.499785798302364E+000 -0.131028262406404E+000 -0.151489117115048E+003 -0.151489117115048E+003
  0.527508579849232E+000  0.501534682819273E+000  0.753196983170604E+000  0.498159138354170E+000 -0.131028262406404E+000 -0.151488005980003E+003 -0.151488005980003E+003
  0.521068483376852E+000  0.502198120865895E+000  0.670864788147919E+000  0.495697860275855E+000 -0.131028262406404E+000 -0.151490794763261E+003 -0.151490794763261E+003
  0.504962377784845E+000  0.516180569475980E+000  0.739976637151631E+000  0.499809819407116E+000 -0.131028262406404E+000 -0.151489877009188E+003 -0.151489877009188E+003
  0.495733848385084E+000  0.506475933251993E+000  0.751868445185629E+000  0.495960976368209E+000 -0.131028262406404E+000 -0.151491966349681E+003 -0.151491966349681E+003
  0.524363656346374E+000  0.505452740295237E+000  0.632111146923711E+000  0.497462732049350E+000 -0.131028262406404E+000 -0.151489764316789E+003 -0.151489764316789E+003
  0.524347697156312E+000  0.510783786792500E+000  0.646384764235131E+000  0.497325473530551E+000 -0.131028262406404E+000 -0.151491381789351E+003 -0.151491381789351E+003
  0.562530548797504E+000  0.504686767189213E+000  0.728801387254134E+000  0.497768302027784E+000 -0.131028262406404E+000 -0.151491929421743E+003 -0.151491929421743E+003
  0.487940685958577E+000  0.502166780876511E+000  0.655573038934428E+000  0.499683216134329E+000 -0.131028262406404E+000 -0.151487394009555E+003 -0.151487394009555E+003
  0.547913425412897E+000  0.511510459009326E+000  0.740861376416043E+000  0.499398486019686E+000 -0.131028262406404E+000 -0.151490707526061E+003 -0.151490707526061E+003
  0.509486698169743E+000  0.517935806804410E+000  0.687024137412222E+000  0.498630197096781E+000 -0.131028262406404E+000 -0.151491614600142E+003 -0.151491614600142E+003
