  0.168413782570808E+001  0.123188039573794E+001  0.937377482534546E-001  0.498932186312183E+000 -0.131028262406404E+000 -0.136721101892581E+003 -0.136721101892581E+003
  0.168426889451952E+001  0.121594743409585E+001  0.789525926762231E-001  0.499618419840422E+000 -0.131028262406404E+000 -0.136719846370804E+003 -0.136719846370804E+003
  0.163248495050437E+001  0.121613975857182E+001  0.682999576685971E-001  0.499354174480966E+000 -0.131028262406404E+000 -0.136721025330756E+003 -0.136721025330756E+003
  0.169024193248164E+001  0.123822506978228E+001  0.840080559671139E-001  0.499704079826949E+000 -0.131028262406404E+000 -0.136721006361541E+003 -0.136721006361541E+003
  0.164675590045456E+001  0.122831955328465E+001  0.122008209447627E-001  0.499115652687984E+000 -0.131028262406404E+000 -0.136719702423307E+003 -0.136719702423307E+003
  0.164530251737396E+001  0.122705298264618E+001  0.616393799122758E-001  0.499121707574004E+000 -0.131028262406404E+000 -0.136719785005196E+003 -0.136719785005196E+003
  0.169423127446718E+001  0.122628009243374E+001  0.253068273288586E-001  0.499995127892492E+000 -0.131028262406404E+000 -0.136720424480986E+003 -0.136720424480986E+003
  0.165297388512929E+001  0.122942305957627E+001  0.622976693951340E-001  0.499922986900559E+000 -0.131028262406404E+000 -0.136717863175302E+003 -0.136717863175302E+003
  0.165727749421829E+001  0.120746652565064E+001  0.114330196855656E-001  0.499190721308975E+000 -0.131028262406404E+000 -0.136720305182355E+003 -0.136720305182355E+003
  0.167049411581993E+001  0.123392967843513E+001  0.110629549990681E+000  0.498662487136576E+000 -0.131028262406404E+000 -0.136720640890662E+003 -0.136720640890662E+003
  0.163649582980159E+001  0.122033774247810E+001  0.666550040814465E-001  0.499926196573754E+000 -0.131028262406404E+000 -0.136719082222817E+003 -0.136719082222817E+003
  0.166209448914218E+001  0.123401807795784E+001  0.103889655522971E+000  0.499893532349287E+000 -0.131028262406404E+000 -0.136718034483879E+003 -0.136718034483879E+003
  0.164060425074154E+001  0.126243031334211E+001  0.291907589048651E-001  0.499825710957840E+000 -0.131028262406404E+000 -0.136721380734437E+003 -0.136721380734437E+003
  0.163890067155477E+001  0.121511129049285E+001  0.136862087916380E-001  0.499838859199321E+000 -0.131028262406404E+000 -0.136719419901593E+003 -0.136719419901593E+003
  0.168738111802881E+001  0.121072004644041E+001  0.152386231038434E-001  0.499865131937302E+000 -0.131028262406404E+000 -0.136720026605069E+003 -0.136720026605069E+003
  0.167797115690791E+001  0.120469599915782E+001  0.709019648765296E-001  0.498853927737681E+000 -0.131028262406404E+000 -0.136721427778467E+003 -0.136721427778467E+003
  0.165839494288852E+001  0.124925553421805E+001  0.101131238346035E+000  0.498706262594309E+000 -0.131028262406404E+000 -0.136721511020454E+003 -0.136721511020454E+003
  0.168479196822255E+001  0.123344686244590E+001  0.145774719646383E-001  0.499505106069936E+000 -0.131028262406404E+000 -0.136720278778510E+003 -0.136720278778510E+003
  0.167395168740460E+001  0.122599966995317E+001  0.813366155042999E-001  0.498630358725908E+000 -0.131028262406404E+000 -0.136720635549577E+003 -0.136720635549577E+003
  0.163593407707218E+001  0.124753275699924E+001  0.110866128116201E-001  0.499014930620136E+000 -0.131028262406404E+000 -0.136721463543266E+003 -0.136721463543266E+003
  0.167711130285798E+001  0.122863481745582E+001  0.532107403423078E-001  0.499561971860641E+000 -0.131028262406404E+000 -0.136719235830254E+003 -0.136719235830254E+003
  0.166605559574146E+001  0.121816364937846E+001  0.250341672335061E-001  0.498605568984959E+000 -0.131028262406404E+000 -0.136720527671549E+003 -0.136720527671549E+003
  0.165103222289572E+001  0.121191998630758E+001  0.104524594729045E-001  0.499165334387367E+000 -0.131028262406404E+000 -0.136720161557358E+003 -0.136720161557358E+003
  0.162271193287657E+001  0.123465280534680E+001  0.418541576547171E-001  0.499431257385393E+000 -0.131028262406404E+000 -0.136721432403686E+003 -0.136721432403686E+003
  0.162277815972602E+001  0.123458077896215E+001  0.159298138077746E-001  0.499685515381553E+000 -0.131028262406404E+000 -0.136720852208181E+003 -0.136720852208181E+003
  0.166430498510321E+001  0.125516809402534E+001  0.109857749913467E+000  0.499921188487910E+000 -0.131028262406404E+000 -0.136720127912025E+003 -0.136720127912025E+003
  0.168492534966358E+001  0.120711603746736E+001  0.801179565336292E-001  0.499523946736751E+000 -0.131028262406404E+000 -0.136720596857739E+003 -0.136720596857739E+003
  0.167103822180942E+001  0.120018381081481E+001  0.158250257579717E-001  0.499083108996762E+000 -0.131028262406404E+000 -0.136721318147384E+003 -0.136721318147384E+003
  0.166892489315602E+001  0.120531001777400E+001  0.158849002429309E-001  0.498897423956270E+000 -0.131028262406404E+000 -0.136720986214421E+003 -0.136720986214421E+003
  0.165819936380144E+001  0.121212189940218E+001  0.197508257140827E-001  0.498858781528927E+000 -0.131028262406404E+000 -0.136720460925712E+003 -0.136720460925712E+003
  0.165964265410238E+001  0.122317558872834E+001  0.710329600927131E-001  0.499002233718041E+000 -0.131028262406404E+000 -0.136719610639590E+003 -0.136719610639590E+003
  0.165905517712273E+001  0.124677411387341E+001  0.661912012149991E-002  0.499798804452825E+000 -0.131028262406404E+000 -0.136719066830286E+003 -0.136719066830286E+003
  0.169888223426345E+001  0.121505233048060E+001  0.753993057899123E-001  0.499992127192897E+000 -0.131028262406404E+000 -0.136721163670978E+003 -0.136721163670978E+003
