  0.166966249674511E+001  0.124402757424468E+001  0.661287200195043E+000  0.499456459325791E+000 -0.131028262406404E+000 -0.136719881703309E+003 -0.136719881703309E+003
  0.164691259794895E+001  0.120802495640559E+001  0.681647486440724E+000  0.499419717522292E+000 -0.131028262406404E+000 -0.136720319673523E+003 -0.136720319673523E+003
  0.163442317615447E+001  0.123372468515420E+001  0.576025389461019E+000  0.499414901416350E+000 -0.131028262406404E+000 -0.136720029668937E+003 -0.136720029668937E+003
  0.166532437081698E+001  0.120223331997602E+001  0.561259147147419E+000  0.499791190169011E+000 -0.131028262406404E+000 -0.136719750679526E+003 -0.136719750679526E+003
  0.166820236919926E+001  0.123601940914330E+001  0.718921482068466E+000  0.498380452005848E+000 -0.131028262406404E+000 -0.136721186034022E+003 -0.136721186034022E+003
  0.164146699300251E+001  0.125058924923524E+001  0.535391829688961E+000  0.499638729459325E+000 -0.131028262406404E+000 -0.136720056212252E+003 -0.136720056212252E+003
  0.165693961326440E+001  0.121490230753705E+001  0.624208582606056E+000  0.499002073922544E+000 -0.131028262406404E+000 -0.136720014794808E+003 -0.136720014794808E+003
  0.167559221064336E+001  0.123922715726791E+001  0.761417337464761E+000  0.498637932869453E+000 -0.131028262406404E+000 -0.136721353396514E+003 -0.136721353396514E+003
  0.168743646408040E+001  0.122713652420655E+001  0.582429006000275E+000  0.499294981152157E+000 -0.131028262406404E+000 -0.136720668092724E+003 -0.136720668092724E+003
  0.167965995057124E+001  0.121934777107656E+001  0.754008128626353E+000  0.499945848564584E+000 -0.131028262406404E+000 -0.136718780586869E+003 -0.136718780586869E+003
  0.164836716784265E+001  0.125726583925457E+001  0.726509172468750E+000  0.499836937163880E+000 -0.131028262406404E+000 -0.136720299840933E+003 -0.136720299840933E+003
  0.162548128451716E+001  0.122852851646108E+001  0.722624080163569E+000  0.499977363151314E+000 -0.131028262406404E+000 -0.136719896157707E+003 -0.136719896157707E+003
  0.167814888772632E+001  0.121438261102946E+001  0.562920695677227E+000  0.499821433748231E+000 -0.131028262406404E+000 -0.136719066773826E+003 -0.136719066773826E+003
  0.167354552128618E+001  0.123403465436075E+001  0.559018213774460E+000  0.498683256367808E+000 -0.131028262406404E+000 -0.136720774202565E+003 -0.136720774202565E+003
  0.165309818283322E+001  0.122017874292950E+001  0.665622550781246E+000  0.499740963538838E+000 -0.131028262406404E+000 -0.136718406740709E+003 -0.136718406740709E+003
  0.165407406574748E+001  0.121369352307575E+001  0.720926125567179E+000  0.498502135212128E+000 -0.131028262406404E+000 -0.136721152222860E+003 -0.136721152222860E+003
  0.167024537067138E+001  0.122837335688533E+001  0.607021677736083E+000  0.498104107085167E+000 -0.131028262406404E+000 -0.136721465902827E+003 -0.136721465902827E+003
  0.163228006887541E+001  0.124940068912853E+001  0.622361047587349E+000  0.499345805644828E+000 -0.131028262406404E+000 -0.136721228178332E+003 -0.136721228178332E+003
  0.164011865947851E+001  0.123584572184121E+001  0.563370329164664E+000  0.498854471875142E+000 -0.131028262406404E+000 -0.136720772382286E+003 -0.136720772382286E+003
  0.163477354740858E+001  0.124119556369274E+001  0.663665103485072E+000  0.498912825501645E+000 -0.131028262406404E+000 -0.136721329679503E+003 -0.136721329679503E+003
  0.168288858852929E+001  0.122758509765108E+001  0.703904687400932E+000  0.499072266065208E+000 -0.131028262406404E+000 -0.136720566706931E+003 -0.136720566706931E+003
  0.166531983464969E+001  0.123394794087329E+001  0.668122087972434E+000  0.499765778201908E+000 -0.131028262406404E+000 -0.136718367938861E+003 -0.136718367938861E+003
  0.166177199118875E+001  0.124003722063655E+001  0.734264101986201E+000  0.498278023282056E+000 -0.131028262406404E+000 -0.136721491359819E+003 -0.136721491359819E+003
  0.164905064213648E+001  0.121767290972704E+001  0.618764054743033E+000  0.499064267017786E+000 -0.131028262406404E+000 -0.136720030275788E+003 -0.136720030275788E+003
  0.167063456516230E+001  0.123928080297050E+001  0.542580712367450E+000  0.499744539534270E+000 -0.131028262406404E+000 -0.136718983429417E+003 -0.136718983429417E+003
  0.163081145724151E+001  0.124802455801735E+001  0.712096576622090E+000  0.499503567893406E+000 -0.131028262406404E+000 -0.136720893466215E+003 -0.136720893466215E+003
  0.163091833568544E+001  0.122656876562640E+001  0.552831115500947E+000  0.499315771654615E+000 -0.131028262406404E+000 -0.136720692134952E+003 -0.136720692134952E+003
  0.165265810509787E+001  0.123091777851437E+001  0.702348618311642E+000  0.498309644189380E+000 -0.131028262406404E+000 -0.136721089941121E+003 -0.136721089941121E+003
  0.163749595804991E+001  0.120484559876801E+001  0.563374726692004E+000  0.499855611871960E+000 -0.131028262406404E+000 -0.136720715413377E+003 -0.136720715413377E+003
  0.166297554885540E+001  0.125718614199985E+001  0.658129596987578E+000  0.499987451020997E+000 -0.131028262406404E+000 -0.136720255936868E+003 -0.136720255936868E+003
  0.162285263923134E+001  0.121400121011634E+001  0.685279395034045E+000  0.499950758041824E+000 -0.131028262406404E+000 -0.136721331904128E+003 -0.136721331904128E+003
  0.163744939203376E+001  0.123177779922764E+001  0.556537344061418E+000  0.499895621931323E+000 -0.131028262406404E+000 -0.136718721145703E+003 -0.136718721145703E+003
  0.164322156835559E+001  0.123825070395958E+001  0.691849893043501E+000  0.498499553801624E+000 -0.131028262406404E+000 -0.136721398227328E+003 -0.136721398227328E+003
  0.168294043375818E+001  0.122697266557168E+001  0.685767478384757E+000  0.499295423024265E+000 -0.131028262406404E+000 -0.136720175301420E+003 -0.136720175301420E+003
  0.167775484058220E+001  0.122626504332690E+001  0.535992428835620E+000  0.498302380117596E+000 -0.131028262406404E+000 -0.136721456693117E+003 -0.136721456693117E+003
  0.165483545311576E+001  0.122346872281042E+001  0.683518007631266E+000  0.498613631513984E+000 -0.131028262406404E+000 -0.136720435925545E+003 -0.136720435925545E+003
  0.164751447237357E+001  0.121360846255589E+001  0.590151419403501E+000  0.499821320853881E+000 -0.131028262406404E+000 -0.136718932205733E+003 -0.136718932205733E+003
  0.164315211114596E+001  0.120842610476838E+001  0.756728359464495E+000  0.499470726524473E+000 -0.131028262406404E+000 -0.136720463692344E+003 -0.136720463692344E+003
  0.163896443828850E+001  0.123201650419045E+001  0.662986612864672E+000  0.499167932827588E+000 -0.131028262406404E+000 -0.136720128911973E+003 -0.136720128911973E+003
  0.164388459473451E+001  0.122974248253304E+001  0.725190760189711E+000  0.499174913423222E+000 -0.131028262406404E+000 -0.136719746166815E+003 -0.136719746166815E+003
  0.164631884541214E+001  0.120636384534835E+001  0.701547741082230E+000  0.499472505423765E+000 -0.131028262406404E+000 -0.136720460782152E+003 -0.136720460782152E+003
  0.165233777932880E+001  0.123159721015410E+001  0.606437469610900E+000  0.498363186634319E+000 -0.131028262406404E+000 -0.136721006039513E+003 -0.136721006039513E+003
  0.165637653827302E+001  0.119973421124008E+001  0.648074387681677E+000  0.499071267640563E+000 -0.131028262406404E+000 -0.136721555440479E+003 -0.136721555440479E+003
  0.165639501105682E+001  0.123528511270849E+001  0.642901378939121E+000  0.499676592505876E+000 -0.131028262406404E+000 -0.136718440609676E+003 -0.136718440609676E+003
  0.169242683321246E+001  0.121746724847851E+001  0.718691103056157E+000  0.499475524377606E+000 -0.131028262406404E+000 -0.136720960088555E+003 -0.136720960088555E+003
  0.167365886438719E+001  0.124068783956237E+001  0.715930812817364E+000  0.499864777270310E+000 -0.131028262406404E+000 -0.136719091435211E+003 -0.136719091435211E+003
  0.164552339829662E+001  0.122707460281931E+001  0.705972776621595E+000  0.499665213270157E+000 -0.131028262406404E+000 -0.136718668367261E+003 -0.136718668367261E+003
  0.168333035315952E+001  0.121904681194219E+001  0.701007012460117E+000  0.498515470928875E+000 -0.131028262406404E+000 -0.136721516106571E+003 -0.136721516106571E+003
  0.167687750671262E+001  0.121832216654915E+001  0.692353315360634E+000  0.499499095916427E+000 -0.131028262406404E+000 -0.136719363083693E+003 -0.136719363083693E+003
  0.163022474626514E+001  0.124137772734239E+001  0.724807567342427E+000  0.499284574589198E+000 -0.131028262406404E+000 -0.136720985505538E+003 -0.136720985505538E+003
  0.166766804866535E+001  0.122491552208539E+001  0.691675631295285E+000  0.498891209846170E+000 -0.131028262406404E+000 -0.136719894227773E+003 -0.136719894227773E+003
  0.166013274570871E+001  0.119487299697242E+001  0.700693348492692E+000  0.499656888547241E+000 -0.131028262406404E+000 -0.136721166256491E+003 -0.136721166256491E+003
  0.166918717234087E+001  0.119886584581844E+001  0.558623478016546E+000  0.499692719552165E+000 -0.131028262406404E+000 -0.136720426787095E+003 -0.136720426787095E+003
  0.162923732859073E+001  0.123293408339367E+001  0.558729462420355E+000  0.499299221120957E+000 -0.131028262406404E+000 -0.136720843767719E+003 -0.136720843767719E+003
  0.166023683282942E+001  0.119959218171553E+001  0.592451818221716E+000  0.499791721396001E+000 -0.131028262406404E+000 -0.136720157451848E+003 -0.136720157451848E+003
  0.164998423601562E+001  0.121431262519001E+001  0.729880797858427E+000  0.498728184798742E+000 -0.131028262406404E+000 -0.136720868775512E+003 -0.136720868775512E+003
  0.163696135397700E+001  0.123546607376571E+001  0.624095645023606E+000  0.499776562029820E+000 -0.131028262406404E+000 -0.136719058398002E+003 -0.136719058398002E+003
  0.166844622090004E+001  0.119759808123652E+001  0.686332475808948E+000  0.499596610247075E+000 -0.131028262406404E+000 -0.136720768290588E+003 -0.136720768290588E+003
  0.165584145204071E+001  0.125818004596065E+001  0.573444312138155E+000  0.499398638691500E+000 -0.131028262406404E+000 -0.136721362721165E+003 -0.136721362721165E+003
  0.163104753390975E+001  0.122812223169769E+001  0.665217301194845E+000  0.499624603328673E+000 -0.131028262406404E+000 -0.136719971299164E+003 -0.136719971299164E+003
  0.167259325089860E+001  0.122912305747793E+001  0.617460565621124E+000  0.499315099735350E+000 -0.131028262406404E+000 -0.136719379727145E+003 -0.136719379727145E+003
  0.162589221136826E+001  0.124878645812456E+001  0.746628916033982E+000  0.499859051404118E+000 -0.131028262406404E+000 -0.136720692632275E+003 -0.136720692632275E+003
  0.165449074414994E+001  0.126124888888476E+001  0.744174792045326E+000  0.499570397840170E+000 -0.131028262406404E+000 -0.136721525906755E+003 -0.136721525906755E+003
  0.163499882799474E+001  0.120183023748459E+001  0.642663441998060E+000  0.499954879756350E+000 -0.131028262406404E+000 -0.136721267230355E+003 -0.136721267230355E+003
  0.168268469441755E+001  0.124615741250814E+001  0.583215589750926E+000  0.499650219417970E+000 -0.131028262406404E+000 -0.136720953567832E+003 -0.136720953567832E+003
  0.166339992434460E+001  0.125668418502163E+001  0.595805377815243E+000  0.499817593029174E+000 -0.131028262406404E+000 -0.136720527131714E+003 -0.136720527131714E+003
  0.167653240424269E+001  0.121128482241249E+001  0.629782738417356E+000  0.499790181451728E+000 -0.131028262406404E+000 -0.136719204898585E+003 -0.136719204898585E+003
  0.164655314208509E+001  0.123730673021909E+001  0.553703279966942E+000  0.498300080860244E+000 -0.131028262406404E+000 -0.136721576619017E+003 -0.136721576619017E+003
