  0.242253508252117E+000  0.504915869223215E+000  0.775193155108210E+000  0.496655431587426E+000 -0.131028262406404E+000 -0.148497644172428E+003 -0.148497644172428E+003
  0.240438667198828E+000  0.508730296170347E+000  0.736173281586401E+000  0.496229097670250E+000 -0.131028262406404E+000 -0.148498571581078E+003 -0.148498571581078E+003
  0.192193058006081E+000  0.505780504322576E+000  0.821782238270853E+000  0.499363181547780E+000 -0.131028262406404E+000 -0.148498529595833E+003 -0.148498529595833E+003
  0.261996216144303E+000  0.504237509172063E+000  0.624703534874350E+000  0.499805240383794E+000 -0.131028262406404E+000 -0.148496835194378E+003 -0.148496835194378E+003
  0.218231925076845E+000  0.508429436010777E+000  0.727492481618556E+000  0.499747937377297E+000 -0.131028262406404E+000 -0.148496970341860E+003 -0.148496970341860E+003
  0.268221011716371E+000  0.504753436480691E+000  0.763786339442177E+000  0.498414284400934E+000 -0.131028262406404E+000 -0.148498166367938E+003 -0.148498166367938E+003
  0.241553139045114E+000  0.506304400348908E+000  0.800636553527283E+000  0.495668829316321E+000 -0.131028262406404E+000 -0.148498388462297E+003 -0.148498388462297E+003
  0.206586206781369E+000  0.501419348102370E+000  0.970037167532707E+000  0.499003463130233E+000 -0.131028262406404E+000 -0.148496756746099E+003 -0.148496756746099E+003
  0.215715515489587E+000  0.502248443363727E+000  0.518010817347439E+000  0.499238335058702E+000 -0.131028262406404E+000 -0.148496240831274E+003 -0.148496240831274E+003
  0.213821339385373E+000  0.516888704506846E+000  0.930553674971092E+000  0.499971856194346E+000 -0.131028262406404E+000 -0.148498505093589E+003 -0.148498505093589E+003
  0.208920363587183E+000  0.500114649350381E+000  0.863134463889348E+000  0.493826049570853E+000 -0.131028262406404E+000 -0.148498678282647E+003 -0.148498678282647E+003
  0.217852872916845E+000  0.510442879293041E+000  0.480934489190244E+000  0.499619921540865E+000 -0.131028262406404E+000 -0.148497394809263E+003 -0.148497394809263E+003
  0.194708115913597E+000  0.502342347611128E+000  0.943497724628282E+000  0.497448024091349E+000 -0.131028262406404E+000 -0.148498572312917E+003 -0.148498572312917E+003
  0.243060612508933E+000  0.500429010241039E+000  0.977835591109370E+000  0.494560739351402E+000 -0.131028262406404E+000 -0.148497797594140E+003 -0.148497797594140E+003
  0.236816325426854E+000  0.506376129245508E+000  0.498124325436058E+000  0.494925887342366E+000 -0.131028262406404E+000 -0.148498665382953E+003 -0.148498665382953E+003
  0.239268667033928E+000  0.514847479151815E+000  0.993394402967020E+000  0.499939725137439E+000 -0.131028262406404E+000 -0.148497972129403E+003 -0.148497972129403E+003
  0.223607231930964E+000  0.502908429997124E+000  0.667720700868143E+000  0.494336002859198E+000 -0.131028262406404E+000 -0.148498334029375E+003 -0.148498334029375E+003
  0.219374508300307E+000  0.507669247506418E+000  0.663558058672446E+000  0.498982679678621E+000 -0.131028262406404E+000 -0.148497146864094E+003 -0.148497146864094E+003
  0.246102776561372E+000  0.504705963944089E+000  0.559424148587551E+000  0.495544643474476E+000 -0.131028262406404E+000 -0.148498266421088E+003 -0.148498266421088E+003
  0.201810639398252E+000  0.503552141179856E+000  0.556441613532685E+000  0.499082110364112E+000 -0.131028262406404E+000 -0.148497423698068E+003 -0.148497423698068E+003
  0.213492026572783E+000  0.505458286592869E+000  0.950125182864921E+000  0.495792572566090E+000 -0.131028262406404E+000 -0.148498440123917E+003 -0.148498440123917E+003
  0.261063429684152E+000  0.500491657153263E+000  0.999460393079826E+000  0.495574759800378E+000 -0.131028262406404E+000 -0.148498125439182E+003 -0.148498125439182E+003
  0.249794606939914E+000  0.509924132344200E+000  0.822826129277141E+000  0.496837348250195E+000 -0.131028262406404E+000 -0.148498867790044E+003 -0.148498867790044E+003
  0.258539835495795E+000  0.501173372473365E+000  0.927604392732450E+000  0.495080493627041E+000 -0.131028262406404E+000 -0.148498366089666E+003 -0.148498366089666E+003
  0.217091187656346E+000  0.507544420108768E+000  0.625499545964046E+000  0.496820166525844E+000 -0.131028262406404E+000 -0.148498187255661E+003 -0.148498187255661E+003
  0.212541905964718E+000  0.500789250784399E+000  0.547457834893108E+000  0.496163785729782E+000 -0.131028262406404E+000 -0.148497543364485E+003 -0.148497543364485E+003
  0.209070544397919E+000  0.504077858534494E+000  0.884571161478248E+000  0.499040905819349E+000 -0.131028262406404E+000 -0.148497002596681E+003 -0.148497002596681E+003
  0.227486416317761E+000  0.509849411426807E+000  0.793734222961640E+000  0.498035492104978E+000 -0.131028262406404E+000 -0.148497813320306E+003 -0.148497813320306E+003
  0.274600422263353E+000  0.501222924166134E+000  0.807915222194328E+000  0.498780448659274E+000 -0.131028262406404E+000 -0.148497725616838E+003 -0.148497725616838E+003
  0.204832202131949E+000  0.505587795348202E+000  0.842406579925101E+000  0.499905060872471E+000 -0.131028262406404E+000 -0.148497154139349E+003 -0.148497154139349E+003
  0.274566314360274E+000  0.501084367165474E+000  0.920808965961707E+000  0.499733460167045E+000 -0.131028262406404E+000 -0.148497178441231E+003 -0.148497178441231E+003
  0.217115220417418E+000  0.510403886233349E+000  0.666858034329616E+000  0.498454056963727E+000 -0.131028262406404E+000 -0.148497941970371E+003 -0.148497941970371E+003
  0.241386966420365E+000  0.501775236690654E+000  0.630551357472965E+000  0.499104340576609E+000 -0.131028262406404E+000 -0.148495795042828E+003 -0.148495795042828E+003
  0.229265413763877E+000  0.504129610323069E+000  0.549147916493641E+000  0.494855398294494E+000 -0.131028262406404E+000 -0.148498237304394E+003 -0.148498237304394E+003
  0.225029977389878E+000  0.501497978362938E+000  0.600059161690378E+000  0.495262137165592E+000 -0.131028262406404E+000 -0.148497622280969E+003 -0.148497622280969E+003
  0.273067056512337E+000  0.500149209220081E+000  0.506249658737576E+000  0.496585294223555E+000 -0.131028262406404E+000 -0.148498494628982E+003 -0.148498494628982E+003
  0.240026859626636E+000  0.508044556071041E+000  0.771127150464574E+000  0.496419938909486E+000 -0.131028262406404E+000 -0.148498331728087E+003 -0.148498331728087E+003
  0.234662003734829E+000  0.503618263804890E+000  0.629214745420071E+000  0.498103872249586E+000 -0.131028262406404E+000 -0.148496582540107E+003 -0.148496582540107E+003
  0.226137310565257E+000  0.501847924483905E+000  0.772315072198875E+000  0.498215581733208E+000 -0.131028262406404E+000 -0.148496279911924E+003 -0.148496279911924E+003
  0.215244435413806E+000  0.503631204775589E+000  0.587792109132549E+000  0.499472129838855E+000 -0.131028262406404E+000 -0.148496392899540E+003 -0.148496392899540E+003
  0.232318026659124E+000  0.502278051245528E+000  0.990859818929671E+000  0.499198215672218E+000 -0.131028262406404E+000 -0.148495807720875E+003 -0.148495807720875E+003
  0.229058148215961E+000  0.501814950103401E+000  0.416961447873545E+000  0.494934960340413E+000 -0.131028262406404E+000 -0.148497774972449E+003 -0.148497774972449E+003
  0.193279792331446E+000  0.503574531431207E+000  0.585019839815729E+000  0.497978431065681E+000 -0.131028262406404E+000 -0.148498672674168E+003 -0.148498672674168E+003
  0.266186526421754E+000  0.500056654581517E+000  0.692783120633043E+000  0.498743344197984E+000 -0.131028262406404E+000 -0.148496740686183E+003 -0.148496740686183E+003
  0.244547806283469E+000  0.502539669667203E+000  0.464477733896808E+000  0.495549840658051E+000 -0.131028262406404E+000 -0.148497772301834E+003 -0.148497772301834E+003
  0.237259734746518E+000  0.508516541859518E+000  0.968843782173324E+000  0.495928871689378E+000 -0.131028262406404E+000 -0.148498606364780E+003 -0.148498606364780E+003
  0.192744310914335E+000  0.500524698454458E+000  0.944057208209488E+000  0.497871185576397E+000 -0.131028262406404E+000 -0.148498330148328E+003 -0.148498330148328E+003
  0.224558782170935E+000  0.504271380500729E+000  0.580820910604592E+000  0.497217992737431E+000 -0.131028262406404E+000 -0.148497217529676E+003 -0.148497217529676E+003
  0.213205360236017E+000  0.510820480313328E+000  0.667110455924641E+000  0.497657183584761E+000 -0.131028262406404E+000 -0.148498522554441E+003 -0.148498522554441E+003
  0.193094543255378E+000  0.502925242087542E+000  0.493142629266711E+000  0.498621904430219E+000 -0.131028262406404E+000 -0.148498328741376E+003 -0.148498328741376E+003
  0.241977884090370E+000  0.501018950326608E+000  0.872841673995587E+000  0.493550534153838E+000 -0.131028262406404E+000 -0.148498386348565E+003 -0.148498386348565E+003
  0.225822555322736E+000  0.502970603194416E+000  0.909714129754538E+000  0.497092606833674E+000 -0.131028262406404E+000 -0.148497015931799E+003 -0.148497015931799E+003
  0.228246443703068E+000  0.505625399742726E+000  0.650042594576894E+000  0.497034947379483E+000 -0.131028262406404E+000 -0.148497493596502E+003 -0.148497493596502E+003
  0.203760803970901E+000  0.507182279189443E+000  0.741330810001660E+000  0.496690642250594E+000 -0.131028262406404E+000 -0.148498878204506E+003 -0.148498878204506E+003
  0.208785803518394E+000  0.508709885178927E+000  0.584952263352503E+000  0.497115919806092E+000 -0.131028262406404E+000 -0.148498626703859E+003 -0.148498626703859E+003
  0.211045583562920E+000  0.514766207838092E+000  0.555470114760847E+000  0.498702443739762E+000 -0.131028262406404E+000 -0.148498820890270E+003 -0.148498820890270E+003
  0.215978819172690E+000  0.505699784456050E+000  0.886692178887601E+000  0.499854371015122E+000 -0.131028262406404E+000 -0.148496539305778E+003 -0.148496539305778E+003
  0.212933936846698E+000  0.510717139946561E+000  0.874806865354932E+000  0.499120030402703E+000 -0.131028262406404E+000 -0.148497863783471E+003 -0.148497863783471E+003
  0.221150311207297E+000  0.503961569919690E+000  0.559023364670484E+000  0.494290644852618E+000 -0.131028262406404E+000 -0.148498597088163E+003 -0.148498597088163E+003
  0.216511019964078E+000  0.500623426289971E+000  0.763914585074360E+000  0.493646120338663E+000 -0.131028262406404E+000 -0.148498468437218E+003 -0.148498468437218E+003
  0.222573182584986E+000  0.506513767040925E+000  0.890430871250465E+000  0.494492191541715E+000 -0.131028262406404E+000 -0.148498922871991E+003 -0.148498922871991E+003
  0.240032393699217E+000  0.501827852137765E+000  0.588213789434222E+000  0.497750995365208E+000 -0.131028262406404E+000 -0.148496449031611E+003 -0.148496449031611E+003
  0.251702882415392E+000  0.505158640717382E+000  0.784933695022041E+000  0.495131985235327E+000 -0.131028262406404E+000 -0.148498809002073E+003 -0.148498809002073E+003
  0.222693812857260E+000  0.504647758871616E+000  0.656521836384756E+000  0.494421405043675E+000 -0.131028262406404E+000 -0.148498621961840E+003 -0.148498621961840E+003
  0.255633072140781E+000  0.502154375708155E+000  0.926374254242668E+000  0.497434569170666E+000 -0.131028262406404E+000 -0.148497203398097E+003 -0.148497203398097E+003
  0.226084919532644E+000  0.506413342104523E+000  0.848418140865786E+000  0.494679482241022E+000 -0.131028262406404E+000 -0.148498764994175E+003 -0.148498764994175E+003
  0.223235239633710E+000  0.511846111637404E+000  0.668973813270096E+000  0.499786087979826E+000 -0.131028262406404E+000 -0.148497425339326E+003 -0.148497425339326E+003
  0.218458907495211E+000  0.512642111895092E+000  0.536102134033867E+000  0.498107490495463E+000 -0.131028262406404E+000 -0.148498449563181E+003 -0.148498449563181E+003
  0.189603432588194E+000  0.506383585768913E+000  0.950654454729955E+000  0.499393516355483E+000 -0.131028262406404E+000 -0.148498880140489E+003 -0.148498880140489E+003
  0.223935664787748E+000  0.513425480606022E+000  0.527465869159196E+000  0.497782452191271E+000 -0.131028262406404E+000 -0.148498627591211E+003 -0.148498627591211E+003
  0.219309104887468E+000  0.512400568596062E+000  0.619316617808532E+000  0.498221553327934E+000 -0.131028262406404E+000 -0.148498331912509E+003 -0.148498331912509E+003
  0.238756771177068E+000  0.511502847849341E+000  0.454511425450511E+000  0.496963253465434E+000 -0.131028262406404E+000 -0.148498727609742E+003 -0.148498727609742E+003
  0.196385302909435E+000  0.502171037267726E+000  0.509751116491238E+000  0.496865564378831E+000 -0.131028262406404E+000 -0.148498632362751E+003 -0.148498632362751E+003
  0.223082844961028E+000  0.513340359957303E+000  0.600453284767295E+000  0.498694488727158E+000 -0.131028262406404E+000 -0.148498203708627E+003 -0.148498203708627E+003
  0.216491337540837E+000  0.508556782922400E+000  0.594626261413542E+000  0.498062501611783E+000 -0.131028262406404E+000 -0.148497821203784E+003 -0.148497821203784E+003
  0.229667249322153E+000  0.513423917032004E+000  0.710115698626088E+000  0.499536946246094E+000 -0.131028262406404E+000 -0.148497770419675E+003 -0.148497770419675E+003
  0.247805677966742E+000  0.501128054969726E+000  0.460542547033180E+000  0.495511409409308E+000 -0.131028262406404E+000 -0.148497609187132E+003 -0.148497609187132E+003
  0.189209437869490E+000  0.504034269074607E+000  0.809958381886755E+000  0.499454649937812E+000 -0.131028262406404E+000 -0.148498563854443E+003 -0.148498563854443E+003
  0.211217978179965E+000  0.512360830457982E+000  0.931628266557616E+000  0.499152379245445E+000 -0.131028262406404E+000 -0.148498207867935E+003 -0.148498207867935E+003
  0.224458244439341E+000  0.506183986281507E+000  0.475165974357432E+000  0.498607337644494E+000 -0.131028262406404E+000 -0.148496918367469E+003 -0.148496918367469E+003
  0.263443460032197E+000  0.512827933923154E+000  0.753683085818089E+000  0.499835178993937E+000 -0.131028262406404E+000 -0.148498896652394E+003 -0.148498896652394E+003
  0.269063393310049E+000  0.503675494497070E+000  0.614752196758021E+000  0.499801747851365E+000 -0.131028262406404E+000 -0.148497255861279E+003 -0.148497255861279E+003
  0.253816837699418E+000  0.505189638942692E+000  0.830929172010047E+000  0.496436665132581E+000 -0.131028262406404E+000 -0.148498267409452E+003 -0.148498267409452E+003
  0.219162974544316E+000  0.503904580592798E+000  0.538543806886425E+000  0.496160531280810E+000 -0.131028262406404E+000 -0.148497786827444E+003 -0.148497786827444E+003
  0.236763538861677E+000  0.500035532581141E+000  0.650933870776440E+000  0.495716585621973E+000 -0.131028262406404E+000 -0.148497056946070E+003 -0.148497056946070E+003
  0.224946003676008E+000  0.506077146287003E+000  0.990233962449042E+000  0.498184319461788E+000 -0.131028262406404E+000 -0.148497086102430E+003 -0.148497086102430E+003
  0.204606134070285E+000  0.503872752609556E+000  0.934844352201216E+000  0.497296404184485E+000 -0.131028262406404E+000 -0.148498033841136E+003 -0.148498033841136E+003
  0.256312761297205E+000  0.513388912036938E+000  0.548192777847727E+000  0.499634209632212E+000 -0.131028262406404E+000 -0.148498591383628E+003 -0.148498591383628E+003
  0.250842044181116E+000  0.507376923198310E+000  0.512429454051063E+000  0.497593169571398E+000 -0.131028262406404E+000 -0.148497999580784E+003 -0.148497999580784E+003
  0.216417983076845E+000  0.511076855345314E+000  0.929076838621373E+000  0.497561004024450E+000 -0.131028262406404E+000 -0.148498486577280E+003 -0.148498486577280E+003
  0.264481617750323E+000  0.502627872371523E+000  0.466622317018390E+000  0.499366834397591E+000 -0.131028262406404E+000 -0.148496875042720E+003 -0.148496875042720E+003
  0.207908138344455E+000  0.509278087841964E+000  0.872436209794512E+000  0.499386699646369E+000 -0.131028262406404E+000 -0.148497771978022E+003 -0.148497771978022E+003
  0.236165726104745E+000  0.501104112909428E+000  0.813485900901194E+000  0.494616465272983E+000 -0.131028262406404E+000 -0.148497790274216E+003 -0.148497790274216E+003
  0.229661198874203E+000  0.500026898485651E+000  0.693111103587452E+000  0.491992716222003E+000 -0.131028262406404E+000 -0.148498836484601E+003 -0.148498836484601E+003
  0.227458631724161E+000  0.507314782198382E+000  0.853257290105202E+000  0.495157296341236E+000 -0.131028262406404E+000 -0.148498693834694E+003 -0.148498693834694E+003
  0.242259199349424E+000  0.507069932181833E+000  0.952978268218010E+000  0.495631325277308E+000 -0.131028262406404E+000 -0.148498579886875E+003 -0.148498579886875E+003
  0.243104637529927E+000  0.511253919390048E+000  0.696450048787547E+000  0.499405037598311E+000 -0.131028262406404E+000 -0.148497606213342E+003 -0.148497606213342E+003
  0.237760888244303E+000  0.505234595143446E+000  0.486367790445882E+000  0.494135726501181E+000 -0.131028262406404E+000 -0.148498840934651E+003 -0.148498840934651E+003
  0.274702750906368E+000  0.501299657288958E+000  0.965187582542278E+000  0.496632018303158E+000 -0.131028262406404E+000 -0.148498904732157E+003 -0.148498904732157E+003
  0.243863621188150E+000  0.510422769828877E+000  0.782199296002022E+000  0.497085371118234E+000 -0.131028262406404E+000 -0.148498598751217E+003 -0.148498598751217E+003
  0.229822741554964E+000  0.503589629328226E+000  0.773712247734907E+000  0.494095766009186E+000 -0.131028262406404E+000 -0.148498494087887E+003 -0.148498494087887E+003
  0.253980262726005E+000  0.501571080210393E+000  0.889348882640140E+000  0.494956242269459E+000 -0.131028262406404E+000 -0.148498253113459E+003 -0.148498253113459E+003
  0.236201442482581E+000  0.517012223670394E+000  0.967706728404365E+000  0.499966099919489E+000 -0.131028262406404E+000 -0.148498326622639E+003 -0.148498326622639E+003
  0.262453739524716E+000  0.500650439727763E+000  0.750012369582546E+000  0.499713589815306E+000 -0.131028262406404E+000 -0.148496104118921E+003 -0.148496104118921E+003
  0.197797135859465E+000  0.501766889696491E+000  0.845266762308132E+000  0.498948921208958E+000 -0.131028262406404E+000 -0.148497558350913E+003 -0.148497558350913E+003
  0.243200711235498E+000  0.510296370716963E+000  0.666300793160877E+000  0.497552943661980E+000 -0.131028262406404E+000 -0.148498321082263E+003 -0.148498321082263E+003
  0.223501102832148E+000  0.503839764476985E+000  0.748510846775624E+000  0.497409660279824E+000 -0.131028262406404E+000 -0.148497074819550E+003 -0.148497074819550E+003
  0.233429719826543E+000  0.518893122455386E+000  0.556440326538859E+000  0.499767833072245E+000 -0.131028262406404E+000 -0.148498745961177E+003 -0.148498745961177E+003
  0.193940828914237E+000  0.509767709681705E+000  0.875174490282431E+000  0.499512858323132E+000 -0.131028262406404E+000 -0.148498880784580E+003 -0.148498880784580E+003
  0.257200274943732E+000  0.502709315578041E+000  0.568864931571564E+000  0.496225302258270E+000 -0.131028262406404E+000 -0.148498031387965E+003 -0.148498031387965E+003
  0.226386528831853E+000  0.515600686209862E+000  0.983758657391890E+000  0.498198474619024E+000 -0.131028262406404E+000 -0.148498815342137E+003 -0.148498815342137E+003
  0.216299040547065E+000  0.505138387321754E+000  0.784108972460426E+000  0.494862402665412E+000 -0.131028262406404E+000 -0.148498690303726E+003 -0.148498690303726E+003
  0.221777507866964E+000  0.503219091713522E+000  0.743543416610917E+000  0.497996387646708E+000 -0.131028262406404E+000 -0.148496739617986E+003 -0.148496739617986E+003
  0.244572409500448E+000  0.511076187133021E+000  0.639874485538975E+000  0.498816469759380E+000 -0.131028262406404E+000 -0.148497906979549E+003 -0.148497906979549E+003
  0.209507175219440E+000  0.502798755693142E+000  0.931034743968288E+000  0.495159742045801E+000 -0.131028262406404E+000 -0.148498486478783E+003 -0.148498486478783E+003
  0.222070910201018E+000  0.505889947332831E+000  0.571894864243459E+000  0.498207038349638E+000 -0.131028262406404E+000 -0.148497108067916E+003 -0.148497108067916E+003
  0.239216021251848E+000  0.514639167054952E+000  0.548994768242103E+000  0.499710236581248E+000 -0.131028262406404E+000 -0.148498039663100E+003 -0.148498039663100E+003
  0.227547100653220E+000  0.517078239131561E+000  0.549246380597333E+000  0.498718495589248E+000 -0.131028262406404E+000 -0.148498847519801E+003 -0.148498847519801E+003
  0.212683404192977E+000  0.505472648434934E+000  0.993879691076402E+000  0.497862298701233E+000 -0.131028262406404E+000 -0.148497553799485E+003 -0.148497553799485E+003
  0.234596363715391E+000  0.514475403015147E+000  0.720495454993601E+000  0.499771961447996E+000 -0.131028262406404E+000 -0.148497891396915E+003 -0.148497891396915E+003
  0.216954231457672E+000  0.502761852325375E+000  0.740615582481775E+000  0.498482101324149E+000 -0.131028262406404E+000 -0.148496615004324E+003 -0.148496615004324E+003
  0.251635717618279E+000  0.503871163339721E+000  0.669059275345234E+000  0.498977934934590E+000 -0.131028262406404E+000 -0.148496593387955E+003 -0.148496593387955E+003
  0.203414119254576E+000  0.506281599140147E+000  0.774218013199464E+000  0.499358044453401E+000 -0.131028262406404E+000 -0.148497606420765E+003 -0.148497606420765E+003
  0.242113435829139E+000  0.515711940285675E+000  0.761654308493900E+000  0.498811676112207E+000 -0.131028262406404E+000 -0.148498780057368E+003 -0.148498780057368E+003
  0.244937602052661E+000  0.504922782501368E+000  0.866400279455869E+000  0.499105532776255E+000 -0.131028262406404E+000 -0.148496508448433E+003 -0.148496508448433E+003
  0.262650160161302E+000  0.506662798026687E+000  0.903557170963244E+000  0.497574738233201E+000 -0.131028262406404E+000 -0.148498588043290E+003 -0.148498588043290E+003
  0.214545403070278E+000  0.513249181128148E+000  0.996282592779105E+000  0.498133166709561E+000 -0.131028262406404E+000 -0.148498671319625E+003 -0.148498671319625E+003
  0.246667297951553E+000  0.507652635842492E+000  0.764687690746377E+000  0.498162904418114E+000 -0.131028262406404E+000 -0.148497595635700E+003 -0.148497595635700E+003
  0.206266970921706E+000  0.503331411078802E+000  0.870109210390195E+000  0.496930849920791E+000 -0.131028262406404E+000 -0.148497992726184E+003 -0.148497992726184E+003
  0.237602552961937E+000  0.504104195870012E+000  0.776596036996594E+000  0.497570130133778E+000 -0.131028262406404E+000 -0.148496953834251E+003 -0.148496953834251E+003
  0.241908049640124E+000  0.505853842599159E+000  0.839768665218772E+000  0.498809947087298E+000 -0.131028262406404E+000 -0.148496767423137E+003 -0.148496767423137E+003
  0.270200650872040E+000  0.500707023152823E+000  0.921329464697576E+000  0.496654946204147E+000 -0.131028262406404E+000 -0.148498324134678E+003 -0.148498324134678E+003
  0.244311953161627E+000  0.507949786766718E+000  0.655397826958550E+000  0.497717734939761E+000 -0.131028262406404E+000 -0.148497795649485E+003 -0.148497795649485E+003
  0.202631015308528E+000  0.508236401776619E+000  0.634745004246058E+000  0.499855280057364E+000 -0.131028262406404E+000 -0.148497759055455E+003 -0.148497759055455E+003
  0.268592838822065E+000  0.500075343662954E+000  0.977775950741672E+000  0.497381455489484E+000 -0.131028262406404E+000 -0.148497653984904E+003 -0.148497653984904E+003
  0.222824279415442E+000  0.505186199902833E+000  0.516064352899620E+000  0.499076251880272E+000 -0.131028262406404E+000 -0.148496560196497E+003 -0.148496560196497E+003
  0.237184615163631E+000  0.501338594990657E+000  0.893223714931493E+000  0.499495316117924E+000 -0.131028262406404E+000 -0.148495477444295E+003 -0.148495477444295E+003
  0.251495402970932E+000  0.502515654838905E+000  0.638712917518199E+000  0.496297054441757E+000 -0.131028262406404E+000 -0.148497652976123E+003 -0.148497652976123E+003
  0.228873433961496E+000  0.513809780597018E+000  0.581064687946271E+000  0.497333918979262E+000 -0.131028262406404E+000 -0.148498878192064E+003 -0.148498878192064E+003
  0.200616076964290E+000  0.505125233722514E+000  0.580063758080808E+000  0.498418560463514E+000 -0.131028262406404E+000 -0.148498049574639E+003 -0.148498049574639E+003
  0.212087473918132E+000  0.509085801374362E+000  0.489166502225397E+000  0.499786462508314E+000 -0.131028262406404E+000 -0.148497331322612E+003 -0.148497331322612E+003
  0.258272695666215E+000  0.501086518162728E+000  0.848026242762045E+000  0.499186285696882E+000 -0.131028262406404E+000 -0.148496218093292E+003 -0.148496218093292E+003
  0.280175090714100E+000  0.501710029959663E+000  0.770005535503295E+000  0.499700605611385E+000 -0.131028262406404E+000 -0.148497932772578E+003 -0.148497932772578E+003
  0.200424807399414E+000  0.501553131638663E+000  0.755486292490346E+000  0.497705706644193E+000 -0.131028262406404E+000 -0.148497823029608E+003 -0.148497823029608E+003
  0.237285280684410E+000  0.501382633078700E+000  0.925858360355427E+000  0.496869750374759E+000 -0.131028262406404E+000 -0.148496761198501E+003 -0.148496761198501E+003
  0.220196258232245E+000  0.512935736422849E+000  0.869465422015301E+000  0.498599340100718E+000 -0.131028262406404E+000 -0.148498232586653E+003 -0.148498232586653E+003
  0.193044763997818E+000  0.503443575412543E+000  0.945179999808245E+000  0.498245545552103E+000 -0.131028262406404E+000 -0.148498566132680E+003 -0.148498566132680E+003
  0.225689656668686E+000  0.501580074743321E+000  0.974014588050425E+000  0.493393015322402E+000 -0.131028262406404E+000 -0.148498499238709E+003 -0.148498499238709E+003
  0.230055957609829E+000  0.512535452835295E+000  0.582845459665436E+000  0.499544026057458E+000 -0.131028262406404E+000 -0.148497597737615E+003 -0.148497597737615E+003
  0.191072449453195E+000  0.500714031199735E+000  0.800046787131293E+000  0.498492501873054E+000 -0.131028262406404E+000 -0.148498279419876E+003 -0.148498279419876E+003
  0.262269148547005E+000  0.506243458596699E+000  0.438659537828575E+000  0.497330205046712E+000 -0.131028262406404E+000 -0.148498590593722E+003 -0.148498590593722E+003
  0.251733926506461E+000  0.502625390648321E+000  0.806727243340528E+000  0.497934739121618E+000 -0.131028262406404E+000 -0.148496859897826E+003 -0.148496859897826E+003
  0.222604719364521E+000  0.514465706240880E+000  0.754182494856001E+000  0.499173024437668E+000 -0.131028262406404E+000 -0.148498196408240E+003 -0.148498196408240E+003
  0.256017645739680E+000  0.500008546961690E+000  0.874324538930877E+000  0.495785690252520E+000 -0.131028262406404E+000 -0.148497603913684E+003 -0.148497603913684E+003
  0.204025070461035E+000  0.509443133402705E+000  0.639033375552138E+000  0.499339881485203E+000 -0.131028262406404E+000 -0.148498071847510E+003 -0.148498071847510E+003
  0.208910604877198E+000  0.508382904578934E+000  0.563128544664713E+000  0.496449135041298E+000 -0.131028262406404E+000 -0.148498860012942E+003 -0.148498860012942E+003
  0.211482017435825E+000  0.515969049333428E+000  0.982360504078081E+000  0.499658106789115E+000 -0.131028262406404E+000 -0.148498582463438E+003 -0.148498582463438E+003
  0.214716339861327E+000  0.509455337131356E+000  0.771592771538708E+000  0.496861152682345E+000 -0.131028262406404E+000 -0.148498585093982E+003 -0.148498585093982E+003
  0.250910718157772E+000  0.502283578365642E+000  0.754809199676041E+000  0.493926520300924E+000 -0.131028262406404E+000 -0.148498772416059E+003 -0.148498772416059E+003
  0.257973568653306E+000  0.500814084542867E+000  0.459450449321785E+000  0.497671483208901E+000 -0.131028262406404E+000 -0.148496920623530E+003 -0.148496920623530E+003
  0.252014232849065E+000  0.500024564204678E+000  0.954671701124564E+000  0.494947914294087E+000 -0.131028262406404E+000 -0.148497834128580E+003 -0.148497834128580E+003
  0.249542122774198E+000  0.501544911462144E+000  0.705098313705145E+000  0.497897396123714E+000 -0.131028262406404E+000 -0.148496562539977E+003 -0.148496562539977E+003
  0.257301087290198E+000  0.501575595246978E+000  0.614347384181642E+000  0.496327485447334E+000 -0.131028262406404E+000 -0.148497738003619E+003 -0.148497738003619E+003
  0.232901410821339E+000  0.510629955200797E+000  0.917397442432258E+000  0.496431012076208E+000 -0.131028262406404E+000 -0.148498718582303E+003 -0.148498718582303E+003
  0.236607403093883E+000  0.505314780340205E+000  0.791873894289478E+000  0.498427798755488E+000 -0.131028262406404E+000 -0.148496765166568E+003 -0.148496765166568E+003
  0.227464690843561E+000  0.509542004490087E+000  0.651934839829286E+000  0.496720952144637E+000 -0.131028262406404E+000 -0.148498372092237E+003 -0.148498372092237E+003
  0.226240750712841E+000  0.502114926535095E+000  0.818295555859192E+000  0.498584483660425E+000 -0.131028262406404E+000 -0.148496153132617E+003 -0.148496153132617E+003
  0.235838810403103E+000  0.505982350405250E+000  0.664349108199616E+000  0.494315691847910E+000 -0.131028262406404E+000 -0.148498869172229E+003 -0.148498869172229E+003
  0.223095436896830E+000  0.507620724046938E+000  0.644006533009141E+000  0.495817167000565E+000 -0.131028262406404E+000 -0.148498498301134E+003 -0.148498498301134E+003
  0.267982696930259E+000  0.507340677218207E+000  0.923113231909258E+000  0.498290766354241E+000 -0.131028262406404E+000 -0.148498815698320E+003 -0.148498815698320E+003
  0.277107986566752E+000  0.500783067347177E+000  0.893229873836581E+000  0.499582283965862E+000 -0.131028262406404E+000 -0.148497439975353E+003 -0.148497439975353E+003
  0.237669940671037E+000  0.505046162803919E+000  0.684382662419987E+000  0.499214904417865E+000 -0.131028262406404E+000 -0.148496341488652E+003 -0.148496341488652E+003
  0.206228021831616E+000  0.500953031981916E+000  0.545243238533512E+000  0.495856562592072E+000 -0.131028262406404E+000 -0.148498088411336E+003 -0.148498088411336E+003
  0.254092325403116E+000  0.503313871915273E+000  0.545329168016941E+000  0.496428406508293E+000 -0.131028262406404E+000 -0.148497883591827E+003 -0.148497883591827E+003
  0.216165378935924E+000  0.517378701060566E+000  0.630355395244475E+000  0.499259833444242E+000 -0.131028262406404E+000 -0.148498829813152E+003 -0.148498829813152E+003
  0.204006818919965E+000  0.504575536189923E+000  0.526340430886454E+000  0.499235048369435E+000 -0.131028262406404E+000 -0.148497345933365E+003 -0.148497345933365E+003
  0.216035716939130E+000  0.501384319528414E+000  0.737658747375745E+000  0.494013225028810E+000 -0.131028262406404E+000 -0.148498449120405E+003 -0.148498449120405E+003
  0.235514247599239E+000  0.512407421095585E+000  0.943275620324755E+000  0.498335437722958E+000 -0.131028262406404E+000 -0.148498184420881E+003 -0.148498184420881E+003
  0.235536104372173E+000  0.506861869329413E+000  0.745398710546447E+000  0.497931260148876E+000 -0.131028262406404E+000 -0.148497296274190E+003 -0.148497296274190E+003
  0.206157258026921E+000  0.503335229742445E+000  0.878049720376874E+000  0.497392055652917E+000 -0.131028262406404E+000 -0.148497798811452E+003 -0.148497798811452E+003
  0.233671094666309E+000  0.513623650911861E+000  0.562084955369856E+000  0.498043666430812E+000 -0.131028262406404E+000 -0.148498537211019E+003 -0.148498537211019E+003
  0.244606663544581E+000  0.503194912336521E+000  0.866408049813070E+000  0.495397732687423E+000 -0.131028262406404E+000 -0.148497981961850E+003 -0.148497981961850E+003
  0.235463620404435E+000  0.506609683358622E+000  0.449367182412322E+000  0.499009909037742E+000 -0.131028262406404E+000 -0.148496727834927E+003 -0.148496727834927E+003
  0.214495747937293E+000  0.502365008637421E+000  0.540243282582036E+000  0.493539423303087E+000 -0.131028262406404E+000 -0.148498891647181E+003 -0.148498891647181E+003
  0.223611555736448E+000  0.510825181386015E+000  0.625718506302090E+000  0.499603832859104E+000 -0.131028262406404E+000 -0.148497316315768E+003 -0.148497316315768E+003
  0.238511266400818E+000  0.511608537717894E+000  0.833440779907691E+000  0.498460796320100E+000 -0.131028262406404E+000 -0.148498019001823E+003 -0.148498019001823E+003
  0.220843126643416E+000  0.509124747180747E+000  0.814212531867962E+000  0.498930761127682E+000 -0.131028262406404E+000 -0.148497384414024E+003 -0.148497384414024E+003
  0.216610654443641E+000  0.506205744811645E+000  0.729053289201613E+000  0.497113186478175E+000 -0.131028262406404E+000 -0.148497841551606E+003 -0.148497841551606E+003
  0.244888958281455E+000  0.510046953845808E+000  0.908856647958700E+000  0.499367223820413E+000 -0.131028262406404E+000 -0.148497433546700E+003 -0.148497433546700E+003
  0.230197147168148E+000  0.506239543454592E+000  0.390228504290468E+000  0.495127545975938E+000 -0.131028262406404E+000 -0.148498496884971E+003 -0.148498496884971E+003
  0.225214148677006E+000  0.500756898324407E+000  0.312085365724855E+000  0.499467927503757E+000 -0.131028262406404E+000 -0.148495517801177E+003 -0.148495517801177E+003
  0.239773379961048E+000  0.501145356507223E+000  0.314952009242423E+000  0.497230169821850E+000 -0.131028262406404E+000 -0.148496565752163E+003 -0.148496565752163E+003
  0.215522518686439E+000  0.504812803369846E+000  0.319639652799486E+000  0.497148735662412E+000 -0.131028262406404E+000 -0.148497631499433E+003 -0.148497631499433E+003
  0.259549880953258E+000  0.502585834644049E+000  0.368601449669413E+000  0.499345035299872E+000 -0.131028262406404E+000 -0.148496543159235E+003 -0.148496543159235E+003
  0.205660268400027E+000  0.500658238103497E+000  0.305201397420871E+000  0.498224075553040E+000 -0.131028262406404E+000 -0.148497044781446E+003 -0.148497044781446E+003
  0.278277530663020E+000  0.500562429763126E+000  0.384145315848670E+000  0.497421648032587E+000 -0.131028262406404E+000 -0.148498675341935E+003 -0.148498675341935E+003
  0.268332703388551E+000  0.501839489297868E+000  0.212400667783067E+000  0.498223899593831E+000 -0.131028262406404E+000 -0.148497596962289E+003 -0.148497596962289E+003
  0.264371124359604E+000  0.500178205840403E+000  0.205689750386515E+000  0.496485230353212E+000 -0.131028262406404E+000 -0.148497815905531E+003 -0.148497815905531E+003
  0.218700863096291E+000  0.518159708379352E+000  0.317839332200444E+000  0.499717550317792E+000 -0.131028262406404E+000 -0.148498694098977E+003 -0.148498694098977E+003
  0.239573802091626E+000  0.503510124566612E+000  0.200814241853245E+000  0.499838418739876E+000 -0.131028262406404E+000 -0.148495755782472E+003 -0.148495755782472E+003
  0.225003848500610E+000  0.509719191043341E+000  0.276710675731644E+000  0.499479315904374E+000 -0.131028262406404E+000 -0.148497146779627E+003 -0.148497146779627E+003
  0.206725757209870E+000  0.504656223247191E+000  0.316800932252545E+000  0.496386277864026E+000 -0.131028262406404E+000 -0.148498412910621E+003 -0.148498412910621E+003
  0.251186652422229E+000  0.508739521247162E+000  0.354312004847935E+000  0.498052812477934E+000 -0.131028262406404E+000 -0.148498076202790E+003 -0.148498076202790E+003
  0.207033270554202E+000  0.500055339230821E+000  0.230002064205656E+000  0.499230622797305E+000 -0.131028262406404E+000 -0.148496406882855E+003 -0.148496406882855E+003
  0.257156786892141E+000  0.502726108057939E+000  0.284163577982177E+000  0.495037882056326E+000 -0.131028262406404E+000 -0.148498640527410E+003 -0.148498640527410E+003
  0.207228064663841E+000  0.506326179330754E+000  0.276582862232125E+000  0.499147072470160E+000 -0.131028262406404E+000 -0.148497438907989E+003 -0.148497438907989E+003
  0.214258258015224E+000  0.513211060738477E+000  0.243997480022461E+000  0.497975438981400E+000 -0.131028262406404E+000 -0.148498746147116E+003 -0.148498746147116E+003
  0.229991350007012E+000  0.500723937099731E+000  0.215866189608795E+000  0.499231153281606E+000 -0.131028262406404E+000 -0.148495525407108E+003 -0.148495525407108E+003
  0.211726885477632E+000  0.502488069925564E+000  0.335951062894349E+000  0.494076781264908E+000 -0.131028262406404E+000 -0.148498798879031E+003 -0.148498798879031E+003
  0.200946581272499E+000  0.501116209766432E+000  0.320092629082221E+000  0.495917015436340E+000 -0.131028262406404E+000 -0.148498481252522E+003 -0.148498481252522E+003
  0.210788279624836E+000  0.506024379221227E+000  0.195001540095726E+000  0.496499438668209E+000 -0.131028262406404E+000 -0.148498350126010E+003 -0.148498350126010E+003
  0.205597503588827E+000  0.511900955893054E+000  0.178898905074917E+000  0.498732371144521E+000 -0.131028262406404E+000 -0.148498626588692E+003 -0.148498626588692E+003
  0.250793227882785E+000  0.502559272724933E+000  0.240815548477217E+000  0.494088036473190E+000 -0.131028262406404E+000 -0.148498743263127E+003 -0.148498743263127E+003
  0.241754442382543E+000  0.501315112184718E+000  0.319755213069897E+000  0.495691096547112E+000 -0.131028262406404E+000 -0.148497387612012E+003 -0.148497387612012E+003
  0.230224350784139E+000  0.509197939458740E+000  0.219124208392771E+000  0.497059731466965E+000 -0.131028262406404E+000 -0.148498137961053E+003 -0.148498137961053E+003
  0.210168369912190E+000  0.501191522872226E+000  0.392037278933690E+000  0.497497563713391E+000 -0.131028262406404E+000 -0.148497148618848E+003 -0.148497148618848E+003
  0.218307887538948E+000  0.504748425545006E+000  0.153811248148979E+000  0.495630526662010E+000 -0.131028262406404E+000 -0.148498203586174E+003 -0.148498203586174E+003
  0.226276576695499E+000  0.500048854057947E+000  0.264797099722097E+000  0.498553162644650E+000 -0.131028262406404E+000 -0.148495792327496E+003 -0.148495792327496E+003
  0.276326478598526E+000  0.500346272507068E+000  0.253772079037768E+000  0.496558499772508E+000 -0.131028262406404E+000 -0.148498881351509E+003 -0.148498881351509E+003
  0.239602402457782E+000  0.513587746099203E+000  0.399170698268320E+000  0.499478341491487E+000 -0.131028262406404E+000 -0.148497948919410E+003 -0.148497948919410E+003
  0.202339926876331E+000  0.511013518110640E+000  0.249860048636787E+000  0.499684569297279E+000 -0.131028262406404E+000 -0.148498293093604E+003 -0.148498293093604E+003
  0.237314566865170E+000  0.511320694465607E+000  0.328888330511772E+000  0.498605242206463E+000 -0.131028262406404E+000 -0.148497869129165E+003 -0.148497869129165E+003
  0.227690402734553E+000  0.503227270716016E+000  0.247830486160454E+000  0.498764203547817E+000 -0.131028262406404E+000 -0.148496244595881E+003 -0.148496244595881E+003
  0.253794495415589E+000  0.502254021447191E+000  0.228115727379457E+000  0.497928231923120E+000 -0.131028262406404E+000 -0.148496879354146E+003 -0.148496879354146E+003
  0.272957925175365E+000  0.500519862587150E+000  0.271006766074769E+000  0.498568629130198E+000 -0.131028262406404E+000 -0.148497513493023E+003 -0.148497513493023E+003
  0.204961392762472E+000  0.500283573212575E+000  0.316165727480905E+000  0.498831336359327E+000 -0.131028262406404E+000 -0.148496772596795E+003 -0.148496772596795E+003
  0.231252045246113E+000  0.501475153847783E+000  0.201683698939158E+000  0.498254804592055E+000 -0.131028262406404E+000 -0.148496115499761E+003 -0.148496115499761E+003
  0.276182470052310E+000  0.502510911254247E+000  0.292847535041877E+000  0.498813529409878E+000 -0.131028262406404E+000 -0.148498178933498E+003 -0.148498178933498E+003
  0.224994411781735E+000  0.500790110915709E+000  0.205444841500199E+000  0.493970833958071E+000 -0.131028262406404E+000 -0.148498099793894E+003 -0.148498099793894E+003
  0.240008752903074E+000  0.502314541725164E+000  0.379642785455095E+000  0.494227019576638E+000 -0.131028262406404E+000 -0.148498267370969E+003 -0.148498267370969E+003
  0.247982391368267E+000  0.508082061738838E+000  0.209958167239076E+000  0.498531433639925E+000 -0.131028262406404E+000 -0.148497553025926E+003 -0.148497553025926E+003
  0.239698960982618E+000  0.500865197320557E+000  0.340249289825052E+000  0.492338138044550E+000 -0.131028262406404E+000 -0.148498900634070E+003 -0.148498900634070E+003
  0.220845603402084E+000  0.501264175335310E+000  0.323683919403506E+000  0.492833267789720E+000 -0.131028262406404E+000 -0.148498805992954E+003 -0.148498805992954E+003
  0.198431735007937E+000  0.502191830906378E+000  0.199492346126223E+000  0.495982230825215E+000 -0.131028262406404E+000 -0.148498826676719E+003 -0.148498826676719E+003
  0.254777698612187E+000  0.501707713477126E+000  0.178968563630106E+000  0.494652764439838E+000 -0.131028262406404E+000 -0.148498479334115E+003 -0.148498479334115E+003
  0.211894308580224E+000  0.506244023624556E+000  0.181963559795825E+000  0.496250986165980E+000 -0.131028262406404E+000 -0.148498441232835E+003 -0.148498441232835E+003
  0.194416600276834E+000  0.503493354942723E+000  0.224252446865621E+000  0.499231473456224E+000 -0.131028262406404E+000 -0.148498022824880E+003 -0.148498022824880E+003
  0.235521004209455E+000  0.500583524456795E+000  0.301972849391005E+000  0.496380333188431E+000 -0.131028262406404E+000 -0.148496834459555E+003 -0.148496834459555E+003
  0.190457456231899E+000  0.507868837043127E+000  0.199859886053379E+000  0.499612383911238E+000 -0.131028262406404E+000 -0.148498911822239E+003 -0.148498911822239E+003
  0.218737948074642E+000  0.511951082323508E+000  0.172998398654804E+000  0.499558007216346E+000 -0.131028262406404E+000 -0.148497660121263E+003 -0.148497660121263E+003
  0.268950728591415E+000  0.502842636629851E+000  0.288795102924821E+000  0.496659490244254E+000 -0.131028262406404E+000 -0.148498708900524E+003 -0.148498708900524E+003
  0.242703611757115E+000  0.502610015862160E+000  0.229745326712903E+000  0.494602617534415E+000 -0.131028262406404E+000 -0.148498203112545E+003 -0.148498203112545E+003
  0.217470268014392E+000  0.505768046575952E+000  0.349109095182061E+000  0.499501220492290E+000 -0.131028262406404E+000 -0.148496647870681E+003 -0.148496647870681E+003
  0.201826009487704E+000  0.508613707229446E+000  0.258445349692663E+000  0.497789564668613E+000 -0.131028262406404E+000 -0.148498767285881E+003 -0.148498767285881E+003
  0.252148629084093E+000  0.509503016211180E+000  0.361961666764726E+000  0.497246300693584E+000 -0.131028262406404E+000 -0.148498695161256E+003 -0.148498695161256E+003
  0.219322285968769E+000  0.507491461954911E+000  0.277272095817968E+000  0.499970225916018E+000 -0.131028262406404E+000 -0.148496665819824E+003 -0.148496665819824E+003
  0.202445746923159E+000  0.514804231421490E+000  0.433335225669304E-001  0.499757875580209E+000 -0.131028262406404E+000 -0.148498856902270E+003 -0.148498856902270E+003
  0.202035202616253E+000  0.500320555108341E+000  0.292040034973805E-001  0.499681088549020E+000 -0.131028262406404E+000 -0.148496646117478E+003 -0.148496646117478E+003
  0.220553635772157E+000  0.505438408197984E+000  0.941103319284459E-001  0.498125390452357E+000 -0.131028262406404E+000 -0.148497109403425E+003 -0.148497109403425E+003
  0.192927456058473E+000  0.507434588618357E+000  0.139830383550995E+000  0.499067858170127E+000 -0.131028262406404E+000 -0.148498819595951E+003 -0.148498819595951E+003
  0.205529548460479E+000  0.503616767645586E+000  0.735365272154698E-002  0.497229678947911E+000 -0.131028262406404E+000 -0.148497957634794E+003 -0.148497957634794E+003
  0.232182543862516E+000  0.501859065388612E+000  0.781053445200530E-001  0.495215650897634E+000 -0.131028262406404E+000 -0.148497632698419E+003 -0.148497632698419E+003
  0.194348723971266E+000  0.501808161915414E+000  0.975020467162375E-001  0.499858578594183E+000 -0.131028262406404E+000 -0.148497519085002E+003 -0.148497519085002E+003
  0.238306118013727E+000  0.504561067920001E+000  0.681394000296938E-001  0.497861597136530E+000 -0.131028262406404E+000 -0.148496910238984E+003 -0.148496910238984E+003
  0.200454151930634E+000  0.509924390267622E+000  0.123912155085069E+000  0.499617876699154E+000 -0.131028262406404E+000 -0.148498293626113E+003 -0.148498293626113E+003
  0.235813821010311E+000  0.514641842188515E+000  0.749372215575215E-001  0.499505070258367E+000 -0.131028262406404E+000 -0.148498069350420E+003 -0.148498069350420E+003
  0.217090982844016E+000  0.504042617069762E+000  0.701305791980590E-001  0.496418273151009E+000 -0.131028262406404E+000 -0.148497767360091E+003 -0.148497767360091E+003
  0.223685587392326E+000  0.509769808812252E+000  0.379745999702880E-001  0.496442765584462E+000 -0.131028262406404E+000 -0.148498585688232E+003 -0.148498585688232E+003
  0.227677099062165E+000  0.513985652304657E+000  0.591333022884635E-002  0.498330864446196E+000 -0.131028262406404E+000 -0.148498446227339E+003 -0.148498446227339E+003
  0.221958131325509E+000  0.500997213752484E+000  0.107003281942415E+000  0.498238766902136E+000 -0.131028262406404E+000 -0.148496229483499E+003 -0.148496229483499E+003
  0.243987403765249E+000  0.511688874476517E+000  0.971110829667550E-001  0.499757581950157E+000 -0.131028262406404E+000 -0.148497551044869E+003 -0.148497551044869E+003
  0.237917968915711E+000  0.505519578537821E+000  0.116870638420111E+000  0.498830123052956E+000 -0.131028262406404E+000 -0.148496623810298E+003 -0.148496623810298E+003
  0.244749783019662E+000  0.503183897958774E+000  0.507365388920441E-001  0.498473190439857E+000 -0.131028262406404E+000 -0.148496460976058E+003 -0.148496460976058E+003
  0.222343871719826E+000  0.503160677369703E+000  0.354697841029163E-002  0.497619474866376E+000 -0.131028262406404E+000 -0.148496887032789E+003 -0.148496887032789E+003
  0.229160815445499E+000  0.510596612243827E+000  0.438015305820039E-001  0.498355682279711E+000 -0.131028262406404E+000 -0.148497792604613E+003 -0.148497792604613E+003
  0.284197257117983E+000  0.500427257889640E+000  0.100886544884881E-001  0.499208530403884E+000 -0.131028262406404E+000 -0.148498345713480E+003 -0.148498345713480E+003
  0.245900336564473E+000  0.511153913321274E+000  0.989563845159614E-002  0.499527584092012E+000 -0.131028262406404E+000 -0.148497620719770E+003 -0.148497620719770E+003
  0.240087884115037E+000  0.500860024744026E+000  0.149016702701001E+000  0.494502146046478E+000 -0.131028262406404E+000 -0.148497849066896E+003 -0.148497849066896E+003
  0.235523912809420E+000  0.500290233611373E+000  0.464784123145236E-001  0.494571491087834E+000 -0.131028262406404E+000 -0.148497652200074E+003 -0.148497652200074E+003
  0.215636013612752E+000  0.506609753766773E+000  0.395473037092014E-001  0.497760543798808E+000 -0.131028262406404E+000 -0.148497656774292E+003 -0.148497656774292E+003
  0.250573879018422E+000  0.503624032976165E+000  0.288570385231989E-001  0.499803950636029E+000 -0.131028262406404E+000 -0.148496080273462E+003 -0.148496080273462E+003
  0.205595373932178E+000  0.503747995364739E+000  0.131906072327290E+000  0.495462952762811E+000 -0.131028262406404E+000 -0.148498745407186E+003 -0.148498745407186E+003
  0.210796090020870E+000  0.501635467304453E+000  0.108359495873344E+000  0.496667174683060E+000 -0.131028262406404E+000 -0.148497553766524E+003 -0.148497553766524E+003
  0.252058046905081E+000  0.504086144329041E+000  0.691802503046182E-001  0.498724679097835E+000 -0.131028262406404E+000 -0.148496785887701E+003 -0.148496785887701E+003
  0.227576262041216E+000  0.508490803112766E+000  0.132759846082904E-001  0.499246744018395E+000 -0.131028262406404E+000 -0.148496992252520E+003 -0.148496992252520E+003
  0.220413705291598E+000  0.510220469865054E+000  0.130371934288394E+000  0.499362312722018E+000 -0.131028262406404E+000 -0.148497393605182E+003 -0.148497393605182E+003
  0.239513801979040E+000  0.501865602287128E+000  0.819542520455239E-001  0.496759832387989E+000 -0.131028262406404E+000 -0.148496933625986E+003 -0.148496933625986E+003
  0.242721348731940E+000  0.503004597909018E+000  0.376744927809801E-001  0.495223775676370E+000 -0.131028262406404E+000 -0.148497976675680E+003 -0.148497976675680E+003
  0.223641267197866E+000  0.505913229023869E+000  0.303069578786039E-001  0.495761243566469E+000 -0.131028262406404E+000 -0.148498207937045E+003 -0.148498207937045E+003
  0.195234370794173E+000  0.505130864559078E+000  0.579460303264797E-001  0.497474440873879E+000 -0.131028262406404E+000 -0.148498922280474E+003 -0.148498922280474E+003
  0.222390787661232E+000  0.505949807732558E+000  0.362195916950260E-001  0.495987538086782E+000 -0.131028262406404E+000 -0.148498135794058E+003 -0.148498135794058E+003
  0.194507087483842E+000  0.500713753319954E+000  0.103083540241711E+000  0.497085759961069E+000 -0.131028262406404E+000 -0.148498505648259E+003 -0.148498505648259E+003
  0.238320248837492E+000  0.508803044290190E+000  0.712483874876792E-001  0.497739183779428E+000 -0.131028262406404E+000 -0.148497806619284E+003 -0.148497806619284E+003
  0.264267837685816E+000  0.501386300366669E+000  0.811235185685438E-001  0.496812798905432E+000 -0.131028262406404E+000 -0.148497910395757E+003 -0.148497910395757E+003
  0.254052494944948E+000  0.509267113805430E+000  0.332158436192870E-001  0.498595379320591E+000 -0.131028262406404E+000 -0.148498069918156E+003 -0.148498069918156E+003
  0.194004978887006E+000  0.504741616847504E+000  0.886228981906795E-001  0.498914951892679E+000 -0.131028262406404E+000 -0.148498380133141E+003 -0.148498380133141E+003
  0.214004180128396E+000  0.502195910773649E+000  0.138998325012993E-001  0.497854415317850E+000 -0.131028262406404E+000 -0.148496941865284E+003 -0.148496941865284E+003
  0.236334044354971E+000  0.509570625981925E+000  0.113009245988533E+000  0.497027704665528E+000 -0.131028262406404E+000 -0.148498268250428E+003 -0.148498268250428E+003
  0.246735369003263E+000  0.501789311695279E+000  0.125653031314809E+000  0.493317163799105E+000 -0.131028262406404E+000 -0.148498800834831E+003 -0.148498800834831E+003
  0.218725430719451E+000  0.501256022788307E+000  0.529928399275460E-001  0.495680355683955E+000 -0.131028262406404E+000 -0.148497564270472E+003 -0.148497564270472E+003
  0.260132204011312E+000  0.503297751507355E+000  0.815570819728030E-001  0.496732802740583E+000 -0.131028262406404E+000 -0.148498086388576E+003 -0.148498086388576E+003
  0.233856101965451E+000  0.506164306364306E+000  0.848344142877477E-001  0.496021256054261E+000 -0.131028262406404E+000 -0.148498066001443E+003 -0.148498066001443E+003
  0.261149502900829E+000  0.506153734496178E+000  0.107065605153039E+000  0.497348438536783E+000 -0.131028262406404E+000 -0.148498478029621E+003 -0.148498478029621E+003
  0.241173846616927E+000  0.510289383285203E+000  0.144157007049754E+000  0.497118446707624E+000 -0.131028262406404E+000 -0.148498471010222E+003 -0.148498471010222E+003
  0.238087789371923E+000  0.502499531482147E+000  0.431891191816477E-001  0.497073440698527E+000 -0.131028262406404E+000 -0.148496886996636E+003 -0.148496886996636E+003
  0.251338829661864E+000  0.501779741926195E+000  0.868195330859348E-001  0.498527080772166E+000 -0.131028262406404E+000 -0.148496364921660E+003 -0.148496364921660E+003
  0.236709184718819E+000  0.504042202149479E+000  0.370726637860193E-001  0.494754742049830E+000 -0.131028262406404E+000 -0.148498294262528E+003 -0.148498294262528E+003
  0.240534478764812E+000  0.502891993949306E+000  0.269816116488303E-001  0.495558924746274E+000 -0.131028262406404E+000 -0.148497740208943E+003 -0.148497740208943E+003
  0.197512079447481E+000  0.506173945228671E+000  0.754870663396320E-001  0.499986023159411E+000 -0.131028262406404E+000 -0.148497809952787E+003 -0.148497809952787E+003
  0.229223060814911E+000  0.503401543554322E+000  0.683394462027062E-001  0.499237345632222E+000 -0.131028262406404E+000 -0.148496030600171E+003 -0.148496030600171E+003
