  0.101754961938845E+000  0.773959522715262E+000  0.941488803825938E+000  0.100911771890561E+000 -0.131028262406404E+000 -0.139540048158553E+003 -0.139540048158553E+003 -0.139542266966069E+003
  0.102293789377730E+000  0.513272207785413E+000  0.365930255543391E+000  0.102205736746290E+000 -0.131028262406404E+000 -0.139540098824115E+003 -0.139540098824115E+003 -0.139540969362851E+003
  0.101279449579984E+000  0.844570647690134E+000  0.659465095676273E+000  0.100795437157399E+000 -0.131028262406404E+000 -0.139539892416153E+003 -0.139539892416153E+003 -0.139542859509118E+003
  0.100784354852921E+000  0.980155727409810E+000  0.733665184303907E+000  0.101071972742091E+000 -0.131028262406404E+000 -0.139540224715719E+003 -0.139540224715719E+003 -0.139541225076407E+003
  0.100273685562092E+000  0.505870283759192E+000  0.111284246424570E+000  0.100744696744591E+000 -0.131028262406404E+000 -0.139537528254573E+003 -0.139537528254573E+003 -0.139544515869304E+003
  0.100278306110086E+000  0.619134233683286E+000  0.477986280166825E+000  0.100154665429858E+000 -0.131028262406404E+000 -0.139537687193108E+003 -0.139537687193108E+003 -0.139541799653530E+003
  0.102638924285401E+000  0.629950615559398E+000  0.282554342765853E+000  0.100309966088894E+000 -0.131028262406404E+000 -0.139539634609597E+003 -0.139539634609597E+003 -0.139542202310411E+003
  0.100314755338979E+000  0.506645602490730E+000  0.104136067858933E+000  0.103151473135674E+000 -0.131028262406404E+000 -0.139539184579854E+003 -0.139539184579854E+003 -0.139541441751403E+003
  0.100745065753570E+000  0.119675209741181E+001  0.758891560557167E-001  0.100276473156778E+000 -0.131028262406404E+000 -0.139540266890112E+003 -0.139540266890112E+003 -0.139541410322071E+003
  0.101604353030143E+000  0.559757573510941E+000  0.602608203497238E+000  0.103365494704883E+000 -0.131028262406404E+000 -0.139540619422248E+003 -0.139540619422248E+003 -0.139541074654274E+003
  0.100447250790300E+000  0.715512850492869E+000  0.876601411610233E+000  0.102292940668988E+000 -0.131028262406404E+000 -0.139539761118980E+003 -0.139539761118980E+003 -0.139550217747740E+003
  0.102943416198066E+000  0.698975831055801E+000  0.405100048164641E+000  0.101076726059936E+000 -0.131028262406404E+000 -0.139540742876049E+003 -0.139540742876049E+003 -0.139541102822100E+003
  0.100086432942803E+000  0.102373452817967E+001  0.126523622423433E+000  0.101205884416112E+000 -0.131028262406404E+000 -0.139539930079803E+003 -0.139539930079803E+003 -0.139541071902021E+003
  0.102096554040060E+000  0.100720771070903E+001  0.346923389681214E+000  0.100184927068722E+000 -0.131028262406404E+000 -0.139540674078550E+003 -0.139540674078550E+003 -0.139541556827172E+003
  0.101586307315259E+000  0.829631733518789E+000  0.862824839731249E+000  0.100509021197126E+000 -0.131028262406404E+000 -0.139539859480266E+003 -0.139539859480266E+003 -0.139543981224485E+003
  0.103678458802490E+000  0.589028293801184E+000  0.413005372368639E+000  0.100971998890324E+000 -0.131028262406404E+000 -0.139540692779302E+003 -0.139540692779302E+003 -0.139541823351413E+003
  0.100869781003357E+000  0.764198630426826E+000  0.414891540754303E+000  0.101529781726150E+000 -0.131028262406404E+000 -0.139539767434491E+003 -0.139539767434491E+003 -0.139541077558939E+003
  0.100423603192080E+000  0.100715467902228E+001  0.580157704642262E+000  0.101173939159513E+000 -0.131028262406404E+000 -0.139540113165936E+003 -0.139540113165936E+003 -0.139542797300364E+003
  0.101248553831352E+000  0.640769022840643E+000  0.780171505907112E+000  0.103352925467513E+000 -0.131028262406404E+000 -0.139540762133907E+003 -0.139540762133907E+003 -0.139541662753938E+003
  0.102940432501270E+000  0.608765619252256E+000  0.938511533952014E+000  0.100636855467781E+000 -0.131028262406404E+000 -0.139539992482490E+003 -0.139539992482490E+003 -0.139541638794191E+003
  0.100629589367312E+000  0.543536457278943E+000  0.125528422560156E+000  0.104319962135093E+000 -0.131028262406404E+000 -0.139540422215878E+003 -0.139540422215878E+003 -0.139543079899302E+003
  0.101307351367762E+000  0.643513019285997E+000  0.379825269394947E+000  0.101604011009487E+000 -0.131028262406404E+000 -0.139539598056522E+003 -0.139539598056522E+003 -0.139541645573323E+003
  0.101808637721940E+000  0.624443619598973E+000  0.678985216922610E+000  0.100393983158005E+000 -0.131028262406404E+000 -0.139539038147911E+003 -0.139539038147911E+003 -0.139554689231093E+003
  0.102468933810037E+000  0.616698494243688E+000  0.789406853893087E+000  0.100579681244535E+000 -0.131028262406404E+000 -0.139539632818561E+003 -0.139539632818561E+003 -0.139541775929506E+003
  0.101535409748665E+000  0.101251518793433E+001  0.748042298991847E+000  0.100315545350164E+000 -0.131028262406404E+000 -0.139540356276936E+003 -0.139540356276936E+003 -0.139541213722854E+003
  0.100102950443408E+000  0.893284367913064E+000  0.960818627999978E-001  0.101457738923050E+000 -0.131028262406404E+000 -0.139539655121505E+003 -0.139539655121505E+003 -0.139541359798283E+003
  0.100502047823233E+000  0.116273165824495E+001  0.879931357020193E+000  0.100742716836124E+000 -0.131028262406404E+000 -0.139540337379466E+003 -0.139540337379466E+003 -0.139544945384777E+003
  0.100118840430104E+000  0.636226106947301E+000  0.406801368661027E+000  0.103125761298788E+000 -0.131028262406404E+000 -0.139539701489598E+003 -0.139539701489598E+003 -0.139555382373367E+003
  0.101920373825392E+000  0.788845672890785E+000  0.968502679790130E+000  0.100751047966002E+000 -0.131028262406404E+000 -0.139540122664437E+003 -0.139540122664437E+003 -0.139540908690716E+003
  0.101508444022572E+000  0.767388567676165E+000  0.418782660017582E+000  0.101694187663846E+000 -0.131028262406404E+000 -0.139540393330991E+003 -0.139540393330991E+003 -0.139542583073815E+003
  0.100269038988835E+000  0.156129321560762E+001  0.196178614935885E+000  0.100521981268139E+000 -0.131028262406404E+000 -0.139540794124724E+003 -0.139540794124724E+003 -0.139541136958564E+003
  0.101711130109763E+000  0.939223741619557E+000  0.754799165796460E+000  0.101085944792219E+000 -0.131028262406404E+000 -0.139540806935556E+003 -0.139540806935556E+003 -0.139541181632473E+003
  0.101124177672841E+000  0.659592954146801E+000  0.521125580031089E+000  0.102582608964141E+000 -0.131028262406404E+000 -0.139540221496382E+003 -0.139540221496382E+003 -0.139541602357748E+003
  0.101104101008909E+000  0.552104508859715E+000  0.520800776577598E+000  0.100162248971088E+000 -0.131028262406404E+000 -0.139537991154111E+003 -0.139537991154111E+003 -0.139541552746756E+003
  0.100317009398477E+000  0.984058607539263E+000  0.455681828045976E+000  0.101441312644889E+000 -0.131028262406404E+000 -0.139540146618758E+003 -0.139540146618758E+003 -0.139543443391665E+003
  0.100611257776370E+000  0.109589538155003E+001  0.672153662128496E+000  0.100009212703683E+000 -0.131028262406404E+000 -0.139539676920584E+003 -0.139539676920584E+003 -0.139545618934359E+003
  0.102314918516648E+000  0.532469594916668E+000  0.314981738889318E+000  0.101806432264987E+000 -0.131028262406404E+000 -0.139539943440320E+003 -0.139539943440320E+003 -0.139541249058981E+003
  0.100071380616083E+000  0.992737686267933E+000  0.391928328008730E+000  0.100012007205622E+000 -0.131028262406404E+000 -0.139538934564659E+003 -0.139538934564659E+003 -0.139541356203871E+003
  0.101552381675334E+000  0.550114463733798E+000  0.649429404365724E+000  0.100415888058997E+000 -0.131028262406404E+000 -0.139538494228973E+003 -0.139538494228973E+003 -0.139545352640854E+003
  0.100540647181130E+000  0.664875070854755E+000  0.830311578452093E+000  0.103044658072226E+000 -0.131028262406404E+000 -0.139540116882686E+003 -0.139540116882686E+003 -0.139540930565474E+003
  0.102175866592958E+000  0.500874471579052E+000  0.694799567757459E+000  0.101154362218475E+000 -0.131028262406404E+000 -0.139539218973792E+003 -0.139539218973792E+003 -0.139542409737376E+003
  0.101051786427539E+000  0.803736222664367E+000  0.491913624637241E+000  0.100539961139056E+000 -0.131028262406404E+000 -0.139539365447935E+003 -0.139539365447935E+003 -0.139542054966006E+003
  0.101243412286310E+000  0.108431630159929E+001  0.345712659449010E+000  0.100051521249995E+000 -0.131028262406404E+000 -0.139540162718607E+003 -0.139540162718607E+003 -0.139542194668890E+003
  0.100171445695947E+000  0.946918619907876E+000  0.111795534856420E+000  0.101131311950009E+000 -0.131028262406404E+000 -0.139539672507084E+003 -0.139539672507084E+003 -0.139541132960267E+003
  0.101398139748832E+000  0.964992410749729E+000  0.426334157886417E+000  0.100357388580826E+000 -0.131028262406404E+000 -0.139540117374423E+003 -0.139540117374423E+003 -0.139542666716125E+003
  0.100032213523751E+000  0.998343403338986E+000  0.706119873464790E+000  0.100411046681920E+000 -0.131028262406404E+000 -0.139539216784289E+003 -0.139539216784289E+003 -0.139540935985389E+003
  0.100702987167828E+000  0.672315300232017E+000  0.492697645516764E+000  0.103319148410245E+000 -0.131028262406404E+000 -0.139540471857400E+003 -0.139540471857400E+003 -0.139543012735363E+003
  0.102768387439668E+000  0.835435116108163E+000  0.303094378341928E-001  0.100313129958300E+000 -0.131028262406404E+000 -0.139540646796579E+003 -0.139540646796579E+003 -0.139541365350133E+003
  0.101689999868447E+000  0.552373894883139E+000  0.550419854203763E+000  0.103073024253605E+000 -0.131028262406404E+000 -0.139540444346141E+003 -0.139540444346141E+003 -0.139541150204026E+003
  0.102843298323182E+000  0.532618927981946E+000  0.255551888723889E+000  0.100410972164827E+000 -0.131028262406404E+000 -0.139539375360687E+003 -0.139539375360687E+003 -0.139540999058734E+003
  0.100350551749069E+000  0.130411560399023E+001  0.653514055570331E+000  0.100129549968180E+000 -0.131028262406404E+000 -0.139540108664906E+003 -0.139540108664906E+003 -0.139541139641204E+003
  0.102914080246566E+000  0.616063608688932E+000  0.622133239244099E+000  0.101734673812726E+000 -0.131028262406404E+000 -0.139540787322765E+003 -0.139540787322765E+003 -0.139542985143171E+003
  0.100318270051858E+000  0.587831269978107E+000  0.944203882315070E+000  0.100695320787846E+000 -0.131028262406404E+000 -0.139537940638441E+003 -0.139537940638441E+003 -0.139542124107676E+003
  0.100247842359920E+000  0.140436875090239E+001  0.693938446152410E-001  0.100255086682321E+000 -0.131028262406404E+000 -0.139540328271696E+003 -0.139540328271696E+003 -0.139541316062920E+003
  0.100752418566353E+000  0.642402169392122E+000  0.291108580738957E+000  0.101465359912612E+000 -0.131028262406404E+000 -0.139539070016635E+003 -0.139539070016635E+003 -0.139541682515620E+003
  0.100253566132397E+000  0.501351171723180E+000  0.811562450017735E+000  0.102135571336073E+000 -0.131028262406404E+000 -0.139538426311213E+003 -0.139538426311213E+003 -0.139541698001349E+003
  0.100135948988474E+000  0.970167823082813E+000  0.886826117004359E+000  0.100643890623554E+000 -0.131028262406404E+000 -0.139539371190823E+003 -0.139539371190823E+003 -0.139544470429737E+003
  0.100249320737572E+000  0.607456809291285E+000  0.860717401189640E+000  0.103075283815540E+000 -0.131028262406404E+000 -0.139539621372664E+003 -0.139539621372664E+003 -0.139542082071543E+003
  0.100021333879153E+000  0.809472840568780E+000  0.249287558626997E-001  0.101466928538675E+000 -0.131028262406404E+000 -0.139539260606296E+003 -0.139539260606296E+003 -0.139541165159214E+003
  0.102756527242470E+000  0.763117022149635E+000  0.458389974747619E+000  0.101016877054271E+000 -0.131028262406404E+000 -0.139540847367134E+003 -0.139540847367134E+003 -0.139541044332233E+003
  0.100010249520432E+000  0.832415503946736E+000  0.923485448562085E+000  0.102315935611570E+000 -0.131028262406404E+000 -0.139539954897281E+003 -0.139539954897281E+003 -0.139541304276155E+003
  0.101449182137195E+000  0.720867921750436E+000  0.640648666514090E+000  0.100192542116961E+000 -0.131028262406404E+000 -0.139539065533564E+003 -0.139539065533564E+003 -0.139541577459729E+003
  0.102071158825922E+000  0.689117971677439E+000  0.364727611619103E+000  0.102247411278090E+000 -0.131028262406404E+000 -0.139540862832166E+003 -0.139540862832166E+003 -0.139542555145166E+003
  0.100625607999476E+000  0.106682208978189E+001  0.566978292996769E+000  0.101362369966054E+000 -0.131028262406404E+000 -0.139540609637221E+003 -0.139540609637221E+003 -0.139543882103255E+003
  0.100588376051817E+000  0.594779651505051E+000  0.300738029978552E+000  0.101825192103140E+000 -0.131028262406404E+000 -0.139538958847254E+003 -0.139538958847254E+003 -0.139541391214494E+003
  0.100555874747339E+000  0.568421384475052E+000  0.244925613776238E+000  0.104761533446478E+000 -0.131028262406404E+000 -0.139540802980667E+003 -0.139540802980667E+003 -0.139541271429754E+003
  0.101769470477620E+000  0.733400914128464E+000  0.665056933755007E+000  0.100978280513963E+000 -0.131028262406404E+000 -0.139539928783646E+003 -0.139539928783646E+003 -0.139541119643124E+003
  0.102267622136365E+000  0.574204311714644E+000  0.303948175795170E+000  0.101256955405716E+000 -0.131028262406404E+000 -0.139539743645458E+003 -0.139539743645458E+003 -0.139541881287931E+003
  0.100153760984293E+000  0.105739122357508E+001  0.767105374623578E+000  0.102061315415742E+000 -0.131028262406404E+000 -0.139540727909902E+003 -0.139540727909902E+003 -0.139541942367829E+003
  0.101958645563122E+000  0.533831836358506E+000  0.798993695095261E+000  0.102088752288242E+000 -0.131028262406404E+000 -0.139539873220639E+003 -0.139539873220639E+003 -0.139541784166673E+003
  0.100986704857399E+000  0.631985736107237E+000  0.962005930181002E+000  0.100433099008078E+000 -0.131028262406404E+000 -0.139538478086405E+003 -0.139538478086405E+003 -0.139543979628284E+003
  0.102352102597489E+000  0.970590214936226E+000  0.488442328968335E-001  0.100249853854294E+000 -0.131028262406404E+000 -0.139540793307611E+003 -0.139540793307611E+003 -0.139541180312153E+003
  0.100397023251737E+000  0.929407739895455E+000  0.663454960325095E+000  0.102004051882350E+000 -0.131028262406404E+000 -0.139540420619707E+003 -0.139540420619707E+003 -0.139541603449165E+003
  0.101228860826687E+000  0.105749425215033E+001  0.476421736363087E+000  0.100689874997911E+000 -0.131028262406404E+000 -0.139540547147083E+003 -0.139540547147083E+003 -0.139541358340797E+003
  0.101389914831244E+000  0.786318241980643E+000  0.729388765392826E+000  0.100465264105649E+000 -0.131028262406404E+000 -0.139539498077869E+003 -0.139539498077869E+003 -0.139541001403740E+003
  0.102814463553177E+000  0.714445031349823E+000  0.543208366842837E+000  0.100265989309613E+000 -0.131028262406404E+000 -0.139540129357406E+003 -0.139540129357406E+003 -0.139542585518370E+003
  0.103811128595619E+000  0.558119946118855E+000  0.697210372301665E+000  0.100304003412818E+000 -0.131028262406404E+000 -0.139540161275395E+003 -0.139540161275395E+003 -0.139541616359952E+003
  0.101817112378315E+000  0.713722503674980E+000  0.572497095372468E-001  0.102380004774772E+000 -0.131028262406404E+000 -0.139540877919463E+003 -0.139540877919463E+003 -0.139549754566560E+003
  0.102152698877476E+000  0.807752975143298E+000  0.723370149297689E+000  0.100406092081108E+000 -0.131028262406404E+000 -0.139540129178132E+003 -0.139540129178132E+003 -0.139541194238644E+003
  0.100327704169119E+000  0.577745167459617E+000  0.671019612292596E+000  0.100303423735017E+000 -0.131028262406404E+000 -0.139537629129928E+003 -0.139537629129928E+003 -0.139542294502358E+003
  0.100456210413712E+000  0.626583628483273E+000  0.433525680978398E+000  0.104069154565206E+000 -0.131028262406404E+000 -0.139540565419084E+003 -0.139540565419084E+003 -0.139542114858755E+003
  0.100297832213421E+000  0.820235552489609E+000  0.247256253824309E+000  0.100640145861526E+000 -0.131028262406404E+000 -0.139538926282472E+003 -0.139538926282472E+003 -0.139542815941579E+003
  0.102163714949325E+000  0.911974011496536E+000  0.124579629337552E-001  0.100639893151982E+000 -0.131028262406404E+000 -0.139540724058981E+003 -0.139540724058981E+003 -0.139540923395574E+003
  0.104231413170424E+000  0.560311489718449E+000  0.200060520953486E+000  0.100834495283573E+000 -0.131028262406404E+000 -0.139540867375872E+003 -0.139540867375872E+003 -0.139541559528030E+003
  0.103277932248891E+000  0.642025463999440E+000  0.936958914729003E+000  0.101069467555059E+000 -0.131028262406404E+000 -0.139540721448368E+003 -0.139540721448368E+003 -0.139541533067042E+003
  0.100812550033587E+000  0.111511596996391E+001  0.852378037752049E+000  0.100314655813681E+000 -0.131028262406404E+000 -0.139540119562766E+003 -0.139540119562766E+003 -0.139541341232572E+003
  0.102084775681346E+000  0.783916911308450E+000  0.470848837736432E-001  0.101373377632053E+000 -0.131028262406404E+000 -0.139540679941769E+003 -0.139540679941769E+003 -0.139542249086370E+003
  0.102433126359514E+000  0.504059013525852E+000  0.857370921550156E+000  0.102069281244036E+000 -0.131028262406404E+000 -0.139540060954749E+003 -0.139540060954749E+003 -0.139541912864306E+003
  0.101469141221163E+000  0.915777003956215E+000  0.635432800161250E+000  0.100212939175886E+000 -0.131028262406404E+000 -0.139539886802281E+003 -0.139539886802281E+003 -0.139541358366050E+003
  0.101074917855272E+000  0.989966799250280E+000  0.455104376525234E+000  0.100921143487263E+000 -0.131028262406404E+000 -0.139540373405457E+003 -0.139540373405457E+003 -0.139541244755484E+003
  0.101284144106982E+000  0.869495190019304E+000  0.734000919191178E+000  0.100206504707424E+000 -0.131028262406404E+000 -0.139539564604095E+003 -0.139539564604095E+003 -0.139542396592910E+003
  0.100323475360899E+000  0.640583143339157E+000  0.684050649587907E+000  0.100128576476228E+000 -0.131028262406404E+000 -0.139537803292180E+003 -0.139537803292180E+003 -0.139541231382302E+003
  0.101032608435391E+000  0.759972328230047E+000  0.230609438183048E-001  0.101739925937548E+000 -0.131028262406404E+000 -0.139540024831265E+003 -0.139540024831265E+003 -0.139541055664884E+003
  0.101659434554762E+000  0.601569471586184E+000  0.824208462821910E+000  0.100186365029074E+000 -0.131028262406404E+000 -0.139538669345345E+003 -0.139538669345345E+003 -0.139541784066103E+003
  0.101424340223080E+000  0.650086641021000E+000  0.570645787440550E+000  0.100879644111206E+000 -0.131028262406404E+000 -0.139539210161620E+003 -0.139539210161620E+003 -0.139541620120128E+003
  0.100398445419799E+000  0.976599147630769E+000  0.726869561071779E+000  0.101762518542028E+000 -0.131028262406404E+000 -0.139540419837525E+003 -0.139540419837525E+003 -0.139541743281551E+003
  0.100174152253148E+000  0.802295361450806E+000  0.910153556777558E+000  0.100189590447646E+000 -0.131028262406404E+000 -0.139538435689112E+003 -0.139538435689112E+003 -0.139541302799712E+003
  0.102273315837335E+000  0.521757112877829E+000  0.761558500832091E+000  0.101764163392310E+000 -0.131028262406404E+000 -0.139539825024106E+003 -0.139539825024106E+003 -0.139541488622388E+003
  0.103556388440711E+000  0.661186433813214E+000  0.801109225853722E+000  0.100789835584428E+000 -0.131028262406404E+000 -0.139540826023902E+003 -0.139540826023902E+003 -0.139540993410889E+003
  0.100060618023182E+000  0.151658297925109E+001  0.765142696662089E+000  0.100390805214939E+000 -0.131028262406404E+000 -0.139540468952725E+003 -0.139540468952725E+003 -0.139543333926866E+003
  0.100720098908817E+000  0.121376843863121E+001  0.371292176495221E-001  0.100846444400993E+000 -0.131028262406404E+000 -0.139540725008019E+003 -0.139540725008019E+003 -0.139541721312450E+003
  0.101174243579104E+000  0.135006911372604E+001  0.815682186739345E+000  0.100061396294915E+000 -0.131028262406404E+000 -0.139540797287625E+003 -0.139540797287625E+003 -0.139540920070857E+003
  0.100533861835222E+000  0.127269942054112E+001  0.325943292405155E+000  0.100392464361317E+000 -0.131028262406404E+000 -0.139540380494870E+003 -0.139540380494870E+003 -0.139542529375009E+003
  0.100236008485081E+000  0.733715812225515E+000  0.657667690677283E+000  0.103306653318490E+000 -0.131028262406404E+000 -0.139540394854548E+003 -0.139540394854548E+003 -0.139541559205254E+003
  0.100299149742613E+000  0.568791304676713E+000  0.191797723008571E+000  0.101262871643503E+000 -0.131028262406404E+000 -0.139538220998601E+003 -0.139538220998601E+003 -0.139542839376989E+003
  0.102384974954059E+000  0.626299561630020E+000  0.103009721883695E+000  0.100188170836670E+000 -0.131028262406404E+000 -0.139539338270473E+003 -0.139539338270473E+003 -0.139541856534435E+003
  0.102356171117341E+000  0.543354279360538E+000  0.748790904478831E+000  0.100358763675037E+000 -0.131028262406404E+000 -0.139539026696023E+003 -0.139539026696023E+003 -0.139540923204474E+003
  0.102833924287710E+000  0.559593334251257E+000  0.973527613991154E-001  0.100336322341118E+000 -0.131028262406404E+000 -0.139539453923169E+003 -0.139539453923169E+003 -0.139540927422236E+003
  0.102415359039103E+000  0.592892735649006E+000  0.740580584319001E+000  0.101769302241004E+000 -0.131028262406404E+000 -0.139540311027409E+003 -0.139540311027409E+003 -0.139542681333477E+003
  0.102319227696905E+000  0.978313104490413E+000  0.628987626960162E+000  0.100258945764138E+000 -0.131028262406404E+000 -0.139540801992457E+003 -0.139540801992457E+003 -0.139542314631805E+003
  0.100186336145115E+000  0.187490197310413E+001  0.508713611990357E+000  0.100133956823895E+000 -0.131028262406404E+000 -0.139540626104826E+003 -0.139540626104826E+003 -0.139545769097941E+003
  0.100044391875720E+000  0.961211677888902E+000  0.826764525869825E+000  0.100863021087597E+000 -0.131028262406404E+000 -0.139539429148306E+003 -0.139539429148306E+003 -0.139542619989220E+003
  0.103371167564297E+000  0.572787840474269E+000  0.573838170227636E+000  0.100021412428717E+000 -0.131028262406404E+000 -0.139539703286763E+003 -0.139539703286763E+003 -0.139543113785414E+003
  0.100732924062428E+000  0.814542870995331E+000  0.715601105259092E+000  0.102822702607469E+000 -0.131028262406404E+000 -0.139540807335634E+003 -0.139540807335634E+003 -0.139541566225648E+003
  0.100070200506050E+000  0.155524963953458E+001  0.780149098795133E+000  0.100680246917281E+000 -0.131028262406404E+000 -0.139540752466426E+003 -0.139540752466426E+003 -0.139588804553716E+003
  0.100192476286766E+000  0.878815786890890E+000  0.946328852812243E+000  0.101842462547080E+000 -0.131028262406404E+000 -0.139539946352688E+003 -0.139539946352688E+003 -0.139547557143824E+003
  0.101157740547894E+000  0.849065069615042E+000  0.653606192930545E+000  0.102060185930449E+000 -0.131028262406404E+000 -0.139540736068876E+003 -0.139540736068876E+003 -0.139542346554404E+003
  0.103244997848304E+000  0.545846744438683E+000  0.745479599796731E+000  0.100807129981780E+000 -0.131028262406404E+000 -0.139540024918566E+003 -0.139540024918566E+003 -0.139541291596541E+003
  0.102343230191602E+000  0.811709650846884E+000  0.889522427764084E+000  0.101131857986370E+000 -0.131028262406404E+000 -0.139540822946663E+003 -0.139540822946663E+003 -0.139541145321512E+003
  0.101818350630991E+000  0.552850700458131E+000  0.386937566983970E+000  0.100714840986392E+000 -0.131028262406404E+000 -0.139538916150038E+003 -0.139538916150038E+003 -0.139542461968981E+003
  0.102798288436124E+000  0.555019870926038E+000  0.872300438913313E+000  0.101657507425765E+000 -0.131028262406404E+000 -0.139540328834847E+003 -0.139540328834847E+003 -0.139541985518486E+003
  0.100354433950801E+000  0.150049904083082E+001  0.609833657284784E+000  0.100624271871419E+000 -0.131028262406404E+000 -0.139540857282477E+003 -0.139540857282477E+003 -0.139541471496350E+003
  0.101486985361351E+000  0.921490093764777E+000  0.847310375835614E+000  0.100404521760601E+000 -0.131028262406404E+000 -0.139540063194192E+003 -0.139540063194192E+003 -0.139541358222089E+003
  0.100340587459970E+000  0.155079003589536E+001  0.955371927056469E+000  0.100561106096502E+000 -0.131028262406404E+000 -0.139540867479069E+003 -0.139540867479069E+003 -0.139542922036270E+003
  0.102555068192274E+000  0.517942404795877E+000  0.683991734702169E+000  0.100430267315979E+000 -0.131028262406404E+000 -0.139539095456260E+003 -0.139539095456260E+003 -0.139543103703778E+003
  0.100162942196621E+000  0.652853035194152E+000  0.406951158938613E+000  0.102361163223528E+000 -0.131028262406404E+000 -0.139539289721142E+003 -0.139539289721142E+003 -0.139549015443546E+003
  0.100720137922284E+000  0.873647546315151E+000  0.527613825285966E+000  0.101953182016030E+000 -0.131028262406404E+000 -0.139540417486402E+003 -0.139540417486402E+003 -0.139542023131404E+003
  0.100360988482445E+000  0.683735457893762E+000  0.590180661626407E+000  0.103138367113421E+000 -0.131028262406404E+000 -0.139540134894219E+003 -0.139540134894219E+003 -0.139541056667597E+003
  0.100241888825780E+000  0.649101624350066E+000  0.773368985009416E+000  0.103058897745048E+000 -0.131028262406404E+000 -0.139539815716406E+003 -0.139539815716406E+003 -0.139544140743205E+003
  0.100907518010088E+000  0.958475021262177E+000  0.139994221639627E+000  0.100523060880992E+000 -0.131028262406404E+000 -0.139539837852214E+003 -0.139539837852214E+003 -0.139541983157580E+003
  0.101857928873905E+000  0.101724878704679E+001  0.749853520273309E+000  0.100524173780395E+000 -0.131028262406404E+000 -0.139540778461473E+003 -0.139540778461473E+003 -0.139540943526627E+003
  0.100366354649162E+000  0.909052210094517E+000  0.537523719370264E+000  0.101724178228268E+000 -0.131028262406404E+000 -0.139540114628992E+003 -0.139540114628992E+003 -0.139541905451287E+003
  0.101933194569892E+000  0.997006380937458E+000  0.641978359649832E+000  0.100599999207351E+000 -0.131028262406404E+000 -0.139540824494531E+003 -0.139540824494531E+003 -0.139541501387352E+003
  0.102565375638248E+000  0.548940045603623E+000  0.553876847648912E+000  0.100534024068658E+000 -0.131028262406404E+000 -0.139539335367701E+003 -0.139539335367701E+003 -0.139552110840729E+003
  0.100439167106315E+000  0.601856238289445E+000  0.795922431845749E+000  0.103422631704018E+000 -0.131028262406404E+000 -0.139539978142156E+003 -0.139539978142156E+003 -0.139546236193483E+003
  0.101500245478402E+000  0.619486879368303E+000  0.333324907545293E+000  0.100683568025015E+000 -0.131028262406404E+000 -0.139538983612331E+003 -0.139538983612331E+003 -0.139542814230482E+003
  0.100303710324716E+000  0.894095664213403E+000  0.630574443974777E+000  0.101719269371136E+000 -0.131028262406404E+000 -0.139540004123679E+003 -0.139540004123679E+003 -0.139542068763038E+003
  0.100675887111000E+000  0.875397821629446E+000  0.366770441627273E+000  0.101995143771261E+000 -0.131028262406404E+000 -0.139540420456825E+003 -0.139540420456825E+003 -0.139540964801945E+003
  0.102313062454861E+000  0.661539741165641E+000  0.363206882493232E+000  0.100719671029642E+000 -0.131028262406404E+000 -0.139539828924545E+003 -0.139539828924545E+003 -0.139540939382913E+003
  0.100184225472286E+000  0.131927748718897E+001  0.978267462315843E+000  0.100605340443660E+000 -0.131028262406404E+000 -0.139540375214609E+003 -0.139540375214609E+003 -0.139542469980417E+003
  0.102017582034636E+000  0.560510245967586E+000  0.975192592987812E+000  0.101782630304212E+000 -0.131028262406404E+000 -0.139539847993182E+003 -0.139539847993182E+003 -0.139543487529688E+003
  0.100140193414862E+000  0.607965159696938E+000  0.204428449701094E-001  0.104241750295073E+000 -0.131028262406404E+000 -0.139540337711567E+003 -0.139540337711567E+003 -0.139541305556150E+003
  0.101434099060659E+000  0.772153955654308E+000  0.839779573177646E+000  0.101109964553299E+000 -0.131028262406404E+000 -0.139539936424613E+003 -0.139539936424613E+003 -0.139541089430190E+003
  0.100920380833565E+000  0.533977861593247E+000  0.675273939383194E-001  0.100222070355090E+000 -0.131028262406404E+000 -0.139537803296583E+003 -0.139537803296583E+003 -0.139544254175717E+003
  0.101670250477132E+000  0.760189089784208E+000  0.826632864213529E+000  0.101867771116049E+000 -0.131028262406404E+000 -0.139540611403932E+003 -0.139540611403932E+003 -0.139542821001810E+003
  0.100576704868312E+000  0.659495745677227E+000  0.903599529590284E+000  0.102291456837079E+000 -0.131028262406404E+000 -0.139539593595664E+003 -0.139539593595664E+003 -0.139541399106658E+003
  0.101895722906907E+000  0.686914651766860E+000  0.879183229885190E+000  0.101565686000952E+000 -0.131028262406404E+000 -0.139540231568121E+003 -0.139540231568121E+003 -0.139542034666638E+003
  0.100754479066377E+000  0.902650079373869E+000  0.115533281766181E+000  0.102102359486101E+000 -0.131028262406404E+000 -0.139540668485698E+003 -0.139540668485698E+003 -0.139541031978349E+003
  0.100082953751145E+000  0.606971237744510E+000  0.612230815442946E+000  0.102037306346174E+000 -0.131028262406404E+000 -0.139538777922360E+003 -0.139538777922360E+003 -0.139563898232322E+003
  0.100136955884545E+000  0.863953017991388E+000  0.870873237756201E+000  0.102800100294579E+000 -0.131028262406404E+000 -0.139540533212632E+003 -0.139540533212632E+003 -0.139541303943715E+003
  0.101117458892282E+000  0.114758206456912E+001  0.110412712297663E-001  0.100116450624845E+000 -0.131028262406404E+000 -0.139540300464631E+003 -0.139540300464631E+003 -0.139541117815544E+003
  0.100843468329915E+000  0.537111481216313E+000  0.987269524544107E+000  0.102411629369173E+000 -0.131028262406404E+000 -0.139539256932989E+003 -0.139539256932989E+003 -0.139541555743045E+003
  0.100498542139392E+000  0.889133001844822E+000  0.665634641805716E+000  0.102272657634299E+000 -0.131028262406404E+000 -0.139540538318663E+003 -0.139540538318663E+003 -0.139541532416761E+003
  0.100717587259795E+000  0.515833551915404E+000  0.651639191188708E+000  0.102911657100676E+000 -0.131028262406404E+000 -0.139539384134252E+003 -0.139539384134252E+003 -0.139544001056618E+003
  0.100056869137022E+000  0.108454078059902E+001  0.575230254715595E+000  0.101286727987247E+000 -0.131028262406404E+000 -0.139540164367089E+003 -0.139540164367089E+003 -0.139541089403532E+003
  0.100429653843613E+000  0.718609719665175E+000  0.710288602048209E-001  0.101533789176697E+000 -0.131028262406404E+000 -0.139539226900123E+003 -0.139539226900123E+003 -0.139543224528106E+003
  0.100586068683889E+000  0.579625587410314E+000  0.658368929458020E+000  0.101993033642578E+000 -0.131028262406404E+000 -0.139538995549838E+003 -0.139538995549838E+003 -0.139542369004472E+003
  0.100305615545552E+000  0.788555486293915E+000  0.391729753852789E+000  0.101157055221725E+000 -0.131028262406404E+000 -0.139539170977896E+003 -0.139539170977896E+003 -0.139541132848936E+003
  0.103024471834956E+000  0.641845459788389E+000  0.149068773405776E+000  0.100182914875624E+000 -0.131028262406404E+000 -0.139539893058819E+003 -0.139539893058819E+003 -0.139542730763826E+003
  0.100102344524612E+000  0.106407824136466E+001  0.168591852922657E+000  0.100285882647723E+000 -0.131028262406404E+000 -0.139539392066658E+003 -0.139539392066658E+003 -0.139543661871262E+003
  0.102456997019319E+000  0.525310346848567E+000  0.603435376890741E+000  0.100538602638427E+000 -0.131028262406404E+000 -0.139539134999142E+003 -0.139539134999142E+003 -0.139544131041094E+003
  0.102202540883360E+000  0.766412319528267E+000  0.661108018509130E+000  0.101626848305726E+000 -0.131028262406404E+000 -0.139540877641066E+003 -0.139540877641066E+003 -0.139541009598338E+003
  0.101033893345520E+000  0.859144154493760E+000  0.743021512824092E+000  0.100722294697526E+000 -0.131028262406404E+000 -0.139539708061647E+003 -0.139539708061647E+003 -0.139542326702905E+003
  0.103400352022519E+000  0.529942813734656E+000  0.221556523970199E+000  0.101255604456883E+000 -0.131028262406404E+000 -0.139540373517641E+003 -0.139540373517641E+003 -0.139541256053354E+003
  0.104358099432815E+000  0.508518719720466E+000  0.245013059440342E+000  0.100398513164347E+000 -0.131028262406404E+000 -0.139540381695101E+003 -0.139540381695101E+003 -0.139541028841014E+003
  0.103091194228941E+000  0.565854287622647E+000  0.498519778568920E+000  0.101079612958792E+000 -0.131028262406404E+000 -0.139540203345555E+003 -0.139540203345555E+003 -0.139541164664252E+003
  0.100671751713667E+000  0.912185952372273E+000  0.898664491020226E+000  0.100550497114831E+000 -0.131028262406404E+000 -0.139539507189400E+003 -0.139539507189400E+003 -0.139541196265095E+003
  0.102278322326497E+000  0.550604186778073E+000  0.843316780923009E+000  0.102257025672062E+000 -0.131028262406404E+000 -0.139540324522795E+003 -0.139540324522795E+003 -0.139547846060644E+003
  0.100175180382467E+000  0.194001848110803E+001  0.574033993516026E+000  0.100450346787408E+000 -0.131028262406404E+000 -0.139540857867046E+003 -0.139540857867046E+003 -0.139542408060017E+003
  0.100215302734626E+000  0.775013061974495E+000  0.206576739133632E+000  0.102066868043357E+000 -0.131028262406404E+000 -0.139539690395209E+003 -0.139539690395209E+003 -0.139541643712571E+003
  0.101558055544376E+000  0.124007729654239E+001  0.979227881082904E+000  0.100018423763531E+000 -0.131028262406404E+000 -0.139540813556263E+003 -0.139540813556263E+003 -0.139541529570990E+003
  0.101231091036296E+000  0.757460523618718E+000  0.727137160681242E+000  0.102278668555983E+000 -0.131028262406404E+000 -0.139540552728121E+003 -0.139540552728121E+003 -0.139542046504430E+003
  0.100442142717805E+000  0.760215342988253E+000  0.489471275115394E+000  0.102180466420389E+000 -0.131028262406404E+000 -0.139539881706260E+003 -0.139539881706260E+003 -0.139541589292937E+003
  0.100565919233557E+000  0.708486809631843E+000  0.316842491288330E+000  0.103735035568310E+000 -0.131028262406404E+000 -0.139540833776509E+003 -0.139540833776509E+003 -0.139541087750964E+003
  0.102032343856930E+000  0.750901841991269E+000  0.157804899287939E+000  0.101650370601806E+000 -0.131028262406404E+000 -0.139540693403681E+003 -0.139540693403681E+003 -0.139542120572015E+003
  0.103685232584703E+000  0.628286510031226E+000  0.764423395975105E+000  0.100772330883515E+000 -0.131028262406404E+000 -0.139540751799165E+003 -0.139540751799165E+003 -0.139541316785130E+003
  0.100183908844804E+000  0.137029291223887E+001  0.255868349859318E+000  0.101094283032696E+000 -0.131028262406404E+000 -0.139540856257953E+003 -0.139540856257953E+003 -0.139540992352354E+003
  0.100603550339753E+000  0.526901009781321E+000  0.357120150922727E+000  0.101607815478856E+000 -0.131028262406404E+000 -0.139538472615628E+003 -0.139538472615628E+003 -0.139542404506595E+003
  0.100201526277053E+000  0.604852405127317E+000  0.579251698204275E-003  0.101401464980762E+000 -0.131028262406404E+000 -0.139538421154988E+003 -0.139538421154988E+003 -0.139542986558062E+003
  0.103680731429883E+000  0.542561383961957E+000  0.373662855609870E+000  0.100474168561492E+000 -0.131028262406404E+000 -0.139540103103327E+003 -0.139540103103327E+003 -0.139543917296765E+003
  0.100467178762766E+000  0.618593943518020E+000  0.844795246203919E+000  0.103306485903161E+000 -0.131028262406404E+000 -0.139540007092798E+003 -0.139540007092798E+003 -0.139541406946410E+003
  0.101571522982547E+000  0.627204799926034E+000  0.435002872472130E+000  0.101248407714771E+000 -0.131028262406404E+000 -0.139539471474025E+003 -0.139539471474025E+003 -0.139541015881788E+003
  0.100384845528278E+000  0.587358345872363E+000  0.710158250999557E+000  0.103980379684364E+000 -0.131028262406404E+000 -0.139540240569420E+003 -0.139540240569420E+003 -0.139542049265460E+003
  0.100649404756719E+000  0.693878626675802E+000  0.626249711323987E-001  0.100580175386673E+000 -0.131028262406404E+000 -0.139538610954826E+003 -0.139538610954826E+003 -0.139541240878442E+003
  0.100000912248381E+000  0.129620954893132E+001  0.842738387358444E+000  0.100411670286761E+000 -0.131028262406404E+000 -0.139540032867811E+003 -0.139540032867811E+003 -0.139548502288583E+003
  0.100285040000819E+000  0.142174709392997E+001  0.805697699279907E+000  0.100564582458736E+000 -0.131028262406404E+000 -0.139540627168360E+003 -0.139540627168360E+003 -0.139542658298743E+003
  0.100244751312177E+000  0.948049648944701E+000  0.950162507712541E+000  0.102596479162474E+000 -0.131028262406404E+000 -0.139540804454303E+003 -0.139540804454303E+003 -0.139542624737189E+003
  0.103608071073160E+000  0.564047864129308E+000  0.670377938168098E+000  0.100601934012396E+000 -0.131028262406404E+000 -0.139540249157926E+003 -0.139540249157926E+003 -0.139542708158359E+003
  0.101614604046159E+000  0.672658907039510E+000  0.491329882262514E-001  0.101093836170339E+000 -0.131028262406404E+000 -0.139539613536917E+003 -0.139539613536917E+003 -0.139540968632071E+003
  0.102245888293661E+000  0.657110510889758E+000  0.250855716807001E+000  0.100055185390667E+000 -0.131028262406404E+000 -0.139539283760320E+003 -0.139539283760320E+003 -0.139544047144411E+003
  0.102223961019555E+000  0.617583565271383E+000  0.697417153450969E+000  0.102257811572359E+000 -0.131028262406404E+000 -0.139540633256273E+003 -0.139540633256273E+003 -0.139545168983088E+003
  0.102468076020467E+000  0.880085563299922E+000  0.789672872021512E+000  0.100466107269066E+000 -0.131028262406404E+000 -0.139540707092303E+003 -0.139540707092303E+003 -0.139541982224919E+003
  0.101720552116402E+000  0.668156603725706E+000  0.867412190217769E+000  0.100061513973093E+000 -0.131028262406404E+000 -0.139538941240982E+003 -0.139538941240982E+003 -0.139543213447701E+003
  0.100464834348146E+000  0.520433001969773E+000  0.354207501724140E+000  0.101646195780876E+000 -0.131028262406404E+000 -0.139538359007508E+003 -0.139538359007508E+003 -0.139543250811971E+003
  0.100230879537255E+000  0.664202507896218E+000  0.808273905886021E+000  0.100340174655668E+000 -0.131028262406404E+000 -0.139537989250028E+003 -0.139537989250028E+003 -0.139541385442806E+003
  0.101181451572086E+000  0.654433012560165E+000  0.144774227845108E+000  0.101057812907978E+000 -0.131028262406404E+000 -0.139539170664902E+003 -0.139539170664902E+003 -0.139541640229196E+003
  0.100027104033443E+000  0.776618425683403E+000  0.446677268895454E+000  0.101813748568120E+000 -0.131028262406404E+000 -0.139539371705781E+003 -0.139539371705781E+003 -0.139541239766052E+003
  0.101063429821999E+000  0.123110272158699E+001  0.605887165334314E+000  0.100490122548228E+000 -0.131028262406404E+000 -0.139540766890289E+003 -0.139540766890289E+003 -0.139541677873116E+003
  0.101729838474588E+000  0.590776615480847E+000  0.967805753954557E+000  0.102292001451859E+000 -0.131028262406404E+000 -0.139540138566204E+003 -0.139540138566204E+003 -0.139543073814397E+003
  0.100617639322475E+000  0.986308951625469E+000  0.599352527913160E+000  0.100501654586955E+000 -0.131028262406404E+000 -0.139539695415269E+003 -0.139539695415269E+003 -0.139541506970816E+003
  0.104480478342011E+000  0.533750598314342E+000  0.405869473660062E+000  0.100765534462494E+000 -0.131028262406404E+000 -0.139540867694518E+003 -0.139540867694518E+003 -0.139541348042629E+003
  0.101552148644641E+000  0.811965450226748E+000  0.328172472884936E+000  0.100747674270086E+000 -0.131028262406404E+000 -0.139539934307769E+003 -0.139539934307769E+003 -0.139543702641501E+003
  0.100728207376394E+000  0.688603461979126E+000  0.190981963933885E+000  0.101663129644783E+000 -0.131028262406404E+000 -0.139539409559168E+003 -0.139539409559168E+003 -0.139541843761959E+003
  0.100997580668453E+000  0.600173922166189E+000  0.589714629076535E+000  0.100074812051599E+000 -0.131028262406404E+000 -0.139538085002738E+003 -0.139538085002738E+003 -0.139541233787775E+003
  0.100187758542950E+000  0.584486809945981E+000  0.241153868973057E+000  0.101116658155030E+000 -0.131028262406404E+000 -0.139538114435781E+003 -0.139538114435781E+003 -0.139541246439208E+003
  0.102096626053007E+000  0.927887098371370E+000  0.742942057402966E+000  0.100769484248481E+000 -0.131028262406404E+000 -0.139540828482901E+003 -0.139540828482901E+003 -0.139554107710258E+003
  0.102620573986349E+000  0.659711674127576E+000  0.269116900209842E+000  0.101102730731400E+000 -0.131028262406404E+000 -0.139540328248455E+003 -0.139540328248455E+003 -0.139542267909660E+003
  0.100275245949381E+000  0.647746363460894E+000  0.104089021427919E-001  0.101929470266782E+000 -0.131028262406404E+000 -0.139539052131165E+003 -0.139539052131165E+003 -0.139541157906091E+003
  0.100824861186303E+000  0.861630618544512E+000  0.883077698786190E+000  0.102282278438695E+000 -0.131028262406404E+000 -0.139540689115265E+003 -0.139540689115265E+003 -0.139542638843335E+003
  0.100745727186198E+000  0.978823022998103E+000  0.586279832316930E+000  0.101738756954890E+000 -0.131028262406404E+000 -0.139540682253167E+003 -0.139540682253167E+003 -0.139542065427839E+003
  0.100684595510590E+000  0.635589809136058E+000  0.262349534606080E+000  0.101521647754335E+000 -0.131028262406404E+000 -0.139539024273118E+003 -0.139539024273118E+003 -0.139541999029197E+003
  0.103663832369646E+000  0.683216451908799E+000  0.705386361575438E+000  0.100222685363585E+000 -0.131028262406404E+000 -0.139540601532437E+003 -0.139540601532437E+003 -0.139541190139388E+003
  0.100859742532652E+000  0.858963788070629E+000  0.441885833119671E+000  0.101262961826890E+000 -0.131028262406404E+000 -0.139539965850338E+003 -0.139539965850338E+003 -0.139541717440249E+003
  0.102648902745836E+000  0.546426035466725E+000  0.276649141406738E+000  0.101803870955383E+000 -0.131028262406404E+000 -0.139540271280600E+003 -0.139540271280600E+003 -0.139544559924745E+003
  0.101374171622275E+000  0.686004849911943E+000  0.510408938534651E+000  0.102418458139787E+000 -0.131028262406404E+000 -0.139540428823025E+003 -0.139540428823025E+003 -0.139541980401490E+003
  0.100587780328246E+000  0.706006126168055E+000  0.394574264060648E+000  0.100619690136186E+000 -0.131028262406404E+000 -0.139538646342818E+003 -0.139538646342818E+003 -0.139542234342990E+003
  0.102845443081933E+000  0.504581231399463E+000  0.664248119387259E-001  0.102303704720402E+000 -0.131028262406404E+000 -0.139540540724282E+003 -0.139540540724282E+003 -0.139541300328156E+003
  0.100690920172555E+000  0.100970572609434E+001  0.573643143074536E+000  0.100961543443499E+000 -0.131028262406404E+000 -0.139540172876483E+003 -0.139540172876483E+003 -0.139541700528514E+003
  0.103288398581019E+000  0.531439103062685E+000  0.256164845299296E+000  0.101497349658588E+000 -0.131028262406404E+000 -0.139540465450978E+003 -0.139540465450978E+003 -0.139546404769051E+003
  0.100624257912505E+000  0.507903158040293E+000  0.302207301640404E+000  0.103790409991848E+000 -0.131028262406404E+000 -0.139539860246719E+003 -0.139539860246719E+003 -0.139541136794690E+003
  0.102361279295602E+000  0.602476763853523E+000  0.736489304935320E+000  0.100351933918176E+000 -0.131028262406404E+000 -0.139539320912596E+003 -0.139539320912596E+003 -0.139542575409725E+003
  0.100389912715670E+000  0.769285848561453E+000  0.955398049761212E+000  0.103110555023551E+000 -0.131028262406404E+000 -0.139540541885368E+003 -0.139540541885368E+003 -0.139541929420990E+003
  0.101593812230795E+000  0.597009643960718E+000  0.187905118991401E+000  0.101716294394751E+000 -0.131028262406404E+000 -0.139539665300508E+003 -0.139539665300508E+003 -0.139541132698362E+003
  0.100429015420007E+000  0.165379687996935E+001  0.114722130983527E+000  0.100195533868962E+000 -0.131028262406404E+000 -0.139540764606960E+003 -0.139540764606960E+003 -0.139549062334162E+003
  0.103095332228975E+000  0.728969951072336E+000  0.807356383540705E+000  0.100548895714905E+000 -0.131028262406404E+000 -0.139540614305531E+003 -0.139540614305531E+003 -0.139541318917330E+003
  0.101340087466813E+000  0.742635824409772E+000  0.276754655688844E+000  0.102360482424311E+000 -0.131028262406404E+000 -0.139540628241983E+003 -0.139540628241983E+003 -0.139541779151325E+003
  0.101993952424457E+000  0.542784373567205E+000  0.387073463968836E+000  0.101471333385706E+000 -0.131028262406404E+000 -0.139539521441795E+003 -0.139539521441795E+003 -0.139542183757536E+003
  0.100311154880653E+000  0.832808624945608E+000  0.827162922343590E+000  0.100543171973055E+000 -0.131028262406404E+000 -0.139538917465049E+003 -0.139538917465049E+003 -0.139541082218038E+003
  0.102034825582133E+000  0.576723726574826E+000  0.445591193499803E+000  0.102169987298599E+000 -0.131028262406404E+000 -0.139540215169965E+003 -0.139540215169965E+003 -0.139541988518692E+003
  0.101471666376479E+000  0.700901642033850E+000  0.806021839554737E+000  0.100640239478167E+000 -0.131028262406404E+000 -0.139539312715113E+003 -0.139539312715113E+003 -0.139542618781340E+003
  0.100998284460083E+000  0.554101053854986E+000  0.775317398737855E+000  0.102337624987113E+000 -0.131028262406404E+000 -0.139539415559846E+003 -0.139539415559846E+003 -0.139541030288039E+003
  0.100762869781438E+000  0.126779746158789E+001  0.550598503051707E-001  0.100390041973648E+000 -0.131028262406404E+000 -0.139540545937879E+003 -0.139540545937879E+003 -0.139541785115816E+003
  0.100029301102666E+000  0.569307986676486E+000  0.592815538217306E+000  0.100678335595254E+000 -0.131028262406404E+000 -0.139537619079876E+003 -0.139537619079876E+003 -0.139542330597945E+003
  0.101030702442921E+000  0.760956075359444E+000  0.928890788393275E+000  0.101622870724553E+000 -0.131028262406404E+000 -0.139539944047078E+003 -0.139539944047078E+003 -0.139541605581925E+003
  0.101636987410475E+000  0.112582031252308E+001  0.991561037674247E+000  0.100356730512407E+000 -0.131028262406404E+000 -0.139540823551057E+003 -0.139540823551057E+003 -0.139541046789591E+003
  0.100019711725137E+000  0.121540412358045E+001  0.494418034286455E+000  0.100514581162081E+000 -0.131028262406404E+000 -0.139539930222469E+003 -0.139539930222469E+003 -0.139541272782856E+003
  0.100214193160332E+000  0.918615566607375E+000  0.210248755933251E+000  0.101081705931978E+000 -0.131028262406404E+000 -0.139539564951053E+003 -0.139539564951053E+003 -0.139543177539017E+003
  0.100357567776372E+000  0.588254212460616E+000  0.880542060714637E+000  0.102645476909427E+000 -0.131028262406404E+000 -0.139539311400013E+003 -0.139539311400013E+003 -0.139542023320026E+003
  0.100562190721814E+000  0.728190911400859E+000  0.138192750595070E+000  0.101130940275443E+000 -0.131028262406404E+000 -0.139539087348334E+003 -0.139539087348334E+003 -0.139544152114043E+003
  0.100015774358996E+000  0.597508551612770E+000  0.898476280154793E+000  0.102024331829006E+000 -0.131028262406404E+000 -0.139538669969846E+003 -0.139538669969846E+003 -0.139541753824856E+003
  0.101041484947525E+000  0.703208019998560E+000  0.655052669582829E+000  0.101960699088126E+000 -0.131028262406404E+000 -0.139539929516114E+003 -0.139539929516114E+003 -0.139541487760154E+003
  0.101650681312070E+000  0.520511863647630E+000  0.762742097891344E+000  0.101854678712973E+000 -0.131028262406404E+000 -0.139539405495283E+003 -0.139539405495283E+003 -0.139541112660870E+003
  0.102092839717800E+000  0.601695076587096E+000  0.206504252338975E+000  0.100360848724443E+000 -0.131028262406404E+000 -0.139539120163901E+003 -0.139539120163901E+003 -0.139542114439930E+003
  0.100926447791759E+000  0.913198055262422E+000  0.717465924323809E+000  0.100605489022199E+000 -0.131028262406404E+000 -0.139539747802699E+003 -0.139539747802699E+003 -0.139542423425406E+003
  0.100160270310741E+000  0.645888927695839E+000  0.374550431597752E+000  0.102547250345304E+000 -0.131028262406404E+000 -0.139539382349221E+003 -0.139539382349221E+003 -0.139542180961363E+003
  0.102335817307783E+000  0.667746533749193E+000  0.845471666735865E+000  0.102105279309313E+000 -0.131028262406404E+000 -0.139540862550856E+003 -0.139540862550856E+003 -0.139543130049670E+003
  0.100263149538742E+000  0.555274642684175E+000  0.842014725082460E+000  0.100163966446614E+000 -0.131028262406404E+000 -0.139537374892849E+003 -0.139537374892849E+003 -0.139542835586048E+003
  0.102162784466050E+000  0.550150062710008E+000  0.956599236043782E+000  0.102380112465193E+000 -0.131028262406404E+000 -0.139540318619628E+003 -0.139540318619628E+003 -0.139541464493554E+003
  0.101504789578117E+000  0.610104251095262E+000  0.316876329504090E+000  0.102040362239845E+000 -0.131028262406404E+000 -0.139539889080077E+003 -0.139539889080077E+003 -0.139543378535962E+003
  0.100054137008029E+000  0.122511955861722E+001  0.868467401299691E+000  0.100420206686472E+000 -0.131028262406404E+000 -0.139539910625253E+003 -0.139539910625253E+003 -0.139541600532150E+003
  0.100828917133426E+000  0.972314844189072E+000  0.812809139151033E+000  0.101344357751446E+000 -0.131028262406404E+000 -0.139540432676784E+003 -0.139540432676784E+003 -0.139541805181015E+003
  0.100055645198823E+000  0.549293557346400E+000  0.181518220924753E+000  0.100293924996426E+000 -0.131028262406404E+000 -0.139537277802011E+003 -0.139537277802011E+003 -0.139541112574451E+003
  0.100199889904917E+000  0.679159461208317E+000  0.296174610925822E+000  0.103450404615808E+000 -0.131028262406404E+000 -0.139540203883516E+003 -0.139540203883516E+003 -0.139545063742284E+003
  0.100187843793784E+000  0.576077761473233E+000  0.632567082339797E+000  0.104536619518775E+000 -0.131028262406404E+000 -0.139540403604036E+003 -0.139540403604036E+003 -0.139550581910141E+003
  0.101603434617777E+000  0.700947144073161E+000  0.381018951622773E+000  0.100778857751897E+000 -0.131028262406404E+000 -0.139539512308337E+003 -0.139539512308337E+003 -0.139543323871441E+003
  0.101042437191406E+000  0.124992061356266E+001  0.797857557011252E+000  0.100439920041604E+000 -0.131028262406404E+000 -0.139540759170854E+003 -0.139540759170854E+003 -0.139546425446569E+003
  0.101148385644313E+000  0.630918045189332E+000  0.962667701496412E+000  0.101920816489911E+000 -0.131028262406404E+000 -0.139539635697671E+003 -0.139539635697671E+003 -0.139541613906829E+003
  0.100803036060106E+000  0.733571960213384E+000  0.371563620747303E+000  0.101404561277193E+000 -0.131028262406404E+000 -0.139539490704575E+003 -0.139539490704575E+003 -0.139547078386551E+003
  0.102299998853154E+000  0.617633249266133E+000  0.926151931164204E+000  0.101879257105273E+000 -0.131028262406404E+000 -0.139540425694091E+003 -0.139540425694091E+003 -0.139544879691754E+003
  0.103467106999701E+000  0.625209689981036E+000  0.864097137748612E+000  0.101202327444356E+000 -0.131028262406404E+000 -0.139540878061851E+003 -0.139540878061851E+003 -0.139542134384659E+003
  0.100039547932153E+000  0.581520428106923E+000  0.874170831553892E+000  0.102476318616246E+000 -0.131028262406404E+000 -0.139538915779070E+003 -0.139538915779070E+003 -0.139546348748817E+003
  0.101755602112276E+000  0.533833024438365E+000  0.251091110970825E+000  0.102093180855146E+000 -0.131028262406404E+000 -0.139539720817495E+003 -0.139539720817495E+003 -0.139541337084203E+003
  0.100649354660840E+000  0.135361316618919E+001  0.576511023255199E+000  0.100196871615495E+000 -0.131028262406404E+000 -0.139540499013488E+003 -0.139540499013488E+003 -0.139545651088662E+003
  0.101533781671942E+000  0.680803185042071E+000  0.463931458568887E+000  0.101549058103649E+000 -0.131028262406404E+000 -0.139539912354411E+003 -0.139539912354411E+003 -0.139541062057491E+003
  0.102040068233448E+000  0.721355061363843E+000  0.526327069120812E+000  0.100288193549981E+000 -0.131028262406404E+000 -0.139539586277982E+003 -0.139539586277982E+003 -0.139545600042429E+003
  0.100754768750910E+000  0.547209681544138E+000  0.679347000062128E+000  0.102793798931512E+000 -0.131028262406404E+000 -0.139539503070543E+003 -0.139539503070543E+003 -0.139542418844015E+003
  0.100029087146649E+000  0.106470045040568E+001  0.518976612501434E-001  0.101223462792024E+000 -0.131028262406404E+000 -0.139540032756521E+003 -0.139540032756521E+003 -0.139541946255246E+003
  0.101000932023580E+000  0.708635031892167E+000  0.631821210746260E-001  0.102035402378963E+000 -0.131028262406404E+000 -0.139539976367850E+003 -0.139539976367850E+003 -0.139541455666102E+003
  0.102481582343606E+000  0.523790750162820E+000  0.484814385500483E+000  0.100729314235706E+000 -0.131028262406404E+000 -0.139539277990624E+003 -0.139539277990624E+003 -0.139542019284652E+003
  0.100656949124880E+000  0.550366829800845E+000  0.347141460392439E+000  0.101148935372078E+000 -0.131028262406404E+000 -0.139538321791599E+003 -0.139538321791599E+003 -0.139541620475473E+003
  0.100741021967613E+000  0.766280558099619E+000  0.242383467675520E+000  0.100122788256850E+000 -0.131028262406404E+000 -0.139538671726095E+003 -0.139538671726095E+003 -0.139543016246764E+003
  0.103402553833026E+000  0.539455353205941E+000  0.777765602503724E+000  0.101058451136516E+000 -0.131028262406404E+000 -0.139540287399542E+003 -0.139540287399542E+003 -0.139541165222992E+003
  0.102676361287431E+000  0.579718583867828E+000  0.881939688345077E+000  0.102181677474916E+000 -0.131028262406404E+000 -0.139540732184886E+003 -0.139540732184886E+003 -0.139541430829847E+003
  0.100070882058901E+000  0.573674205777365E+000  0.261771199426353E+000  0.102394780496009E+000 -0.131028262406404E+000 -0.139538843841645E+003 -0.139538843841645E+003 -0.139541664192195E+003
  0.102383064963177E+000  0.583754129346515E+000  0.292162700893498E+000  0.102207418210811E+000 -0.131028262406404E+000 -0.139540545783804E+003 -0.139540545783804E+003 -0.139542969525732E+003
  0.102019006419068E+000  0.887451352116591E+000  0.827112532319387E+000  0.100051560288090E+000 -0.131028262406404E+000 -0.139540083470991E+003 -0.139540083470991E+003 -0.139541091796215E+003
  0.100730914020744E+000  0.661778337953787E+000  0.723191335655173E+000  0.100476959558751E+000 -0.131028262406404E+000 -0.139538453800396E+003 -0.139538453800396E+003 -0.139540998857167E+003
  0.101040075833756E+000  0.539391987506926E+000  0.942779241254249E+000  0.100432568464218E+000 -0.131028262406404E+000 -0.139538065135324E+003 -0.139538065135324E+003 -0.139541197395283E+003
  0.102137284456689E+000  0.518643913218954E+000  0.911324308093828E+000  0.101446301499753E+000 -0.131028262406404E+000 -0.139539485566534E+003 -0.139539485566534E+003 -0.139542261246472E+003
  0.101275095595473E+000  0.624229620888376E+000  0.476551659673689E-001  0.102327219117189E+000 -0.131028262406404E+000 -0.139539983401339E+003 -0.139539983401339E+003 -0.139543941664566E+003
  0.100655127361342E+000  0.104634985002454E+001  0.717051354614058E+000  0.100572442060653E+000 -0.131028262406404E+000 -0.139539977557781E+003 -0.139539977557781E+003 -0.139541112877880E+003
  0.102462565866722E+000  0.522580657740549E+000  0.541508664692406E+000  0.101402571721024E+000 -0.131028262406404E+000 -0.139539723695485E+003 -0.139539723695485E+003 -0.139541164517120E+003
  0.101165021392715E+000  0.689930811135126E+000  0.525096585414590E+000  0.100771708416087E+000 -0.131028262406404E+000 -0.139539121832144E+003 -0.139539121832144E+003 -0.139540987340092E+003
  0.100161820053983E+000  0.677414135812414E+000  0.452643688284238E+000  0.103571039243678E+000 -0.131028262406404E+000 -0.139540249295674E+003 -0.139540249295674E+003 -0.139541362850637E+003
  0.100711929687426E+000  0.617550082127819E+000  0.905355786592232E-002  0.100608177717878E+000 -0.131028262406404E+000 -0.139538322879769E+003 -0.139538322879769E+003 -0.139542092593799E+003
  0.102603705918937E+000  0.555980383706703E+000  0.159780025387219E+000  0.101678275657914E+000 -0.131028262406404E+000 -0.139540199727323E+003 -0.139540199727323E+003 -0.139542109412523E+003
  0.101339733840757E+000  0.595610164012490E+000  0.571260079621944E+000  0.102703320794150E+000 -0.131028262406404E+000 -0.139540148185693E+003 -0.139540148185693E+003 -0.139550603840207E+003
  0.101266210795291E+000  0.756209048923469E+000  0.598947786655518E+000  0.100728515011193E+000 -0.131028262406404E+000 -0.139539464118381E+003 -0.139539464118381E+003 -0.139542985024200E+003
  0.102391730542970E+000  0.846757509913111E+000  0.402763018146433E+000  0.100297843225522E+000 -0.131028262406404E+000 -0.139540392175980E+003 -0.139540392175980E+003 -0.139540960666106E+003
  0.100430851176699E+000  0.585385975312331E+000  0.586413150531624E+000  0.104578326812755E+000 -0.131028262406404E+000 -0.139540673753149E+003 -0.139540673753149E+003 -0.139540903323395E+003
  0.100405544959770E+000  0.987663790207086E+000  0.754100620910647E+000  0.101372048718910E+000 -0.131028262406404E+000 -0.139540177475144E+003 -0.139540177475144E+003 -0.139542356837785E+003
  0.100061477942955E+000  0.869209286339511E+000  0.672337679853282E+000  0.102241033543886E+000 -0.131028262406404E+000 -0.139540093053728E+003 -0.139540093053728E+003 -0.139543412535802E+003
  0.101020415948534E+000  0.129939114878465E+001  0.885889614214124E+000  0.100424541686755E+000 -0.131028262406404E+000 -0.139540847274835E+003 -0.139540847274835E+003 -0.139544476795789E+003
  0.101120906432413E+000  0.680015743213133E+000  0.466550814619204E+000  0.102405401271057E+000 -0.131028262406404E+000 -0.139540194297578E+003 -0.139540194297578E+003 -0.139541217992479E+003
  0.102197608804401E+000  0.589970174649675E+000  0.447071416498227E+000  0.100799457459226E+000 -0.131028262406404E+000 -0.139539449748712E+003 -0.139539449748712E+003 -0.139542023052223E+003
  0.102434011591536E+000  0.537904646325486E+000  0.443914046591567E-001  0.101025007740746E+000 -0.131028262406404E+000 -0.139539520977362E+003 -0.139539520977362E+003 -0.139542320372538E+003
  0.100174725600973E+000  0.599208707560811E+000  0.385304952474767E+000  0.105001126353463E+000 -0.131028262406404E+000 -0.139540835761473E+003 -0.139540835761473E+003 -0.139542334333495E+003
  0.100273508875376E+000  0.630210556726361E+000  0.391838273209267E+000  0.101616333606737E+000 -0.131028262406404E+000 -0.139538748645905E+003 -0.139538748645905E+003 -0.139552438154787E+003
  0.103302354723144E+000  0.570598564532808E+000  0.472635589917478E+000  0.101376043126342E+000 -0.131028262406404E+000 -0.139540597586664E+003 -0.139540597586664E+003 -0.139542421649831E+003
  0.101431805969883E+000  0.801644223239449E+000  0.292756845174693E-001  0.101338574601182E+000 -0.131028262406404E+000 -0.139540226389639E+003 -0.139540226389639E+003 -0.139540885731326E+003
