  0.199656510580563E+001  0.116749251878179E+001  0.952120271315743E+000  0.499228831258888E+000 -0.131028262406404E+000 -0.135503482320406E+003 -0.135503482320406E+003 -0.135504958086505E+003
  0.199577530420465E+001  0.115413378034728E+001  0.959651463051804E+000  0.498101281648167E+000 -0.131028262406404E+000 -0.135504474409633E+003 -0.135504474409633E+003 -0.135511846691439E+003
  0.199906024915536E+001  0.116567163483520E+001  0.873438696490299E+000  0.497906127757152E+000 -0.131028262406404E+000 -0.135503663407705E+003 -0.135503663407705E+003 -0.135505039571253E+003
  0.199628284971460E+001  0.112639605395163E+001  0.882392063687573E+000  0.499817142480980E+000 -0.131028262406404E+000 -0.135503164190040E+003 -0.135503164190040E+003 -0.135505888898765E+003
  0.199683569184175E+001  0.117752204302489E+001  0.934357297283813E+000  0.499645757360574E+000 -0.131028262406404E+000 -0.135504446738567E+003 -0.135504446738567E+003 -0.135506285697833E+003
  0.199925408001038E+001  0.114945197833954E+001  0.968686064803409E+000  0.499946993226830E+000 -0.131028262406404E+000 -0.135499511904827E+003 -0.135499511904827E+003 -0.135505741401020E+003
  0.199971290818436E+001  0.113959748733804E+001  0.965697744998944E+000  0.497222965415427E+000 -0.131028262406404E+000 -0.135503451623506E+003 -0.135503451623506E+003 -0.135504644932876E+003
  0.199684498402191E+001  0.115600590197049E+001  0.958930820801262E+000  0.499549381249137E+000 -0.131028262406404E+000 -0.135501763671707E+003 -0.135501763671707E+003 -0.135505650772504E+003
  0.199928290396235E+001  0.116332532030130E+001  0.940087028169742E+000  0.499559467063412E+000 -0.131028262406404E+000 -0.135500898514181E+003 -0.135500898514181E+003 -0.135505533709940E+003
  0.199693850679892E+001  0.112888107941205E+001  0.934661759161537E+000  0.498707910921898E+000 -0.131028262406404E+000 -0.135504036659024E+003 -0.135504036659024E+003 -0.135505083159072E+003
  0.199566391438850E+001  0.114653759966235E+001  0.963902774493328E+000  0.499249778632533E+000 -0.131028262406404E+000 -0.135502732838045E+003 -0.135502732838045E+003 -0.135504879996242E+003
  0.199817817344223E+001  0.115527546918520E+001  0.911197753417038E+000  0.497985494551830E+000 -0.131028262406404E+000 -0.135503194260833E+003 -0.135503194260833E+003 -0.135505243377876E+003
  0.199335901451904E+001  0.116101712742986E+001  0.977758800235170E+000  0.499386869231008E+000 -0.131028262406404E+000 -0.135504486253194E+003 -0.135504486253194E+003 -0.135509430106855E+003
  0.199964945042183E+001  0.112343846377827E+001  0.892790905750425E+000  0.498005370839940E+000 -0.131028262406404E+000 -0.135504145237892E+003 -0.135504145237892E+003 -0.135522193138892E+003
  0.199739498466967E+001  0.115983322445094E+001  0.924700786284152E+000  0.498776839909039E+000 -0.131028262406404E+000 -0.135502807736804E+003 -0.135502807736804E+003 -0.135507114162441E+003
  0.199688980796127E+001  0.113065794364761E+001  0.922064974292132E+000  0.498844342657400E+000 -0.131028262406404E+000 -0.135503633098616E+003 -0.135503633098616E+003 -0.135507858184526E+003
  0.199849211174181E+001  0.116625059495708E+001  0.941893441203375E+000  0.498246632540385E+000 -0.131028262406404E+000 -0.135503581578139E+003 -0.135503581578139E+003 -0.135509542816885E+003
  0.199853841240634E+001  0.112599019084763E+001  0.910629362086180E+000  0.498070561199738E+000 -0.131028262406404E+000 -0.135504368289604E+003 -0.135504368289604E+003 -0.135505605230583E+003
  0.199964994483681E+001  0.111741410897592E+001  0.963968470529247E+000  0.498955765657070E+000 -0.131028262406404E+000 -0.135503863263752E+003 -0.135503863263752E+003 -0.135506597000513E+003
  0.199558167137755E+001  0.114941945567254E+001  0.916553053532783E+000  0.498965266648274E+000 -0.131028262406404E+000 -0.135503196719065E+003 -0.135503196719065E+003 -0.135506678243771E+003
  0.199992568417146E+001  0.116732688888948E+001  0.936868352259534E+000  0.499778332735965E+000 -0.131028262406404E+000 -0.135500722392968E+003 -0.135500722392968E+003 -0.135519024521364E+003
  0.199980615835310E+001  0.113770161751434E+001  0.997832414199378E+000  0.497950073948387E+000 -0.131028262406404E+000 -0.135502411039180E+003 -0.135502411039180E+003 -0.135505126383221E+003
  0.199980392084499E+001  0.116780135242407E+001  0.970269321381630E+000  0.499383316893822E+000 -0.131028262406404E+000 -0.135501403650756E+003 -0.135501403650756E+003 -0.135506028373648E+003
  0.199769076138135E+001  0.115524080579360E+001  0.922136823596279E+000  0.499935427998168E+000 -0.131028262406404E+000 -0.135500660791949E+003 -0.135500660791949E+003 -0.135505741401020E+003
  0.199770249235700E+001  0.114054491723061E+001  0.900520643788469E+000  0.499909624636799E+000 -0.131028262406404E+000 -0.135500683545768E+003 -0.135500683545768E+003 -0.135507924884139E+003
  0.199740606329007E+001  0.112931348753154E+001  0.930496280321317E+000  0.498670642871671E+000 -0.131028262406404E+000 -0.135503728468753E+003 -0.135503728468753E+003 -0.135507168794380E+003
  0.199826867255277E+001  0.117791943637816E+001  0.894576261913041E+000  0.499514165326735E+000 -0.131028262406404E+000 -0.135503890168430E+003 -0.135503890168430E+003 -0.135511381720128E+003
  0.199992161050869E+001  0.112749615335851E+001  0.913028443519399E+000  0.498589508858790E+000 -0.131028262406404E+000 -0.135502458012792E+003 -0.135502458012792E+003 -0.135509430106855E+003
  0.199490807260180E+001  0.114350862891792E+001  0.935366164094966E+000  0.498450053937522E+000 -0.131028262406404E+000 -0.135504493053386E+003 -0.135504493053386E+003 -0.135520426773776E+003
  0.199927158345467E+001  0.117129697721289E+001  0.901133884985837E+000  0.498797843975712E+000 -0.131028262406404E+000 -0.135503065626897E+003 -0.135503065626897E+003 -0.135505569084392E+003
  0.199474451830687E+001  0.113697405235681E+001  0.961894663874931E+000  0.499513540754017E+000 -0.131028262406404E+000 -0.135503378079925E+003 -0.135503378079925E+003 -0.135507924884139E+003
  0.199920946035611E+001  0.113748642821885E+001  0.927698805885886E+000  0.498754651383068E+000 -0.131028262406404E+000 -0.135501608048257E+003 -0.135501608048257E+003 -0.135504967545467E+003
  0.199560670891373E+001  0.116762414217179E+001  0.922576638961376E+000  0.499645761144567E+000 -0.131028262406404E+000 -0.135503476771680E+003 -0.135503476771680E+003 -0.135505959902632E+003
  0.199533497902454E+001  0.115998762543136E+001  0.954167033364287E+000  0.499807255615298E+000 -0.131028262406404E+000 -0.135502582243851E+003 -0.135502582243851E+003 -0.135504912221564E+003
  0.199997258839246E+001  0.114291720783138E+001  0.999543226175851E+000  0.499831620913186E+000 -0.131028262406404E+000 -0.135499294892859E+003 -0.135499294892859E+003 -0.135505259934340E+003
  0.199443962141891E+001  0.114133266147710E+001  0.944701934372330E+000  0.499046169629125E+000 -0.131028262406404E+000 -0.135503987205002E+003 -0.135503987205002E+003 -0.135505033411442E+003
  0.199524871276429E+001  0.113233412243325E+001  0.933560546082895E+000  0.498967197492304E+000 -0.131028262406404E+000 -0.135504323826318E+003 -0.135504323826318E+003 -0.135506382662314E+003
  0.199388876863244E+001  0.115950954018008E+001  0.935978000406975E+000  0.499584295582418E+000 -0.131028262406404E+000 -0.135503749808711E+003 -0.135503749808711E+003 -0.135507882415235E+003
  0.199907417170786E+001  0.114683386127458E+001  0.926699814391336E+000  0.499524957130998E+000 -0.131028262406404E+000 -0.135500209671497E+003 -0.135500209671497E+003 -0.135506117897391E+003
  0.199720879041147E+001  0.116445406974240E+001  0.968287572507002E+000  0.499916985788482E+000 -0.131028262406404E+000 -0.135501747335076E+003 -0.135501747335076E+003 -0.135506597000513E+003
  0.199853072225665E+001  0.112112924273725E+001  0.880493068529245E+000  0.499548590690021E+000 -0.131028262406404E+000 -0.135502984722613E+003 -0.135502984722613E+003 -0.135505008682578E+003
  0.199993812141702E+001  0.111784048598581E+001  0.953770475249782E+000  0.499957269440153E+000 -0.131028262406404E+000 -0.135502119597495E+003 -0.135502119597495E+003 -0.135523233839466E+003
  0.199783306368852E+001  0.116742348019291E+001  0.902987822947945E+000  0.499952704652114E+000 -0.131028262406404E+000 -0.135501708070367E+003 -0.135501708070367E+003 -0.135504770934981E+003
  0.199812060903343E+001  0.111922371090087E+001  0.952649865868419E+000  0.499970751083559E+000 -0.131028262406404E+000 -0.135503002182282E+003 -0.135503002182282E+003 -0.135518356397766E+003
  0.199908913732568E+001  0.115156698488694E+001  0.872025370281093E+000  0.499405584426526E+000 -0.131028262406404E+000 -0.135500422676470E+003 -0.135500422676470E+003 -0.135504914707911E+003
  0.199976928639188E+001  0.112247803756919E+001  0.978501122263714E+000  0.499211427638016E+000 -0.131028262406404E+000 -0.135502429368703E+003 -0.135502429368703E+003 -0.135511381720128E+003
  0.199362073862852E+001  0.113917795054050E+001  0.995276374559864E+000  0.499945720002955E+000 -0.131028262406404E+000 -0.135503295205639E+003 -0.135503295205639E+003 -0.135508457933784E+003
  0.199603713485928E+001  0.114341244266624E+001  0.935631145058066E+000  0.498648625921417E+000 -0.131028262406404E+000 -0.135503469385931E+003 -0.135503469385931E+003 -0.135506028373648E+003
  0.199551680431864E+001  0.116201134442109E+001  0.980318704830835E+000  0.499349019810038E+000 -0.131028262406404E+000 -0.135503310752218E+003 -0.135503310752218E+003 -0.135505356623076E+003
  0.199521665088555E+001  0.114889400682678E+001  0.900320911664150E+000  0.499225704030665E+000 -0.131028262406404E+000 -0.135503037466636E+003 -0.135503037466636E+003 -0.135506117897391E+003
  0.199918493229971E+001  0.114354099008593E+001  0.989734858717460E+000  0.499051863765578E+000 -0.131028262406404E+000 -0.135500881465123E+003 -0.135500881465123E+003 -0.135510319482959E+003
  0.199612742220902E+001  0.113192401557772E+001  0.976415150800714E+000  0.499477377642376E+000 -0.131028262406404E+000 -0.135503031328989E+003 -0.135503031328989E+003 -0.135506754815555E+003
  0.199934707099044E+001  0.112196290114038E+001  0.949812858544831E+000  0.499565125395580E+000 -0.131028262406404E+000 -0.135502276650346E+003 -0.135502276650346E+003 -0.135510853794812E+003
  0.199623444400295E+001  0.112441601329475E+001  0.946211145633044E+000  0.499126763572801E+000 -0.131028262406404E+000 -0.135504543355502E+003 -0.135504543355502E+003 -0.135505533709940E+003
  0.199951574659442E+001  0.114706713292571E+001  0.975429867590868E+000  0.498449084531728E+000 -0.131028262406404E+000 -0.135501496783457E+003 -0.135501496783457E+003 -0.135507337269068E+003
  0.199939080690008E+001  0.115575745377679E+001  0.914078661344876E+000  0.499552636718226E+000 -0.131028262406404E+000 -0.135500209825907E+003 -0.135500209825907E+003 -0.135508508733121E+003
  0.199257132583297E+001  0.116351653912910E+001  0.980768125715762E+000  0.499998388902191E+000 -0.131028262406404E+000 -0.135504310993283E+003 -0.135504310993283E+003 -0.135504944305194E+003
  0.199433931306380E+001  0.113495439105176E+001  0.928474162710080E+000  0.499040803629911E+000 -0.131028262406404E+000 -0.135504533293646E+003 -0.135504533293646E+003 -0.135510226804817E+003
  0.199560180773600E+001  0.114368931432394E+001  0.964041938233495E+000  0.499783884805622E+000 -0.131028262406404E+000 -0.135502050933425E+003 -0.135502050933425E+003 -0.135506449885791E+003
  0.199612131105927E+001  0.115182612254528E+001  0.961514301307148E+000  0.498779513818615E+000 -0.131028262406404E+000 -0.135503170024907E+003 -0.135503170024907E+003 -0.135508721342316E+003
  0.199738967822475E+001  0.116740714458449E+001  0.938268501446188E+000  0.498837576251649E+000 -0.131028262406404E+000 -0.135503539371298E+003 -0.135503539371298E+003 -0.135506518693608E+003
  0.199817301389879E+001  0.114910662637219E+001  0.930524832264734E+000  0.498368325353344E+000 -0.131028262406404E+000 -0.135502455658486E+003 -0.135502455658486E+003 -0.135506207344492E+003
  0.199961016779056E+001  0.114167751485351E+001  0.896010034291308E+000  0.499316038736822E+000 -0.131028262406404E+000 -0.135500299979087E+003 -0.135500299979087E+003 -0.135506024068380E+003
  0.199676751509847E+001  0.112470106555947E+001  0.901807323081723E+000  0.499736398150765E+000 -0.131028262406404E+000 -0.135503235150989E+003 -0.135503235150989E+003 -0.135508721342316E+003
  0.199619290867459E+001  0.114386458036630E+001  0.942080653590797E+000  0.498034727791134E+000 -0.131028262406404E+000 -0.135504285226872E+003 -0.135504285226872E+003 -0.135505033411442E+003
  0.199546695532999E+001  0.116621920802604E+001  0.919470491225750E+000  0.499240451713081E+000 -0.131028262406404E+000 -0.135503958552163E+003 -0.135503958552163E+003 -0.135505126383221E+003
  0.199893570539353E+001  0.112242916722209E+001  0.937369258810268E+000  0.498473733232582E+000 -0.131028262406404E+000 -0.135504083355439E+003 -0.135504083355439E+003 -0.135505808817211E+003
  0.199863850471547E+001  0.117016862029430E+001  0.939580468203197E+000  0.498956240178043E+000 -0.131028262406404E+000 -0.135503032373144E+003 -0.135503032373144E+003 -0.135505605230583E+003
  0.199862864994670E+001  0.114036880609013E+001  0.946565847913631E+000  0.497904683388373E+000 -0.131028262406404E+000 -0.135503068131476E+003 -0.135503068131476E+003 -0.135504770934981E+003
  0.199695716098875E+001  0.117590733572659E+001  0.880810081936212E+000  0.499639030901924E+000 -0.131028262406404E+000 -0.135504062115517E+003 -0.135504062115517E+003 -0.135505487272859E+003
  0.199833667487321E+001  0.112613505254096E+001  0.998159071080554E+000  0.499619730716687E+000 -0.131028262406404E+000 -0.135502161409246E+003 -0.135502161409246E+003 -0.135508183927817E+003
  0.199456070020615E+001  0.114256827265257E+001  0.929751725792560E+000  0.498772848245483E+000 -0.131028262406404E+000 -0.135504263991237E+003 -0.135504263991237E+003 -0.135505419180086E+003
  0.199641635560333E+001  0.115248139806674E+001  0.884275817208709E+000  0.498564439103916E+000 -0.131028262406404E+000 -0.135503322171005E+003 -0.135503322171005E+003 -0.135506586426442E+003
  0.199565476161693E+001  0.113568456843140E+001  0.972992212508166E+000  0.499484536057055E+000 -0.131028262406404E+000 -0.135502943919813E+003 -0.135502943919813E+003 -0.135505039571253E+003
  0.199938554393433E+001  0.111785976619579E+001  0.995835141334128E+000  0.499108432450719E+000 -0.131028262406404E+000 -0.135503717870318E+003 -0.135503717870318E+003 -0.135505356623076E+003
  0.199528858736374E+001  0.113608935893522E+001  0.967853611242483E+000  0.499709025239702E+000 -0.131028262406404E+000 -0.135502810932413E+003 -0.135502810932413E+003 -0.135505741401020E+003
  0.199414525167949E+001  0.115259085143221E+001  0.901458398310721E+000  0.498869466366666E+000 -0.131028262406404E+000 -0.135504296852493E+003 -0.135504296852493E+003 -0.135504871926053E+003
  0.199881274569640E+001  0.116832121748128E+001  0.968944121080972E+000  0.498202099698637E+000 -0.131028262406404E+000 -0.135503731259868E+003 -0.135503731259868E+003 -0.135504770934981E+003
  0.199747512425068E+001  0.114865162671338E+001  0.939245685210993E+000  0.497517281208159E+000 -0.131028262406404E+000 -0.135504176950190E+003 -0.135504176950190E+003 -0.135504770934981E+003
  0.199976589199489E+001  0.113567455820963E+001  0.827894204885347E+000  0.498106190145117E+000 -0.131028262406404E+000 -0.135502359816429E+003 -0.135502359816429E+003 -0.135505820523886E+003
  0.199173787844292E+001  0.115750192769211E+001  0.638972398768088E+000  0.499836941576158E+000 -0.131028262406404E+000 -0.135504575887284E+003 -0.135504575887284E+003 -0.135507012737544E+003
  0.199374443796118E+001  0.113480035524258E+001  0.864552284834390E+000  0.499623122921919E+000 -0.131028262406404E+000 -0.135504056867408E+003 -0.135504056867408E+003 -0.135512752868407E+003
  0.199997437655258E+001  0.114851308923507E+001  0.758053190131534E+000  0.499792275095385E+000 -0.131028262406404E+000 -0.135499284568406E+003 -0.135499284568406E+003 -0.135509159558189E+003
  0.199632428994681E+001  0.113686185510883E+001  0.736394958732357E+000  0.498927129470520E+000 -0.131028262406404E+000 -0.135503245439069E+003 -0.135503245439069E+003 -0.135512033614031E+003
  0.199978966124165E+001  0.114022817397518E+001  0.724235344278463E+000  0.498546629686640E+000 -0.131028262406404E+000 -0.135501377888401E+003 -0.135501377888401E+003 -0.135504955377743E+003
  0.199386903496769E+001  0.115799135989319E+001  0.657025226074654E+000  0.499161627976156E+000 -0.131028262406404E+000 -0.135504277626583E+003 -0.135504277626583E+003 -0.135508722769790E+003
  0.199842481948745E+001  0.114655593966397E+001  0.698256239444104E+000  0.498964233887022E+000 -0.131028262406404E+000 -0.135501423888262E+003 -0.135501423888262E+003 -0.135504778141906E+003
  0.199758236390885E+001  0.111912277228870E+001  0.836537515585061E+000  0.499281448131622E+000 -0.131028262406404E+000 -0.135504394271253E+003 -0.135504394271253E+003 -0.135506131691677E+003
  0.199945688953484E+001  0.116082888770979E+001  0.755449359686538E+000  0.498763613011188E+000 -0.131028262406404E+000 -0.135501668243326E+003 -0.135501668243326E+003 -0.135506381963739E+003
  0.199962646511828E+001  0.112957164992543E+001  0.802650721714127E+000  0.498034046782221E+000 -0.131028262406404E+000 -0.135503205414100E+003 -0.135503205414100E+003 -0.135504656058288E+003
  0.199906030854815E+001  0.115179830817457E+001  0.756162827188352E+000  0.497518708248159E+000 -0.131028262406404E+000 -0.135503213499847E+003 -0.135503213499847E+003 -0.135508404535944E+003
  0.199696982882175E+001  0.113705170711146E+001  0.578140547870406E+000  0.498312925651009E+000 -0.131028262406404E+000 -0.135503740049780E+003 -0.135503740049780E+003 -0.135504894790247E+003
  0.199519112971545E+001  0.114602280261362E+001  0.821423553802628E+000  0.499627770678449E+000 -0.131028262406404E+000 -0.135502480749454E+003 -0.135502480749454E+003 -0.135516300974378E+003
  0.199784650198540E+001  0.113825374582212E+001  0.625943869165182E+000  0.498965678347810E+000 -0.131028262406404E+000 -0.135502108576702E+003 -0.135502108576702E+003 -0.135504798904124E+003
  0.199660560529225E+001  0.115019998676947E+001  0.698711629691445E+000  0.498495392559125E+000 -0.131028262406404E+000 -0.135503260213289E+003 -0.135503260213289E+003 -0.135509503252722E+003
  0.199981259170724E+001  0.114540610985944E+001  0.850695287072015E+000  0.499855947945793E+000 -0.131028262406404E+000 -0.135499302034357E+003 -0.135499302034357E+003 -0.135504955377743E+003
  0.199952878572452E+001  0.113077374041378E+001  0.811766736536772E+000  0.499347285782224E+000 -0.131028262406404E+000 -0.135501171039045E+003 -0.135501171039045E+003 -0.135508404535944E+003
  0.199977764670982E+001  0.113898113272928E+001  0.782226975049639E+000  0.499165610180434E+000 -0.131028262406404E+000 -0.135500549771783E+003 -0.135500549771783E+003 -0.135505870328518E+003
  0.199407770516735E+001  0.113826345068629E+001  0.678309902920885E+000  0.499049027018631E+000 -0.131028262406404E+000 -0.135504410091189E+003 -0.135504410091189E+003 -0.135505983294616E+003
  0.199202164966630E+001  0.113760498126634E+001  0.670376268055382E+000  0.499865674301604E+000 -0.131028262406404E+000 -0.135504565352255E+003 -0.135504565352255E+003 -0.135508656189859E+003
  0.199594277601373E+001  0.115381329768622E+001  0.573084413831762E+000  0.499376547375487E+000 -0.131028262406404E+000 -0.135502463849786E+003 -0.135502463849786E+003 -0.135507560431555E+003
  0.199952606370868E+001  0.112726611529972E+001  0.755965124833659E+000  0.497938352760691E+000 -0.131028262406404E+000 -0.135503728547762E+003 -0.135503728547762E+003 -0.135505037005061E+003
  0.199622359894849E+001  0.115335638412248E+001  0.636980227383356E+000  0.499646582597114E+000 -0.131028262406404E+000 -0.135501882100619E+003 -0.135501882100619E+003 -0.135506417360555E+003
  0.199765755150569E+001  0.114490046983014E+001  0.709455722634642E+000  0.498118359455026E+000 -0.131028262406404E+000 -0.135503190218862E+003 -0.135503190218862E+003 -0.135513799484029E+003
  0.199802299931013E+001  0.115038001964303E+001  0.724517149909478E+000  0.498045148386108E+000 -0.131028262406404E+000 -0.135503045430132E+003 -0.135503045430132E+003 -0.135506068696321E+003
  0.199692888016329E+001  0.116757651460762E+001  0.834379590996526E+000  0.498645561905348E+000 -0.131028262406404E+000 -0.135504114662319E+003 -0.135504114662319E+003 -0.135514065494179E+003
  0.199925708453486E+001  0.113187951859933E+001  0.612078562248142E+000  0.499281103359318E+000 -0.131028262406404E+000 -0.135501314842559E+003 -0.135501314842559E+003 -0.135504945980994E+003
  0.199910573001366E+001  0.118307552936355E+001  0.817138264121569E+000  0.499882762702011E+000 -0.131028262406404E+000 -0.135504106793808E+003 -0.135504106793808E+003 -0.135506281944699E+003
  0.199997454867580E+001  0.117987675092660E+001  0.602917574897597E+000  0.499593069651883E+000 -0.131028262406404E+000 -0.135503248499589E+003 -0.135503248499589E+003 -0.135508404535944E+003
  0.199790763719838E+001  0.115181385290255E+001  0.766464537873324E+000  0.499826275177008E+000 -0.131028262406404E+000 -0.135500547246631E+003 -0.135500547246631E+003 -0.135505870328518E+003
  0.199848470839818E+001  0.117347724359513E+001  0.643830474100284E+000  0.498755357989926E+000 -0.131028262406404E+000 -0.135503957722438E+003 -0.135503957722438E+003 -0.135505786408094E+003
  0.199635571347777E+001  0.112895250431121E+001  0.726768534376581E+000  0.498989222909351E+000 -0.131028262406404E+000 -0.135503984739098E+003 -0.135503984739098E+003 -0.135505103434869E+003
  0.199727330770762E+001  0.113574159734775E+001  0.850810568061362E+000  0.499239665465854E+000 -0.131028262406404E+000 -0.135502263022251E+003 -0.135502263022251E+003 -0.135508404535944E+003
  0.199958543772226E+001  0.113251648029359E+001  0.816477661644656E+000  0.498929000768128E+000 -0.131028262406404E+000 -0.135501553124025E+003 -0.135501553124025E+003 -0.135507478284652E+003
  0.199283025065453E+001  0.115718039454871E+001  0.753776049301647E+000  0.499705691486472E+000 -0.131028262406404E+000 -0.135504070573836E+003 -0.135504070573836E+003 -0.135505221065715E+003
  0.199783841396766E+001  0.113863979173328E+001  0.617398216839335E+000  0.498190995453787E+000 -0.131028262406404E+000 -0.135503247446741E+003 -0.135503247446741E+003 -0.135506252461334E+003
  0.199857386734520E+001  0.113184848546933E+001  0.653952354251947E+000  0.499336175860570E+000 -0.131028262406404E+000 -0.135501673757705E+003 -0.135501673757705E+003 -0.135510810944612E+003
  0.199948195345279E+001  0.112301685595600E+001  0.719925712477146E+000  0.498789458967565E+000 -0.131028262406404E+000 -0.135503147649218E+003 -0.135503147649218E+003 -0.135509573836456E+003
  0.199857768839958E+001  0.117731407892674E+001  0.759815207903762E+000  0.498917396858493E+000 -0.131028262406404E+000 -0.135504411873889E+003 -0.135504411873889E+003 -0.135524110735518E+003
  0.199672632524385E+001  0.113050700272132E+001  0.856515901005510E+000  0.499758310416385E+000 -0.131028262406404E+000 -0.135502397087786E+003 -0.135502397087786E+003 -0.135506668547285E+003
  0.199983741749218E+001  0.111970093673122E+001  0.576059494659910E+000  0.499087186944771E+000 -0.131028262406404E+000 -0.135503081480830E+003 -0.135503081480830E+003 -0.135506417360555E+003
  0.199810246306097E+001  0.114833049405106E+001  0.786973216459331E+000  0.499419510840644E+000 -0.131028262406404E+000 -0.135500956461660E+003 -0.135500956461660E+003 -0.135505983294616E+003
  0.199521055436670E+001  0.113432241072267E+001  0.751874041614420E+000  0.498672307810117E+000 -0.131028262406404E+000 -0.135504585370632E+003 -0.135504585370632E+003 -0.135509325549432E+003
  0.199939624939085E+001  0.111622000944745E+001  0.740001682545093E+000  0.499771904626750E+000 -0.131028262406404E+000 -0.135503086268087E+003 -0.135503086268087E+003 -0.135505103434869E+003
  0.199942334798424E+001  0.114331232038708E+001  0.863358019732270E+000  0.498991676026021E+000 -0.131028262406404E+000 -0.135500827497493E+003 -0.135500827497493E+003 -0.135511663167422E+003
  0.199945670042020E+001  0.116864025060318E+001  0.574131925187797E+000  0.499470452044042E+000 -0.131028262406404E+000 -0.135501605685110E+003 -0.135501605685110E+003 -0.135504631965598E+003
  0.199780796471737E+001  0.115758036686458E+001  0.578053719628101E+000  0.499455817170485E+000 -0.131028262406404E+000 -0.135501411413258E+003 -0.135501411413258E+003 -0.135509399007254E+003
  0.199531641931326E+001  0.115744103107460E+001  0.841811295399500E+000  0.499917334106512E+000 -0.131028262406404E+000 -0.135502250421199E+003 -0.135502250421199E+003 -0.135507012737544E+003
  0.199468728997242E+001  0.116106196051680E+001  0.602886804744053E+000  0.499964186623196E+000 -0.131028262406404E+000 -0.135502840638575E+003 -0.135502840638575E+003 -0.135514489274297E+003
  0.199686224398905E+001  0.116465839413557E+001  0.703475024892522E+000  0.498113961911890E+000 -0.131028262406404E+000 -0.135504572250184E+003 -0.135504572250184E+003 -0.135504655507829E+003
  0.199540750151185E+001  0.115147468296483E+001  0.374788421209625E-001  0.499211643212759E+000 -0.131028262406404E+000 -0.135502968810093E+003 -0.135502968810093E+003 -0.135567342015891E+003
  0.199824968823864E+001  0.113036440225291E+001  0.154583344647671E-001  0.499501346836139E+000 -0.131028262406404E+000 -0.135501812461359E+003 -0.135501812461359E+003 -0.135515066999772E+003
  0.199961350080785E+001  0.116303079075482E+001  0.298097158474754E+000  0.499433103657363E+000 -0.131028262406404E+000 -0.135500848534306E+003 -0.135500848534306E+003 -0.135506667015027E+003
  0.199967377028071E+001  0.115598199583302E+001  0.188338771846253E+000  0.496971159215336E+000 -0.131028262406404E+000 -0.135503822339005E+003 -0.135503822339005E+003 -0.135510713833744E+003
  0.199450107538719E+001  0.115845118543270E+001  0.502001485902941E+000  0.499388156793569E+000 -0.131028262406404E+000 -0.135503583525307E+003 -0.135503583525307E+003 -0.135508763692074E+003
  0.199699227491688E+001  0.114530051666365E+001  0.242427404646698E+000  0.499335470750919E+000 -0.131028262406404E+000 -0.135501792848109E+003 -0.135501792848109E+003 -0.135504695902393E+003
  0.199873310507320E+001  0.114588474865500E+001  0.505099603211059E+000  0.497410352391721E+000 -0.131028262406404E+000 -0.135503558211127E+003 -0.135503558211127E+003 -0.135513216545874E+003
  0.199668614548903E+001  0.114473644866463E+001  0.512742328430015E+000  0.497844491157131E+000 -0.131028262406404E+000 -0.135504232248069E+003 -0.135504232248069E+003 -0.135505073644825E+003
  0.199982058976569E+001  0.115150125953246E+001  0.425739114992166E+000  0.498407230155873E+000 -0.131028262406404E+000 -0.135501415895661E+003 -0.135501415895661E+003 -0.135507695880313E+003
  0.199890135889051E+001  0.116250097987078E+001  0.543430287674365E+000  0.499598093493470E+000 -0.131028262406404E+000 -0.135500980703609E+003 -0.135500980703609E+003 -0.135506031674442E+003
  0.199907598393303E+001  0.115974721668442E+001  0.252525093251234E+000  0.498061994896600E+000 -0.131028262406404E+000 -0.135502821308384E+003 -0.135502821308384E+003 -0.135505809313504E+003
  0.199475054134876E+001  0.113325999047923E+001  0.270033931617200E+000  0.499973335942047E+000 -0.131028262406404E+000 -0.135503038959809E+003 -0.135503038959809E+003 -0.135510907556067E+003
  0.199705836708206E+001  0.113758289554595E+001  0.105891598973246E+000  0.499753015037103E+000 -0.131028262406404E+000 -0.135501498991454E+003 -0.135501498991454E+003 -0.135504730514229E+003
  0.199731372768327E+001  0.113980334052806E+001  0.472538430857309E+000  0.498965822704244E+000 -0.131028262406404E+000 -0.135502349518550E+003 -0.135502349518550E+003 -0.135506131638407E+003
  0.199496816068356E+001  0.112431294585350E+001  0.185240253268725E-001  0.499848797736101E+000 -0.131028262406404E+000 -0.135504314418593E+003 -0.135504314418593E+003 -0.135509347230772E+003
  0.199994474509007E+001  0.112310917494149E+001  0.796843680688759E-001  0.497869242521957E+000 -0.131028262406404E+000 -0.135504213080079E+003 -0.135504213080079E+003 -0.135507785788967E+003
  0.199808776433416E+001  0.115134386290404E+001  0.192508128403257E+000  0.498947921309364E+000 -0.131028262406404E+000 -0.135501689787461E+003 -0.135501689787461E+003 -0.135508458517660E+003
  0.199280598341446E+001  0.114855754747793E+001  0.155416761639583E-001  0.499532392690814E+000 -0.131028262406404E+000 -0.135504105674590E+003 -0.135504105674590E+003 -0.135504890755095E+003
  0.199994546934206E+001  0.117349032617949E+001  0.278053273037081E+000  0.499775197944184E+000 -0.131028262406404E+000 -0.135501709702407E+003 -0.135501709702407E+003 -0.135508078105456E+003
  0.199820945581824E+001  0.112820364004627E+001  0.114976351330005E+000  0.498358274574476E+000 -0.131028262406404E+000 -0.135503823993636E+003 -0.135503823993636E+003 -0.135504890755095E+003
  0.199785874623942E+001  0.112989920217892E+001  0.126784878956000E+000  0.497912464105503E+000 -0.131028262406404E+000 -0.135504509312102E+003 -0.135504509312102E+003 -0.135521684398183E+003
  0.199818985498321E+001  0.114370639557286E+001  0.481415804699059E+000  0.497896527120893E+000 -0.131028262406404E+000 -0.135503218783350E+003 -0.135503218783350E+003 -0.135508187693306E+003
  0.199644105005133E+001  0.113983969298565E+001  0.411607265667941E+000  0.499501084327745E+000 -0.131028262406404E+000 -0.135502110741811E+003 -0.135502110741811E+003 -0.135506764461715E+003
  0.199750051501161E+001  0.112476282714338E+001  0.542200580997525E+000  0.498629567890567E+000 -0.131028262406404E+000 -0.135504399569587E+003 -0.135504399569587E+003 -0.135515934591329E+003
  0.199460851343192E+001  0.113393662849682E+001  0.120643835302627E+000  0.499041290973712E+000 -0.131028262406404E+000 -0.135504457698412E+003 -0.135504457698412E+003 -0.135506789369843E+003
  0.199936494996315E+001  0.115883210355131E+001  0.241126189895619E+000  0.497580190608829E+000 -0.131028262406404E+000 -0.135503284033619E+003 -0.135503284033619E+003 -0.135510253966736E+003
  0.199528011579920E+001  0.113434802829523E+001  0.100612287081309E+000  0.499253352888348E+000 -0.131028262406404E+000 -0.135503657358819E+003 -0.135503657358819E+003 -0.135506154388406E+003
  0.199965664040335E+001  0.117356721335575E+001  0.500762209619261E+000  0.498000207595087E+000 -0.131028262406404E+000 -0.135504360208414E+003 -0.135504360208414E+003 -0.135517301948040E+003
  0.199863676862674E+001  0.111641264926005E+001  0.497714576311247E+000  0.499510554193032E+000 -0.131028262406404E+000 -0.135503926682494E+003 -0.135503926682494E+003 -0.135505042019829E+003
  0.199878425725971E+001  0.114280089135462E+001  0.102167006734978E+000  0.496798018705182E+000 -0.131028262406404E+000 -0.135504552568493E+003 -0.135504552568493E+003 -0.135505285869768E+003
  0.199636379563454E+001  0.115756703733641E+001  0.535463612696646E+000  0.499807076859086E+000 -0.131028262406404E+000 -0.135501781101245E+003 -0.135501781101245E+003 -0.135504970764178E+003
  0.199976332357997E+001  0.112584975437322E+001  0.441824940393904E+000  0.497804556043184E+000 -0.131028262406404E+000 -0.135503986161168E+003 -0.135503986161168E+003 -0.135504941732045E+003
  0.199804367556587E+001  0.116165240293528E+001  0.330425424363972E+000  0.499570320251021E+000 -0.131028262406404E+000 -0.135501442300899E+003 -0.135501442300899E+003 -0.135526009990613E+003
  0.199969225628174E+001  0.115289391510842E+001  0.517951058760431E+000  0.498774117539460E+000 -0.131028262406404E+000 -0.135501004877563E+003 -0.135501004877563E+003 -0.135504763049375E+003
  0.199917506407128E+001  0.116155938808715E+001  0.284537881759124E-001  0.499270208891044E+000 -0.131028262406404E+000 -0.135501184956565E+003 -0.135501184956565E+003 -0.135504949625297E+003
  0.199779557935830E+001  0.113468893253316E+001  0.958849746399737E-001  0.499513371951002E+000 -0.131028262406404E+000 -0.135501620923190E+003 -0.135501620923190E+003 -0.135507499680621E+003
  0.199862659797904E+001  0.113960294988294E+001  0.194693097049658E+000  0.499391679466782E+000 -0.131028262406404E+000 -0.135500905966227E+003 -0.135500905966227E+003 -0.135505804647529E+003
  0.199527021166650E+001  0.112853132528805E+001  0.421251972486988E+000  0.499792426731760E+000 -0.131028262406404E+000 -0.135503550328177E+003 -0.135503550328177E+003 -0.135506006125360E+003
  0.199751155791880E+001  0.115301513672192E+001  0.492512513866594E+000  0.497455213320389E+000 -0.131028262406404E+000 -0.135504319343608E+003 -0.135504319343608E+003 -0.135518604913565E+003
  0.199967736748033E+001  0.116933493735524E+001  0.185768380339978E+000  0.497375445907862E+000 -0.131028262406404E+000 -0.135504563111843E+003 -0.135504563111843E+003 -0.135507287253448E+003
  0.199566318554205E+001  0.115943763381594E+001  0.148877654350907E+000  0.499711695536375E+000 -0.131028262406404E+000 -0.135502476681908E+003 -0.135502476681908E+003 -0.135506970390578E+003
  0.199931660950218E+001  0.110908091043096E+001  0.247529663485866E+000  0.499990740190578E+000 -0.131028262406404E+000 -0.135504562237082E+003 -0.135504562237082E+003 -0.135506588220777E+003
  0.199739258329759E+001  0.114728553842537E+001  0.283828126452008E+000  0.499807522290858E+000 -0.131028262406404E+000 -0.135500835499107E+003 -0.135500835499107E+003 -0.135505179956729E+003
  0.199399642596477E+001  0.114972205607593E+001  0.480759024178978E+000  0.498834660432595E+000 -0.131028262406404E+000 -0.135504397853920E+003 -0.135504397853920E+003 -0.135505060971541E+003
  0.199945363955195E+001  0.113556546580623E+001  0.172496978636826E+000  0.499542088151362E+000 -0.131028262406404E+000 -0.135500453496111E+003 -0.135500453496111E+003 -0.135506087608731E+003
  0.199615520714506E+001  0.113749791178360E+001  0.400493143861218E+000  0.499745225052782E+000 -0.131028262406404E+000 -0.135502089789320E+003 -0.135502089789320E+003 -0.135507287253448E+003
  0.199875846404610E+001  0.115073256634720E+001  0.265323470692271E+000  0.499180069525834E+000 -0.131028262406404E+000 -0.135500927802649E+003 -0.135500927802649E+003 -0.135505013573001E+003
  0.199697875437719E+001  0.117439033020003E+001  0.505778704141795E+000  0.499501582658633E+000 -0.131028262406404E+000 -0.135503953067633E+003 -0.135503953067633E+003 -0.135505060971541E+003
  0.199364438303692E+001  0.112934197277662E+001  0.245068921264580E+000  0.499761266922149E+000 -0.131028262406404E+000 -0.135504551994968E+003 -0.135504551994968E+003 -0.135505528169486E+003
  0.199955749278525E+001  0.112420242087529E+001  0.870305805597798E-001  0.498150718060869E+000 -0.131028262406404E+000 -0.135503857711451E+003 -0.135503857711451E+003 -0.135511887370789E+003
  0.199616309762361E+001  0.115068637401852E+001  0.366374339013101E-001  0.498548145395867E+000 -0.131028262406404E+000 -0.135503466533502E+003 -0.135503466533502E+003 -0.135508634046337E+003
  0.199976340830254E+001  0.115466829485948E+001  0.163691834379139E+000  0.496745488567119E+000 -0.131028262406404E+000 -0.135504044035252E+003 -0.135504044035252E+003 -0.135505073644825E+003
  0.199691179259544E+001  0.114318710926716E+001  0.232972426704955E+000  0.497593693587667E+000 -0.131028262406404E+000 -0.135504521193112E+003 -0.135504521193112E+003 -0.135508245228250E+003
  0.199299764291588E+001  0.115970414247330E+001  0.269934681702684E+000  0.499660200795175E+000 -0.131028262406404E+000 -0.135504202394235E+003 -0.135504202394235E+003 -0.135506899805425E+003
  0.199818447557491E+001  0.116624404573490E+001  0.399738816312521E+000  0.499070521328290E+000 -0.131028262406404E+000 -0.135502581854709E+003 -0.135502581854709E+003 -0.135507213815110E+003
  0.199732862277695E+001  0.115294162048355E+001  0.496126879608961E+000  0.499554201948704E+000 -0.131028262406404E+000 -0.135501324212161E+003 -0.135501324212161E+003 -0.135505511510701E+003
  0.199871610145183E+001  0.114183780562247E+001  0.312061135285637E+000  0.496864819997816E+000 -0.131028262406404E+000 -0.135504533477485E+003 -0.135504533477485E+003 -0.135507835752075E+003
  0.199950876616008E+001  0.116754568336262E+001  0.431755254494221E+000  0.498248814104643E+000 -0.131028262406404E+000 -0.135503141910805E+003 -0.135503141910805E+003 -0.135506811808024E+003
  0.199885360359183E+001  0.117016042122594E+001  0.110976071100609E+000  0.498891538157194E+000 -0.131028262406404E+000 -0.135502996291784E+003 -0.135502996291784E+003 -0.135512197555638E+003
  0.199442427492588E+001  0.114021042997866E+001  0.352818319007056E+000  0.499848183635482E+000 -0.131028262406404E+000 -0.135502860572631E+003 -0.135502860572631E+003 -0.135504970764178E+003
  0.199904672676335E+001  0.112340744601889E+001  0.323769296740401E+000  0.499234104370229E+000 -0.131028262406404E+000 -0.135502705796762E+003 -0.135502705796762E+003 -0.135506617152089E+003
  0.199805280758280E+001  0.114014610114852E+001  0.870744480185686E-001  0.497313817298405E+000 -0.131028262406404E+000 -0.135504356164634E+003 -0.135504356164634E+003 -0.135507770192042E+003
  0.199832878759580E+001  0.113967462320702E+001  0.319049700371063E+000  0.497960320700377E+000 -0.131028262406404E+000 -0.135503215817254E+003 -0.135503215817254E+003 -0.135539201036491E+003
  0.199926157986366E+001  0.117345802349878E+001  0.259352343085625E+000  0.499841125280458E+000 -0.131028262406404E+000 -0.135502002796218E+003 -0.135502002796218E+003 -0.135505990460929E+003
  0.199859779314526E+001  0.116987044441535E+001  0.804888221293894E-001  0.498023562339525E+000 -0.131028262406404E+000 -0.135504344263675E+003 -0.135504344263675E+003 -0.135505192225861E+003
  0.199422113338553E+001  0.115493224647082E+001  0.269433659284631E+000  0.499557891338899E+000 -0.131028262406404E+000 -0.135503309765507E+003 -0.135503309765507E+003 -0.135504890755095E+003
  0.199600706146837E+001  0.113941756390095E+001  0.102482912416465E+000  0.499953895617912E+000 -0.131028262406404E+000 -0.135501747415205E+003 -0.135501747415205E+003 -0.135531749895879E+003
  0.199743678259072E+001  0.114192428269853E+001  0.323686060244213E+000  0.497465925530382E+000 -0.131028262406404E+000 -0.135504430191942E+003 -0.135504430191942E+003 -0.135505626333411E+003
  0.199992526215411E+001  0.114379079003757E+001  0.211630894792707E+000  0.499857714910774E+000 -0.131028262406404E+000 -0.135499262346088E+003 -0.135499262346088E+003 -0.135505687618486E+003
  0.199562585373379E+001  0.117058136823678E+001  0.437625527555914E+000  0.499470646175462E+000 -0.131028262406404E+000 -0.135504143628539E+003 -0.135504143628539E+003 -0.135506061156060E+003
  0.199993235269359E+001  0.114852933338595E+001  0.198947429121692E+000  0.498319297839221E+000 -0.131028262406404E+000 -0.135501428966803E+003 -0.135501428966803E+003 -0.135506006125360E+003
  0.199585078170432E+001  0.116935928817671E+001  0.351646044752059E+000  0.498942199104394E+000 -0.131028262406404E+000 -0.135504582121262E+003 -0.135504582121262E+003 -0.135505908162561E+003
  0.199772712462099E+001  0.113031324322600E+001  0.457931769933215E+000  0.499548745084819E+000 -0.131028262406404E+000 -0.135502084736322E+003 -0.135502084736322E+003 -0.135508560074998E+003
  0.199865884001301E+001  0.112811080898819E+001  0.143139201245703E+000  0.497703590374898E+000 -0.131028262406404E+000 -0.135504540146061E+003 -0.135504540146061E+003 -0.135516706954551E+003
  0.199986126824847E+001  0.116190025004378E+001  0.283523974936048E+000  0.498829771492507E+000 -0.131028262406404E+000 -0.135501434787155E+003 -0.135501434787155E+003 -0.135509591194543E+003
  0.199869546749952E+001  0.114399115514170E+001  0.345253916762654E+000  0.497209404090566E+000 -0.131028262406404E+000 -0.135503933572217E+003 -0.135503933572217E+003 -0.135507287253448E+003
  0.199642800042574E+001  0.114850305710798E+001  0.652847532285359E-001  0.498514892632885E+000 -0.131028262406404E+000 -0.135503332226962E+003 -0.135503332226962E+003 -0.135510475372487E+003
  0.199664508377942E+001  0.113104255464493E+001  0.160761993960372E+000  0.499437637260302E+000 -0.131028262406404E+000 -0.135502858344495E+003 -0.135502858344495E+003 -0.135506620713959E+003
  0.199939736847831E+001  0.115552352853306E+001  0.449292808312750E+000  0.498730335340217E+000 -0.131028262406404E+000 -0.135501366350331E+003 -0.135501366350331E+003 -0.135505164996148E+003
  0.199600438814559E+001  0.113736221024350E+001  0.187709750398188E+000  0.498693722070230E+000 -0.131028262406404E+000 -0.135503764699299E+003 -0.135503764699299E+003 -0.135508245228250E+003
  0.199959906199611E+001  0.116064148620310E+001  0.418881779888986E+000  0.497159587022941E+000 -0.131028262406404E+000 -0.135503913012656E+003 -0.135503913012656E+003 -0.135506031674442E+003
  0.199888779195342E+001  0.115302104227005E+001  0.454455610786198E+000  0.498707420526739E+000 -0.131028262406404E+000 -0.135501597950626E+003 -0.135501597950626E+003 -0.135506488465770E+003
  0.199502793118719E+001  0.113311339824154E+001  0.440657152714293E+000  0.499814666226701E+000 -0.131028262406404E+000 -0.135503110342637E+003 -0.135503110342637E+003 -0.135507287253448E+003
  0.199746961137507E+001  0.113097988372928E+001  0.456249974201749E+000  0.498969247755536E+000 -0.131028262406404E+000 -0.135503029005900E+003 -0.135503029005900E+003 -0.135518277653958E+003
  0.199399070634423E+001  0.115728772139687E+001  0.504677467760544E+000  0.499957394595037E+000 -0.131028262406404E+000 -0.135502993026724E+003 -0.135502993026724E+003 -0.135505294648296E+003
  0.199919110134860E+001  0.115860719229194E+001  0.388807007007030E+000  0.497224658408832E+000 -0.131028262406404E+000 -0.135503905953592E+003 -0.135503905953592E+003 -0.135504800829750E+003
  0.199790868548536E+001  0.118025561986181E+001  0.143032997232209E+000  0.499881473943396E+000 -0.131028262406404E+000 -0.135504106124153E+003 -0.135504106124153E+003 -0.135505414409890E+003
  0.199946890632819E+001  0.117773622114705E+001  0.252824222260407E+000  0.499655417226147E+000 -0.131028262406404E+000 -0.135502978760615E+003 -0.135502978760615E+003 -0.135505346545640E+003
  0.199544143665928E+001  0.112548578873687E+001  0.161550150529827E+000  0.499529094295903E+000 -0.131028262406404E+000 -0.135504287228980E+003 -0.135504287228980E+003 -0.135505414409890E+003
  0.199909823378865E+001  0.115020503523960E+001  0.139135794964020E+000  0.497848757536476E+000 -0.131028262406404E+000 -0.135502662645062E+003 -0.135502662645062E+003 -0.135522602076845E+003
  0.199629374143838E+001  0.113226434171665E+001  0.486363429935897E+000  0.498894049169870E+000 -0.131028262406404E+000 -0.135503758374272E+003 -0.135503758374272E+003 -0.135508576659420E+003
  0.199774605634937E+001  0.114305732975662E+001  0.493236013981134E+000  0.499103583879936E+000 -0.131028262406404E+000 -0.135501721301155E+003 -0.135501721301155E+003 -0.135506825282104E+003
  0.199702858140457E+001  0.113399350747404E+001  0.481293794088423E-001  0.498080695965429E+000 -0.131028262406404E+000 -0.135504330316105E+003 -0.135504330316105E+003 -0.135509702368312E+003
  0.199942750669670E+001  0.113305136383316E+001  0.203470471978890E+000  0.499480609873138E+000 -0.131028262406404E+000 -0.135500792013082E+003 -0.135500792013082E+003 -0.135506154388406E+003
  0.199390901045162E+001  0.114318126756789E+001  0.369968082268044E+000  0.498807478353696E+000 -0.131028262406404E+000 -0.135504607116056E+003 -0.135504607116056E+003 -0.135508536617252E+003
  0.199967173710910E+001  0.116187729800530E+001  0.786858201963462E-001  0.497483777328579E+000 -0.131028262406404E+000 -0.135503498996588E+003 -0.135503498996588E+003 -0.135513524139809E+003
  0.199884778784077E+001  0.116615344151129E+001  0.309843465561102E+000  0.498918747213501E+000 -0.131028262406404E+000 -0.135502392987069E+003 -0.135502392987069E+003 -0.135505326161571E+003
  0.199961256106662E+001  0.114304707241480E+001  0.271491716296601E+000  0.496786036715762E+000 -0.131028262406404E+000 -0.135504025674261E+003 -0.135504025674261E+003 -0.135505724998242E+003
  0.199711894104573E+001  0.113562721310193E+001  0.785239063530756E-001  0.499993619858682E+000 -0.131028262406404E+000 -0.135501266542150E+003 -0.135501266542150E+003 -0.135506031674442E+003
  0.199961156991133E+001  0.112873029953458E+001  0.142406729412309E+000  0.497955772656945E+000 -0.131028262406404E+000 -0.135503443324714E+003 -0.135503443324714E+003 -0.135504970764178E+003
  0.199979058105145E+001  0.115866093300359E+001  0.378365815334970E+000  0.499880012557873E+000 -0.131028262406404E+000 -0.135499713040872E+003 -0.135499713040872E+003 -0.135504938931072E+003
  0.199400965571219E+001  0.114671057637435E+001  0.166042797148973E+000  0.499665082155238E+000 -0.131028262406404E+000 -0.135503160289060E+003 -0.135503160289060E+003 -0.135506764461715E+003
  0.199868017430103E+001  0.111853924465674E+001  0.204634893122581E+000  0.499305519175336E+000 -0.131028262406404E+000 -0.135503750967396E+003 -0.135503750967396E+003 -0.135505256718414E+003
  0.199408511544106E+001  0.115539568398005E+001  0.240348898975107E-001  0.499792598539412E+000 -0.131028262406404E+000 -0.135503071886117E+003 -0.135503071886117E+003 -0.135505346545640E+003
  0.199673482780383E+001  0.114925164802496E+001  0.458815364151461E+000  0.498716000096928E+000 -0.131028262406404E+000 -0.135502841436892E+003 -0.135502841436892E+003 -0.135505840641342E+003
  0.199836133021361E+001  0.116217580163502E+001  0.148095335864175E+000  0.498066701855864E+000 -0.131028262406404E+000 -0.135503467134762E+003 -0.135503467134762E+003 -0.135507516517293E+003
  0.199791154315326E+001  0.112382467225965E+001  0.391884034448628E+000  0.498972739524973E+000 -0.131028262406404E+000 -0.135503766973592E+003 -0.135503766973592E+003 -0.135509347230772E+003
  0.199634341181059E+001  0.116058465930648E+001  0.186461522070251E+000  0.498874284650561E+000 -0.131028262406404E+000 -0.135503369216665E+003 -0.135503369216665E+003 -0.135506375390606E+003
  0.199543664656441E+001  0.115114069688252E+001  0.354749227815500E+000  0.499000862635306E+000 -0.131028262406404E+000 -0.135503255961292E+003 -0.135503255961292E+003 -0.135511614434276E+003
  0.199882710850488E+001  0.117304500213050E+001  0.696551217576208E-001  0.498556685908127E+000 -0.131028262406404E+000 -0.135503962218487E+003 -0.135503962218487E+003 -0.135505895212682E+003
  0.199697785415525E+001  0.113279097494711E+001  0.535439670977427E+000  0.499958247219231E+000 -0.131028262406404E+000 -0.135501680959070E+003 -0.135501680959070E+003 -0.135513803586093E+003
  0.199948324320667E+001  0.115980818398663E+001  0.162650080393090E+000  0.497198485438235E+000 -0.131028262406404E+000 -0.135503856396758E+003 -0.135503856396758E+003 -0.135505238924600E+003
  0.199905438013727E+001  0.113440096181074E+001  0.220886005302818E+000  0.497474425057491E+000 -0.131028262406404E+000 -0.135503894198654E+003 -0.135503894198654E+003 -0.135506513584385E+003
  0.199932052254349E+001  0.116733990688442E+001  0.217329337568643E+000  0.499465114052794E+000 -0.131028262406404E+000 -0.135501506440791E+003 -0.135501506440791E+003 -0.135510370747046E+003
  0.199747216323870E+001  0.115037881563186E+001  0.110754960384737E-002  0.498838574639950E+000 -0.131028262406404E+000 -0.135502212116916E+003 -0.135502212116916E+003 -0.135507540189580E+003
  0.199849098376949E+001  0.117274308091435E+001  0.262200278037373E+000  0.498355535208041E+000 -0.131028262406404E+000 -0.135504393620484E+003 -0.135504393620484E+003 -0.135524907687706E+003
  0.199300154120258E+001  0.113393711137875E+001  0.525787704544003E+000  0.499711498957551E+000 -0.131028262406404E+000 -0.135504496591005E+003 -0.135504496591005E+003 -0.135508442233871E+003
  0.199721679918761E+001  0.113349105425064E+001  0.535772477947037E+000  0.498822678631274E+000 -0.131028262406404E+000 -0.135503133416572E+003 -0.135503133416572E+003 -0.135504730514229E+003
  0.199833173143951E+001  0.114747036130709E+001  0.229860417176186E+000  0.498120317404234E+000 -0.131028262406404E+000 -0.135502723897868E+003 -0.135502723897868E+003 -0.135505888879541E+003
  0.199828336622859E+001  0.116065600802980E+001  0.113974831868491E+000  0.497741876751448E+000 -0.131028262406404E+000 -0.135503855294764E+003 -0.135503855294764E+003 -0.135506685796335E+003
  0.199556329877578E+001  0.112944651381363E+001  0.325207513120554E+000  0.499352902506785E+000 -0.131028262406404E+000 -0.135503890977751E+003 -0.135503890977751E+003 -0.135505528169486E+003
  0.199547172018282E+001  0.115732128198120E+001  0.558630626901903E+000  0.499900321777822E+000 -0.131028262406404E+000 -0.135502172776123E+003 -0.135502172776123E+003 -0.135504788485652E+003
  0.199392525654630E+001  0.114902579915938E+001  0.102412974468326E+000  0.498870033325028E+000 -0.131028262406404E+000 -0.135504387489453E+003 -0.135504387489453E+003 -0.135507664749209E+003
  0.199998244864539E+001  0.116589803071347E+001  0.437593564641019E+000  0.497245423116855E+000 -0.131028262406404E+000 -0.135504104418058E+003 -0.135504104418058E+003 -0.135563002144106E+003
  0.199582505751535E+001  0.113163554917180E+001  0.129397513288328E+000  0.499792541164170E+000 -0.131028262406404E+000 -0.135502793072786E+003 -0.135502793072786E+003 -0.135525113490857E+003
  0.199912485126494E+001  0.112033339947249E+001  0.194121577162770E-001  0.499580408714932E+000 -0.131028262406404E+000 -0.135502700251836E+003 -0.135502700251836E+003 -0.135505256718414E+003
  0.199854592674922E+001  0.114113487077391E+001  0.537852105315631E+000  0.499408520642256E+000 -0.131028262406404E+000 -0.135500852716762E+003 -0.135500852716762E+003 -0.135515926944153E+003
  0.199803228679389E+001  0.116395195809559E+001  0.496091351488156E+000  0.498502364276789E+000 -0.131028262406404E+000 -0.135503215135739E+003 -0.135503215135739E+003 -0.135506310725265E+003
  0.199902993696774E+001  0.116500507354991E+001  0.512788328667213E+000  0.497988354487180E+000 -0.131028262406404E+000 -0.135503481593088E+003 -0.135503481593088E+003 -0.135505901622104E+003
  0.199909427483084E+001  0.114959297025095E+001  0.170381946854195E-001  0.498347808534694E+000 -0.131028262406404E+000 -0.135501916122581E+003 -0.135501916122581E+003 -0.135508930194912E+003
  0.199999734794139E+001  0.113807753102734E+001  0.144382748045672E+000  0.499528652754178E+000 -0.131028262406404E+000 -0.135499945384789E+003 -0.135499945384789E+003 -0.135507900159452E+003
  0.199849802687405E+001  0.112903447187157E+001  0.494097887549012E+000  0.499253238356018E+000 -0.131028262406404E+000 -0.135502185995986E+003 -0.135502185995986E+003 -0.135505414409890E+003
  0.199544628842225E+001  0.114531429182409E+001  0.272493039245266E+000  0.498754194344711E+000 -0.131028262406404E+000 -0.135503632510626E+003 -0.135503632510626E+003 -0.135506229983714E+003
  0.199656764462917E+001  0.115191990403512E+001  0.465665620335341E+000  0.499264114797883E+000 -0.131028262406404E+000 -0.135502181265812E+003 -0.135502181265812E+003 -0.135506899805425E+003
  0.199887016865370E+001  0.112684411242006E+001  0.325300261522054E+000  0.497766043983743E+000 -0.131028262406404E+000 -0.135504485996622E+003 -0.135504485996622E+003 -0.135512411758321E+003
  0.199980821319784E+001  0.112374856033578E+001  0.387508614948188E+000  0.499189319230174E+000 -0.131028262406404E+000 -0.135502219624423E+003 -0.135502219624423E+003 -0.135505957505341E+003
  0.199929439622562E+001  0.115164732272774E+001  0.500292486535139E+000  0.498574866300881E+000 -0.131028262406404E+000 -0.135501498542416E+003 -0.135501498542416E+003 -0.135506899805425E+003
  0.199918307989584E+001  0.117063045594400E+001  0.352568355240372E+000  0.498732162392071E+000 -0.131028262406404E+000 -0.135503102226888E+003 -0.135503102226888E+003 -0.135506154388406E+003
  0.199382848598453E+001  0.116131973767558E+001  0.422322807013716E+000  0.499785189616152E+000 -0.131028262406404E+000 -0.135503643090539E+003 -0.135503643090539E+003 -0.135509231105701E+003
  0.199861831816548E+001  0.115087157997934E+001  0.362470809892283E+000  0.498370686895533E+000 -0.131028262406404E+000 -0.135502198135948E+003 -0.135502198135948E+003 -0.135505176540597E+003
  0.199656062290496E+001  0.114299913015170E+001  0.275873821982651E+000  0.498184596080411E+000 -0.131028262406404E+000 -0.135503850819667E+003 -0.135503850819667E+003 -0.135506989675692E+003
  0.199832535467153E+001  0.116605104328139E+001  0.360850193558440E+000  0.499928350856967E+000 -0.131028262406404E+000 -0.135501272010692E+003 -0.135501272010692E+003 -0.135505840641342E+003
  0.199993643583642E+001  0.114298914644257E+001  0.389874107970050E-001  0.498081872939157E+000 -0.131028262406404E+000 -0.135501855518438E+003 -0.135501855518438E+003 -0.135512437841780E+003
  0.199329835519890E+001  0.113275063475829E+001  0.353058152716337E+000  0.499857096618539E+000 -0.131028262406404E+000 -0.135504212058232E+003 -0.135504212058232E+003 -0.135506131638407E+003
  0.199933614638589E+001  0.113411807261903E+001  0.226220212903078E-001  0.497018057769259E+000 -0.131028262406404E+000 -0.135504441275490E+003 -0.135504441275490E+003 -0.135507287253448E+003
  0.199557417971367E+001  0.115298680026985E+001  0.273881655209938E+000  0.499514226392882E+000 -0.131028262406404E+000 -0.135502461578060E+003 -0.135502461578060E+003 -0.135509730639539E+003
  0.199938557936436E+001  0.116599973399063E+001  0.127392497813049E+000  0.497612861496390E+000 -0.131028262406404E+000 -0.135503936971449E+003 -0.135503936971449E+003 -0.135510023414783E+003
  0.199433113406035E+001  0.114173410566254E+001  0.278017978784303E+000  0.499750670580664E+000 -0.131028262406404E+000 -0.135502983210461E+003 -0.135502983210461E+003 -0.135512859456416E+003
  0.199901085340790E+001  0.116606020409550E+001  0.776847567153724E-001  0.498429693909750E+000 -0.131028262406404E+000 -0.135502982833327E+003 -0.135502982833327E+003 -0.135505622457866E+003
  0.199875235087379E+001  0.115739095808968E+001  0.417506229451017E+000  0.497882620022591E+000 -0.131028262406404E+000 -0.135503112068524E+003 -0.135503112068524E+003 -0.135505060971541E+003
  0.199752234363099E+001  0.117709076968152E+001  0.210704531052933E+000  0.499797943498467E+000 -0.131028262406404E+000 -0.135503755221486E+003 -0.135503755221486E+003 -0.135505192225861E+003
  0.199699203900251E+001  0.117443037309470E+001  0.555476944550693E+000  0.499212927517423E+000 -0.131028262406404E+000 -0.135504356948426E+003 -0.135504356948426E+003 -0.135505888879541E+003
  0.199924845662096E+001  0.115631094874729E+001  0.321788783130381E+000  0.498082077802218E+000 -0.131028262406404E+000 -0.135502446355530E+003 -0.135502446355530E+003 -0.135505414409890E+003
  0.199944132046829E+001  0.117579314251271E+001  0.262495033389315E+000  0.498812690831707E+000 -0.131028262406404E+000 -0.135503755251066E+003 -0.135503755251066E+003 -0.135506290627873E+003
  0.199727122196331E+001  0.115598389947728E+001  0.167864930769309E+000  0.498069050909932E+000 -0.131028262406404E+000 -0.135503669352157E+003 -0.135503669352157E+003 -0.135504805970426E+003
  0.199351546596962E+001  0.114715785182441E+001  0.378665718512409E+000  0.499821023250191E+000 -0.131028262406404E+000 -0.135503236510430E+003 -0.135503236510430E+003 -0.135507005021038E+003
  0.199380696046552E+001  0.116892954223612E+001  0.805369053415492E-001  0.499858869901712E+000 -0.131028262406404E+000 -0.135504427650109E+003 -0.135504427650109E+003 -0.135506989675692E+003
  0.199718033210527E+001  0.114538893760216E+001  0.378115947310992E+000  0.497883565297591E+000 -0.131028262406404E+000 -0.135503839667004E+003 -0.135503839667004E+003 -0.135504941732045E+003
  0.199695746682226E+001  0.115060789152458E+001  0.254273927975565E+000  0.498554703555879E+000 -0.131028262406404E+000 -0.135502956687480E+003 -0.135502956687480E+003 -0.135505126086675E+003
  0.199952134784032E+001  0.116422234375889E+001  0.104894194204358E+000  0.498759990670152E+000 -0.131028262406404E+000 -0.135501985000490E+003 -0.135501985000490E+003 -0.135506154388406E+003
  0.199785544887338E+001  0.114617374197614E+001  0.251785521639302E+000  0.498535490267096E+000 -0.131028262406404E+000 -0.135502416652751E+003 -0.135502416652751E+003 -0.135505741739733E+003
  0.199253375505975E+001  0.114395700472278E+001  0.265330487467403E+000  0.499911012128906E+000 -0.131028262406404E+000 -0.135503800921592E+003 -0.135503800921592E+003 -0.135505251005019E+003
  0.199736815038955E+001  0.114386644537623E+001  0.120456120893693E+000  0.499036089306025E+000 -0.131028262406404E+000 -0.135502032327323E+003 -0.135502032327323E+003 -0.135504638111773E+003
  0.199770339205624E+001  0.111955432023857E+001  0.493017106987843E+000  0.499251125536573E+000 -0.131028262406404E+000 -0.135504272885086E+003 -0.135504272885086E+003 -0.135505013466523E+003
  0.199322944966615E+001  0.115248856800160E+001  0.165964489610715E+000  0.499564905621159E+000 -0.131028262406404E+000 -0.135503833822723E+003 -0.135503833822723E+003 -0.135504959332522E+003
  0.199556388095330E+001  0.112747361823406E+001  0.140508889245201E+000  0.499933818973221E+000 -0.131028262406404E+000 -0.135503299653003E+003 -0.135503299653003E+003 -0.135504949625297E+003
  0.199312211161002E+001  0.114973987795769E+001  0.145296026579592E+000  0.499231463787653E+000 -0.131028262406404E+000 -0.135504357035931E+003 -0.135504357035931E+003 -0.135504754997300E+003
  0.199948415024532E+001  0.115964117067660E+001  0.546364172792382E-001  0.498209583945366E+000 -0.131028262406404E+000 -0.135502348856655E+003 -0.135502348856655E+003 -0.135504638111773E+003
  0.199562873235589E+001  0.113456088164106E+001  0.210909646014183E+000  0.499533547299672E+000 -0.131028262406404E+000 -0.135502992013292E+003 -0.135502992013292E+003 -0.135504638111773E+003
  0.199990582089394E+001  0.114819453053854E+001  0.233066509117261E+000  0.498009823568391E+000 -0.131028262406404E+000 -0.135501900865771E+003 -0.135501900865771E+003 -0.135504607116056E+003
