  0.642273430303315E+000  0.506703801121001E+000  0.366795482244290E+000  0.498177097436338E+000 -0.131028262406404E+000 -0.134566727943546E+003 -0.134566727943546E+003
  0.659917638848499E+000  0.500023435409803E+000  0.304120039112814E+000  0.498235107215699E+000 -0.131028262406404E+000 -0.134565860243351E+003 -0.134565860243351E+003
  0.665910214131513E+000  0.502866944450322E+000  0.357312570010596E+000  0.481388868762653E+000 -0.131028262406404E+000 -0.134567111002613E+003 -0.134567111002613E+003
  0.663319751345658E+000  0.505568375485293E+000  0.734321079699414E+000  0.490458490481164E+000 -0.131028262406404E+000 -0.134567187269925E+003 -0.134567187269925E+003
  0.641706597722755E+000  0.503849335232751E+000  0.521446907353165E+000  0.479254639272309E+000 -0.131028262406404E+000 -0.134567504093603E+003 -0.134567504093603E+003
  0.671020930341060E+000  0.501224071870117E+000  0.117737826823286E+000  0.468716220507247E+000 -0.131028262406404E+000 -0.134567741577521E+003 -0.134567741577521E+003
  0.639231696176109E+000  0.506133577944581E+000  0.964517539486191E+000  0.481923015245852E+000 -0.131028262406404E+000 -0.134567683890211E+003 -0.134567683890211E+003
  0.643368255313761E+000  0.509689836706676E+000  0.879965775286240E+000  0.491223783091025E+000 -0.131028262406404E+000 -0.134567530959866E+003 -0.134567530959866E+003
  0.655286191531577E+000  0.503395208499181E+000  0.760346041658297E+000  0.492467238545537E+000 -0.131028262406404E+000 -0.134566498529844E+003 -0.134566498529844E+003
  0.664656161441921E+000  0.502398009155800E+000  0.419326142652915E+000  0.482687423009554E+000 -0.131028262406404E+000 -0.134566934746325E+003 -0.134566934746325E+003
  0.653354037601078E+000  0.506698796934101E+000  0.965633924703298E+000  0.498941128521957E+000 -0.131028262406404E+000 -0.134566875252643E+003 -0.134566875252643E+003
  0.634538165681862E+000  0.503656452442704E+000  0.688268931056324E+000  0.494794179622220E+000 -0.131028262406404E+000 -0.134566508085632E+003 -0.134566508085632E+003
  0.647053989039813E+000  0.500733580868292E+000  0.513747017570575E+000  0.482833475340970E+000 -0.131028262406404E+000 -0.134566597801144E+003 -0.134566597801144E+003
  0.674371563144262E+000  0.502299444277121E+000  0.300132020308054E+000  0.483219408318625E+000 -0.131028262406404E+000 -0.134567259300275E+003 -0.134567259300275E+003
  0.648711542755246E+000  0.504203528865558E+000  0.330372877163988E+000  0.484751040207278E+000 -0.131028262406404E+000 -0.134566982076376E+003 -0.134566982076376E+003
  0.641296454423537E+000  0.504759168445250E+000  0.306339808695659E+000  0.485334134396808E+000 -0.131028262406404E+000 -0.134567147319941E+003 -0.134567147319941E+003
  0.653379788449334E+000  0.508380150905822E+000  0.755553406872982E+000  0.487519226667622E+000 -0.131028262406404E+000 -0.134567531884582E+003 -0.134567531884582E+003
  0.665121440395686E+000  0.504367448158014E+000  0.484694701340497E+000  0.474734093875524E+000 -0.131028262406404E+000 -0.134567731609373E+003 -0.134567731609373E+003
  0.646558855026517E+000  0.509467400672860E+000  0.917955467061418E+000  0.489465770074093E+000 -0.131028262406404E+000 -0.134567576285409E+003 -0.134567576285409E+003
  0.643649812176850E+000  0.510330764210136E+000  0.103716536366360E+000  0.492147088438881E+000 -0.131028262406404E+000 -0.134567591815514E+003 -0.134567591815514E+003
  0.641045998024884E+000  0.505274385818368E+000  0.303283426420061E+000  0.494566401232019E+000 -0.131028262406404E+000 -0.134566656151875E+003 -0.134566656151875E+003
  0.650386731011948E+000  0.502117816445132E+000  0.332857321855212E+000  0.480162706411449E+000 -0.131028262406404E+000 -0.134566962772415E+003 -0.134566962772415E+003
  0.652865379725711E+000  0.503916458674050E+000  0.943403254490281E+000  0.477118978351818E+000 -0.131028262406404E+000 -0.134567451421880E+003 -0.134567451421880E+003
  0.673230598053028E+000  0.503100101674963E+000  0.104122811517729E+000  0.478406160837298E+000 -0.131028262406404E+000 -0.134567531851086E+003 -0.134567531851086E+003
  0.644990892039011E+000  0.505295370363398E+000  0.213261618922409E+000  0.484520781172253E+000 -0.131028262406404E+000 -0.134567214061610E+003 -0.134567214061610E+003
  0.673831500295893E+000  0.503503690407184E+000  0.183588165664197E+000  0.484548987956900E+000 -0.131028262406404E+000 -0.134567422784902E+003 -0.134567422784902E+003
  0.666256046278497E+000  0.507394505985703E+000  0.415567333511073E+000  0.497019138864464E+000 -0.131028262406404E+000 -0.134567605110573E+003 -0.134567605110573E+003
  0.681109743556308E+000  0.502509131713861E+000  0.141826421447096E+000  0.489152767853274E+000 -0.131028262406404E+000 -0.134567634002424E+003 -0.134567634002424E+003
  0.636160357772074E+000  0.504840955694570E+000  0.562579653717887E+000  0.498199639256632E+000 -0.131028262406404E+000 -0.134566467128631E+003 -0.134566467128631E+003
  0.637077607842694E+000  0.507324118478347E+000  0.272815223154737E+000  0.497725932796029E+000 -0.131028262406404E+000 -0.134566880118156E+003 -0.134566880118156E+003
  0.643271359131336E+000  0.504679699299663E+000  0.498796723688000E-001  0.483102840362875E+000 -0.131028262406404E+000 -0.134567257875495E+003 -0.134567257875495E+003
  0.653705676412842E+000  0.503403959717924E+000  0.864284593255538E+000  0.489330971192448E+000 -0.131028262406404E+000 -0.134566603266119E+003 -0.134566603266119E+003
  0.670247332127411E+000  0.505023625796536E+000  0.150733966639057E+000  0.485197779954831E+000 -0.131028262406404E+000 -0.134567515766125E+003 -0.134567515766125E+003
  0.644969548496590E+000  0.501488287585206E+000  0.680795252363313E+000  0.475385359027979E+000 -0.131028262406404E+000 -0.134567422629801E+003 -0.134567422629801E+003
  0.658194516147481E+000  0.506198829292258E+000  0.648769838631756E+000  0.483348434534706E+000 -0.131028262406404E+000 -0.134567427607999E+003 -0.134567427607999E+003
  0.639728261458226E+000  0.503178197827083E+000  0.156818652240092E+000  0.485532064576390E+000 -0.131028262406404E+000 -0.134566936492822E+003 -0.134566936492822E+003
  0.661566100401857E+000  0.500911685542143E+000  0.522307197657802E+000  0.471048410967371E+000 -0.131028262406404E+000 -0.134567434247967E+003 -0.134567434247967E+003
  0.635341613331940E+000  0.511555316967389E+000  0.839603365080718E+000  0.495744329373015E+000 -0.131028262406404E+000 -0.134567685683738E+003 -0.134567685683738E+003
  0.635903087347114E+000  0.507207580613713E+000  0.975058599504245E+000  0.494652527525229E+000 -0.131028262406404E+000 -0.134567038866367E+003 -0.134567038866367E+003
  0.667665805121421E+000  0.501163611244444E+000  0.475902210666531E+000  0.478573289533253E+000 -0.131028262406404E+000 -0.134567004582351E+003 -0.134567004582351E+003
  0.634194069783640E+000  0.501907266129228E+000  0.682003678665381E+000  0.495680112661382E+000 -0.131028262406404E+000 -0.134566192544159E+003 -0.134566192544159E+003
  0.654527914478302E+000  0.503908704641291E+000  0.275186631372227E+000  0.477380154845394E+000 -0.131028262406404E+000 -0.134567416274069E+003 -0.134567416274069E+003
  0.679048753352519E+000  0.501424164122724E+000  0.180730713341229E+000  0.478666253754916E+000 -0.131028262406404E+000 -0.134567479775279E+003 -0.134567479775279E+003
  0.650442202221562E+000  0.510347431281955E+000  0.781319250941030E+000  0.499672710286359E+000 -0.131028262406404E+000 -0.134567452201198E+003 -0.134567452201198E+003
  0.628823892406602E+000  0.500091551399242E+000  0.418152810799783E+000  0.486493226098528E+000 -0.131028262406404E+000 -0.134566891978387E+003 -0.134566891978387E+003
  0.677771530151908E+000  0.500762488515927E+000  0.254207074049805E+000  0.479318784619312E+000 -0.131028262406404E+000 -0.134567268616473E+003 -0.134567268616473E+003
  0.682573841998921E+000  0.501647194100868E+000  0.934765831090746E+000  0.496628354412336E+000 -0.131028262406404E+000 -0.134567645773415E+003 -0.134567645773415E+003
  0.661227737567962E+000  0.507675470213180E+000  0.581243781747566E+000  0.488416986599958E+000 -0.131028262406404E+000 -0.134567554154187E+003 -0.134567554154187E+003
  0.655315948423522E+000  0.502201690014929E+000  0.411561164851044E+000  0.496127914095594E+000 -0.131028262406404E+000 -0.134566170482454E+003 -0.134566170482454E+003
  0.639584702669134E+000  0.505772298005653E+000  0.445680626620699E+000  0.499614234964241E+000 -0.131028262406404E+000 -0.134566519307403E+003 -0.134566519307403E+003
  0.630823586882911E+000  0.504928683451402E+000  0.569670159027184E+000  0.486942529158238E+000 -0.131028262406404E+000 -0.134567417569031E+003 -0.134567417569031E+003
  0.631696149362993E+000  0.511856583328619E+000  0.508844043443086E+000  0.497899557472582E+000 -0.131028262406404E+000 -0.134567690725255E+003 -0.134567690725255E+003
  0.656075436939310E+000  0.500554789669012E+000  0.816759369230324E+000  0.485051460484586E+000 -0.131028262406404E+000 -0.134566362758052E+003 -0.134566362758052E+003
  0.676574837031105E+000  0.501869900449343E+000  0.254243031778893E+000  0.472528670695723E+000 -0.131028262406404E+000 -0.134567736373703E+003 -0.134567736373703E+003
  0.637312378586733E+000  0.508522685614259E+000  0.646886825317866E+000  0.496110198780321E+000 -0.131028262406404E+000 -0.134567149826225E+003 -0.134567149826225E+003
  0.645867317228188E+000  0.507924454564917E+000  0.722890804722587E+000  0.491091023661353E+000 -0.131028262406404E+000 -0.134567240368404E+003 -0.134567240368404E+003
  0.653970362536610E+000  0.508288246509358E+000  0.284348920330086E+000  0.485075971883511E+000 -0.131028262406404E+000 -0.134567639844337E+003 -0.134567639844337E+003
  0.660097436162181E+000  0.501141332595871E+000  0.895601631893896E+000  0.483481549228287E+000 -0.131028262406404E+000 -0.134566588729802E+003 -0.134566588729802E+003
  0.676995218580161E+000  0.502117162485632E+000  0.919925881888605E+000  0.489085659062755E+000 -0.131028262406404E+000 -0.134567262971800E+003 -0.134567262971800E+003
  0.647048361443452E+000  0.504889074502583E+000  0.355226730874251E-002  0.497964581842616E+000 -0.131028262406404E+000 -0.134566449069699E+003 -0.134566449069699E+003
  0.626707157542822E+000  0.502773250844850E+000  0.398043009988965E+000  0.487911509318100E+000 -0.131028262406404E+000 -0.134567248086988E+003 -0.134567248086988E+003
  0.652423633924716E+000  0.506052885802219E+000  0.748511207358635E-001  0.482377053125762E+000 -0.131028262406404E+000 -0.134567416343206E+003 -0.134567416343206E+003
  0.661127660324360E+000  0.504978298376173E+000  0.911982595635099E+000  0.486795861261050E+000 -0.131028262406404E+000 -0.134567122787251E+003 -0.134567122787251E+003
  0.635304629787335E+000  0.502583317703236E+000  0.260301451598168E+000  0.490040979621709E+000 -0.131028262406404E+000 -0.134566645895500E+003 -0.134566645895500E+003
  0.630004220964402E+000  0.504444401057233E+000  0.995382949946222E+000  0.489489281907086E+000 -0.131028262406404E+000 -0.134567173380437E+003 -0.134567173380437E+003
  0.627624887448183E+000  0.503165456297274E+000  0.833506498740400E+000  0.486903472585490E+000 -0.131028262406404E+000 -0.134567342166655E+003 -0.134567342166655E+003
  0.653306614202104E+000  0.507846990392651E+000  0.127577391967304E+000  0.485570462285361E+000 -0.131028262406404E+000 -0.134567534000413E+003 -0.134567534000413E+003
  0.679587058530470E+000  0.500652031935526E+000  0.501129089405567E+000  0.475959525212766E+000 -0.131028262406404E+000 -0.134567470502995E+003 -0.134567470502995E+003
  0.648708725436828E+000  0.504967048234577E+000  0.279740705336787E-001  0.476797040430808E+000 -0.131028262406404E+000 -0.134567700943756E+003 -0.134567700943756E+003
  0.653798452166750E+000  0.505184936354898E+000  0.157947782666935E+000  0.497729938668680E+000 -0.131028262406404E+000 -0.134566633921773E+003 -0.134566633921773E+003
  0.634538207168467E+000  0.505403882683116E+000  0.736006298242577E+000  0.489317156207359E+000 -0.131028262406404E+000 -0.134567145899432E+003 -0.134567145899432E+003
  0.655888991996077E+000  0.503717022050374E+000  0.322386655636783E+000  0.487768554121675E+000 -0.131028262406404E+000 -0.134566755486524E+003 -0.134566755486524E+003
  0.668810233611936E+000  0.501966991349124E+000  0.836184165619653E+000  0.471609547628958E+000 -0.131028262406404E+000 -0.134567608939143E+003 -0.134567608939143E+003
  0.625206248296471E+000  0.502703940256191E+000  0.575371472113845E+000  0.493493728608596E+000 -0.131028262406404E+000 -0.134566840008401E+003 -0.134566840008401E+003
  0.665254206964514E+000  0.507220575562041E+000  0.811275475274532E+000  0.486580704012040E+000 -0.131028262406404E+000 -0.134567670643943E+003 -0.134567670643943E+003
  0.633860591598869E+000  0.501398149000993E+000  0.665621602855606E+000  0.478278359236206E+000 -0.131028262406404E+000 -0.134567615569833E+003 -0.134567615569833E+003
  0.656552021855533E+000  0.505864395154165E+000  0.205957433247354E+000  0.477494123645162E+000 -0.131028262406404E+000 -0.134567714739786E+003 -0.134567714739786E+003
  0.652237289848598E+000  0.500712452093176E+000  0.829711266535752E+000  0.477002497256778E+000 -0.131028262406404E+000 -0.134566976165234E+003 -0.134566976165234E+003
  0.671037577081265E+000  0.505024587705362E+000  0.637598986698685E+000  0.483488749735626E+000 -0.131028262406404E+000 -0.134567601524540E+003 -0.134567601524540E+003
  0.665682654337914E+000  0.500474915122636E+000  0.261958050288674E+000  0.497737101755079E+000 -0.131028262406404E+000 -0.134566204492948E+003 -0.134566204492948E+003
  0.675889524696349E+000  0.501849075133926E+000  0.695506201910771E+000  0.477739056454382E+000 -0.131028262406404E+000 -0.134567444292821E+003 -0.134567444292821E+003
  0.649686544428725E+000  0.509188350683407E+000  0.257625930057639E+000  0.488070304642810E+000 -0.131028262406404E+000 -0.134567608324513E+003 -0.134567608324513E+003
  0.632458934492640E+000  0.507554031249876E+000  0.631189476361791E+000  0.496934821694031E+000 -0.131028262406404E+000 -0.134567042777421E+003 -0.134567042777421E+003
  0.677591445723332E+000  0.501118261151286E+000  0.233817259112461E+000  0.496100308830305E+000 -0.131028262406404E+000 -0.134567101484114E+003 -0.134567101484114E+003
  0.637804037442537E+000  0.504053023250176E+000  0.661556756955098E+000  0.484702683871939E+000 -0.131028262406404E+000 -0.134567194405823E+003 -0.134567194405823E+003
  0.632297895184927E+000  0.500069328886230E+000  0.925498519705308E+000  0.491890259169789E+000 -0.131028262406404E+000 -0.134566249343061E+003 -0.134566249343061E+003
  0.641901453983080E+000  0.509579154232371E+000  0.989742460067771E+000  0.497577648887390E+000 -0.131028262406404E+000 -0.134567239475915E+003 -0.134567239475915E+003
  0.634464336634915E+000  0.510172156728881E+000  0.130325881373628E+000  0.495515620213578E+000 -0.131028262406404E+000 -0.134567490169927E+003 -0.134567490169927E+003
  0.652243944748718E+000  0.505491025784409E+000  0.796725314621347E+000  0.481076961468789E+000 -0.131028262406404E+000 -0.134567411489012E+003 -0.134567411489012E+003
  0.631527049457310E+000  0.507194670497094E+000  0.841341635978969E-001  0.489469694271268E+000 -0.131028262406404E+000 -0.134567509171737E+003 -0.134567509171737E+003
  0.641894816993837E+000  0.502260221222827E+000  0.502345918574240E+000  0.478039523691949E+000 -0.131028262406404E+000 -0.134567382732201E+003 -0.134567382732201E+003
  0.657411149957874E+000  0.506818646762858E+000  0.763601562452959E+000  0.480420658694209E+000 -0.131028262406404E+000 -0.134567684485202E+003 -0.134567684485202E+003
  0.616095476847753E+000  0.503427627688954E+000  0.263484944593673E+000  0.498519340581322E+000 -0.131028262406404E+000 -0.134567087118197E+003 -0.134567087118197E+003
  0.649853738517711E+000  0.507020456685986E+000  0.114231288462399E+000  0.489351355148662E+000 -0.131028262406404E+000 -0.134567183559060E+003 -0.134567183559060E+003
  0.635076205941226E+000  0.500508742145224E+000  0.569732988997316E+000  0.491207035801722E+000 -0.131028262406404E+000 -0.134566258486635E+003 -0.134566258486635E+003
  0.660264770481218E+000  0.500628602973830E+000  0.496162962088807E+000  0.473723888709182E+000 -0.131028262406404E+000 -0.134567166321952E+003 -0.134567166321952E+003
  0.677357877310888E+000  0.500625609149344E+000  0.791980606301337E-002  0.476430614186559E+000 -0.131028262406404E+000 -0.134567343616402E+003 -0.134567343616402E+003
  0.673581246438118E+000  0.501658529123304E+000  0.590568392866801E+000  0.493227089331776E+000 -0.131028262406404E+000 -0.134566921672697E+003 -0.134566921672697E+003
  0.655866462911091E+000  0.501719790866331E+000  0.906603644961562E+000  0.474746592846168E+000 -0.131028262406404E+000 -0.134567276570921E+003 -0.134567276570921E+003
  0.649110197922131E+000  0.501983040734627E+000  0.174244106345305E+000  0.491894630249171E+000 -0.131028262406404E+000 -0.134566213074924E+003 -0.134566213074924E+003
  0.618245209108877E+000  0.502099283419507E+000  0.459338890966192E-001  0.495046420763969E+000 -0.131028262406404E+000 -0.134567053941935E+003 -0.134567053941935E+003
  0.660743353971260E+000  0.506078865314529E+000  0.263865146449486E+000  0.498971059067885E+000 -0.131028262406404E+000 -0.134567043731749E+003 -0.134567043731749E+003
  0.620507947651890E+000  0.505545536577629E+000  0.675863345179128E-001  0.490880390474798E+000 -0.131028262406404E+000 -0.134567737719002E+003 -0.134567737719002E+003
  0.632957722037524E+000  0.501900517376382E+000  0.742905708772155E+000  0.495071476291782E+000 -0.131028262406404E+000 -0.134566269349544E+003 -0.134566269349544E+003
  0.653838751758680E+000  0.508523934928095E+000  0.694898544441527E+000  0.492277081009540E+000 -0.131028262406404E+000 -0.134567383632543E+003 -0.134567383632543E+003
  0.633350490096274E+000  0.508775778027344E+000  0.760552662691205E+000  0.498326835125180E+000 -0.131028262406404E+000 -0.134567143994321E+003 -0.134567143994321E+003
  0.683057396380867E+000  0.500781634456277E+000  0.578293118851755E+000  0.494831963631080E+000 -0.131028262406404E+000 -0.134567472339799E+003 -0.134567472339799E+003
  0.663480554889042E+000  0.504390524756484E+000  0.359169790160161E+000  0.496385247040254E+000 -0.131028262406404E+000 -0.134566869372054E+003 -0.134566869372054E+003
  0.639640714045219E+000  0.502549139919405E+000  0.673428234279602E+000  0.497075355186735E+000 -0.131028262406404E+000 -0.134566101211488E+003 -0.134566101211488E+003
  0.655839234212014E+000  0.501084170809717E+000  0.898893840782969E-001  0.497387394593324E+000 -0.131028262406404E+000 -0.134565947229241E+003 -0.134565947229241E+003
  0.640509697756351E+000  0.506760039308470E+000  0.607176484263492E+000  0.491865742521173E+000 -0.131028262406404E+000 -0.134567047022845E+003 -0.134567047022845E+003
  0.647480091166110E+000  0.504430112067035E+000  0.424422271608012E+000  0.488736773142030E+000 -0.131028262406404E+000 -0.134566784692483E+003 -0.134566784692483E+003
  0.660401751703304E+000  0.500218900225627E+000  0.822416847831447E+000  0.471793429842888E+000 -0.131028262406404E+000 -0.134567265399937E+003 -0.134567265399937E+003
  0.665247098102222E+000  0.503798630165836E+000  0.957040935293956E-001  0.482819996033338E+000 -0.131028262406404E+000 -0.134567190881500E+003 -0.134567190881500E+003
  0.663513831382800E+000  0.503594697796848E+000  0.308081042115882E+000  0.485105774787896E+000 -0.131028262406404E+000 -0.134567009165659E+003 -0.134567009165659E+003
  0.653816002671246E+000  0.508018748896688E+000  0.140286250259331E+000  0.483491683118643E+000 -0.131028262406404E+000 -0.134567677517771E+003 -0.134567677517771E+003
  0.640160626463336E+000  0.500480064148087E+000  0.810118472978271E+000  0.481357805838276E+000 -0.131028262406404E+000 -0.134566881320337E+003 -0.134566881320337E+003
  0.651454041706390E+000  0.502160802594158E+000  0.808264947933369E+000  0.484176226629229E+000 -0.131028262406404E+000 -0.134566675093934E+003 -0.134566675093934E+003
  0.658242621569525E+000  0.505992270663188E+000  0.449792257072987E+000  0.484062244394628E+000 -0.131028262406404E+000 -0.134567357299126E+003 -0.134567357299126E+003
  0.651088511881989E+000  0.500763175339597E+000  0.989473593258096E+000  0.474466831676311E+000 -0.131028262406404E+000 -0.134567232274322E+003 -0.134567232274322E+003
  0.631030881013750E+000  0.500565181830316E+000  0.570037905339296E+000  0.488498471890928E+000 -0.131028262406404E+000 -0.134566656036286E+003 -0.134566656036286E+003
  0.629292548575312E+000  0.502578586069224E+000  0.680468430100169E+000  0.496330528012802E+000 -0.131028262406404E+000 -0.134566419952726E+003 -0.134566419952726E+003
  0.669022571620399E+000  0.500283775451469E+000  0.791941652183335E+000  0.469428544971923E+000 -0.131028262406404E+000 -0.134567503095964E+003 -0.134567503095964E+003
  0.637715834147251E+000  0.511775697129406E+000  0.762686242198660E+000  0.496551693059806E+000 -0.131028262406404E+000 -0.134567658905674E+003 -0.134567658905674E+003
  0.661393236829556E+000  0.503013139381335E+000  0.166060079271315E+000  0.484333878950109E+000 -0.131028262406404E+000 -0.134566889378962E+003 -0.134566889378962E+003
  0.673540347287733E+000  0.503268807707928E+000  0.728173272094898E+000  0.476521540739465E+000 -0.131028262406404E+000 -0.134567661320476E+003 -0.134567661320476E+003
  0.633419182116285E+000  0.504052427883731E+000  0.705164440235088E+000  0.496708457254572E+000 -0.131028262406404E+000 -0.134566483642317E+003 -0.134566483642317E+003
  0.663397753309558E+000  0.506347607340502E+000  0.525963850742361E+000  0.489715460678018E+000 -0.131028262406404E+000 -0.134567352861583E+003 -0.134567352861583E+003
  0.663779551371509E+000  0.508323015939520E+000  0.648029106222870E+000  0.495027067561930E+000 -0.131028262406404E+000 -0.134567657702107E+003 -0.134567657702107E+003
  0.658727712843904E+000  0.505071319351351E+000  0.725514745147682E+000  0.496334981427254E+000 -0.131028262406404E+000 -0.134566798233429E+003 -0.134566798233429E+003
  0.661469719154330E+000  0.500075224607800E+000  0.530346305483434E+000  0.475395112841160E+000 -0.131028262406404E+000 -0.134566947142174E+003 -0.134566947142174E+003
  0.665264477832255E+000  0.505026255801252E+000  0.456697236671749E+000  0.493073105186500E+000 -0.131028262406404E+000 -0.134567118266942E+003 -0.134567118266942E+003
  0.669116660303366E+000  0.502516015046542E+000  0.736630074208434E+000  0.481329428415541E+000 -0.131028262406404E+000 -0.134567148659642E+003 -0.134567148659642E+003
  0.648750816022432E+000  0.505786229524094E+000  0.881506802925586E+000  0.485166578331105E+000 -0.131028262406404E+000 -0.134567209113417E+003 -0.134567209113417E+003
  0.651941942697967E+000  0.511073462652494E+000  0.489942870568619E-001  0.498240278912069E+000 -0.131028262406404E+000 -0.134567654100623E+003 -0.134567654100623E+003
  0.671562295530754E+000  0.500865173344446E+000  0.742790644852708E+000  0.490693900265443E+000 -0.131028262406404E+000 -0.134566673449084E+003 -0.134566673449084E+003
  0.672620857505696E+000  0.505409132946367E+000  0.924039348989011E+000  0.496149808895975E+000 -0.131028262406404E+000 -0.134567618622944E+003 -0.134567618622944E+003
  0.674156939771754E+000  0.503423079270889E+000  0.856087420682061E+000  0.476867459296913E+000 -0.131028262406404E+000 -0.134567696162153E+003 -0.134567696162153E+003
  0.672862440590265E+000  0.503388830345674E+000  0.823251416658642E+000  0.498370187639512E+000 -0.131028262406404E+000 -0.134567236318588E+003 -0.134567236318588E+003
  0.664819472075954E+000  0.503922510651147E+000  0.929905434796713E+000  0.495148969207586E+000 -0.131028262406404E+000 -0.134566857407937E+003 -0.134566857407937E+003
  0.642565446696920E+000  0.511776686521640E+000  0.563894669406319E+000  0.494112018269273E+000 -0.131028262406404E+000 -0.134567747741708E+003 -0.134567747741708E+003
  0.653314951100771E+000  0.502656644824242E+000  0.958774970558076E-001  0.494919124864188E+000 -0.131028262406404E+000 -0.134566246555910E+003 -0.134566246555910E+003
  0.683917885632274E+000  0.500413802528323E+000  0.310353474241913E+000  0.496708622819345E+000 -0.131028262406404E+000 -0.134567504309164E+003 -0.134567504309164E+003
  0.605305561446443E+000  0.501201668774791E+000  0.257334484810280E+000  0.499855149340727E+000 -0.131028262406404E+000 -0.134567560626694E+003 -0.134567560626694E+003
  0.648711118864101E+000  0.502335569146107E+000  0.159233501719978E+000  0.478774996727420E+000 -0.131028262406404E+000 -0.134567135389413E+003 -0.134567135389413E+003
  0.659421223204698E+000  0.508787907651917E+000  0.354937458468821E-001  0.498967801913294E+000 -0.131028262406404E+000 -0.134567506843451E+003 -0.134567506843451E+003
  0.668756253804599E+000  0.504738625363430E+000  0.648552806715214E+000  0.485281015188216E+000 -0.131028262406404E+000 -0.134567394390594E+003 -0.134567394390594E+003
  0.636505911757520E+000  0.504749441578684E+000  0.690936990856444E+000  0.482929247928458E+000 -0.131028262406404E+000 -0.134567494985444E+003 -0.134567494985444E+003
  0.653248556277256E+000  0.507547793181577E+000  0.116406053292040E+000  0.483105321352944E+000 -0.131028262406404E+000 -0.134567618226441E+003 -0.134567618226441E+003
  0.668021698509260E+000  0.504086465584196E+000  0.585654793673963E+000  0.486141494117300E+000 -0.131028262406404E+000 -0.134567217579053E+003 -0.134567217579053E+003
  0.665932159599982E+000  0.506010560427309E+000  0.409727224124815E+000  0.489332612086013E+000 -0.131028262406404E+000 -0.134567403976239E+003 -0.134567403976239E+003
  0.659583520247909E+000  0.501748671799587E+000  0.816636191316741E+000  0.481691809921548E+000 -0.131028262406404E+000 -0.134566785583652E+003 -0.134566785583652E+003
  0.647439293786998E+000  0.507308087529006E+000  0.468625762019128E+000  0.486064516505516E+000 -0.131028262406404E+000 -0.134567406730090E+003 -0.134567406730090E+003
  0.642461830215397E+000  0.501075032824161E+000  0.527205512541631E+000  0.486640675301029E+000 -0.131028262406404E+000 -0.134566461931309E+003 -0.134566461931309E+003
  0.665998555089904E+000  0.500920881284760E+000  0.619290573087761E+000  0.496612659384963E+000 -0.131028262406404E+000 -0.134566318188459E+003 -0.134566318188459E+003
  0.639861114065935E+000  0.505758771449709E+000  0.682463533109129E+000  0.489205037083570E+000 -0.131028262406404E+000 -0.134567062448231E+003 -0.134567062448231E+003
  0.684749276028570E+000  0.500880492132101E+000  0.266565473276582E+000  0.485280973053520E+000 -0.131028262406404E+000 -0.134567597216401E+003 -0.134567597216401E+003
  0.671594137380482E+000  0.501025762245402E+000  0.680811879635361E+000  0.477193665016908E+000 -0.131028262406404E+000 -0.134567163648703E+003 -0.134567163648703E+003
  0.648756195284000E+000  0.503217393430798E+000  0.422187052529746E+000  0.482560047775120E+000 -0.131028262406404E+000 -0.134566975976392E+003 -0.134566975976392E+003
  0.624018086149680E+000  0.504915831860754E+000  0.428839847575900E+000  0.493496322874658E+000 -0.131028262406404E+000 -0.134567216436126E+003 -0.134567216436126E+003
  0.655919021243766E+000  0.501869079966605E+000  0.771487648943813E+000  0.477860242287432E+000 -0.131028262406404E+000 -0.134567050640017E+003 -0.134567050640017E+003
  0.678507390260299E+000  0.500057485497986E+000  0.342659774817395E+000  0.477915598248038E+000 -0.131028262406404E+000 -0.134567227827710E+003 -0.134567227827710E+003
  0.648930713632088E+000  0.503984063523751E+000  0.399406412073784E-002  0.483096058170498E+000 -0.131028262406404E+000 -0.134567056492024E+003 -0.134567056492024E+003
  0.652370220195138E+000  0.506982129803088E+000  0.445349391511060E+000  0.499646511465766E+000 -0.131028262406404E+000 -0.134566886063453E+003 -0.134566886063453E+003
  0.638358409020687E+000  0.508159633737729E+000  0.190492742193059E+000  0.499588492266850E+000 -0.131028262406404E+000 -0.134566927221233E+003 -0.134566927221233E+003
  0.647987803418439E+000  0.504588559506278E+000  0.776234047031732E+000  0.491299342878795E+000 -0.131028262406404E+000 -0.134566675832780E+003 -0.134566675832780E+003
  0.658267767953266E+000  0.500787974745479E+000  0.625143709613934E+000  0.471143941258330E+000 -0.131028262406404E+000 -0.134567428294836E+003 -0.134567428294836E+003
  0.665055676136368E+000  0.506772288268608E+000  0.294286161269080E+000  0.487473754022103E+000 -0.131028262406404E+000 -0.134567555069926E+003 -0.134567555069926E+003
  0.641012098240179E+000  0.502261470176416E+000  0.882193386371749E+000  0.482474798649018E+000 -0.131028262406404E+000 -0.134567010986250E+003 -0.134567010986250E+003
  0.661010290035939E+000  0.501581426641075E+000  0.672916042127803E+000  0.468986724162253E+000 -0.131028262406404E+000 -0.134567727586229E+003 -0.134567727586229E+003
  0.622837786643926E+000  0.507632626689515E+000  0.677672021807910E+000  0.499036739610547E+000 -0.131028262406404E+000 -0.134567264736332E+003 -0.134567264736332E+003
  0.669868422564844E+000  0.500238797556700E+000  0.975721390704572E-001  0.484718206058052E+000 -0.131028262406404E+000 -0.134566631187607E+003 -0.134566631187607E+003
  0.624399361101773E+000  0.501049596874268E+000  0.225705686759627E+000  0.482414844818786E+000 -0.131028262406404E+000 -0.134567732551810E+003 -0.134567732551810E+003
  0.637619482298195E+000  0.501728997786007E+000  0.333234872147431E+000  0.475965409107237E+000 -0.131028262406404E+000 -0.134567709359188E+003 -0.134567709359188E+003
  0.646351842292455E+000  0.504236673595502E+000  0.416245520737430E+000  0.499995478961930E+000 -0.131028262406404E+000 -0.134566262400871E+003 -0.134566262400871E+003
  0.644317311700724E+000  0.500117642570427E+000  0.550779108598886E+000  0.487341664076995E+000 -0.131028262406404E+000 -0.134566224487031E+003 -0.134566224487031E+003
  0.648808483072390E+000  0.508899972035629E+000  0.556908386546936E+000  0.499712689372555E+000 -0.131028262406404E+000 -0.134567144688623E+003 -0.134567144688623E+003
  0.632242505334757E+000  0.503132595231021E+000  0.100800622334220E+000  0.482277487506240E+000 -0.131028262406404E+000 -0.134567525952127E+003 -0.134567525952127E+003
  0.676383061883004E+000  0.503550940574833E+000  0.724537849426359E+000  0.490435756212945E+000 -0.131028262406404E+000 -0.134567499194585E+003 -0.134567499194585E+003
  0.669094204067892E+000  0.504972450297196E+000  0.381202116462512E+000  0.493819688133003E+000 -0.131028262406404E+000 -0.134567302153840E+003 -0.134567302153840E+003
  0.665948069657157E+000  0.505358941398981E+000  0.333997486300780E+000  0.496828248339074E+000 -0.131028262406404E+000 -0.134567183542428E+003 -0.134567183542428E+003
  0.651021076099904E+000  0.501958582221024E+000  0.746493758307346E+000  0.492523959829190E+000 -0.131028262406404E+000 -0.134566188758204E+003 -0.134566188758204E+003
  0.634660698415156E+000  0.508836243434918E+000  0.748544123949113E+000  0.497459269500799E+000 -0.131028262406404E+000 -0.134567173341262E+003 -0.134567173341262E+003
  0.666163306103016E+000  0.503994814235008E+000  0.366180496036095E-001  0.496172883314543E+000 -0.131028262406404E+000 -0.134566930479891E+003 -0.134566930479891E+003
  0.648258982876263E+000  0.505847781145717E+000  0.993471354139632E+000  0.487501720151948E+000 -0.131028262406404E+000 -0.134567082873992E+003 -0.134567082873992E+003
  0.641731215065229E+000  0.505953551322687E+000  0.352715171895647E+000  0.493672854610984E+000 -0.131028262406404E+000 -0.134566806022767E+003 -0.134566806022767E+003
  0.623193525711804E+000  0.503544165483632E+000  0.186222710759512E+000  0.497465927758747E+000 -0.131028262406404E+000 -0.134566759664248E+003 -0.134566759664248E+003
  0.646084116165985E+000  0.506373070485549E+000  0.233926392606009E+000  0.480208659250119E+000 -0.131028262406404E+000 -0.134567682645062E+003 -0.134567682645062E+003
  0.651246591213078E+000  0.502225258572044E+000  0.728056774863229E+000  0.473550992159962E+000 -0.131028262406404E+000 -0.134567532154704E+003 -0.134567532154704E+003
  0.636380482194375E+000  0.511932375388095E+000  0.983565875030880E+000  0.498232477391905E+000 -0.131028262406404E+000 -0.134567623964417E+003 -0.134567623964417E+003
  0.625627376941618E+000  0.502673048674327E+000  0.424362755627077E+000  0.493931067132834E+000 -0.131028262406404E+000 -0.134566778353343E+003 -0.134566778353343E+003
  0.647884077195558E+000  0.505543702082843E+000  0.473686190216050E-001  0.493561257892046E+000 -0.131028262406404E+000 -0.134566734165925E+003 -0.134566734165925E+003
  0.655627785251584E+000  0.509410460373868E+000  0.501098349541120E+000  0.497537070969381E+000 -0.131028262406404E+000 -0.134567478945595E+003 -0.134567478945595E+003
  0.667798009321517E+000  0.506832833213152E+000  0.333773589004295E+000  0.496569968416694E+000 -0.131028262406404E+000 -0.134567586546598E+003 -0.134567586546598E+003
  0.628951004023926E+000  0.511300611466338E+000  0.861859345428486E+000  0.498141095587961E+000 -0.131028262406404E+000 -0.134567654824425E+003 -0.134567654824425E+003
  0.674614285628720E+000  0.504297093789296E+000  0.914424501364848E+000  0.489195041203407E+000 -0.131028262406404E+000 -0.134567540457200E+003 -0.134567540457200E+003
  0.644319524922326E+000  0.510278978068372E+000  0.671075493817049E+000  0.495039274382064E+000 -0.131028262406404E+000 -0.134567462775270E+003 -0.134567462775270E+003
  0.662813265427976E+000  0.504608277663339E+000  0.881547530645302E+000  0.498794452363614E+000 -0.131028262406404E+000 -0.134566859756151E+003 -0.134566859756151E+003
  0.659792285207429E+000  0.506046054488329E+000  0.846025146627408E+000  0.492817883106742E+000 -0.131028262406404E+000 -0.134567089626046E+003 -0.134567089626046E+003
  0.655353948810935E+000  0.500735348879859E+000  0.729407885546989E+000  0.490424366553801E+000 -0.131028262406404E+000 -0.134566116204617E+003 -0.134566116204617E+003
  0.669003562891062E+000  0.505882150644550E+000  0.585043919788506E+000  0.486102616545469E+000 -0.131028262406404E+000 -0.134567594952286E+003 -0.134567594952286E+003
  0.644590233330208E+000  0.501915133780396E+000  0.545907604386820E+000  0.483599546261848E+000 -0.131028262406404E+000 -0.134566769964833E+003 -0.134566769964833E+003
  0.621933718954270E+000  0.506275481693247E+000  0.183624012531229E-001  0.495728960656482E+000 -0.131028262406404E+000 -0.134567347718500E+003 -0.134567347718500E+003
  0.657774579899340E+000  0.503505399014256E+000  0.920974079977698E+000  0.498262461796482E+000 -0.131028262406404E+000 -0.134566436843730E+003 -0.134566436843730E+003
  0.635319492457979E+000  0.501187420058946E+000  0.185623420904031E+000  0.498800975958986E+000 -0.131028262406404E+000 -0.134565867173622E+003 -0.134565867173622E+003
  0.658174708279349E+000  0.505006726051275E+000  0.491215965749562E+000  0.499592682597262E+000 -0.131028262406404E+000 -0.134566718100212E+003 -0.134566718100212E+003
  0.653717367343931E+000  0.505970469951367E+000  0.789748228705860E+000  0.487257215253048E+000 -0.131028262406404E+000 -0.134567137513016E+003 -0.134567137513016E+003
  0.666307872959810E+000  0.503681206789693E+000  0.955184101390222E+000  0.475153948307736E+000 -0.131028262406404E+000 -0.134567609168179E+003 -0.134567609168179E+003
  0.643727984293407E+000  0.502182824789200E+000  0.410441899608898E+000  0.491840821196703E+000 -0.131028262406404E+000 -0.134566274020873E+003 -0.134566274020873E+003
  0.669155368305563E+000  0.501862758729607E+000  0.287345800785266E-001  0.471155704108905E+000 -0.131028262406404E+000 -0.134567630580197E+003 -0.134567630580197E+003
  0.665788634999259E+000  0.500492741351498E+000  0.713069745659893E+000  0.482648298833908E+000 -0.131028262406404E+000 -0.134566631893745E+003 -0.134566631893745E+003
  0.648176791480638E+000  0.502927447826429E+000  0.255669996875890E+000  0.494563104574808E+000 -0.131028262406404E+000 -0.134566248093257E+003 -0.134566248093257E+003
  0.667162186494150E+000  0.500415711156114E+000  0.728488693889034E+000  0.490859328063371E+000 -0.131028262406404E+000 -0.134566373227844E+003 -0.134566373227844E+003
  0.638275605467965E+000  0.506333515730271E+000  0.476998138669603E+000  0.495767608171501E+000 -0.131028262406404E+000 -0.134566799400874E+003 -0.134566799400874E+003
  0.676509399851510E+000  0.500072097721276E+000  0.846431276772509E+000  0.497854905666237E+000 -0.131028262406404E+000 -0.134566814392876E+003 -0.134566814392876E+003
  0.677750307727304E+000  0.503387000521166E+000  0.166852308504589E+000  0.499021009488801E+000 -0.131028262406404E+000 -0.134567636690251E+003 -0.134567636690251E+003
  0.624130879801331E+000  0.505836142735796E+000  0.502159391375340E+000  0.496312908712361E+000 -0.131028262406404E+000 -0.134567128171254E+003 -0.134567128171254E+003
  0.647169022894289E+000  0.508063897181334E+000  0.503891201667169E-001  0.491145760762034E+000 -0.131028262406404E+000 -0.134567263051252E+003 -0.134567263051252E+003
  0.670476933263362E+000  0.506257520633184E+000  0.462495214236465E+000  0.494267744734321E+000 -0.131028262406404E+000 -0.134567640321298E+003 -0.134567640321298E+003
  0.669051382791093E+000  0.500295913810062E+000  0.888241142278671E+000  0.483585147425617E+000 -0.131028262406404E+000 -0.134566654333606E+003 -0.134566654333606E+003
  0.675107245168520E+000  0.502961710796599E+000  0.315335543819232E+000  0.488096009957324E+000 -0.131028262406404E+000 -0.134567321622226E+003 -0.134567321622226E+003
  0.642842320689752E+000  0.500948164084825E+000  0.982258624952589E+000  0.496020573866227E+000 -0.131028262406404E+000 -0.134565858674761E+003 -0.134565858674761E+003
  0.657330706794437E+000  0.504102149357715E+000  0.146369894965726E+000  0.483945964534428E+000 -0.131028262406404E+000 -0.134567029336925E+003 -0.134567029336925E+003
  0.617067655015746E+000  0.503449167203029E+000  0.104005752641896E-002  0.490687028446002E+000 -0.131028262406404E+000 -0.134567725301689E+003 -0.134567725301689E+003
  0.659809284629665E+000  0.503848465305354E+000  0.951821433871287E+000  0.494747482064351E+000 -0.131028262406404E+000 -0.134566640251649E+003 -0.134566640251649E+003
  0.621724664020483E+000  0.502447434808743E+000  0.219600414079923E+000  0.491444882651005E+000 -0.131028262406404E+000 -0.134567188669435E+003 -0.134567188669435E+003
  0.663163953440642E+000  0.504529173812449E+000  0.649294051417570E+000  0.478256913099119E+000 -0.131028262406404E+000 -0.134567505116942E+003 -0.134567505116942E+003
  0.646984424534897E+000  0.501200799088881E+000  0.638816552151334E+000  0.492965419629980E+000 -0.131028262406404E+000 -0.134566030662589E+003 -0.134566030662589E+003
  0.669350054454062E+000  0.503971686736831E+000  0.421144612975338E+000  0.482267778048266E+000 -0.131028262406404E+000 -0.134567380646164E+003 -0.134567380646164E+003
  0.665664020511950E+000  0.505077738682423E+000  0.418928744227020E+000  0.489203068387055E+000 -0.131028262406404E+000 -0.134567221087832E+003 -0.134567221087832E+003
  0.681084017922706E+000  0.501973693474334E+000  0.218263711583965E+000  0.499482856191445E+000 -0.131028262406404E+000 -0.134567641067616E+003 -0.134567641067616E+003
  0.657000125992556E+000  0.501478751751805E+000  0.662452396187202E+000  0.476661519532333E+000 -0.131028262406404E+000 -0.134567076093136E+003 -0.134567076093136E+003
  0.625044849261756E+000  0.502213209235865E+000  0.428361235760926E+000  0.485495788056897E+000 -0.131028262406404E+000 -0.134567510307415E+003 -0.134567510307415E+003
  0.643452906050442E+000  0.509918704518303E+000  0.429766690835886E+000  0.494444614202054E+000 -0.131028262406404E+000 -0.134567422197115E+003 -0.134567422197115E+003
  0.668645799378336E+000  0.503086466294049E+000  0.825282612947239E+000  0.496716793799421E+000 -0.131028262406404E+000 -0.134566888947896E+003 -0.134566888947896E+003
  0.657987359087328E+000  0.501953006679298E+000  0.295948495605205E+000  0.473008043473565E+000 -0.131028262406404E+000 -0.134567443761314E+003 -0.134567443761314E+003
  0.641042467268452E+000  0.504925962936413E+000  0.800598649628955E+000  0.488325260905764E+000 -0.131028262406404E+000 -0.134566967284097E+003 -0.134566967284097E+003
  0.661021071773956E+000  0.501717874965036E+000  0.938158404646466E+000  0.477505173717267E+000 -0.131028262406404E+000 -0.134567059538099E+003 -0.134567059538099E+003
  0.629086818463027E+000  0.502704273030674E+000  0.567481032800321E+000  0.483108142619947E+000 -0.131028262406404E+000 -0.134567562469981E+003 -0.134567562469981E+003
  0.624993190855391E+000  0.507682338336033E+000  0.382565584101970E+000  0.492750145345014E+000 -0.131028262406404E+000 -0.134567618108208E+003 -0.134567618108208E+003
  0.640322099806981E+000  0.500973307076972E+000  0.416320046011718E+000  0.496192174573889E+000 -0.131028262406404E+000 -0.134565882407187E+003 -0.134565882407187E+003
  0.638411275220502E+000  0.503014075465459E+000  0.693806878193189E+000  0.483008983863504E+000 -0.131028262406404E+000 -0.134567164707848E+003 -0.134567164707848E+003
  0.660764709946079E+000  0.505863315156760E+000  0.895911479842927E+000  0.491406964827589E+000 -0.131028262406404E+000 -0.134567124250284E+003 -0.134567124250284E+003
  0.658575370450497E+000  0.505593781832526E+000  0.547338095527672E+000  0.490638346951786E+000 -0.131028262406404E+000 -0.134567029286647E+003 -0.134567029286647E+003
  0.622705568963926E+000  0.504582536607447E+000  0.940115023722959E+000  0.495429957017543E+000 -0.131028262406404E+000 -0.134567088179642E+003 -0.134567088179642E+003
  0.658526860760620E+000  0.500196859132682E+000  0.275997685483244E+000  0.498061798904648E+000 -0.131028262406404E+000 -0.134565847768943E+003 -0.134565847768943E+003
  0.635227304872180E+000  0.501087190842181E+000  0.791742463793316E+000  0.478072706797085E+000 -0.131028262406404E+000 -0.134567520236658E+003 -0.134567520236658E+003
  0.650164202550308E+000  0.507084627776880E+000  0.321591495272713E+000  0.492719909691386E+000 -0.131028262406404E+000 -0.134567052781889E+003 -0.134567052781889E+003
  0.663807137657901E+000  0.507019280765217E+000  0.246709590696524E+000  0.488420757427736E+000 -0.131028262406404E+000 -0.134567526144269E+003 -0.134567526144269E+003
  0.658480049545342E+000  0.505625303885190E+000  0.915272223118507E+000  0.487990754569874E+000 -0.131028262406404E+000 -0.134567125565024E+003 -0.134567125565024E+003
  0.639229161052567E+000  0.500561342727861E+000  0.158332396862823E+000  0.493417552459147E+000 -0.131028262406404E+000 -0.134565996978626E+003 -0.134565996978626E+003
  0.647054601247148E+000  0.510848159254079E+000  0.312051817484271E+000  0.492827348472580E+000 -0.131028262406404E+000 -0.134567664150282E+003 -0.134567664150282E+003
  0.664524534668995E+000  0.503922244850591E+000  0.913627989544084E+000  0.486427194433894E+000 -0.131028262406404E+000 -0.134567048533286E+003 -0.134567048533286E+003
  0.661574628455083E+000  0.502994119948229E+000  0.189966604851035E+000  0.485539279628676E+000 -0.131028262406404E+000 -0.134566835450515E+003 -0.134566835450515E+003
  0.674264045222101E+000  0.502325621770713E+000  0.302821464592352E+000  0.473137079581620E+000 -0.131028262406404E+000 -0.134567701978879E+003 -0.134567701978879E+003
  0.644590933884592E+000  0.503035620123907E+000  0.225649516254919E-001  0.484965505833865E+000 -0.131028262406404E+000 -0.134566839343923E+003 -0.134566839343923E+003
  0.637143386267328E+000  0.508869659290817E+000  0.871554486624046E+000  0.497112978996127E+000 -0.131028262406404E+000 -0.134567160698790E+003 -0.134567160698790E+003
  0.649660652129917E+000  0.510581869312110E+000  0.140318799117388E+000  0.498143046741507E+000 -0.131028262406404E+000 -0.134567503131775E+003 -0.134567503131775E+003
  0.644647978978199E+000  0.500636292674720E+000  0.863318680916114E+000  0.497990107202834E+000 -0.131028262406404E+000 -0.134565706978552E+003 -0.134565706978552E+003
  0.646748598402958E+000  0.509513138568461E+000  0.488163474457128E+000  0.497999358364379E+000 -0.131028262406404E+000 -0.134567257422678E+003 -0.134567257422678E+003
  0.623819661383836E+000  0.500293862221062E+000  0.216672064674407E+000  0.498177273912080E+000 -0.131028262406404E+000 -0.134566206473317E+003 -0.134566206473317E+003
  0.658064061010285E+000  0.502361070867107E+000  0.588021342388967E+000  0.490466593081858E+000 -0.131028262406404E+000 -0.134566446153081E+003 -0.134566446153081E+003
  0.644710606290753E+000  0.501514232491021E+000  0.822952774623508E+000  0.494446350982397E+000 -0.131028262406404E+000 -0.134566017495768E+003 -0.134566017495768E+003
  0.634850787723337E+000  0.510595683014555E+000  0.156511500942293E+000  0.495966151590948E+000 -0.131028262406404E+000 -0.134567527769562E+003 -0.134567527769562E+003
  0.651621318164993E+000  0.502736982373076E+000  0.769399125634212E+000  0.491683821926016E+000 -0.131028262406404E+000 -0.134566363425943E+003 -0.134566363425943E+003
  0.646006975799933E+000  0.501522718634724E+000  0.644295697073219E+000  0.485345252136463E+000 -0.131028262406404E+000 -0.134566552730233E+003 -0.134566552730233E+003
  0.631040232023047E+000  0.500248570464332E+000  0.526778087500549E+000  0.491038902821689E+000 -0.131028262406404E+000 -0.134566397677561E+003 -0.134566397677561E+003
  0.670096421052113E+000  0.500706830733217E+000  0.428036618549716E+000  0.476934067276795E+000 -0.131028262406404E+000 -0.134567078919597E+003 -0.134567078919597E+003
  0.656884567155381E+000  0.500846478614932E+000  0.924074265829191E-002  0.478852787324177E+000 -0.131028262406404E+000 -0.134566811807458E+003 -0.134566811807458E+003
  0.646823632924132E+000  0.509822045692493E+000  0.724782167619580E-001  0.499844614323147E+000 -0.131028262406404E+000 -0.134567267408249E+003 -0.134567267408249E+003
  0.651279365292301E+000  0.505383350632326E+000  0.365130777847602E+000  0.481605202427317E+000 -0.131028262406404E+000 -0.134567362684310E+003 -0.134567362684310E+003
  0.614393695616145E+000  0.502199474458223E+000  0.786337081104552E+000  0.493088324795760E+000 -0.131028262406404E+000 -0.134567540247748E+003 -0.134567540247748E+003
  0.631622533202457E+000  0.506784471337115E+000  0.148442281326545E+000  0.493016936025477E+000 -0.131028262406404E+000 -0.134567190255987E+003 -0.134567190255987E+003
  0.666937919695142E+000  0.503471358190087E+000  0.161191620573883E+000  0.482482981287040E+000 -0.131028262406404E+000 -0.134567198309487E+003 -0.134567198309487E+003
  0.640934621726050E+000  0.506165246966809E+000  0.251329620611123E+000  0.495715932684265E+000 -0.131028262406404E+000 -0.134566746962217E+003 -0.134566746962217E+003
  0.672233767981425E+000  0.503543589138350E+000  0.449379169094768E+000  0.490331942837958E+000 -0.131028262406404E+000 -0.134567236255072E+003 -0.134567236255072E+003
  0.627199475792424E+000  0.507418552164341E+000  0.219930568520976E+000  0.492397410332509E+000 -0.131028262406404E+000 -0.134567502548227E+003 -0.134567502548227E+003
  0.661874428698425E+000  0.503157631040862E+000  0.187075133090583E+000  0.494066007736321E+000 -0.131028262406404E+000 -0.134566601927009E+003 -0.134566601927009E+003
  0.623243764933386E+000  0.501237189236022E+000  0.699179717303543E+000  0.490122513066030E+000 -0.131028262406404E+000 -0.134567048383547E+003 -0.134567048383547E+003
  0.648341532062966E+000  0.500652090624856E+000  0.420488090598447E+000  0.489461547941329E+000 -0.131028262406404E+000 -0.134566124063200E+003 -0.134566124063200E+003
  0.640516439685469E+000  0.503336721512558E+000  0.678522627531397E+000  0.493786065037613E+000 -0.131028262406404E+000 -0.134566391127897E+003 -0.134566391127897E+003
  0.678958983791509E+000  0.501353605122171E+000  0.522829638017434E+000  0.473298810591360E+000 -0.131028262406404E+000 -0.134567696161554E+003 -0.134567696161554E+003
  0.680252097514164E+000  0.500844785525331E+000  0.900353805413051E+000  0.472430048996036E+000 -0.131028262406404E+000 -0.134567705545970E+003 -0.134567705545970E+003
  0.618910053459682E+000  0.500914871308340E+000  0.294293868732643E+000  0.492763917187318E+000 -0.131028262406404E+000 -0.134567056338535E+003 -0.134567056338535E+003
  0.650480589719686E+000  0.505814083514559E+000  0.630795715787587E+000  0.481640193577080E+000 -0.131028262406404E+000 -0.134567433627278E+003 -0.134567433627278E+003
  0.627861459916438E+000  0.506649986323102E+000  0.769210138791782E+000  0.499628696122793E+000 -0.131028262406404E+000 -0.134566882180020E+003 -0.134566882180020E+003
  0.652096019497307E+000  0.501944477930522E+000  0.945150045534973E+000  0.480691111644471E+000 -0.131028262406404E+000 -0.134566876837245E+003 -0.134566876837245E+003
  0.632477081797057E+000  0.507183270961174E+000  0.666821850635597E+000  0.498224783311911E+000 -0.131028262406404E+000 -0.134566913624171E+003 -0.134566913624171E+003
  0.626775979973419E+000  0.503547302694147E+000  0.924350925257050E+000  0.493126934897125E+000 -0.131028262406404E+000 -0.134566908200141E+003 -0.134566908200141E+003
  0.658096058160618E+000  0.501316102590376E+000  0.196552250318576E+000  0.494970209602073E+000 -0.131028262406404E+000 -0.134566114620404E+003 -0.134566114620404E+003
  0.663419645917384E+000  0.501046066965099E+000  0.630306846586378E-001  0.476587035398849E+000 -0.131028262406404E+000 -0.134567033096264E+003 -0.134567033096264E+003
  0.634441616131714E+000  0.508724334533549E+000  0.392810840298690E+000  0.488735423390008E+000 -0.131028262406404E+000 -0.134567688131297E+003 -0.134567688131297E+003
  0.656337644931679E+000  0.500639826967045E+000  0.346549090384433E+000  0.480467301163459E+000 -0.131028262406404E+000 -0.134566665310107E+003 -0.134566665310107E+003
  0.664847189956863E+000  0.503190802016648E+000  0.931505969313172E-001  0.479931807962070E+000 -0.131028262406404E+000 -0.134567215184175E+003 -0.134567215184175E+003
  0.656270769152878E+000  0.500269720603083E+000  0.879251398627377E+000  0.491813746964456E+000 -0.131028262406404E+000 -0.134565991455380E+003 -0.134565991455380E+003
  0.661566338141627E+000  0.502821355469480E+000  0.721731454030086E+000  0.473764962447734E+000 -0.131028262406404E+000 -0.134567513624914E+003 -0.134567513624914E+003
  0.639035596217890E+000  0.511000784109028E+000  0.702265472131285E+000  0.494785272711537E+000 -0.131028262406404E+000 -0.134567600376636E+003 -0.134567600376636E+003
  0.669988435500353E+000  0.502118643815351E+000  0.104120223541526E+000  0.495264623504096E+000 -0.131028262406404E+000 -0.134566781889090E+003 -0.134566781889090E+003
  0.682036928551160E+000  0.501641633679562E+000  0.668451345160504E+000  0.492027068100106E+000 -0.131028262406404E+000 -0.134567536679434E+003 -0.134567536679434E+003
  0.680603072987400E+000  0.501784619665215E+000  0.735994074320288E+000  0.479289335421081E+000 -0.131028262406404E+000 -0.134567611692697E+003 -0.134567611692697E+003
