  0.996137801633666E+000  0.508743736407028E+000  0.881540549721014E+000  0.499200011850808E+000 -0.131028262406404E+000 -0.139968601512015E+003 -0.139968601512015E+003
  0.102371202136762E+001  0.515825243638470E+000  0.754157746125975E+000  0.497551165118428E+000 -0.131028262406404E+000 -0.139970263443539E+003 -0.139970263443539E+003
  0.101091075390190E+001  0.509320158094638E+000  0.764551353501136E+000  0.494527335228619E+000 -0.131028262406404E+000 -0.139969315872149E+003 -0.139969315872149E+003
  0.101190270106978E+001  0.509282719993785E+000  0.537215096668999E+000  0.494303769770166E+000 -0.131028262406404E+000 -0.139969344983952E+003 -0.139969344983952E+003
  0.973119053917830E+000  0.507690109658788E+000  0.654627179755418E+000  0.498179923027297E+000 -0.131028262406404E+000 -0.139970227861843E+003 -0.139970227861843E+003
  0.994787845692549E+000  0.511027391606172E+000  0.309536899031006E+000  0.494776020498693E+000 -0.131028262406404E+000 -0.139969966051531E+003 -0.139969966051531E+003
  0.104605281751664E+001  0.509400186979034E+000  0.388394676023605E+000  0.496002567616255E+000 -0.131028262406404E+000 -0.139970435112051E+003 -0.139970435112051E+003
  0.106224497930642E+001  0.501056287886586E+000  0.804866386486491E+000  0.493724322563505E+000 -0.131028262406404E+000 -0.139970133849665E+003 -0.139970133849665E+003
  0.102785638995780E+001  0.507167225782949E+000  0.972251976281485E+000  0.487704348082408E+000 -0.131028262406404E+000 -0.139970252181262E+003 -0.139970252181262E+003
  0.100492924627388E+001  0.500997311584232E+000  0.342725190145666E+000  0.497636264968292E+000 -0.131028262406404E+000 -0.139967469591163E+003 -0.139967469591163E+003
  0.103014523431672E+001  0.501621555376059E+000  0.886917942446613E+000  0.499152023780392E+000 -0.131028262406404E+000 -0.139967421058382E+003 -0.139967421058382E+003
  0.102316220850605E+001  0.501713507320129E+000  0.434613173115714E+000  0.492919018162186E+000 -0.131028262406404E+000 -0.139968273936478E+003 -0.139968273936478E+003
  0.102290460342680E+001  0.506134948754496E+000  0.895900188717528E+000  0.493095638023909E+000 -0.131028262406404E+000 -0.139969038373979E+003 -0.139969038373979E+003
  0.102106593691773E+001  0.505860210098380E+000  0.612580580252358E+000  0.498430205535001E+000 -0.131028262406404E+000 -0.139968078351124E+003 -0.139968078351124E+003
  0.103962249767537E+001  0.501278125386267E+000  0.120076500141842E+000  0.494183358874988E+000 -0.131028262406404E+000 -0.139968431142461E+003 -0.139968431142461E+003
  0.100628290208951E+001  0.510570467364650E+000  0.597546244823758E+000  0.499396300208933E+000 -0.131028262406404E+000 -0.139968650731726E+003 -0.139968650731726E+003
  0.101396668395768E+001  0.505581560670988E+000  0.320982181343482E-001  0.486932954435586E+000 -0.131028262406404E+000 -0.139970223216183E+003 -0.139970223216183E+003
  0.101180246794932E+001  0.509871178161977E+000  0.345325752337671E+000  0.496829581944561E+000 -0.131028262406404E+000 -0.139968979062760E+003 -0.139968979062760E+003
  0.104600281474292E+001  0.507094951455389E+000  0.186230936960119E+000  0.494590010364093E+000 -0.131028262406404E+000 -0.139970040864375E+003 -0.139970040864375E+003
  0.101677866760923E+001  0.501299281805215E+000  0.422495316294377E+000  0.491016900183795E+000 -0.131028262406404E+000 -0.139968603030717E+003 -0.139968603030717E+003
  0.101575497125859E+001  0.512993203818181E+000  0.848385690195570E+000  0.493186078959427E+000 -0.131028262406404E+000 -0.139970211350906E+003 -0.139970211350906E+003
  0.100708598224862E+001  0.502114599940992E+000  0.825936021409017E+000  0.497986810800578E+000 -0.131028262406404E+000 -0.139967516154521E+003 -0.139967516154521E+003
  0.993481277251513E+000  0.508201170802605E+000  0.732795916891261E+000  0.494103558897314E+000 -0.131028262406404E+000 -0.139969783552845E+003 -0.139969783552845E+003
  0.102390735023228E+001  0.509051977864720E+000  0.928793789975372E+000  0.495100734351585E+000 -0.131028262406404E+000 -0.139969274973505E+003 -0.139969274973505E+003
  0.102782035180931E+001  0.507466415122754E+000  0.292374754774148E+000  0.494855536149445E+000 -0.131028262406404E+000 -0.139969114022310E+003 -0.139969114022310E+003
  0.105805324819841E+001  0.502860716917035E+000  0.111844836102878E+000  0.493860276501145E+000 -0.131028262406404E+000 -0.139970147409370E+003 -0.139970147409370E+003
  0.100621375501348E+001  0.511655650754634E+000  0.915163771146010E+000  0.496838357752249E+000 -0.131028262406404E+000 -0.139969313964411E+003 -0.139969313964411E+003
  0.104707060432616E+001  0.502834586608414E+000  0.655661633687864E+000  0.494709565530743E+000 -0.131028262406404E+000 -0.139969144443755E+003 -0.139969144443755E+003
  0.104667976594709E+001  0.506650176172488E+000  0.855112829119636E+000  0.493862613949689E+000 -0.131028262406404E+000 -0.139970068222686E+003 -0.139970068222686E+003
  0.987279241805727E+000  0.506299833327979E+000  0.899780926810483E+000  0.495285401547365E+000 -0.131028262406404E+000 -0.139969628973377E+003 -0.139969628973377E+003
  0.103319008810379E+001  0.506337300871781E+000  0.683326780196832E+000  0.492786805951778E+000 -0.131028262406404E+000 -0.139969384564836E+003 -0.139969384564836E+003
  0.105644115996407E+001  0.500475874123457E+000  0.604940041599932E+000  0.498157244036853E+000 -0.131028262406404E+000 -0.139969072401248E+003 -0.139969072401248E+003
  0.104560614853876E+001  0.503251073150725E+000  0.805844798069572E+000  0.484956912399613E+000 -0.131028262406404E+000 -0.139970444364400E+003 -0.139970444364400E+003
  0.101399438499412E+001  0.507223228579547E+000  0.419805107275684E+000  0.488015044212923E+000 -0.131028262406404E+000 -0.139970250520731E+003 -0.139970250520731E+003
  0.100689342899310E+001  0.513685319530653E+000  0.931501060918614E+000  0.499327660832239E+000 -0.131028262406404E+000 -0.139969205432132E+003 -0.139969205432132E+003
  0.100745590134016E+001  0.500770761627527E+000  0.620181968176176E+000  0.497696569183017E+000 -0.131028262406404E+000 -0.139967355151373E+003 -0.139967355151373E+003
  0.100439470378549E+001  0.509622182221502E+000  0.118401105204435E+000  0.491491237164480E+000 -0.131028262406404E+000 -0.139970123124425E+003 -0.139970123124425E+003
  0.100787775397296E+001  0.509373979144586E+000  0.668158610884151E+000  0.490483613422310E+000 -0.131028262406404E+000 -0.139970204908676E+003 -0.139970204908676E+003
  0.998931268677567E+000  0.518481818135215E+000  0.648430942324696E+000  0.499026433017341E+000 -0.131028262406404E+000 -0.139970141170906E+003 -0.139970141170906E+003
  0.102226269185298E+001  0.501760774540249E+000  0.655684762424416E+000  0.489082288115123E+000 -0.131028262406404E+000 -0.139969008316272E+003 -0.139969008316272E+003
  0.103734141342200E+001  0.511807066304506E+000  0.493449754612016E+000  0.493773016571650E+000 -0.131028262406404E+000 -0.139970602304308E+003 -0.139970602304308E+003
  0.106798676466862E+001  0.500016830863840E+000  0.660881738208461E+000  0.494955078248290E+000 -0.131028262406404E+000 -0.139970422141137E+003 -0.139970422141137E+003
  0.104015869332082E+001  0.502266148863143E+000  0.156239758737466E+000  0.499382875407406E+000 -0.131028262406404E+000 -0.139968040084998E+003 -0.139968040084998E+003
  0.968459369645161E+000  0.500239783499045E+000  0.969326161087119E+000  0.499506717912596E+000 -0.131028262406404E+000 -0.139969602568231E+003 -0.139969602568231E+003
  0.101038042432754E+001  0.512133485767175E+000  0.752169619409686E+000  0.493122253129038E+000 -0.131028262406404E+000 -0.139970075717538E+003 -0.139970075717538E+003
  0.100653695649085E+001  0.500686226820327E+000  0.967995839999360E+000  0.490759476681324E+000 -0.131028262406404E+000 -0.139968864203176E+003 -0.139968864203176E+003
  0.105678153046761E+001  0.504298246638288E+000  0.988074537053154E+000  0.498355322194478E+000 -0.131028262406404E+000 -0.139970032974533E+003 -0.139970032974533E+003
  0.985639783258305E+000  0.500970406482257E+000  0.703917269186818E-001  0.494293409261293E+000 -0.131028262406404E+000 -0.139969362457097E+003 -0.139969362457097E+003
  0.103255695939031E+001  0.500438620581836E+000  0.213516105278995E+000  0.480062158106066E+000 -0.131028262406404E+000 -0.139970581211431E+003 -0.139970581211431E+003
  0.103141655281035E+001  0.509848270233919E+000  0.467912779750886E+000  0.498728056634441E+000 -0.131028262406404E+000 -0.139969227321106E+003 -0.139969227321106E+003
  0.973130610215640E+000  0.504342090676670E+000  0.742753994442753E-001  0.496893049401647E+000 -0.131028262406404E+000 -0.139970219469116E+003 -0.139970219469116E+003
  0.102626736295077E+001  0.508429536123534E+000  0.358880050129920E+000  0.495131654606974E+000 -0.131028262406404E+000 -0.139969213819331E+003 -0.139969213819331E+003
  0.100343971027325E+001  0.511653102532614E+000  0.223764497552024E+000  0.499867531377253E+000 -0.131028262406404E+000 -0.139968771062351E+003 -0.139968771062351E+003
  0.104939112818103E+001  0.507319116521893E+000  0.794032446978908E-001  0.497270951493324E+000 -0.131028262406404E+000 -0.139970119141017E+003 -0.139970119141017E+003
  0.101136453323924E+001  0.505243199419793E+000  0.822469780957217E+000  0.494833815671084E+000 -0.131028262406404E+000 -0.139968566338714E+003 -0.139968566338714E+003
  0.102257231231952E+001  0.511674693143858E+000  0.881780321543375E+000  0.492670047191522E+000 -0.131028262406404E+000 -0.139970145545061E+003 -0.139970145545061E+003
  0.103821235691807E+001  0.505474985362163E+000  0.603851267566547E+000  0.495619604807760E+000 -0.131028262406404E+000 -0.139969053349772E+003 -0.139969053349772E+003
  0.998911830860334E+000  0.517465756404056E+000  0.427818383041955E+000  0.499252791035928E+000 -0.131028262406404E+000 -0.139969924809140E+003 -0.139969924809140E+003
  0.105047828575771E+001  0.505471134486383E+000  0.735424324937026E+000  0.494207388838467E+000 -0.131028262406404E+000 -0.139970059345261E+003 -0.139970059345261E+003
  0.977219058771521E+000  0.509268683282469E+000  0.660420432664089E+000  0.496905613431652E+000 -0.131028262406404E+000 -0.139970370600609E+003 -0.139970370600609E+003
  0.103206722552867E+001  0.503729478757486E+000  0.508859376713119E+000  0.483460982267854E+000 -0.131028262406404E+000 -0.139970465416045E+003 -0.139970465416045E+003
  0.102252421732072E+001  0.510598577950620E+000  0.303624691346315E+000  0.499704576120518E+000 -0.131028262406404E+000 -0.139968851462492E+003 -0.139968851462492E+003
  0.990972176808270E+000  0.514313643798769E+000  0.654299434421827E+000  0.497214699615951E+000 -0.131028262406404E+000 -0.139970070308873E+003 -0.139970070308873E+003
  0.101866321299860E+001  0.508043735559338E+000  0.284411170965393E+000  0.488667446697760E+000 -0.131028262406404E+000 -0.139970192306231E+003 -0.139970192306231E+003
  0.103276687016695E+001  0.502462376973541E+000  0.936333893164052E+000  0.482523448456198E+000 -0.131028262406404E+000 -0.139970426342509E+003 -0.139970426342509E+003
  0.101161724761591E+001  0.503432935623422E+000  0.510184852909945E-001  0.493740836112530E+000 -0.131028262406404E+000 -0.139968484090386E+003 -0.139968484090386E+003
  0.993224283989041E+000  0.509544935701764E+000  0.658851827363818E+000  0.494328484558549E+000 -0.131028262406404E+000 -0.139969932769993E+003 -0.139969932769993E+003
  0.101357905990208E+001  0.504942274843300E+000  0.125446372180638E+000  0.495466655981107E+000 -0.131028262406404E+000 -0.139968372110090E+003 -0.139968372110090E+003
  0.103252650825209E+001  0.503694113362372E+000  0.597848079154268E+000  0.491175635346416E+000 -0.131028262406404E+000 -0.139969090239689E+003 -0.139969090239689E+003
  0.105200893439888E+001  0.503486745764203E+000  0.278843958934936E+000  0.486790941274694E+000 -0.131028262406404E+000 -0.139970571287148E+003 -0.139970571287148E+003
  0.968451393428404E+000  0.508140003234552E+000  0.986739108927250E+000  0.499449193375820E+000 -0.131028262406404E+000 -0.139970403050281E+003 -0.139970403050281E+003
  0.100625161850566E+001  0.514640611592541E+000  0.818067748972103E+000  0.496474223537393E+000 -0.131028262406404E+000 -0.139969895754414E+003 -0.139969895754414E+003
  0.100649540135234E+001  0.503987222799172E+000  0.364319268057297E+000  0.491836466337907E+000 -0.131028262406404E+000 -0.139969110823979E+003 -0.139969110823979E+003
  0.100839260607723E+001  0.515672085391822E+000  0.507601225167142E+000  0.493901065103550E+000 -0.131028262406404E+000 -0.139970553795016E+003 -0.139970553795016E+003
  0.105802423857930E+001  0.502440783323355E+000  0.635882930983634E+000  0.490695609393598E+000 -0.131028262406404E+000 -0.139970335271748E+003 -0.139970335271748E+003
  0.103569925658707E+001  0.502309507632012E+000  0.561436780011410E-001  0.485632288253324E+000 -0.131028262406404E+000 -0.139969841692550E+003 -0.139969841692550E+003
  0.104072597844185E+001  0.501620471850297E+000  0.927090464498565E+000  0.482516671256080E+000 -0.131028262406404E+000 -0.139970375016488E+003 -0.139970375016488E+003
  0.103866215440352E+001  0.500836762104174E+000  0.461384901504603E+000  0.489598987678489E+000 -0.131028262406404E+000 -0.139968968582617E+003 -0.139968968582617E+003
  0.104034338115562E+001  0.502580273645621E+000  0.534138614299846E+000  0.488650890843287E+000 -0.131028262406404E+000 -0.139969523466701E+003 -0.139969523466701E+003
  0.101634342631598E+001  0.500501928588349E+000  0.999832107998681E+000  0.497909861398341E+000 -0.131028262406404E+000 -0.139967159177271E+003 -0.139967159177271E+003
  0.102156560999147E+001  0.503617661426439E+000  0.541587380758731E+000  0.487734359948800E+000 -0.131028262406404E+000 -0.139969600069089E+003 -0.139969600069089E+003
  0.101883222106969E+001  0.500924620587013E+000  0.672018483974575E+000  0.498509711399347E+000 -0.131028262406404E+000 -0.139967135393974E+003 -0.139967135393974E+003
  0.102642895507154E+001  0.501754955773945E+000  0.739835541223846E+000  0.483631659325546E+000 -0.131028262406404E+000 -0.139970092106583E+003 -0.139970092106583E+003
  0.100160807941517E+001  0.515488729631020E+000  0.179190177789953E+000  0.499216853846965E+000 -0.131028262406404E+000 -0.139969563505551E+003 -0.139969563505551E+003
  0.100550501849259E+001  0.518745460648048E+000  0.589257816408727E-001  0.497746609296012E+000 -0.131028262406404E+000 -0.139970392094337E+003 -0.139970392094337E+003
  0.103234078318606E+001  0.503535186377275E+000  0.760230653948430E+000  0.483738131209658E+000 -0.131028262406404E+000 -0.139970378028832E+003 -0.139970378028832E+003
  0.100726550572891E+001  0.503673232840707E+000  0.926029228961204E-001  0.496048164361568E+000 -0.131028262406404E+000 -0.139968145621778E+003 -0.139968145621778E+003
  0.992373462168534E+000  0.507256606102094E+000  0.636972844748482E-001  0.494034116218163E+000 -0.131028262406404E+000 -0.139969733123642E+003 -0.139969733123642E+003
  0.101957746373288E+001  0.511753439605150E+000  0.207256334853871E+000  0.499055047029749E+000 -0.131028262406404E+000 -0.139969078231607E+003 -0.139969078231607E+003
  0.102741835179339E+001  0.503442130178827E+000  0.164242946675406E+000  0.489245429409122E+000 -0.131028262406404E+000 -0.139969280887295E+003 -0.139969280887295E+003
  0.105001447726302E+001  0.507150183030919E+000  0.924573169489912E+000  0.495971675881239E+000 -0.131028262406404E+000 -0.139970248626701E+003 -0.139970248626701E+003
  0.103038723821040E+001  0.504354530489381E+000  0.698701741632032E+000  0.494153375587611E+000 -0.131028262406404E+000 -0.139968689675584E+003 -0.139968689675584E+003
  0.102349204391756E+001  0.511848928016168E+000  0.427783855293549E+000  0.490375758272317E+000 -0.131028262406404E+000 -0.139970589272953E+003 -0.139970589272953E+003
  0.100772283099364E+001  0.512316461653152E+000  0.156254814075448E+000  0.496129261455203E+000 -0.131028262406404E+000 -0.139969548580679E+003 -0.139969548580679E+003
  0.103158436467249E+001  0.510066034182320E+000  0.468171104621603E-001  0.495469535254398E+000 -0.131028262406404E+000 -0.139969701200318E+003 -0.139969701200318E+003
  0.103815654519217E+001  0.501708380685081E+000  0.995389946283720E+000  0.493185865913923E+000 -0.131028262406404E+000 -0.139968589745464E+003 -0.139968589745464E+003
  0.102453159669757E+001  0.505592689497390E+000  0.426637375397580E+000  0.496061886101114E+000 -0.131028262406404E+000 -0.139968475054539E+003 -0.139968475054539E+003
  0.101726590342925E+001  0.513709352315622E+000  0.147537223993031E+000  0.497999078394009E+000 -0.131028262406404E+000 -0.139969558884368E+003 -0.139969558884368E+003
  0.987641224223268E+000  0.503295886499713E+000  0.262769987096128E+000  0.496297566388667E+000 -0.131028262406404E+000 -0.139968970985615E+003 -0.139968970985615E+003
  0.993369143121308E+000  0.500220406870379E+000  0.704068127257766E+000  0.489295209604528E+000 -0.131028262406404E+000 -0.139969968207230E+003 -0.139969968207230E+003
  0.103601850467196E+001  0.502188911027790E+000  0.867676369676338E+000  0.499253735604200E+000 -0.131028262406404E+000 -0.139967793086305E+003 -0.139967793086305E+003
  0.105624495037175E+001  0.501394995174628E+000  0.146292537224949E+000  0.492466204118101E+000 -0.131028262406404E+000 -0.139969763003686E+003 -0.139969763003686E+003
  0.104411420278363E+001  0.500092245340651E+000  0.403888944427724E+000  0.489763094350374E+000 -0.131028262406404E+000 -0.139969010215026E+003 -0.139969010215026E+003
  0.997279763822948E+000  0.509956109075639E+000  0.647172041983090E+000  0.491492352954742E+000 -0.131028262406404E+000 -0.139970458159049E+003 -0.139970458159049E+003
  0.988696081924953E+000  0.513009733708571E+000  0.739257732027199E+000  0.494977274678371E+000 -0.131028262406404E+000 -0.139970514043591E+003 -0.139970514043591E+003
  0.101487296635661E+001  0.513460432489967E+000  0.655339688005920E+000  0.498635153003379E+000 -0.131028262406404E+000 -0.139969359676130E+003 -0.139969359676130E+003
  0.997021706329342E+000  0.506935591167628E+000  0.796681155427639E+000  0.496527492438924E+000 -0.131028262406404E+000 -0.139968874631413E+003 -0.139968874631413E+003
  0.102518581144781E+001  0.506318571236258E+000  0.723415608634326E+000  0.498782985064844E+000 -0.131028262406404E+000 -0.139968224224483E+003 -0.139968224224483E+003
  0.992021556382215E+000  0.514649919607991E+000  0.868334614806582E+000  0.497583270016406E+000 -0.131028262406404E+000 -0.139969995821875E+003 -0.139969995821875E+003
  0.102775449387780E+001  0.506097000976587E+000  0.623526708958943E+000  0.498447020950181E+000 -0.131028262406404E+000 -0.139968318679247E+003 -0.139968318679247E+003
  0.102542494761471E+001  0.503865161312232E+000  0.792636991544993E+000  0.484860025230586E+000 -0.131028262406404E+000 -0.139970204039314E+003 -0.139970204039314E+003
  0.102187713848288E+001  0.509027034296463E+000  0.494472578186945E+000  0.488692177616043E+000 -0.131028262406404E+000 -0.139970358241924E+003 -0.139970358241924E+003
  0.998831740111543E+000  0.515319699605522E+000  0.212947810514528E+000  0.499547787625560E+000 -0.131028262406404E+000 -0.139969507931524E+003 -0.139969507931524E+003
  0.999750993484215E+000  0.515932406942277E+000  0.305742955648636E+000  0.498428786146940E+000 -0.131028262406404E+000 -0.139969812885254E+003 -0.139969812885254E+003
  0.100580445094817E+001  0.507526802567388E+000  0.930388970676763E+000  0.492375976943513E+000 -0.131028262406404E+000 -0.139969559203264E+003 -0.139969559203264E+003
  0.994466408685719E+000  0.503697030900035E+000  0.933859140698092E+000  0.497957285771526E+000 -0.131028262406404E+000 -0.139968211897677E+003 -0.139968211897677E+003
  0.993603213640500E+000  0.510114361701289E+000  0.926005284059813E+000  0.497684510103256E+000 -0.131028262406404E+000 -0.139969230804967E+003 -0.139969230804967E+003
  0.105899194371481E+001  0.502919187519737E+000  0.353800840294406E+000  0.491736827784847E+000 -0.131028262406404E+000 -0.139970436435514E+003 -0.139970436435514E+003
  0.103745491071254E+001  0.505307867755568E+000  0.291446487153822E+000  0.492344559371949E+000 -0.131028262406404E+000 -0.139969415033897E+003 -0.139969415033897E+003
  0.102015829040595E+001  0.508891670854577E+000  0.380523153594000E+000  0.491636774888023E+000 -0.131028262406404E+000 -0.139969775218205E+003 -0.139969775218205E+003
  0.995461131703429E+000  0.503488818756757E+000  0.241310532505692E+000  0.489608866413010E+000 -0.131028262406404E+000 -0.139970142194886E+003 -0.139970142194886E+003
  0.104533964412903E+001  0.509083044885731E+000  0.948811417105023E+000  0.498771008945497E+000 -0.131028262406404E+000 -0.139970046171892E+003 -0.139970046171892E+003
  0.100863656466484E+001  0.508195855204073E+000  0.416347546837433E+000  0.491724783540238E+000 -0.131028262406404E+000 -0.139969731127770E+003 -0.139969731127770E+003
  0.996655985615886E+000  0.512777005664908E+000  0.794638671984286E+000  0.499602491767050E+000 -0.131028262406404E+000 -0.139969128667570E+003 -0.139969128667570E+003
  0.101116842527722E+001  0.518434634011190E+000  0.426735947411190E+000  0.498091124716988E+000 -0.131028262406404E+000 -0.139970328573652E+003 -0.139970328573652E+003
  0.101155224163081E+001  0.513220830427049E+000  0.731988903290271E+000  0.497240848187033E+000 -0.131028262406404E+000 -0.139969505235985E+003 -0.139969505235985E+003
  0.104519110043977E+001  0.506163693729805E+000  0.208126746813328E+000  0.488854219720572E+000 -0.131028262406404E+000 -0.139970471484311E+003 -0.139970471484311E+003
  0.102024837119860E+001  0.507728181728710E+000  0.181995854614954E-001  0.490644185952056E+000 -0.131028262406404E+000 -0.139969750261507E+003 -0.139969750261507E+003
  0.101976406378513E+001  0.507942036246343E+000  0.872912041176456E+000  0.487756359068705E+000 -0.131028262406404E+000 -0.139970351495986E+003 -0.139970351495986E+003
  0.104395541057179E+001  0.502646548704434E+000  0.571254139953117E+000  0.492522985103219E+000 -0.131028262406404E+000 -0.139969164001565E+003 -0.139969164001565E+003
  0.101492325012391E+001  0.501208989765201E+000  0.556626739611051E+000  0.492235306065175E+000 -0.131028262406404E+000 -0.139968371056504E+003 -0.139968371056504E+003
  0.105242673097726E+001  0.500381331351596E+000  0.143582424265259E+000  0.485318947633197E+000 -0.131028262406404E+000 -0.139970122838489E+003 -0.139970122838489E+003
  0.101687828227486E+001  0.503649361523410E+000  0.344137863254752E+000  0.498262117479701E+000 -0.131028262406404E+000 -0.139967645892426E+003 -0.139967645892426E+003
  0.101419230284661E+001  0.513873402944863E+000  0.363571295079214E-001  0.493230155640550E+000 -0.131028262406404E+000 -0.139970355165122E+003 -0.139970355165122E+003
  0.993100857933322E+000  0.502911728966654E+000  0.878928328999181E+000  0.495046925791311E+000 -0.131028262406404E+000 -0.139968862203586E+003 -0.139968862203586E+003
  0.102290223830724E+001  0.505685092059132E+000  0.955951807359009E+000  0.498733779264087E+000 -0.131028262406404E+000 -0.139968041496965E+003 -0.139968041496965E+003
  0.101730354908003E+001  0.501252940869280E+000  0.765206387536610E+000  0.499761061721177E+000 -0.131028262406404E+000 -0.139966973375117E+003 -0.139966973375117E+003
  0.101516889316303E+001  0.500245082640933E+000  0.684742593389270E+000  0.492552639634642E+000 -0.131028262406404E+000 -0.139968146944117E+003 -0.139968146944117E+003
  0.102319031014415E+001  0.507287166028765E+000  0.871054935717133E+000  0.487537039405220E+000 -0.131028262406404E+000 -0.139970272488334E+003 -0.139970272488334E+003
  0.103038607516385E+001  0.502585488414366E+000  0.177214025038397E+000  0.489131994221686E+000 -0.131028262406404E+000 -0.139969180409507E+003 -0.139969180409507E+003
  0.994529456458385E+000  0.510514502986259E+000  0.514305213391551E-001  0.498528945990038E+000 -0.131028262406404E+000 -0.139969069506359E+003 -0.139969069506359E+003
  0.102922553632031E+001  0.511978549797281E+000  0.581596204307493E+000  0.497603381842460E+000 -0.131028262406404E+000 -0.139969706348678E+003 -0.139969706348678E+003
  0.998525584104549E+000  0.501460412712284E+000  0.346561723379464E-001  0.497134612089124E+000 -0.131028262406404E+000 -0.139967887189599E+003 -0.139967887189599E+003
  0.101724386905664E+001  0.509542889835239E+000  0.227556438657094E+000  0.488629552523514E+000 -0.131028262406404E+000 -0.139970468833114E+003 -0.139970468833114E+003
  0.100142036707828E+001  0.514316498233190E+000  0.362205796328152E+000  0.496127312164428E+000 -0.131028262406404E+000 -0.139969971577074E+003 -0.139969971577074E+003
  0.103637198579160E+001  0.506010096774112E+000  0.263974688795201E+000  0.488950753944969E+000 -0.131028262406404E+000 -0.139970020792319E+003 -0.139970020792319E+003
  0.101213475857708E+001  0.503358738030805E+000  0.972410131448834E+000  0.487050423941080E+000 -0.131028262406404E+000 -0.139969903176316E+003 -0.139969903176316E+003
  0.104603742886268E+001  0.501852792843396E+000  0.507813364375456E+000  0.491990571406982E+000 -0.131028262406404E+000 -0.139969182332219E+003 -0.139969182332219E+003
  0.103129718384950E+001  0.500552685212446E+000  0.910492858657895E+000  0.482200905183383E+000 -0.131028262406404E+000 -0.139970154727836E+003 -0.139970154727836E+003
  0.970085886712487E+000  0.500033320100883E+000  0.311768247994738E-001  0.495762954548143E+000 -0.131028262406404E+000 -0.139970467572261E+003 -0.139970467572261E+003
  0.101511810085219E+001  0.512033853489842E+000  0.403829539151894E+000  0.491639363123537E+000 -0.131028262406404E+000 -0.139970323727433E+003 -0.139970323727433E+003
  0.992066549431160E+000  0.514135980308884E+000  0.434530242921275E+000  0.498935480129286E+000 -0.131028262406404E+000 -0.139969623273299E+003 -0.139969623273299E+003
  0.101345016349740E+001  0.502678477090300E+000  0.614615974218052E+000  0.490168758959135E+000 -0.131028262406404E+000 -0.139969068035288E+003 -0.139969068035288E+003
  0.105867660770569E+001  0.502238522889963E+000  0.767568221969162E+000  0.497304919140114E+000 -0.131028262406404E+000 -0.139969793339159E+003 -0.139969793339159E+003
  0.996141305209824E+000  0.515106193749675E+000  0.765387443144678E+000  0.495134525987299E+000 -0.131028262406404E+000 -0.139970449790502E+003 -0.139970449790502E+003
  0.100700183263509E+001  0.510808567472457E+000  0.738377918860756E+000  0.493598503890491E+000 -0.131028262406404E+000 -0.139969801408211E+003 -0.139969801408211E+003
  0.983935391367639E+000  0.509305912971209E+000  0.623419274790039E+000  0.499402647843815E+000 -0.131028262406404E+000 -0.139969241546161E+003 -0.139969241546161E+003
  0.975010452634339E+000  0.502717392809906E+000  0.710765139938469E-001  0.497003645504134E+000 -0.131028262406404E+000 -0.139969823890599E+003 -0.139969823890599E+003
  0.100196361902285E+001  0.507164571736206E+000  0.122324244323517E-001  0.490202933147092E+000 -0.131028262406404E+000 -0.139970137625247E+003 -0.139970137625247E+003
  0.100307334857548E+001  0.505602126401174E+000  0.208677993105708E+000  0.497369375650759E+000 -0.131028262406404E+000 -0.139968283931823E+003 -0.139968283931823E+003
  0.100426882144432E+001  0.507275124318354E+000  0.320058723248356E+000  0.499840713092720E+000 -0.131028262406404E+000 -0.139968037419314E+003 -0.139968037419314E+003
  0.103105391483534E+001  0.501468144075657E+000  0.371930485275865E+000  0.488958441122334E+000 -0.131028262406404E+000 -0.139969014540574E+003 -0.139969014540574E+003
  0.100515330923599E+001  0.503626757551391E+000  0.579047565166205E+000  0.496623851058015E+000 -0.131028262406404E+000 -0.139968074003454E+003 -0.139968074003454E+003
  0.103565677166397E+001  0.504935361535706E+000  0.100756713163834E+000  0.484926883059349E+000 -0.131028262406404E+000 -0.139970466061333E+003 -0.139970466061333E+003
  0.100383567608101E+001  0.500776642644769E+000  0.203678411042222E+000  0.496674902789057E+000 -0.131028262406404E+000 -0.139967672796235E+003 -0.139967672796235E+003
  0.100131475437711E+001  0.500269846869524E+000  0.537055464098794E+000  0.495878674193929E+000 -0.131028262406404E+000 -0.139967872041405E+003 -0.139967872041405E+003
  0.102349324907981E+001  0.504239725475737E+000  0.832874141696531E+000  0.491540848054208E+000 -0.131028262406404E+000 -0.139968975332701E+003 -0.139968975332701E+003
  0.100411382921945E+001  0.509915527734359E+000  0.530689841992106E+000  0.494814639886475E+000 -0.131028262406404E+000 -0.139969465755031E+003 -0.139969465755031E+003
  0.102131728581553E+001  0.500667018667795E+000  0.598753948068140E+000  0.493412425386292E+000 -0.131028262406404E+000 -0.139967996269784E+003 -0.139967996269784E+003
  0.102087327021087E+001  0.503400069345263E+000  0.284108435890344E+000  0.493429627342036E+000 -0.131028262406404E+000 -0.139968469867551E+003 -0.139968469867551E+003
  0.102272719917785E+001  0.513524274253503E+000  0.625899968063352E-001  0.499925125546403E+000 -0.131028262406404E+000 -0.139969423396285E+003 -0.139969423396285E+003
  0.102358892294238E+001  0.504622122854042E+000  0.563075347204134E+000  0.487721773413050E+000 -0.131028262406404E+000 -0.139969765677331E+003 -0.139969765677331E+003
  0.106267773986569E+001  0.500002481347453E+000  0.282632846730680E+000  0.498279241252320E+000 -0.131028262406404E+000 -0.139969609937639E+003 -0.139969609937639E+003
  0.102048234799304E+001  0.503084561448204E+000  0.882400534277365E+000  0.491230405768505E+000 -0.131028262406404E+000 -0.139968824572829E+003 -0.139968824572829E+003
  0.103670387352113E+001  0.500702029829999E+000  0.947204105784281E+000  0.480309517006190E+000 -0.131028262406404E+000 -0.139970574606465E+003 -0.139970574606465E+003
  0.100293355922825E+001  0.505708553024798E+000  0.468000834223313E+000  0.491606351560827E+000 -0.131028262406404E+000 -0.139969555497108E+003 -0.139969555497108E+003
  0.979614008471896E+000  0.505132176052207E+000  0.692665252523050E-001  0.498191445114463E+000 -0.131028262406404E+000 -0.139969343437182E+003 -0.139969343437182E+003
  0.101264124520255E+001  0.504747085845731E+000  0.781800286700410E+000  0.494887156949493E+000 -0.131028262406404E+000 -0.139968458090793E+003 -0.139968458090793E+003
  0.985089609851179E+000  0.516562278061729E+000  0.653100647022431E+000  0.499151765251554E+000 -0.131028262406404E+000 -0.139970240160676E+003 -0.139970240160676E+003
  0.991035111954794E+000  0.508552880706730E+000  0.482930517113244E+000  0.495243344224781E+000 -0.131028262406404E+000 -0.139969697835993E+003 -0.139969697835993E+003
  0.102865376414420E+001  0.503263827422301E+000  0.593683889844168E+000  0.496606299863957E+000 -0.131028262406404E+000 -0.139968054700477E+003 -0.139968054700477E+003
  0.106222670884351E+001  0.500433651191704E+000  0.510474342974886E+000  0.490284203033528E+000 -0.131028262406404E+000 -0.139970274084078E+003 -0.139970274084078E+003
  0.100065322255265E+001  0.511104499618067E+000  0.840079807935646E+000  0.491870090044018E+000 -0.131028262406404E+000 -0.139970396371050E+003 -0.139970396371050E+003
  0.102515113990524E+001  0.505203885804536E+000  0.946006388343801E+000  0.490186431247473E+000 -0.131028262406404E+000 -0.139969408769105E+003 -0.139969408769105E+003
  0.100825242535963E+001  0.508171915416710E+000  0.195512150361435E+000  0.492918878735329E+000 -0.131028262406404E+000 -0.139969485425394E+003 -0.139969485425394E+003
  0.100726260909283E+001  0.517714624263937E+000  0.954417570059850E+000  0.497415646098544E+000 -0.131028262406404E+000 -0.139970269289764E+003 -0.139970269289764E+003
  0.103936892266396E+001  0.512891532365285E+000  0.115904813607572E+000  0.497399225970324E+000 -0.131028262406404E+000 -0.139970573413280E+003 -0.139970573413280E+003
  0.996206888521688E+000  0.502608715739434E+000  0.523777580727255E+000  0.495747778618201E+000 -0.131028262406404E+000 -0.139968476655018E+003 -0.139968476655018E+003
  0.986401305193993E+000  0.510595963464249E+000  0.844880889474446E-001  0.498907773315231E+000 -0.131028262406404E+000 -0.139969382022371E+003 -0.139969382022371E+003
  0.992366241938254E+000  0.512256380365345E+000  0.474922523976382E+000  0.496233228676189E+000 -0.131028262406404E+000 -0.139969924896594E+003 -0.139969924896594E+003
  0.105154822695806E+001  0.503437433945909E+000  0.357464222063847E-001  0.493869713812253E+000 -0.131028262406404E+000 -0.139969708857706E+003 -0.139969708857706E+003
  0.104718061386761E+001  0.506354183556571E+000  0.699120232702651E+000  0.493645421866734E+000 -0.131028262406404E+000 -0.139970061708993E+003 -0.139970061708993E+003
  0.994683699244902E+000  0.506137602728097E+000  0.852159620565838E+000  0.495373050471239E+000 -0.131028262406404E+000 -0.139969132546614E+003 -0.139969132546614E+003
  0.101991591206716E+001  0.508281940643512E+000  0.424331162263320E-001  0.489778823547215E+000 -0.131028262406404E+000 -0.139970012800994E+003 -0.139970012800994E+003
  0.102168586534148E+001  0.513413864782431E+000  0.296735528565397E+000  0.498349494931461E+000 -0.131028262406404E+000 -0.139969578952735E+003 -0.139969578952735E+003
  0.104136880443267E+001  0.506551246162882E+000  0.869205305138851E+000  0.499537458889302E+000 -0.131028262406404E+000 -0.139969061469578E+003 -0.139969061469578E+003
  0.990015614451655E+000  0.510696804672428E+000  0.545108243352637E+000  0.495694946947588E+000 -0.131028262406404E+000 -0.139969945275487E+003 -0.139969945275487E+003
  0.104394105429727E+001  0.501761737528239E+000  0.467688062374737E+000  0.494608533812824E+000 -0.131028262406404E+000 -0.139968714710944E+003 -0.139968714710944E+003
  0.998637419899249E+000  0.511152422178499E+000  0.639589097558446E+000  0.497729560412876E+000 -0.131028262406404E+000 -0.139969200732226E+003 -0.139969200732226E+003
  0.102602233331478E+001  0.502067920990607E+000  0.847913895030720E+000  0.498887370544355E+000 -0.131028262406404E+000 -0.139967410185048E+003 -0.139967410185048E+003
  0.102597718371130E+001  0.500458984358477E+000  0.168571106598120E+000  0.496481592792395E+000 -0.131028262406404E+000 -0.139967475770989E+003 -0.139967475770989E+003
  0.984148643908731E+000  0.503470035898778E+000  0.980143937571964E+000  0.493013006859088E+000 -0.131028262406404E+000 -0.139970123013318E+003 -0.139970123013318E+003
  0.992814603907084E+000  0.520613683447711E+000  0.654484089437882E+000  0.499086081143204E+000 -0.131028262406404E+000 -0.139970596290743E+003 -0.139970596290743E+003
  0.101372865974268E+001  0.503172557042274E+000  0.486276687149145E+000  0.492993098434040E+000 -0.131028262406404E+000 -0.139968556666303E+003 -0.139968556666303E+003
  0.104720334155492E+001  0.503384115325849E+000  0.591076168711801E+000  0.493593944134277E+000 -0.131028262406404E+000 -0.139969400751591E+003 -0.139969400751591E+003
  0.986644943419690E+000  0.510497718788372E+000  0.746666072251860E+000  0.496293368398784E+000 -0.131028262406404E+000 -0.139969974168822E+003 -0.139969974168822E+003
  0.100613384184492E+001  0.515828171771678E+000  0.642581437394465E+000  0.494800271729770E+000 -0.131028262406404E+000 -0.139970423194393E+003 -0.139970423194393E+003
  0.102963075561145E+001  0.509782934403290E+000  0.338835073866735E+000  0.497701677948370E+000 -0.131028262406404E+000 -0.139969252583808E+003 -0.139969252583808E+003
  0.100999994724117E+001  0.509177635747930E+000  0.250573275305491E+000  0.492119744489168E+000 -0.131028262406404E+000 -0.139969782282817E+003 -0.139969782282817E+003
  0.102314617209804E+001  0.510811598756488E+000  0.965287263718861E+000  0.499085416109821E+000 -0.131028262406404E+000 -0.139969003517786E+003 -0.139969003517786E+003
  0.103051343647826E+001  0.505246635136671E+000  0.625301918420785E+000  0.496783166768075E+000 -0.131028262406404E+000 -0.139968486278683E+003 -0.139968486278683E+003
  0.105476621969342E+001  0.500325255131270E+000  0.810299228795160E+000  0.485708420601571E+000 -0.131028262406404E+000 -0.139970194112179E+003 -0.139970194112179E+003
  0.100116449210712E+001  0.507661010522894E+000  0.707258928922315E+000  0.492343554879579E+000 -0.131028262406404E+000 -0.139969749279463E+003 -0.139969749279463E+003
  0.103223703463232E+001  0.507699966209210E+000  0.196733636136294E+000  0.489469678228992E+000 -0.131028262406404E+000 -0.139970140852256E+003 -0.139970140852256E+003
  0.971568946114010E+000  0.503333472231229E+000  0.355144420473542E+000  0.498738068581672E+000 -0.131028262406404E+000 -0.139969770318273E+003 -0.139969770318273E+003
  0.101252263095501E+001  0.504436374702225E+000  0.133627958311774E+000  0.484799611964808E+000 -0.131028262406404E+000 -0.139970579481727E+003 -0.139970579481727E+003
  0.103216732317643E+001  0.505746010101214E+000  0.930829952618222E+000  0.486819870944976E+000 -0.131028262406404E+000 -0.139970213208760E+003 -0.139970213208760E+003
  0.103879180515111E+001  0.502639398038994E+000  0.862626953401835E+000  0.495517483892036E+000 -0.131028262406404E+000 -0.139968498053038E+003 -0.139968498053038E+003
  0.998742210337838E+000  0.508596847057016E+000  0.605697331441858E+000  0.491885237045010E+000 -0.131028262406404E+000 -0.139970098370522E+003 -0.139970098370522E+003
  0.104898444520709E+001  0.502894454503858E+000  0.374963877377151E-001  0.489610680105600E+000 -0.131028262406404E+000 -0.139969888390472E+003 -0.139969888390472E+003
  0.100960114141413E+001  0.515461310169991E+000  0.382923884326406E+000  0.493508648040359E+000 -0.131028262406404E+000 -0.139970586368811E+003 -0.139970586368811E+003
  0.104142227562262E+001  0.503975138782039E+000  0.316631034194558E+000  0.490944525771957E+000 -0.131028262406404E+000 -0.139969520985378E+003 -0.139969520985378E+003
  0.102458861132993E+001  0.507179034652919E+000  0.164512158297795E+000  0.489384129981420E+000 -0.131028262406404E+000 -0.139969910595677E+003 -0.139969910595677E+003
  0.102342368244363E+001  0.507694483012821E+000  0.394671758239257E+000  0.489782552992958E+000 -0.131028262406404E+000 -0.139969921471841E+003 -0.139969921471841E+003
  0.101088791416886E+001  0.502345918118787E+000  0.704279668690093E+000  0.489621705692311E+000 -0.131028262406404E+000 -0.139969207157999E+003 -0.139969207157999E+003
  0.102033274254915E+001  0.506597882718794E+000  0.840048058331418E+000  0.487785163122697E+000 -0.131028262406404E+000 -0.139970109467382E+003 -0.139970109467382E+003
  0.100334195911741E+001  0.512291789190799E+000  0.524109941812551E+000  0.495745329322124E+000 -0.131028262406404E+000 -0.139969677958314E+003 -0.139969677958314E+003
  0.101776969098708E+001  0.504495262425388E+000  0.303049181575722E+000  0.485869893153992E+000 -0.131028262406404E+000 -0.139970195294988E+003 -0.139970195294988E+003
  0.104587771876844E+001  0.502131176815749E+000  0.922321332803296E+000  0.493435639684378E+000 -0.131028262406404E+000 -0.139969055525685E+003 -0.139969055525685E+003
  0.979473007563892E+000  0.507043076760844E+000  0.839217528909045E+000  0.497618428798325E+000 -0.131028262406404E+000 -0.139969728637502E+003 -0.139969728637502E+003
  0.102766335045440E+001  0.507831600170141E+000  0.376398072899987E+000  0.489497784314030E+000 -0.131028262406404E+000 -0.139970053631710E+003 -0.139970053631710E+003
  0.103573003617830E+001  0.501929850706757E+000  0.696969225547070E+000  0.490971935987190E+000 -0.131028262406404E+000 -0.139968873174512E+003 -0.139968873174512E+003
  0.101714170693133E+001  0.511197306064102E+000  0.958558590727615E+000  0.489446344419792E+000 -0.131028262406404E+000 -0.139970596483283E+003 -0.139970596483283E+003
  0.983201798064913E+000  0.512348463201391E+000  0.254742443113143E+000  0.496129753098188E+000 -0.131028262406404E+000 -0.139970487681589E+003 -0.139970487681589E+003
  0.105094633631859E+001  0.502097437835659E+000  0.599202474086527E+000  0.496347757287267E+000 -0.131028262406404E+000 -0.139969108435685E+003 -0.139969108435685E+003
  0.101952991356124E+001  0.501061209688727E+000  0.169673428431883E+000  0.484794369732126E+000 -0.131028262406404E+000 -0.139969842597310E+003 -0.139969842597310E+003
  0.104129280375260E+001  0.507589871551649E+000  0.559561345828429E+000  0.495361931425762E+000 -0.131028262406404E+000 -0.139969732736791E+003 -0.139969732736791E+003
  0.100704687876458E+001  0.513632171352823E+000  0.405653311481297E+000  0.495642058795231E+000 -0.131028262406404E+000 -0.139969873463643E+003 -0.139969873463643E+003
  0.103110598737795E+001  0.502664201822250E+000  0.962328713444381E+000  0.495433419443342E+000 -0.131028262406404E+000 -0.139968189197320E+003 -0.139968189197320E+003
  0.105690506074061E+001  0.505305298470046E+000  0.566509623866636E+000  0.496889555506098E+000 -0.131028262406404E+000 -0.139970396947182E+003 -0.139970396947182E+003
  0.103077914040635E+001  0.512285310619799E+000  0.672053814705634E+000  0.498988529189735E+000 -0.131028262406404E+000 -0.139969683976508E+003 -0.139969683976508E+003
  0.998497958106448E+000  0.520341314868160E+000  0.545710496063586E+000  0.499880524986675E+000 -0.131028262406404E+000 -0.139970306337430E+003 -0.139970306337430E+003
  0.101450240470911E+001  0.500027397548962E+000  0.312246795359351E-001  0.490796414273741E+000 -0.131028262406404E+000 -0.139968491007909E+003 -0.139968491007909E+003
  0.100627298241269E+001  0.518559401803576E+000  0.661074028361706E+000  0.499611837967430E+000 -0.131028262406404E+000 -0.139970036587886E+003 -0.139970036587886E+003
  0.975304980069284E+000  0.505027165320435E+000  0.619670752287039E-001  0.499167326690716E+000 -0.131028262406404E+000 -0.139969461459103E+003 -0.139969461459103E+003
  0.104499778089841E+001  0.500923282457743E+000  0.952764102438957E+000  0.490165203541052E+000 -0.131028262406404E+000 -0.139969168643928E+003 -0.139969168643928E+003
  0.101042693561148E+001  0.510891636855603E+000  0.866857515967321E+000  0.489816579928172E+000 -0.131028262406404E+000 -0.139970538811428E+003 -0.139970538811428E+003
  0.978096896739588E+000  0.509373140715980E+000  0.851769554594899E-001  0.498114129014018E+000 -0.131028262406404E+000 -0.139969995064342E+003 -0.139969995064342E+003
  0.101118570598768E+001  0.509660983436254E+000  0.685562116731548E+000  0.494052468610888E+000 -0.131028262406404E+000 -0.139969463483422E+003 -0.139969463483422E+003
  0.102101794713076E+001  0.502985392987290E+000  0.559652443846685E+000  0.495107037576937E+000 -0.131028262406404E+000 -0.139968099220887E+003 -0.139968099220887E+003
  0.103993254793037E+001  0.508839944351274E+000  0.446867675553042E+000  0.493347237574455E+000 -0.131028262406404E+000 -0.139970162308261E+003 -0.139970162308261E+003
  0.999280735050299E+000  0.502695062821802E+000  0.595324385879353E+000  0.486956297484716E+000 -0.131028262406404E+000 -0.139970471169480E+003 -0.139970471169480E+003
  0.988095425072077E+000  0.507413952220192E+000  0.382097167033742E+000  0.498419945568187E+000 -0.131028262406404E+000 -0.139968963700416E+003 -0.139968963700416E+003
  0.100852590178534E+001  0.504795962642912E+000  0.393321279691997E+000  0.488796576770141E+000 -0.131028262406404E+000 -0.139969846955618E+003 -0.139969846955618E+003
  0.104447297259183E+001  0.502094209332523E+000  0.348185224493042E+000  0.487796803922251E+000 -0.131028262406404E+000 -0.139969725226772E+003 -0.139969725226772E+003
  0.100197043099475E+001  0.506054578723217E+000  0.333552990247723E+000  0.493560461678564E+000 -0.131028262406404E+000 -0.139969203703094E+003 -0.139969203703094E+003
  0.992549407457487E+000  0.500392028448038E+000  0.107878272228321E+000  0.492127050736683E+000 -0.131028262406404E+000 -0.139969307471582E+003 -0.139969307471582E+003
  0.100043872803530E+001  0.501595296007904E+000  0.123167098294100E+000  0.498830201357665E+000 -0.131028262406404E+000 -0.139967460274300E+003 -0.139967460274300E+003
  0.999874137547688E+000  0.510075600676458E+000  0.361809337727277E+000  0.491015747643592E+000 -0.131028262406404E+000 -0.139970468966049E+003 -0.139970468966049E+003
  0.981512309161797E+000  0.502290344608108E+000  0.886381881335994E+000  0.493109973944411E+000 -0.131028262406404E+000 -0.139970206014693E+003 -0.139970206014693E+003
  0.104114946935859E+001  0.505014098235782E+000  0.464972621824216E+000  0.496897124809110E+000 -0.131028262406404E+000 -0.139968980423662E+003 -0.139968980423662E+003
  0.104680133765312E+001  0.501687806288632E+000  0.662785002938639E+000  0.484209693244030E+000 -0.131028262406404E+000 -0.139970291301425E+003 -0.139970291301425E+003
  0.105511636740777E+001  0.507062983680127E+000  0.854554562020409E+000  0.498786770662091E+000 -0.131028262406404E+000 -0.139970517686830E+003 -0.139970517686830E+003
  0.100847780695942E+001  0.504526150905480E+000  0.496838550661671E+000  0.492885783030347E+000 -0.131028262406404E+000 -0.139968905550713E+003 -0.139968905550713E+003
  0.100304195136471E+001  0.505269268486110E+000  0.400789490530947E+000  0.498252147363959E+000 -0.131028262406404E+000 -0.139968053355908E+003 -0.139968053355908E+003
  0.103461135846097E+001  0.500438456438871E+000  0.388990339709589E+000  0.494788290258544E+000 -0.131028262406404E+000 -0.139967966349226E+003 -0.139967966349226E+003
  0.104859322134988E+001  0.505718954944284E+000  0.286629718361964E+000  0.490325706944253E+000 -0.131028262406404E+000 -0.139970398568279E+003 -0.139970398568279E+003
  0.100874614979427E+001  0.518171568819020E+000  0.714835848716713E+000  0.498537774869231E+000 -0.131028262406404E+000 -0.139970170609823E+003 -0.139970170609823E+003
  0.978950947830753E+000  0.510266434739438E+000  0.942732595421855E+000  0.498125328576486E+000 -0.131028262406404E+000 -0.139970033335389E+003 -0.139970033335389E+003
  0.996002123931520E+000  0.510240145469393E+000  0.401712848065742E+000  0.495167377613025E+000 -0.131028262406404E+000 -0.139969707907188E+003 -0.139969707907188E+003
  0.984793944018795E+000  0.500668448977941E+000  0.331666779228973E+000  0.490532780793222E+000 -0.131028262406404E+000 -0.139970431670571E+003 -0.139970431670571E+003
  0.100269546106235E+001  0.506194681654918E+000  0.574030042319272E-002  0.488266247086927E+000 -0.131028262406404E+000 -0.139970426016142E+003 -0.139970426016142E+003
  0.102615220911814E+001  0.507083628475344E+000  0.344121576044187E+000  0.495585674003961E+000 -0.131028262406404E+000 -0.139968877765390E+003 -0.139968877765390E+003
  0.103699262138231E+001  0.505360713250299E+000  0.453849358917949E+000  0.492539440160107E+000 -0.131028262406404E+000 -0.139969377673340E+003 -0.139969377673340E+003
  0.104211171123979E+001  0.503297290154480E+000  0.741538730196901E-001  0.499587559474539E+000 -0.131028262406404E+000 -0.139968379053102E+003 -0.139968379053102E+003
  0.100059644679859E+001  0.520818639724882E+000  0.791090558292558E+000  0.499016621639910E+000 -0.131028262406404E+000 -0.139970537928408E+003 -0.139970537928408E+003
  0.102891391938667E+001  0.508085231821737E+000  0.915977442383702E-001  0.496698429270151E+000 -0.131028262406404E+000 -0.139969008221365E+003 -0.139969008221365E+003
  0.101143747294164E+001  0.506667560326399E+000  0.495922928466098E+000  0.489761610509035E+000 -0.131028262406404E+000 -0.139969839571298E+003 -0.139969839571298E+003
  0.101163216960960E+001  0.514652379681242E+000  0.681689425236149E+000  0.494808030219106E+000 -0.131028262406404E+000 -0.139970198388397E+003 -0.139970198388397E+003
  0.100266847342302E+001  0.509460046660522E+000  0.586856237075772E+000  0.493745008326191E+000 -0.131028262406404E+000 -0.139969659142418E+003 -0.139969659142418E+003
  0.102684708243407E+001  0.513254168731841E+000  0.664198094113141E+000  0.497816289095606E+000 -0.131028262406404E+000 -0.139969831703918E+003 -0.139969831703918E+003
  0.102967662453980E+001  0.508643139041630E+000  0.702925252515488E+000  0.489631869310704E+000 -0.131028262406404E+000 -0.139970229562471E+003 -0.139970229562471E+003
  0.102101331998282E+001  0.507549596631531E+000  0.784466517201252E+000  0.497070844496294E+000 -0.131028262406404E+000 -0.139968609878176E+003 -0.139968609878176E+003
  0.102599951456639E+001  0.508951070582045E+000  0.488239471979019E+000  0.490005883641686E+000 -0.131028262406404E+000 -0.139970147420594E+003 -0.139970147420594E+003
  0.989317956759201E+000  0.501546097183816E+000  0.266380876996230E+000  0.490286310069675E+000 -0.131028262406404E+000 -0.139970190467571E+003 -0.139970190467571E+003
  0.100241894842250E+001  0.509876624001595E+000  0.984711168794112E+000  0.492364672340719E+000 -0.131028262406404E+000 -0.139970033893282E+003 -0.139970033893282E+003
  0.102074478779541E+001  0.507810966399547E+000  0.724581192385412E-001  0.491869176050997E+000 -0.131028262406404E+000 -0.139969540969942E+003 -0.139969540969942E+003
  0.104019656994456E+001  0.506468326601250E+000  0.499593122535965E+000  0.498501899337268E+000 -0.131028262406404E+000 -0.139969062850592E+003 -0.139969062850592E+003
  0.102479477530764E+001  0.516940972100292E+000  0.495522438388533E+000  0.498542459106702E+000 -0.131028262406404E+000 -0.139970415981677E+003 -0.139970415981677E+003
  0.103263050348205E+001  0.510386970619521E+000  0.604911039826972E+000  0.494645991653812E+000 -0.131028262406404E+000 -0.139969929589932E+003 -0.139969929589932E+003
  0.106280604044934E+001  0.501745234756302E+000  0.461273713344532E+000  0.491913402732758E+000 -0.131028262406404E+000 -0.139970504170463E+003 -0.139970504170463E+003
  0.104766839591428E+001  0.502085264324545E+000  0.276368325211909E+000  0.496716398218907E+000 -0.131028262406404E+000 -0.139968808407117E+003 -0.139968808407117E+003
  0.105650624390406E+001  0.502373755708392E+000  0.895749412710233E+000  0.493928092053657E+000 -0.131028262406404E+000 -0.139969880103776E+003 -0.139969880103776E+003
  0.102019023342828E+001  0.510231439156328E+000  0.756416348311814E-001  0.497648983033840E+000 -0.131028262406404E+000 -0.139969012042676E+003 -0.139969012042676E+003
  0.104212210084924E+001  0.503944669872670E+000  0.807008382310222E+000  0.487379116169457E+000 -0.131028262406404E+000 -0.139970066389666E+003 -0.139970066389666E+003
  0.104582764941515E+001  0.508973853187213E+000  0.874051826851248E+000  0.495808426970775E+000 -0.131028262406404E+000 -0.139970335779517E+003 -0.139970335779517E+003
  0.102059484946808E+001  0.507524920555955E+000  0.831507013183605E+000  0.494095072949869E+000 -0.131028262406404E+000 -0.139969092861849E+003 -0.139969092861849E+003
  0.102259760721365E+001  0.500501588591910E+000  0.135272136057945E+000  0.483954024384721E+000 -0.131028262406404E+000 -0.139969871767230E+003 -0.139969871767230E+003
  0.104243203442066E+001  0.505636735273344E+000  0.293706166718408E+000  0.489504611746385E+000 -0.131028262406404E+000 -0.139970121379142E+003 -0.139970121379142E+003
  0.102118407157336E+001  0.506796158531317E+000  0.661929579552499E+000  0.489135712151649E+000 -0.131028262406404E+000 -0.139969873973856E+003 -0.139969873973856E+003
