  0.100795522510132E+000  0.534658887610914E+000  0.887897874740359E+000  0.499950810609764E+000 -0.131028262406404E+000 -0.153589166691505E+003 -0.153589166691505E+003
  0.111244453277839E+000  0.515000583142247E+000  0.752020052578394E+000  0.497977394895848E+000 -0.131028262406404E+000 -0.153590662219259E+003 -0.153590662219259E+003
  0.109083113709595E+000  0.508993176162159E+000  0.990857806207776E+000  0.497476726776762E+000 -0.131028262406404E+000 -0.153590320511174E+003 -0.153590320511174E+003
  0.100049583752895E+000  0.508769770957862E+000  0.972883107243747E+000  0.495235432721549E+000 -0.131028262406404E+000 -0.153589563746084E+003 -0.153589563746084E+003
  0.109952521445692E+000  0.508265164048757E+000  0.728309985813511E+000  0.497351426046086E+000 -0.131028262406404E+000 -0.153590460821316E+003 -0.153590460821316E+003
  0.110434081336742E+000  0.503422656831416E+000  0.787179197405172E+000  0.496742604252470E+000 -0.131028262406404E+000 -0.153590564246157E+003 -0.153590564246157E+003
  0.104398072523610E+000  0.533780761918443E+000  0.875113876845178E+000  0.495678996912140E+000 -0.131028262406404E+000 -0.153590607012417E+003 -0.153590607012417E+003
  0.105351858240199E+000  0.501589037633197E+000  0.854062735038733E+000  0.493450164673145E+000 -0.131028262406404E+000 -0.153590511031665E+003 -0.153590511031665E+003
  0.100559904575267E+000  0.576984378281714E+000  0.810170672315588E+000  0.498618964148717E+000 -0.131028262406404E+000 -0.153590466734831E+003 -0.153590466734831E+003
  0.111809235212593E+000  0.529835718882244E+000  0.776198762246408E+000  0.498586362651898E+000 -0.131028262406404E+000 -0.153590959050856E+003 -0.153590959050856E+003
  0.102372310714336E+000  0.505706866195821E+000  0.793535439761062E+000  0.490132119912086E+000 -0.131028262406404E+000 -0.153590904725628E+003 -0.153590904725628E+003
  0.103808394130042E+000  0.544161402807912E+000  0.888513670774793E+000  0.497047311192115E+000 -0.131028262406404E+000 -0.153590457068034E+003 -0.153590457068034E+003
  0.103569490389784E+000  0.555427849556070E+000  0.782086510691386E+000  0.495909759153111E+000 -0.131028262406404E+000 -0.153590987092886E+003 -0.153590987092886E+003
  0.101390708080171E+000  0.520818125921473E+000  0.861614078044266E+000  0.492728039568423E+000 -0.131028262406404E+000 -0.153590538969005E+003 -0.153590538969005E+003
  0.102469615039760E+000  0.501055297737511E+000  0.867054762946611E+000  0.492829578039141E+000 -0.131028262406404E+000 -0.153590234931372E+003 -0.153590234931372E+003
  0.109338584141709E+000  0.501838675643136E+000  0.795918053608501E+000  0.499417486496017E+000 -0.131028262406404E+000 -0.153589790575598E+003 -0.153589790575598E+003
  0.103690867987269E+000  0.504735852845777E+000  0.960488476094930E+000  0.494518612347471E+000 -0.131028262406404E+000 -0.153590115549512E+003 -0.153590115549512E+003
  0.103815219408767E+000  0.512766715552003E+000  0.900068325308506E+000  0.497976429629985E+000 -0.131028262406404E+000 -0.153589552423348E+003 -0.153589552423348E+003
  0.107732791699937E+000  0.516109890504668E+000  0.854934807223578E+000  0.495812346504238E+000 -0.131028262406404E+000 -0.153590651534702E+003 -0.153590651534702E+003
  0.104895989735303E+000  0.515213809897697E+000  0.778865944949735E+000  0.497008973958043E+000 -0.131028262406404E+000 -0.153589958342467E+003 -0.153589958342467E+003
  0.107149369433204E+000  0.504450588297963E+000  0.720389713400270E+000  0.496665801625830E+000 -0.131028262406404E+000 -0.153590126457862E+003 -0.153590126457862E+003
  0.103697776265956E+000  0.544058611295099E+000  0.873934206356740E+000  0.496389249987666E+000 -0.131028262406404E+000 -0.153590592947543E+003 -0.153590592947543E+003
  0.106315057075520E+000  0.521052592043378E+000  0.981535479769873E+000  0.497569448072050E+000 -0.131028262406404E+000 -0.153590159224570E+003 -0.153590159224570E+003
  0.100248433082258E+000  0.503541688870047E+000  0.931855418112878E+000  0.492237535075681E+000 -0.131028262406404E+000 -0.153590115053161E+003 -0.153590115053161E+003
  0.101564979593092E+000  0.556956639946458E+000  0.990376841146489E+000  0.498170714418048E+000 -0.131028262406404E+000 -0.153590188204988E+003 -0.153590188204988E+003
  0.109882296099824E+000  0.514667719303665E+000  0.981666146026990E+000  0.499311837087149E+000 -0.131028262406404E+000 -0.153590148897021E+003 -0.153590148897021E+003
  0.106505736228870E+000  0.504443050149220E+000  0.821809496782359E+000  0.493119439537469E+000 -0.131028262406404E+000 -0.153590811314609E+003 -0.153590811314609E+003
  0.107946649290186E+000  0.558543909945989E+000  0.967352730479805E+000  0.499476931198013E+000 -0.131028262406404E+000 -0.153590877920472E+003 -0.153590877920472E+003
  0.110518382226558E+000  0.544175775886221E+000  0.942375350165811E+000  0.499992086881044E+000 -0.131028262406404E+000 -0.153590777497931E+003 -0.153590777497931E+003
  0.100633083577042E+000  0.590384146075179E+000  0.962540510558260E+000  0.499524215013772E+000 -0.131028262406404E+000 -0.153590637686980E+003 -0.153590637686980E+003
  0.100539645199553E+000  0.534164770379346E+000  0.906270170222998E+000  0.494321139243196E+000 -0.131028262406404E+000 -0.153590374562935E+003 -0.153590374562935E+003
  0.111937455251618E+000  0.503349428329605E+000  0.786913405757544E+000  0.497095750407179E+000 -0.131028262406404E+000 -0.153590710000534E+003 -0.153590710000534E+003
  0.102443053347688E+000  0.538185914761086E+000  0.973338617045308E+000  0.493482811548484E+000 -0.131028262406404E+000 -0.153590940091902E+003 -0.153590940091902E+003
  0.108564291642178E+000  0.505748485490574E+000  0.742469157356093E+000  0.498335321248001E+000 -0.131028262406404E+000 -0.153589990521875E+003 -0.153589990521875E+003
  0.105666319619869E+000  0.517163340500893E+000  0.782629469024203E+000  0.494972487244026E+000 -0.131028262406404E+000 -0.153590562093034E+003 -0.153590562093034E+003
  0.104666468615155E+000  0.527694663823021E+000  0.735637057019214E+000  0.496135679934347E+000 -0.131028262406404E+000 -0.153590396357511E+003 -0.153590396357511E+003
  0.108511435511670E+000  0.504182426144646E+000  0.870246707844629E+000  0.495665917040692E+000 -0.131028262406404E+000 -0.153590535210866E+003 -0.153590535210866E+003
  0.102303158351286E+000  0.502887453494657E+000  0.994194396303002E+000  0.492328301012113E+000 -0.131028262406404E+000 -0.153590357381038E+003 -0.153590357381038E+003
  0.103726055524191E+000  0.544689485015045E+000  0.920974695397335E+000  0.499481891713551E+000 -0.131028262406404E+000 -0.153589890516639E+003 -0.153589890516639E+003
  0.101699725327431E+000  0.513365747881896E+000  0.704070895501929E+000  0.493268899342850E+000 -0.131028262406404E+000 -0.153590295849911E+003 -0.153590295849911E+003
  0.108319039919128E+000  0.528935122127513E+000  0.812081698808746E+000  0.496821330125384E+000 -0.131028262406404E+000 -0.153590810096871E+003 -0.153590810096871E+003
  0.101365747257928E+000  0.532573044269805E+000  0.970586466821947E+000  0.496223246261818E+000 -0.131028262406404E+000 -0.153590023587128E+003 -0.153590023587128E+003
  0.104039234556952E+000  0.501138034134146E+000  0.858828250198994E+000  0.492537836057302E+000 -0.131028262406404E+000 -0.153590514713636E+003 -0.153590514713636E+003
  0.100672629017072E+000  0.503743976391319E+000  0.715117221891491E+000  0.490059077318297E+000 -0.131028262406404E+000 -0.153590640308383E+003 -0.153590640308383E+003
  0.106821989660296E+000  0.500902265481617E+000  0.836668388029078E+000  0.498339189972279E+000 -0.131028262406404E+000 -0.153589653792196E+003 -0.153589653792196E+003
  0.103671035248610E+000  0.511157316160191E+000  0.854300269249510E+000  0.492930616500122E+000 -0.131028262406404E+000 -0.153590595713469E+003 -0.153590595713469E+003
  0.105265432649824E+000  0.526239890001705E+000  0.982894265497988E+000  0.496907079277276E+000 -0.131028262406404E+000 -0.153590273901154E+003 -0.153590273901154E+003
  0.103174855645608E+000  0.581838268070449E+000  0.912463177694019E+000  0.499255208001132E+000 -0.131028262406404E+000 -0.153590845366540E+003 -0.153590845366540E+003
  0.104284082486508E+000  0.508675948816284E+000  0.871272700676962E+000  0.496110793182424E+000 -0.131028262406404E+000 -0.153589934657152E+003 -0.153589934657152E+003
  0.100884156712859E+000  0.535020288689913E+000  0.941101014996954E+000  0.493001469919965E+000 -0.131028262406404E+000 -0.153590744780045E+003 -0.153590744780045E+003
  0.103337066980884E+000  0.526396383367607E+000  0.728335039023338E+000  0.494334328168711E+000 -0.131028262406404E+000 -0.153590584073805E+003 -0.153590584073805E+003
  0.105878555757437E+000  0.507032540390511E+000  0.981870957625855E+000  0.492232660398984E+000 -0.131028262406404E+000 -0.153590975455263E+003 -0.153590975455263E+003
  0.104150741566563E+000  0.502374881953887E+000  0.951282605333120E+000  0.496099902908530E+000 -0.131028262406404E+000 -0.153589794200860E+003 -0.153589794200860E+003
  0.102504994543113E+000  0.543570371161485E+000  0.818832832714945E+000  0.498381012264824E+000 -0.131028262406404E+000 -0.153589945767173E+003 -0.153589945767173E+003
  0.110358898710636E+000  0.515721847304806E+000  0.936382793188322E+000  0.496491885092921E+000 -0.131028262406404E+000 -0.153590883747134E+003 -0.153590883747134E+003
  0.102346152485009E+000  0.523116061053212E+000  0.743748929266244E+000  0.494110333761800E+000 -0.131028262406404E+000 -0.153590417378631E+003 -0.153590417378631E+003
  0.106406606263821E+000  0.528224164153953E+000  0.706777875798307E+000  0.495398638593613E+000 -0.131028262406404E+000 -0.153590834852130E+003 -0.153590834852130E+003
  0.104361512306086E+000  0.558652954285082E+000  0.818997114045455E+000  0.497699677265521E+000 -0.131028262406404E+000 -0.153590760202704E+003 -0.153590760202704E+003
  0.103870548698083E+000  0.536511246150655E+000  0.685776066554852E+000  0.499083872058096E+000 -0.131028262406404E+000 -0.153589814339674E+003 -0.153589814339674E+003
  0.100119250504879E+000  0.577730693417313E+000  0.718383076483131E+000  0.497977254026506E+000 -0.131028262406404E+000 -0.153590580101610E+003 -0.153590580101610E+003
  0.108158404581919E+000  0.503519371322502E+000  0.955115046738912E+000  0.499633012164360E+000 -0.131028262406404E+000 -0.153589611398391E+003 -0.153589611398391E+003
  0.110373530901174E+000  0.514647672854136E+000  0.863654068434450E+000  0.497347834615010E+000 -0.131028262406404E+000 -0.153590665339892E+003 -0.153590665339892E+003
  0.108782309081617E+000  0.504885040920552E+000  0.886153934377752E+000  0.496459252217294E+000 -0.131028262406404E+000 -0.153590414711008E+003 -0.153590414711008E+003
  0.102481609336431E+000  0.531592151627968E+000  0.839578804435569E+000  0.496749566750111E+000 -0.131028262406404E+000 -0.153590037381480E+003 -0.153590037381480E+003
  0.100897975777156E+000  0.598691891530450E+000  0.894933278219741E+000  0.499482031892447E+000 -0.131028262406404E+000 -0.153590942381204E+003 -0.153590942381204E+003
  0.102397325036374E+000  0.503153620299491E+000  0.971387330935733E+000  0.496925659276626E+000 -0.131028262406404E+000 -0.153589406169538E+003 -0.153589406169538E+003
  0.101386180854523E+000  0.536110483226204E+000  0.756681310674617E+000  0.498152920240806E+000 -0.131028262406404E+000 -0.153589673490583E+003 -0.153589673490583E+003
  0.103151113511603E+000  0.573365547600627E+000  0.701875254442778E+000  0.499536793869454E+000 -0.131028262406404E+000 -0.153590528143753E+003 -0.153590528143753E+003
  0.103286972479170E+000  0.509180419495489E+000  0.908168514231552E+000  0.491793870070932E+000 -0.131028262406404E+000 -0.153590747633028E+003 -0.153590747633028E+003
  0.108378016903217E+000  0.506771602231861E+000  0.855609725758940E+000  0.495763977921943E+000 -0.131028262406404E+000 -0.153590549741212E+003 -0.153590549741212E+003
  0.104948015906884E+000  0.505802950055989E+000  0.927206696982707E+000  0.493350547503659E+000 -0.131028262406404E+000 -0.153590566244517E+003 -0.153590566244517E+003
  0.111030343331453E+000  0.535369505555770E+000  0.846500451715853E+000  0.498708838816339E+000 -0.131028262406404E+000 -0.153590944500679E+003 -0.153590944500679E+003
  0.107864026846234E+000  0.563939540982647E+000  0.983571557120655E+000  0.499944558048949E+000 -0.131028262406404E+000 -0.153590897531515E+003 -0.153590897531515E+003
  0.102670286398220E+000  0.520198101099604E+000  0.953774120934878E+000  0.498177644349371E+000 -0.131028262406404E+000 -0.153589504366854E+003 -0.153589504366854E+003
  0.115314567213541E+000  0.504174316430939E+000  0.946101385508202E+000  0.499606392231604E+000 -0.131028262406404E+000 -0.153590684244712E+003 -0.153590684244712E+003
  0.102369304254834E+000  0.502143393923884E+000  0.820066930140847E+000  0.493368043846959E+000 -0.131028262406404E+000 -0.153590129261352E+003 -0.153590129261352E+003
  0.103100384441047E+000  0.573844398425829E+000  0.987938200464646E+000  0.498111128865272E+000 -0.131028262406404E+000 -0.153590888884497E+003 -0.153590888884497E+003
  0.101378783457495E+000  0.574481060683924E+000  0.909034012751136E+000  0.499252766777384E+000 -0.131028262406404E+000 -0.153590363154302E+003 -0.153590363154302E+003
  0.102703724586365E+000  0.542250956848153E+000  0.829596405130009E+000  0.494146169402421E+000 -0.131028262406404E+000 -0.153590927781017E+003 -0.153590927781017E+003
  0.105689073178351E+000  0.515918274267844E+000  0.934913929522164E+000  0.497687922847337E+000 -0.131028262406404E+000 -0.153589934440810E+003 -0.153589934440810E+003
  0.102850096061874E+000  0.517933209750683E+000  0.739290894292600E+000  0.492463146031901E+000 -0.131028262406404E+000 -0.153590737570731E+003 -0.153590737570731E+003
  0.100684233827196E+000  0.509949228053148E+000  0.980785945968960E+000  0.495710783794801E+000 -0.131028262406404E+000 -0.153589568192812E+003 -0.153589568192812E+003
  0.100666487528940E+000  0.539489981309357E+000  0.729299641213917E+000  0.495992246409046E+000 -0.131028262406404E+000 -0.153590139201052E+003 -0.153590139201052E+003
  0.110669318123455E+000  0.502570367385409E+000  0.924720214545422E+000  0.499494738821583E+000 -0.131028262406404E+000 -0.153589977785633E+003 -0.153589977785633E+003
  0.100776666975146E+000  0.587884182099636E+000  0.779448204694046E+000  0.499928713382821E+000 -0.131028262406404E+000 -0.153590484127847E+003 -0.153590484127847E+003
  0.101687446631257E+000  0.533419467156542E+000  0.833693171205654E+000  0.497692649973460E+000 -0.131028262406404E+000 -0.153589757771086E+003 -0.153589757771086E+003
  0.106700922774508E+000  0.542516014439770E+000  0.951390589186889E+000  0.497636961500854E+000 -0.131028262406404E+000 -0.153590708707810E+003 -0.153590708707810E+003
  0.107715843932101E+000  0.501684087450561E+000  0.824373680738557E+000  0.493299661707341E+000 -0.131028262406404E+000 -0.153590887360993E+003 -0.153590887360993E+003
  0.110147701897736E+000  0.523364376500106E+000  0.881653841980905E+000  0.497016534916603E+000 -0.131028262406404E+000 -0.153590910724317E+003 -0.153590910724317E+003
  0.102522799605082E+000  0.510322160165117E+000  0.996489041431490E+000  0.490794744677787E+000 -0.131028262406404E+000 -0.153590885800740E+003 -0.153590885800740E+003
  0.106626456312021E+000  0.524743077306490E+000  0.954949035714449E+000  0.499837760577292E+000 -0.131028262406404E+000 -0.153589775071361E+003 -0.153589775071361E+003
  0.100638237773793E+000  0.546740838265681E+000  0.767051606086618E+000  0.494323969652591E+000 -0.131028262406404E+000 -0.153590698568708E+003 -0.153590698568708E+003
  0.109520750985509E+000  0.540928915894633E+000  0.795374275224032E+000  0.498428247350187E+000 -0.131028262406404E+000 -0.153590915259674E+003 -0.153590915259674E+003
  0.100386183218687E+000  0.529951696441501E+000  0.949188990854959E+000  0.492059498484141E+000 -0.131028262406404E+000 -0.153590763991849E+003 -0.153590763991849E+003
  0.106556599104906E+000  0.510469642271134E+000  0.855154019259789E+000  0.497292307639630E+000 -0.131028262406404E+000 -0.153590029741794E+003 -0.153590029741794E+003
  0.101544291103490E+000  0.516161282331332E+000  0.762771928093398E+000  0.493033462014740E+000 -0.131028262406404E+000 -0.153590387440426E+003 -0.153590387440426E+003
  0.111270808697069E+000  0.516512044124895E+000  0.822956165675750E+000  0.497392982080744E+000 -0.131028262406404E+000 -0.153590835056041E+003 -0.153590835056041E+003
  0.101292748139402E+000  0.519412255951926E+000  0.770765385090009E+000  0.493654222589339E+000 -0.131028262406404E+000 -0.153590288665514E+003 -0.153590288665514E+003
  0.102288587821731E+000  0.532581415239134E+000  0.944025945500795E+000  0.493028759272317E+000 -0.131028262406404E+000 -0.153590881223865E+003 -0.153590881223865E+003
  0.113788497583490E+000  0.504633262173970E+000  0.934499203104627E+000  0.497902440574881E+000 -0.131028262406404E+000 -0.153590840998287E+003 -0.153590840998287E+003
  0.100839555622668E+000  0.540488421061582E+000  0.935675786723050E+000  0.498593545641918E+000 -0.131028262406404E+000 -0.153589598081632E+003 -0.153589598081632E+003
  0.112185841191239E+000  0.508167215632894E+000  0.897214257510090E+000  0.498205009019169E+000 -0.131028262406404E+000 -0.153590602992875E+003 -0.153590602992875E+003
  0.103020635763131E+000  0.529478327024749E+000  0.723025312899022E+000  0.493545393423373E+000 -0.131028262406404E+000 -0.153590792497974E+003 -0.153590792497974E+003
  0.103138675161525E+000  0.535196941284199E+000  0.954541681680024E+000  0.498589830936285E+000 -0.131028262406404E+000 -0.153589794865973E+003 -0.153589794865973E+003
  0.108516257947438E+000  0.538084898987914E+000  0.881620583132403E+000  0.498894275970349E+000 -0.131028262406404E+000 -0.153590575952767E+003 -0.153590575952767E+003
  0.104527481935815E+000  0.551233912763482E+000  0.942711852199058E+000  0.496473586990058E+000 -0.131028262406404E+000 -0.153590883676744E+003 -0.153590883676744E+003
  0.107605310011003E+000  0.563035922691406E+000  0.986615885433741E+000  0.499332633134414E+000 -0.131028262406404E+000 -0.153590984347204E+003 -0.153590984347204E+003
  0.110736445747136E+000  0.517884260725279E+000  0.905579068942339E+000  0.499050779999586E+000 -0.131028262406404E+000 -0.153590404580104E+003 -0.153590404580104E+003
  0.101309922113242E+000  0.559057201396323E+000  0.905882688600897E+000  0.495640401328515E+000 -0.131028262406404E+000 -0.153590809828573E+003 -0.153590809828573E+003
  0.105841211570542E+000  0.548852805594654E+000  0.909236704393326E+000  0.497258830689014E+000 -0.131028262406404E+000 -0.153590832001690E+003 -0.153590832001690E+003
  0.106447685910799E+000  0.511610343354325E+000  0.987832591174262E+000  0.499513105427430E+000 -0.131028262406404E+000 -0.153589555469010E+003 -0.153589555469010E+003
  0.101597775159479E+000  0.572737943047925E+000  0.988027395553521E+000  0.499355833261808E+000 -0.131028262406404E+000 -0.153590322656561E+003 -0.153590322656561E+003
  0.108611851519013E+000  0.538047718042138E+000  0.793658146999054E+000  0.497701743560800E+000 -0.131028262406404E+000 -0.153590873848775E+003 -0.153590873848775E+003
  0.111633345029429E+000  0.513741533938572E+000  0.907452407560110E+000  0.497949220784846E+000 -0.131028262406404E+000 -0.153590699831153E+003 -0.153590699831153E+003
  0.102217320724965E+000  0.520069963330300E+000  0.760843535699956E+000  0.492579990900393E+000 -0.131028262406404E+000 -0.153590671113175E+003 -0.153590671113175E+003
  0.107337704676637E+000  0.559920565208077E+000  0.909180502074584E+000  0.499786102421429E+000 -0.131028262406404E+000 -0.153590742722007E+003 -0.153590742722007E+003
  0.100813524511366E+000  0.564806703388422E+000  0.769370920647133E+000  0.499745726237879E+000 -0.131028262406404E+000 -0.153589906779652E+003 -0.153589906779652E+003
  0.105695105402022E+000  0.502969822385661E+000  0.872737429667400E+000  0.493041119436071E+000 -0.131028262406404E+000 -0.153590678883232E+003 -0.153590678883232E+003
  0.104706377390882E+000  0.512429210880888E+000  0.863910629327791E+000  0.493871074689703E+000 -0.131028262406404E+000 -0.153590563243667E+003 -0.153590563243667E+003
  0.102191928263294E+000  0.501822786445370E+000  0.943232082413328E+000  0.492779505572972E+000 -0.131028262406404E+000 -0.153590223875239E+003 -0.153590223875239E+003
