  0.100939292006141E+000  0.509694276692298E+000  0.450405537833916E+000  0.490929726513729E+000 -0.131028262406404E+000 -0.153590619956104E+003 -0.153590619956104E+003
  0.103529898564947E+000  0.502033053245939E+000  0.489637733727841E+000  0.497946808143034E+000 -0.131028262406404E+000 -0.153589320057608E+003 -0.153589320057608E+003
  0.104209151473571E+000  0.567033864535802E+000  0.168625654027776E+000  0.498925785057421E+000 -0.131028262406404E+000 -0.153590665126692E+003 -0.153590665126692E+003
  0.109005949075219E+000  0.533120374337498E+000  0.459209776556875E+000  0.498143908189535E+000 -0.131028262406404E+000 -0.153590706706249E+003 -0.153590706706249E+003
  0.108305272700224E+000  0.536454795999412E+000  0.372100696824031E+000  0.497318945649829E+000 -0.131028262406404E+000 -0.153590877273142E+003 -0.153590877273142E+003
  0.109405849759314E+000  0.510627573704851E+000  0.191967447517582E+000  0.494949135422350E+000 -0.131028262406404E+000 -0.153590972748459E+003 -0.153590972748459E+003
  0.103651646097202E+000  0.507618896732465E+000  0.351930932695766E+000  0.492563662276143E+000 -0.131028262406404E+000 -0.153590595125732E+003 -0.153590595125732E+003
  0.105621875432389E+000  0.569347941095519E+000  0.306695567073426E+000  0.499295499828328E+000 -0.131028262406404E+000 -0.153590857383332E+003 -0.153590857383332E+003
  0.101163011821367E+000  0.591031847735628E+000  0.224076518731584E+000  0.498910890866244E+000 -0.131028262406404E+000 -0.153590894551396E+003 -0.153590894551396E+003
  0.103571819000845E+000  0.583085688347396E+000  0.191471406213077E+000  0.499264218075642E+000 -0.131028262406404E+000 -0.153590942441599E+003 -0.153590942441599E+003
  0.101493692880428E+000  0.578607511559419E+000  0.189646882789008E+000  0.498246642214311E+000 -0.131028262406404E+000 -0.153590745368062E+003 -0.153590745368062E+003
  0.100972456852399E+000  0.540548867242323E+000  0.234523549774119E+000  0.495754193942366E+000 -0.131028262406404E+000 -0.153590261418516E+003 -0.153590261418516E+003
  0.101444621640089E+000  0.504856435528556E+000  0.300790310138658E+000  0.494012699501024E+000 -0.131028262406404E+000 -0.153589924484335E+003 -0.153589924484335E+003
  0.102014334519241E+000  0.506915066424122E+000  0.180278672399253E+000  0.489663989219020E+000 -0.131028262406404E+000 -0.153590984492785E+003 -0.153590984492785E+003
  0.102467250893813E+000  0.507161456069135E+000  0.451443008822878E+000  0.496044568974298E+000 -0.131028262406404E+000 -0.153589675394120E+003 -0.153589675394120E+003
  0.100855341898362E+000  0.582978953629447E+000  0.203084515958089E+000  0.499485033034618E+000 -0.131028262406404E+000 -0.153590465688908E+003 -0.153590465688908E+003
  0.105948299292337E+000  0.514904814900653E+000  0.304534817002253E+000  0.496661827508593E+000 -0.131028262406404E+000 -0.153590175778296E+003 -0.153590175778296E+003
  0.107534061342998E+000  0.504482910487589E+000  0.413599437349409E+000  0.497768391048657E+000 -0.131028262406404E+000 -0.153589942729256E+003 -0.153589942729256E+003
  0.104965610832504E+000  0.561538084999252E+000  0.198141845757707E+000  0.499832581922642E+000 -0.131028262406404E+000 -0.153590409104117E+003 -0.153590409104117E+003
  0.104005400020788E+000  0.531555727242981E+000  0.207709605850881E+000  0.497980148143287E+000 -0.131028262406404E+000 -0.153589972020430E+003 -0.153589972020430E+003
  0.116784038631109E+000  0.505403199175374E+000  0.238796633018525E+000  0.499866225389887E+000 -0.131028262406404E+000 -0.153590884281813E+003 -0.153590884281813E+003
  0.116622949683849E+000  0.506720793587585E+000  0.269033498041408E+000  0.499782557773708E+000 -0.131028262406404E+000 -0.153590906482960E+003 -0.153590906482960E+003
  0.102311605446898E+000  0.574242855698796E+000  0.474688628950625E+000  0.499368668386528E+000 -0.131028262406404E+000 -0.153590467274514E+003 -0.153590467274514E+003
  0.108519416302627E+000  0.510531428238832E+000  0.362445298472746E+000  0.497980659478655E+000 -0.131028262406404E+000 -0.153590159439348E+003 -0.153590159439348E+003
  0.101702632364122E+000  0.512506427602452E+000  0.231747009311840E+000  0.495807245574678E+000 -0.131028262406404E+000 -0.153589730900627E+003 -0.153589730900627E+003
  0.103623139425151E+000  0.531394169617528E+000  0.486933189401418E+000  0.498311660728606E+000 -0.131028262406404E+000 -0.153589840319953E+003 -0.153589840319953E+003
  0.109028305517334E+000  0.500011779291964E+000  0.425594251546487E+000  0.495537157300273E+000 -0.131028262406404E+000 -0.153590550562839E+003 -0.153590550562839E+003
  0.100786687753362E+000  0.528506212605605E+000  0.485058819155336E+000  0.493227432687993E+000 -0.131028262406404E+000 -0.153590521974421E+003 -0.153590521974421E+003
  0.101062991741387E+000  0.552175072586787E+000  0.296571417335205E+000  0.496349093901129E+000 -0.131028262406404E+000 -0.153590424014046E+003 -0.153590424014046E+003
  0.100061884637006E+000  0.509743171901452E+000  0.237496759074991E+000  0.492452313885424E+000 -0.131028262406404E+000 -0.153590173588174E+003 -0.153590173588174E+003
  0.102104372812884E+000  0.522316255124481E+000  0.245796653144264E+000  0.493390457975967E+000 -0.131028262406404E+000 -0.153590525949487E+003 -0.153590525949487E+003
  0.104698640915230E+000  0.511924085184125E+000  0.283233918516221E+000  0.492450668558859E+000 -0.131028262406404E+000 -0.153590867196646E+003 -0.153590867196646E+003
  0.103932865733001E+000  0.554942118059903E+000  0.240990512533258E+000  0.497986271132465E+000 -0.131028262406404E+000 -0.153590527393404E+003 -0.153590527393404E+003
  0.105646951077189E+000  0.538844635542881E+000  0.155483189018366E+000  0.496804497075383E+000 -0.131028262406404E+000 -0.153590654225557E+003 -0.153590654225557E+003
  0.108044642542446E+000  0.535465341866375E+000  0.331973647921375E+000  0.497562686390608E+000 -0.131028262406404E+000 -0.153590754425483E+003 -0.153590754425483E+003
  0.103130886113060E+000  0.518057536882583E+000  0.342294043272531E+000  0.499970624570087E+000 -0.131028262406404E+000 -0.153589138343029E+003 -0.153589138343029E+003
  0.111438925637496E+000  0.505200315123633E+000  0.459529761772076E+000  0.496948541181392E+000 -0.131028262406404E+000 -0.153590707481243E+003 -0.153590707481243E+003
  0.104936767652592E+000  0.515572871582512E+000  0.253430186501128E+000  0.498789675043018E+000 -0.131028262406404E+000 -0.153589583508009E+003 -0.153589583508009E+003
  0.100520592356868E+000  0.520563292248683E+000  0.428383049222943E+000  0.496939352431820E+000 -0.131028262406404E+000 -0.153589496505551E+003 -0.153589496505551E+003
  0.102793726729828E+000  0.529897136306809E+000  0.254291124926190E+000  0.495865812216375E+000 -0.131028262406404E+000 -0.153590241569869E+003 -0.153590241569869E+003
  0.103460870770246E+000  0.562822185441125E+000  0.326132734347925E+000  0.498639603621309E+000 -0.131028262406404E+000 -0.153590507130359E+003 -0.153590507130359E+003
  0.109466383731866E+000  0.536519802027039E+000  0.378481674049563E+000  0.497909799573495E+000 -0.131028262406404E+000 -0.153590918636838E+003 -0.153590918636838E+003
  0.102386472175352E+000  0.559842642394990E+000  0.161899529116438E+000  0.499502257727362E+000 -0.131028262406404E+000 -0.153590063685364E+003 -0.153590063685364E+003
  0.101277874337847E+000  0.577842804800791E+000  0.475305456059566E+000  0.498971711525000E+000 -0.131028262406404E+000 -0.153590510862833E+003 -0.153590510862833E+003
  0.104969419703160E+000  0.515418379219005E+000  0.506525839695330E+000  0.493148383362021E+000 -0.131028262406404E+000 -0.153590831118346E+003 -0.153590831118346E+003
  0.104594364788476E+000  0.544750911603759E+000  0.242482182128536E+000  0.496640490743195E+000 -0.131028262406404E+000 -0.153590684479065E+003 -0.153590684479065E+003
  0.102140210644418E+000  0.543973619907268E+000  0.261083471430182E+000  0.498275838307726E+000 -0.131028262406404E+000 -0.153589928282971E+003 -0.153589928282971E+003
  0.103321214859901E+000  0.503572368423034E+000  0.373505389746755E+000  0.496127006110770E+000 -0.131028262406404E+000 -0.153589701194216E+003 -0.153589701194216E+003
  0.108175255399161E+000  0.517279772354087E+000  0.309967899487378E+000  0.499712310692215E+000 -0.131028262406404E+000 -0.153589866904675E+003 -0.153589866904675E+003
  0.104899386644364E+000  0.501924569086998E+000  0.477624135651973E+000  0.492710958663771E+000 -0.131028262406404E+000 -0.153590614943784E+003 -0.153590614943784E+003
  0.106428573220746E+000  0.504457699448266E+000  0.491534689462042E+000  0.495333559784439E+000 -0.131028262406404E+000 -0.153590314238044E+003 -0.153590314238044E+003
  0.101223034205278E+000  0.592549693653149E+000  0.391370128973320E+000  0.499965466022899E+000 -0.131028262406404E+000 -0.153590680697738E+003 -0.153590680697738E+003
  0.100954706345853E+000  0.502401680067874E+000  0.165842884850075E+000  0.495341674810186E+000 -0.131028262406404E+000 -0.153589535802280E+003 -0.153589535802280E+003
  0.108704549516710E+000  0.524070366464592E+000  0.163137585946181E+000  0.499300361365399E+000 -0.131028262406404E+000 -0.153590181846292E+003 -0.153590181846292E+003
  0.110484004076586E+000  0.507352681782364E+000  0.293125264351344E+000  0.496705371645058E+000 -0.131028262406404E+000 -0.153590664930505E+003 -0.153590664930505E+003
  0.109107360791530E+000  0.513387765172438E+000  0.301258974285631E+000  0.497491744561559E+000 -0.131028262406404E+000 -0.153590415237966E+003 -0.153590415237966E+003
  0.110942914269271E+000  0.540065360366012E+000  0.277044036238408E+000  0.499051977507342E+000 -0.131028262406404E+000 -0.153590967653129E+003 -0.153590967653129E+003
  0.100897686092587E+000  0.501902593350995E+000  0.305347469426164E+000  0.493458301188754E+000 -0.131028262406404E+000 -0.153589910678667E+003 -0.153589910678667E+003
  0.102326202700781E+000  0.521057453748578E+000  0.444273751491332E+000  0.495101368268251E+000 -0.131028262406404E+000 -0.153590148186174E+003 -0.153590148186174E+003
  0.106764966073506E+000  0.523491783831985E+000  0.358184379175505E+000  0.499480850328455E+000 -0.131028262406404E+000 -0.153589847942320E+003 -0.153589847942320E+003
  0.105024583182266E+000  0.560140778307302E+000  0.408989202766048E+000  0.499102997868656E+000 -0.131028262406404E+000 -0.153590558905691E+003 -0.153590558905691E+003
  0.104258084283783E+000  0.528376423947424E+000  0.238274026722213E+000  0.495672464359501E+000 -0.131028262406404E+000 -0.153590458895038E+003 -0.153590458895038E+003
  0.106438437174950E+000  0.505521959382244E+000  0.397791491972045E+000  0.494675517073643E+000 -0.131028262406404E+000 -0.153590482068616E+003 -0.153590482068616E+003
  0.102405054679825E+000  0.505790965305617E+000  0.243034619605378E+000  0.494612872797876E+000 -0.131028262406404E+000 -0.153589943401919E+003 -0.153589943401919E+003
  0.101619655707252E+000  0.520013965224288E+000  0.343882726110703E+000  0.499956076016115E+000 -0.131028262406404E+000 -0.153588984330099E+003 -0.153588984330099E+003
  0.108387733062206E+000  0.517060774158076E+000  0.411926923749175E+000  0.499806151593747E+000 -0.131028262406404E+000 -0.153589871950053E+003 -0.153589871950053E+003
  0.105950000534790E+000  0.503589058939956E+000  0.245210401923342E+000  0.498907945693992E+000 -0.131028262406404E+000 -0.153589465799552E+003 -0.153589465799552E+003
  0.100858361305642E+000  0.509507423736014E+000  0.383450819479013E+000  0.498226328628017E+000 -0.131028262406404E+000 -0.153589057978652E+003 -0.153589057978652E+003
  0.100856828519588E+000  0.536898447076269E+000  0.420047316265050E+000  0.494005372207876E+000 -0.131028262406404E+000 -0.153590557007283E+003 -0.153590557007283E+003
  0.103418363656919E+000  0.523546961278848E+000  0.454469027579851E+000  0.494708110499674E+000 -0.131028262406404E+000 -0.153590444752786E+003 -0.153590444752786E+003
  0.106458574604247E+000  0.504750493008663E+000  0.423280479049285E+000  0.499640605776428E+000 -0.131028262406404E+000 -0.153589400887051E+003 -0.153589400887051E+003
  0.103514353604640E+000  0.508881382733753E+000  0.173834827158939E+000  0.495885192062408E+000 -0.131028262406404E+000 -0.153589882860656E+003 -0.153589882860656E+003
  0.105289549565760E+000  0.504600886381959E+000  0.223922173339596E+000  0.499798673571952E+000 -0.131028262406404E+000 -0.153589209922543E+003 -0.153589209922543E+003
  0.102405741438449E+000  0.547145998120643E+000  0.211647681271156E+000  0.499278375023949E+000 -0.131028262406404E+000 -0.153589809167173E+003 -0.153589809167173E+003
  0.102333218200392E+000  0.522512706299307E+000  0.178383937195978E+000  0.496663949412613E+000 -0.131028262406404E+000 -0.153589836755549E+003 -0.153589836755549E+003
  0.101959637280734E+000  0.539677720168458E+000  0.279963895979726E+000  0.496015206679940E+000 -0.131028262406404E+000 -0.153590320043821E+003 -0.153590320043821E+003
  0.104602830249197E+000  0.564716284066013E+000  0.280607991467571E+000  0.499343418592020E+000 -0.131028262406404E+000 -0.153590558948825E+003 -0.153590558948825E+003
  0.101846952223890E+000  0.534055761679098E+000  0.317642670529276E+000  0.495074495843926E+000 -0.131028262406404E+000 -0.153590384729488E+003 -0.153590384729488E+003
  0.100020980380953E+000  0.519476142316694E+000  0.438514543601914E+000  0.489944859990139E+000 -0.131028262406404E+000 -0.153590934954244E+003 -0.153590934954244E+003
  0.103161674627307E+000  0.526330776631076E+000  0.462795829148525E+000  0.495125628944245E+000 -0.131028262406404E+000 -0.153590378408277E+003 -0.153590378408277E+003
  0.102395050071766E+000  0.539261299555578E+000  0.192821955186404E+000  0.499494904552741E+000 -0.131028262406404E+000 -0.153589578755437E+003 -0.153589578755437E+003
  0.108431635739747E+000  0.534833529967288E+000  0.343634837388776E+000  0.499605514528438E+000 -0.131028262406404E+000 -0.153590317219744E+003 -0.153590317219744E+003
  0.111932874206132E+000  0.501634918619278E+000  0.500292288082005E+000  0.499954407980878E+000 -0.131028262406404E+000 -0.153590043495093E+003 -0.153590043495093E+003
  0.110859870324785E+000  0.520608156812657E+000  0.242886902184775E+000  0.498553230395194E+000 -0.131028262406404E+000 -0.153590598748164E+003 -0.153590598748164E+003
  0.104734160908352E+000  0.545050170124219E+000  0.239904909453045E+000  0.498918867057041E+000 -0.131028262406404E+000 -0.153590175255696E+003 -0.153590175255696E+003
  0.105317307079546E+000  0.572162518444024E+000  0.286619016858999E+000  0.499083783272477E+000 -0.131028262406404E+000 -0.153590943184538E+003 -0.153590943184538E+003
  0.108541774406083E+000  0.535110437921581E+000  0.331907305497523E+000  0.497074613913740E+000 -0.131028262406404E+000 -0.153590938131609E+003 -0.153590938131609E+003
  0.102410114157973E+000  0.513006029665954E+000  0.379622251560630E+000  0.497779631658980E+000 -0.131028262406404E+000 -0.153589413864759E+003 -0.153589413864759E+003
  0.102412027789078E+000  0.555275209856024E+000  0.499480495755067E+000  0.495717249356135E+000 -0.131028262406404E+000 -0.153590854063957E+003 -0.153590854063957E+003
  0.106955710503664E+000  0.523960256025946E+000  0.402848171133115E+000  0.496738685972994E+000 -0.131028262406404E+000 -0.153590506161227E+003 -0.153590506161227E+003
  0.116391801117933E+000  0.506022496462267E+000  0.495124156180709E+000  0.499789588808858E+000 -0.131028262406404E+000 -0.153590852612852E+003 -0.153590852612852E+003
  0.103556440890290E+000  0.504272983728217E+000  0.493028622845492E+000  0.490631134598341E+000 -0.131028262406404E+000 -0.153590931003082E+003 -0.153590931003082E+003
  0.112257253063917E+000  0.518978442042600E+000  0.264190391954232E+000  0.498174921352255E+000 -0.131028262406404E+000 -0.153590864899031E+003 -0.153590864899031E+003
  0.100261519654218E+000  0.588858436060084E+000  0.304287587071521E+000  0.499252082056082E+000 -0.131028262406404E+000 -0.153590604829525E+003 -0.153590604829525E+003
  0.104038153163025E+000  0.555245643705823E+000  0.239843012984502E+000  0.499313666635662E+000 -0.131028262406404E+000 -0.153590232844428E+003 -0.153590232844428E+003
  0.110371810732360E+000  0.502992865365648E+000  0.206812899522930E+000  0.496812492570499E+000 -0.131028262406404E+000 -0.153590530396323E+003 -0.153590530396323E+003
  0.101178576846675E+000  0.563201452716358E+000  0.330957822788298E+000  0.496397176540453E+000 -0.131028262406404E+000 -0.153590720286794E+003 -0.153590720286794E+003
  0.103911555037767E+000  0.507477744613194E+000  0.324656395796127E+000  0.496912764246866E+000 -0.131028262406404E+000 -0.153589688950491E+003 -0.153589688950491E+003
  0.103589741949416E+000  0.543937359681936E+000  0.252680532107285E+000  0.498217793917675E+000 -0.131028262406404E+000 -0.153590146351253E+003 -0.153590146351253E+003
  0.103149229965079E+000  0.533087549425752E+000  0.160350456623052E+000  0.493747028416069E+000 -0.131028262406404E+000 -0.153590853947556E+003 -0.153590853947556E+003
  0.105804336084300E+000  0.526940918970937E+000  0.217370087554483E+000  0.494821222198596E+000 -0.131028262406404E+000 -0.153590847191317E+003 -0.153590847191317E+003
  0.104101473851192E+000  0.521526007328377E+000  0.199890481461444E+000  0.494921049943779E+000 -0.131028262406404E+000 -0.153590447888711E+003 -0.153590447888711E+003
  0.101598841343847E+000  0.514742139769647E+000  0.342704283489039E+000  0.493713417854634E+000 -0.131028262406404E+000 -0.153590215115968E+003 -0.153590215115968E+003
