  0.100374817344990E+000  0.514307345357918E+000  0.265250595244422E+000  0.100505031568379E+000 -0.131028262406404E+000 -0.148441578909065E+003 -0.148441578909065E+003
  0.101618657351398E+000  0.869430010274733E+000  0.384148922675446E+000  0.101175761034550E+000 -0.131028262406404E+000 -0.148444433292117E+003 -0.148444433292117E+003
  0.100934999098910E+000  0.131864419847202E+001  0.917130401682123E-001  0.100332487078216E+000 -0.131028262406404E+000 -0.148444228329351E+003 -0.148444228329351E+003
  0.100676788406552E+000  0.594588934585875E+000  0.461523510590758E-001  0.100847778128490E+000 -0.131028262406404E+000 -0.148442414060654E+003 -0.148442414060654E+003
  0.100169556260823E+000  0.928375581129051E+000  0.189198278423531E+000  0.100188753731517E+000 -0.131028262406404E+000 -0.148442680102267E+003 -0.148442680102267E+003
  0.100277652361772E+000  0.951628788231597E+000  0.612460036072145E+000  0.101332931546325E+000 -0.131028262406404E+000 -0.148443712469059E+003 -0.148443712469059E+003
  0.100455784456119E+000  0.641490179795676E+000  0.891989227661198E+000  0.103040863765056E+000 -0.131028262406404E+000 -0.148444049021302E+003 -0.148444049021302E+003
  0.100082977661155E+000  0.999061190163234E+000  0.242397063930941E+000  0.101748558498950E+000 -0.131028262406404E+000 -0.148444004399569E+003 -0.148444004399569E+003
  0.100602386734203E+000  0.131286825051995E+001  0.483808232758761E+000  0.100120273210281E+000 -0.131028262406404E+000 -0.148443781168769E+003 -0.148443781168769E+003
  0.101534696099729E+000  0.113238916438673E+001  0.986402590629282E+000  0.100118386998972E+000 -0.131028262406404E+000 -0.148444227562230E+003 -0.148444227562230E+003
  0.100539739129874E+000  0.506225711071410E+000  0.567723467652116E+000  0.100799574432209E+000 -0.131028262406404E+000 -0.148441887085719E+003 -0.148441887085719E+003
  0.100068131840556E+000  0.649008764805981E+000  0.228529226363792E+000  0.100926025097702E+000 -0.131028262406404E+000 -0.148442206468602E+003 -0.148442206468602E+003
  0.101596383407946E+000  0.108287063410273E+001  0.384377402550067E+000  0.100148977352905E+000 -0.131028262406404E+000 -0.148444194260396E+003 -0.148444194260396E+003
  0.100024084179632E+000  0.618026495299716E+000  0.141593081467670E+000  0.101805250105477E+000 -0.131028262406404E+000 -0.148442691866124E+003 -0.148442691866124E+003
  0.100683260753214E+000  0.929277024187258E+000  0.262660987752685E+000  0.100134306377848E+000 -0.131028262406404E+000 -0.148443054005208E+003 -0.148443054005208E+003
  0.101065242022081E+000  0.126369101318999E+001  0.331439631744291E+000  0.100496031381896E+000 -0.131028262406404E+000 -0.148444385084162E+003 -0.148444385084162E+003
  0.100777867585659E+000  0.512555724028781E+000  0.259021112446950E+000  0.100408452566873E+000 -0.131028262406404E+000 -0.148441819988180E+003 -0.148441819988180E+003
  0.101005270686732E+000  0.854920808174952E+000  0.707768584343537E+000  0.100917752198080E+000 -0.131028262406404E+000 -0.148443691755903E+003 -0.148443691755903E+003
  0.101604299499904E+000  0.596000170968191E+000  0.140073634501749E+000  0.102606121985047E+000 -0.131028262406404E+000 -0.148444465228934E+003 -0.148444465228934E+003
  0.101632237901944E+000  0.975248730873717E+000  0.809986042209169E+000  0.100264506014026E+000 -0.131028262406404E+000 -0.148444046886905E+003 -0.148444046886905E+003
  0.101328938602039E+000  0.962428296529518E+000  0.159916425885610E+000  0.101066373950205E+000 -0.131028262406404E+000 -0.148444391932845E+003 -0.148444391932845E+003
  0.100211515167949E+000  0.680545671939636E+000  0.813165457623870E+000  0.100388414644486E+000 -0.131028262406404E+000 -0.148442044810830E+003 -0.148442044810830E+003
  0.100237645157279E+000  0.126221174812485E+001  0.213974032948148E+000  0.100093006401477E+000 -0.131028262406404E+000 -0.148443390451353E+003 -0.148443390451353E+003
  0.103645474868367E+000  0.592052900924603E+000  0.257316853795498E+000  0.100151897956679E+000 -0.131028262406404E+000 -0.148444244603170E+003 -0.148444244603170E+003
  0.100074502620792E+000  0.103282018895995E+001  0.971274152822706E+000  0.101689226173307E+000 -0.131028262406404E+000 -0.148444039664832E+003 -0.148444039664832E+003
  0.100485003040995E+000  0.100026865227855E+001  0.722929068389128E-001  0.101590173403205E+000 -0.131028262406404E+000 -0.148444214228833E+003 -0.148444214228833E+003
  0.102128728911074E+000  0.917602160583474E+000  0.813779303994448E+000  0.100050833836930E+000 -0.131028262406404E+000 -0.148444117687012E+003 -0.148444117687012E+003
  0.100465886822327E+000  0.116398851985768E+001  0.251525152038762E+000  0.101334449479325E+000 -0.131028262406404E+000 -0.148444381088374E+003 -0.148444381088374E+003
  0.101279789713532E+000  0.100863230417531E+001  0.134215192391524E+000  0.100382302466360E+000 -0.131028262406404E+000 -0.148443942258274E+003 -0.148443942258274E+003
  0.100018487700114E+000  0.158810486286417E+001  0.301518471941630E+000  0.100420850548072E+000 -0.131028262406404E+000 -0.148443765740726E+003 -0.148443765740726E+003
  0.100485708112815E+000  0.169674325795538E+001  0.247773319921905E+000  0.100644906540570E+000 -0.131028262406404E+000 -0.148444331306806E+003 -0.148444331306806E+003
  0.100169550610766E+000  0.724742620463955E+000  0.190616497149398E+000  0.101148772134050E+000 -0.131028262406404E+000 -0.148442743105058E+003 -0.148442743105058E+003
  0.100227128871673E+000  0.622138834844596E+000  0.746032811918693E+000  0.103850089636389E+000 -0.131028262406404E+000 -0.148444372365533E+003 -0.148444372365533E+003
  0.100184870377624E+000  0.124820565508761E+001  0.251977464620574E+000  0.100714274440658E+000 -0.131028262406404E+000 -0.148443815428703E+003 -0.148443815428703E+003
  0.100643366211051E+000  0.186280041078186E+001  0.537466377795558E+000  0.100705727356121E+000 -0.131028262406404E+000 -0.148444424214525E+003 -0.148444424214525E+003
  0.103044143634427E+000  0.611297260158403E+000  0.675334769778181E+000  0.100887548616291E+000 -0.131028262406404E+000 -0.148444404512350E+003 -0.148444404512350E+003
  0.100671164922864E+000  0.875289695536326E+000  0.285916977544313E+000  0.101145025587460E+000 -0.131028262406404E+000 -0.148443660001032E+003 -0.148443660001032E+003
  0.100556100323243E+000  0.553709709006479E+000  0.323780161850148E+000  0.101591331390109E+000 -0.131028262406404E+000 -0.148442686979299E+003 -0.148442686979299E+003
  0.100677311657822E+000  0.121030597455430E+001  0.756101915189193E+000  0.100279018963795E+000 -0.131028262406404E+000 -0.148443808754717E+003 -0.148443808754717E+003
  0.103021404459355E+000  0.530375097303411E+000  0.980717061503111E+000  0.100261279592024E+000 -0.131028262406404E+000 -0.148443565369682E+003 -0.148443565369682E+003
  0.102852437952752E+000  0.525472479926481E+000  0.780812339386161E+000  0.100160886331969E+000 -0.131028262406404E+000 -0.148443335097614E+003 -0.148443335097614E+003
  0.102424327297453E+000  0.546823893950836E+000  0.939461554969111E+000  0.101376683812362E+000 -0.131028262406404E+000 -0.148443994572333E+003 -0.148443994572333E+003
  0.100004231072273E+000  0.158928081453809E+001  0.584184476606786E+000  0.100997486649998E+000 -0.131028262406404E+000 -0.148444213442690E+003 -0.148444213442690E+003
  0.100198755672310E+000  0.111209382312602E+001  0.925451938589920E+000  0.101739607285152E+000 -0.131028262406404E+000 -0.148444369538504E+003 -0.148444369538504E+003
  0.101672127247280E+000  0.801852852620577E+000  0.605095668455428E-002  0.100653728542731E+000 -0.131028262406404E+000 -0.148443851695091E+003 -0.148443851695091E+003
  0.100861758945747E+000  0.144652502671514E+001  0.257087764619020E+000  0.100320151456145E+000 -0.131028262406404E+000 -0.148444296958473E+003 -0.148444296958473E+003
  0.100789550375203E+000  0.846387965659451E+000  0.719596556685141E+000  0.102222207643512E+000 -0.131028262406404E+000 -0.148444486031553E+003 -0.148444486031553E+003
  0.100238521128574E+000  0.852159038117320E+000  0.741807686693263E+000  0.102513870645497E+000 -0.131028262406404E+000 -0.148444275817003E+003 -0.148444275817003E+003
  0.100687799426052E+000  0.549437758683861E+000  0.959876632245390E+000  0.102365550480353E+000 -0.131028262406404E+000 -0.148443338136304E+003 -0.148443338136304E+003
  0.101103856014505E+000  0.180900870452853E+001  0.298071917565305E+000  0.100260884992475E+000 -0.131028262406404E+000 -0.148444483363695E+003 -0.148444483363695E+003
  0.101143975929052E+000  0.756186023987009E+000  0.381159208396107E+000  0.100831879228015E+000 -0.131028262406404E+000 -0.148443403210325E+003 -0.148443403210325E+003
  0.101029523650021E+000  0.511181433539246E+000  0.601073740330334E+000  0.100725758607979E+000 -0.131028262406404E+000 -0.148442244299884E+003 -0.148442244299884E+003
  0.100790944814124E+000  0.114076776771119E+001  0.562586564091930E+000  0.100232816760662E+000 -0.131028262406404E+000 -0.148443732816919E+003 -0.148443732816919E+003
  0.101295982652259E+000  0.805558652152750E+000  0.158948897783790E+000  0.100938495466961E+000 -0.131028262406404E+000 -0.148443779284619E+003 -0.148443779284619E+003
  0.100659252504480E+000  0.121211473299099E+001  0.757747519285304E+000  0.100818080895752E+000 -0.131028262406404E+000 -0.148444223227917E+003 -0.148444223227917E+003
  0.101559916282017E+000  0.544556489440944E+000  0.569254669224739E+000  0.101337695887932E+000 -0.131028262406404E+000 -0.148443264182631E+003 -0.148443264182631E+003
  0.100209780509489E+000  0.195417286199703E+001  0.310288688731122E+000  0.100581493722697E+000 -0.131028262406404E+000 -0.148443877215150E+003 -0.148443877215150E+003
  0.100839401022620E+000  0.659683525145185E+000  0.350602622486462E+000  0.102242322761025E+000 -0.131028262406404E+000 -0.148443845987582E+003 -0.148443845987582E+003
  0.101701646246330E+000  0.537657060592502E+000  0.740275675134813E+000  0.101048643188142E+000 -0.131028262406404E+000 -0.148443133721117E+003 -0.148443133721117E+003
  0.101464016510000E+000  0.789097082601377E+000  0.549002123470711E+000  0.100447821495420E+000 -0.131028262406404E+000 -0.148443483227584E+003 -0.148443483227584E+003
  0.100154585842753E+000  0.569180324472106E+000  0.565379707198770E+000  0.102281588732233E+000 -0.131028262406404E+000 -0.148442934970754E+003 -0.148442934970754E+003
  0.101661716669667E+000  0.590568283508101E+000  0.648211261570898E+000  0.101165064285630E+000 -0.131028262406404E+000 -0.148443418805919E+003 -0.148443418805919E+003
  0.100985749870613E+000  0.198808374431939E+001  0.396550282398528E+000  0.100283991308059E+000 -0.131028262406404E+000 -0.148444229956927E+003 -0.148444229956927E+003
  0.100119511398237E+000  0.692825531229471E+000  0.690528010141925E+000  0.100198414854885E+000 -0.131028262406404E+000 -0.148441876147759E+003 -0.148441876147759E+003
  0.102483492816434E+000  0.717066424350988E+000  0.361670112706631E+000  0.101002978921970E+000 -0.131028262406404E+000 -0.148444466530048E+003 -0.148444466530048E+003
  0.102718705141342E+000  0.503315553084291E+000  0.103298835486664E+000  0.101440387786803E+000 -0.131028262406404E+000 -0.148444077422370E+003 -0.148444077422370E+003
  0.100087806614821E+000  0.153914786940388E+001  0.704100307719333E+000  0.100302406101643E+000 -0.131028262406404E+000 -0.148443710621768E+003 -0.148443710621768E+003
  0.100873476614336E+000  0.927176733638076E+000  0.925877609698595E+000  0.101274513446055E+000 -0.131028262406404E+000 -0.148444081601307E+003 -0.148444081601307E+003
  0.101334941523473E+000  0.110045955175185E+001  0.257595213304289E+000  0.100503671639080E+000 -0.131028262406404E+000 -0.148444301988916E+003 -0.148444301988916E+003
  0.101071706626159E+000  0.129490109221695E+001  0.444293415549880E+000  0.100220927484595E+000 -0.131028262406404E+000 -0.148444217788623E+003 -0.148444217788623E+003
  0.100283978900388E+000  0.817650522869374E+000  0.723889299171720E+000  0.102545521415424E+000 -0.131028262406404E+000 -0.148444219363502E+003 -0.148444219363502E+003
  0.100556680786224E+000  0.199338444401093E+001  0.519995860822370E+000  0.100993182587827E+000 -0.131028262406404E+000 -0.148444436897929E+003 -0.148444436897929E+003
  0.100255821307093E+000  0.922268570518000E+000  0.612208256488204E+000  0.101891794582061E+000 -0.131028262406404E+000 -0.148444037888214E+003 -0.148444037888214E+003
  0.100638179992236E+000  0.140143370584118E+001  0.962715526079237E-001  0.100038566300981E+000 -0.131028262406404E+000 -0.148443848793098E+003 -0.148443848793098E+003
  0.101161756541276E+000  0.119399764075798E+001  0.477674893854919E+000  0.100001226454295E+000 -0.131028262406404E+000 -0.148443952404405E+003 -0.148443952404405E+003
  0.101545204589907E+000  0.683094237346872E+000  0.881318616943118E+000  0.101022568095336E+000 -0.131028262406404E+000 -0.148443596560935E+003 -0.148443596560935E+003
  0.104194758437592E+000  0.518172044022909E+000  0.245633995771007E+000  0.100049607192479E+000 -0.131028262406404E+000 -0.148444279154504E+003 -0.148444279154504E+003
  0.102871836642991E+000  0.682954483935583E+000  0.401712517449267E+000  0.100220758242674E+000 -0.131028262406404E+000 -0.148444049159068E+003 -0.148444049159068E+003
  0.100003987141726E+000  0.112962369379386E+001  0.540718963180511E+000  0.100551296080955E+000 -0.131028262406404E+000 -0.148443321042031E+003 -0.148443321042031E+003
  0.100338852501483E+000  0.910497932754173E+000  0.112353137011252E+000  0.102331658224863E+000 -0.131028262406404E+000 -0.148444406829601E+003 -0.148444406829601E+003
  0.100989080717813E+000  0.759842619781830E+000  0.464115083832094E+000  0.100499561014283E+000 -0.131028262406404E+000 -0.148443039951539E+003 -0.148443039951539E+003
  0.102139274893644E+000  0.849719164655476E+000  0.614675969409645E+000  0.100399675039374E+000 -0.131028262406404E+000 -0.148444189872388E+003 -0.148444189872388E+003
  0.100405371966251E+000  0.775242377258052E+000  0.239283734569187E+000  0.102782203588965E+000 -0.131028262406404E+000 -0.148444345425017E+003 -0.148444345425017E+003
  0.101406532010153E+000  0.684678705026061E+000  0.978426427043826E-001  0.102013671470617E+000 -0.131028262406404E+000 -0.148444236211824E+003 -0.148444236211824E+003
  0.100477410144052E+000  0.981789886004745E+000  0.354970800801375E+000  0.101205752364108E+000 -0.131028262406404E+000 -0.148443860788820E+003 -0.148443860788820E+003
  0.100224027651504E+000  0.549386864066179E+000  0.679356889592790E+000  0.102444578769793E+000 -0.131028262406404E+000 -0.148443020847148E+003 -0.148443020847148E+003
  0.100352225148850E+000  0.997582655715509E+000  0.695765247067696E+000  0.100700018793788E+000 -0.131028262406404E+000 -0.148443409924137E+003 -0.148443409924137E+003
  0.101949400522783E+000  0.531957570736242E+000  0.861609573182297E+000  0.100572271840045E+000 -0.131028262406404E+000 -0.148442954035504E+003 -0.148442954035504E+003
  0.100786777788580E+000  0.515849071645174E+000  0.213973630744635E+000  0.103437817681748E+000 -0.131028262406404E+000 -0.148444039663001E+003 -0.148444039663001E+003
  0.100347021762421E+000  0.166668957047512E+001  0.440192074462830E+000  0.100800906099576E+000 -0.131028262406404E+000 -0.148444345877059E+003 -0.148444345877059E+003
  0.100734846115695E+000  0.858170125278214E+000  0.456218861743695E+000  0.100373240496068E+000 -0.131028262406404E+000 -0.148443066913622E+003 -0.148443066913622E+003
  0.100198703466207E+000  0.109235918620116E+001  0.623848482090457E+000  0.101637579507515E+000 -0.131028262406404E+000 -0.148444245353820E+003 -0.148444245353820E+003
  0.100651885703209E+000  0.639613829140066E+000  0.340695117752198E+000  0.100117023442173E+000 -0.131028262406404E+000 -0.148442036030695E+003 -0.148442036030695E+003
  0.100211767136205E+000  0.768114442579790E+000  0.761109310146527E+000  0.102729806549077E+000 -0.131028262406404E+000 -0.148444121122907E+003 -0.148444121122907E+003
  0.102292936478296E+000  0.509470745268797E+000  0.590177063250283E-001  0.101288083890758E+000 -0.131028262406404E+000 -0.148443653779461E+003 -0.148443653779461E+003
  0.100312653308745E+000  0.145104082541837E+001  0.163767115109669E+000  0.101000443539494E+000 -0.131028262406404E+000 -0.148444394684464E+003 -0.148444394684464E+003
  0.102523635303710E+000  0.519295783975576E+000  0.829482324064420E+000  0.100236566217814E+000 -0.131028262406404E+000 -0.148443104034887E+003 -0.148443104034887E+003
  0.100368664144330E+000  0.744467786423810E+000  0.789643392439245E+000  0.100068376404001E+000 -0.131028262406404E+000 -0.148442164194548E+003 -0.148442164194548E+003
  0.101247462600964E+000  0.607579781843313E+000  0.297483476098908E+000  0.101262838935894E+000 -0.131028262406404E+000 -0.148443231595284E+003 -0.148443231595284E+003
  0.100735759975419E+000  0.750604172490985E+000  0.526199252473064E-001  0.101572364084546E+000 -0.131028262406404E+000 -0.148443613278501E+003 -0.148443613278501E+003
  0.100040890766869E+000  0.613815442246543E+000  0.758049110117705E+000  0.103506052271130E+000 -0.131028262406404E+000 -0.148443931499973E+003 -0.148443931499973E+003
  0.100849749435447E+000  0.181297888184187E+001  0.398071257864698E+000  0.100294079481685E+000 -0.131028262406404E+000 -0.148444300301031E+003 -0.148444300301031E+003
  0.100446179081997E+000  0.177762940897407E+001  0.373612377472048E+000  0.100010773244442E+000 -0.131028262406404E+000 -0.148443764787841E+003 -0.148443764787841E+003
  0.100221848527227E+000  0.600984814577115E+000  0.332535257860737E+000  0.101841449592200E+000 -0.131028262406404E+000 -0.148442805959764E+003 -0.148442805959764E+003
  0.101636700122095E+000  0.705196011565853E+000  0.883609678409174E+000  0.101809520517463E+000 -0.131028262406404E+000 -0.148444350003753E+003 -0.148444350003753E+003
  0.100515151253878E+000  0.764263773756959E+000  0.132724526466434E+000  0.100408684352349E+000 -0.131028262406404E+000 -0.148442606915579E+003 -0.148442606915579E+003
  0.100025967611610E+000  0.183349689322604E+001  0.615301276743527E+000  0.101213567724462E+000 -0.131028262406404E+000 -0.148444345357322E+003 -0.148444345357322E+003
  0.100213842465509E+000  0.129036110991870E+001  0.627309067016982E+000  0.100395902453373E+000 -0.131028262406404E+000 -0.148443652275374E+003 -0.148443652275374E+003
  0.100542927538085E+000  0.826541636014144E+000  0.634268972914460E+000  0.101547703832717E+000 -0.131028262406404E+000 -0.148443704887838E+003 -0.148443704887838E+003
  0.102556477798018E+000  0.698753771267597E+000  0.365538245278967E+000  0.100617810926123E+000 -0.131028262406404E+000 -0.148444161145132E+003 -0.148444161145132E+003
  0.101073217822513E+000  0.135194725884728E+001  0.630732562664001E-003  0.100338579933653E+000 -0.131028262406404E+000 -0.148444388073368E+003 -0.148444388073368E+003
  0.101898389638222E+000  0.714630481585848E+000  0.911757344768559E+000  0.101360487161458E+000 -0.131028262406404E+000 -0.148444258075414E+003 -0.148444258075414E+003
  0.101235241798102E+000  0.126507359283307E+001  0.334922062681100E+000  0.100156419537346E+000 -0.131028262406404E+000 -0.148444254894729E+003 -0.148444254894729E+003
  0.100427531431839E+000  0.933721222107905E+000  0.802235819925732E-002  0.100367898444175E+000 -0.131028262406404E+000 -0.148443040671864E+003 -0.148443040671864E+003
  0.100073657993112E+000  0.151501395903811E+001  0.375271722857003E-001  0.100482412100902E+000 -0.131028262406404E+000 -0.148443830284197E+003 -0.148443830284197E+003
  0.102108133130889E+000  0.559520497098844E+000  0.202470219745750E+000  0.101857075516334E+000 -0.131028262406404E+000 -0.148444154437930E+003 -0.148444154437930E+003
  0.100695535249958E+000  0.963434763987021E+000  0.609245183719964E-001  0.100715109770117E+000 -0.131028262406404E+000 -0.148443608186551E+003 -0.148443608186551E+003
  0.100121634187505E+000  0.613921521857050E+000  0.542842078023937E+000  0.101985079090588E+000 -0.131028262406404E+000 -0.148442885120188E+003 -0.148442885120188E+003
  0.101179796348701E+000  0.560526501279334E+000  0.114649787266885E+000  0.100373976918402E+000 -0.131028262406404E+000 -0.148442321463688E+003 -0.148442321463688E+003
  0.100229998559151E+000  0.535433282654346E+000  0.683287415149937E+000  0.103174777038272E+000 -0.131028262406404E+000 -0.148443489773511E+003 -0.148443489773511E+003
  0.100187417858606E+000  0.140927831886915E+001  0.853925798223980E+000  0.101113045240233E+000 -0.131028262406404E+000 -0.148444343611847E+003 -0.148444343611847E+003
  0.100187968567964E+000  0.968289694139722E+000  0.127601181052297E-001  0.100107992384954E+000 -0.131028262406404E+000 -0.148442742637002E+003 -0.148442742637002E+003
  0.100183163231374E+000  0.655676585775539E+000  0.932898908091267E+000  0.102836918680265E+000 -0.131028262406404E+000 -0.148443735865170E+003 -0.148443735865170E+003
  0.100641496528498E+000  0.618631671765590E+000  0.323511866388861E+000  0.102534408882776E+000 -0.131028262406404E+000 -0.148443729486101E+003 -0.148443729486101E+003
  0.101417327702786E+000  0.835460093573634E+000  0.110800841497598E+000  0.100621104503118E+000 -0.131028262406404E+000 -0.148443733595654E+003 -0.148443733595654E+003
  0.101950886766510E+000  0.569226624767737E+000  0.324270175539162E+000  0.100315857337937E+000 -0.131028262406404E+000 -0.148442926992251E+003 -0.148442926992251E+003
  0.101010054320812E+000  0.555145567126381E+000  0.317962523693664E+000  0.101658516812542E+000 -0.131028262406404E+000 -0.148443106502030E+003 -0.148443106502030E+003
  0.102410077706528E+000  0.599858406064818E+000  0.195819901322184E+000  0.100235091810812E+000 -0.131028262406404E+000 -0.148443359798161E+003 -0.148443359798161E+003
  0.100911738855922E+000  0.800711924751487E+000  0.222249317946105E+000  0.101829192058945E+000 -0.131028262406404E+000 -0.148444129952898E+003 -0.148444129952898E+003
  0.100460324532526E+000  0.193441697310407E+001  0.220059177242406E+000  0.100851309856122E+000 -0.131028262406404E+000 -0.148444319433387E+003 -0.148444319433387E+003
  0.100446547362883E+000  0.930947111812895E+000  0.400391466253177E+000  0.100432559773128E+000 -0.131028262406404E+000 -0.148443097886243E+003 -0.148443097886243E+003
  0.100088230680805E+000  0.185071378963026E+001  0.788610602561998E+000  0.100289480449212E+000 -0.131028262406404E+000 -0.148443648931755E+003 -0.148443648931755E+003
  0.101602945388218E+000  0.105513378066730E+001  0.417100521785490E+000  0.100351497756725E+000 -0.131028262406404E+000 -0.148444294809450E+003 -0.148444294809450E+003
  0.100693735139435E+000  0.127241344436398E+001  0.245084688273559E+000  0.100454410002503E+000 -0.131028262406404E+000 -0.148444062819787E+003 -0.148444062819787E+003
  0.103011634967438E+000  0.577801352808407E+000  0.769854825213408E+000  0.100349343492795E+000 -0.131028262406404E+000 -0.148443830340976E+003 -0.148443830340976E+003
  0.100614332637089E+000  0.718996286223787E+000  0.420080659991861E+000  0.101954435422609E+000 -0.131028262406404E+000 -0.148443683516780E+003 -0.148443683516780E+003
  0.100108958493249E+000  0.177982940981160E+001  0.104929259735822E+000  0.100169806247076E+000 -0.131028262406404E+000 -0.148443616104304E+003 -0.148443616104304E+003
  0.100492141033594E+000  0.123582008705194E+001  0.918984970244732E+000  0.100610465223976E+000 -0.131028262406404E+000 -0.148443963742954E+003 -0.148443963742954E+003
  0.100050528602766E+000  0.898045591826191E+000  0.406741837949128E+000  0.101902769177656E+000 -0.131028262406404E+000 -0.148443804640519E+003 -0.148443804640519E+003
  0.100178114687761E+000  0.746149447730096E+000  0.292311406017168E+000  0.102240877628857E+000 -0.131028262406404E+000 -0.148443645851078E+003 -0.148443645851078E+003
  0.100485374896901E+000  0.604259301287828E+000  0.133194449232606E+000  0.102607352562742E+000 -0.131028262406404E+000 -0.148443594400943E+003 -0.148443594400943E+003
  0.101592147387949E+000  0.970453217796037E+000  0.465302237324678E+000  0.100318788085961E+000 -0.131028262406404E+000 -0.148444044008582E+003 -0.148444044008582E+003
  0.102886029322687E+000  0.667370069052686E+000  0.235501967087145E+000  0.100805277241136E+000 -0.131028262406404E+000 -0.148444445419268E+003 -0.148444445419268E+003
  0.100201053054597E+000  0.133626829446221E+001  0.424446420199145E+000  0.100879944208135E+000 -0.131028262406404E+000 -0.148444087155767E+003 -0.148444087155767E+003
  0.100636859849841E+000  0.101385274010241E+001  0.714482263845650E+000  0.101125599533365E+000 -0.131028262406404E+000 -0.148444013481503E+003 -0.148444013481503E+003
  0.100375039648837E+000  0.104621695133772E+001  0.751185165584165E+000  0.100427397956667E+000 -0.131028262406404E+000 -0.148443338743929E+003 -0.148443338743929E+003
  0.100718585562691E+000  0.156456021324390E+001  0.675675380225900E+000  0.100461008142855E+000 -0.131028262406404E+000 -0.148444362638227E+003 -0.148444362638227E+003
  0.102177395754417E+000  0.640245564875190E+000  0.337620946540600E-001  0.100720020911747E+000 -0.131028262406404E+000 -0.148443704887641E+003 -0.148443704887641E+003
  0.100433409387441E+000  0.187807520056224E+001  0.662141839101724E+000  0.100577619738381E+000 -0.131028262406404E+000 -0.148444136923886E+003 -0.148444136923886E+003
  0.101373977945848E+000  0.663409673844259E+000  0.689072849137558E+000  0.102323991038548E+000 -0.131028262406404E+000 -0.148444356067415E+003 -0.148444356067415E+003
  0.101009413566283E+000  0.657745548083388E+000  0.793851786118863E+000  0.100448298888585E+000 -0.131028262406404E+000 -0.148442638221456E+003 -0.148442638221456E+003
  0.101011313272153E+000  0.169606156639466E+001  0.858777450623506E+000  0.100049229116186E+000 -0.131028262406404E+000 -0.148444282565486E+003 -0.148444282565486E+003
  0.100049242629139E+000  0.164416430061439E+001  0.893016230525501E+000  0.100282146570665E+000 -0.131028262406404E+000 -0.148443688576817E+003 -0.148443688576817E+003
  0.100354844334948E+000  0.148130257385130E+001  0.861888818455638E+000  0.100111238514163E+000 -0.131028262406404E+000 -0.148443743145730E+003 -0.148443743145730E+003
  0.102245876335902E+000  0.614656084151363E+000  0.637801174754906E+000  0.101201157437457E+000 -0.131028262406404E+000 -0.148444015778253E+003 -0.148444015778253E+003
  0.100620591145164E+000  0.570605052499697E+000  0.127014101017246E+000  0.101604508313348E+000 -0.131028262406404E+000 -0.148442822393298E+003 -0.148442822393298E+003
  0.100220761783762E+000  0.651622983284520E+000  0.292607983412697E+000  0.102273498777431E+000 -0.131028262406404E+000 -0.148443334245111E+003 -0.148443334245111E+003
  0.100068644603733E+000  0.115451403505926E+001  0.217851864865014E+000  0.101879513707658E+000 -0.131028262406404E+000 -0.148444462572879E+003 -0.148444462572879E+003
  0.101219570414326E+000  0.584523500189609E+000  0.195712372184377E+000  0.102879188159104E+000 -0.131028262406404E+000 -0.148444303306895E+003 -0.148444303306895E+003
  0.101034603911518E+000  0.167041552719215E+001  0.984246620748945E+000  0.100183334176992E+000 -0.131028262406404E+000 -0.148444412556775E+003 -0.148444412556775E+003
  0.101176933083652E+000  0.810214029620637E+000  0.407266022340774E+000  0.101855245260326E+000 -0.131028262406404E+000 -0.148444398739686E+003 -0.148444398739686E+003
  0.100578195236596E+000  0.184086630398970E+001  0.498534776229795E+000  0.100653809659383E+000 -0.131028262406404E+000 -0.148444346971203E+003 -0.148444346971203E+003
  0.100535875362503E+000  0.964076397800080E+000  0.217637104911465E+000  0.101094324269266E+000 -0.131028262406404E+000 -0.148443773599889E+003 -0.148443773599889E+003
  0.101443687610454E+000  0.960354640110476E+000  0.212687212955400E+000  0.100765590874685E+000 -0.131028262406404E+000 -0.148444244940227E+003 -0.148444244940227E+003
  0.100623008179408E+000  0.794780838621318E+000  0.148406758984392E+000  0.101181251605397E+000 -0.131028262406404E+000 -0.148443383636134E+003 -0.148443383636134E+003
  0.103170836662473E+000  0.568225993019889E+000  0.839655304177803E+000  0.100283306953241E+000 -0.131028262406404E+000 -0.148443865862123E+003 -0.148443865862123E+003
  0.102292131726258E+000  0.684220718924937E+000  0.829714850943944E+000  0.101249050296394E+000 -0.131028262406404E+000 -0.148444372690970E+003 -0.148444372690970E+003
  0.100177554842466E+000  0.660896115736531E+000  0.257622449866154E+000  0.103270856761323E+000 -0.131028262406404E+000 -0.148444072888132E+003 -0.148444072888132E+003
  0.100838014677369E+000  0.111647754840477E+001  0.496389240796433E-002  0.100382190263685E+000 -0.131028262406404E+000 -0.148443837937300E+003 -0.148443837937300E+003
  0.101858350670313E+000  0.539968458142868E+000  0.326953222665561E+000  0.100339691829205E+000 -0.131028262406404E+000 -0.148442745206890E+003 -0.148442745206890E+003
  0.101661731967519E+000  0.830882539232466E+000  0.653686859418870E+000  0.100616636770143E+000 -0.131028262406404E+000 -0.148443911987669E+003 -0.148443911987669E+003
  0.101593655720099E+000  0.521069749045587E+000  0.834823783037707E+000  0.101778444098911E+000 -0.131028262406404E+000 -0.148443508340889E+003 -0.148443508340889E+003
  0.100641315525515E+000  0.118177308812991E+001  0.614240819030128E-001  0.101076735124397E+000 -0.131028262406404E+000 -0.148444356692040E+003 -0.148444356692040E+003
  0.101452463268915E+000  0.106261435629182E+001  0.726188995596029E-001  0.100283749178358E+000 -0.131028262406404E+000 -0.148444137372916E+003 -0.148444137372916E+003
  0.100552931641536E+000  0.512736045384795E+000  0.854878806404068E+000  0.100063876836306E+000 -0.131028262406404E+000 -0.148441392601147E+003 -0.148441392601147E+003
  0.100406276933967E+000  0.172287335922980E+001  0.446873476870054E+000  0.100160139088585E+000 -0.131028262406404E+000 -0.148443872763093E+003 -0.148443872763093E+003
  0.100126766236894E+000  0.607033662917681E+000  0.890790653665719E+000  0.103965871117105E+000 -0.131028262406404E+000 -0.148444307275251E+003 -0.148444307275251E+003
  0.100258917850622E+000  0.527257636780424E+000  0.793290954463993E+000  0.103075046884322E+000 -0.131028262406404E+000 -0.148443403011843E+003 -0.148443403011843E+003
  0.100236790300611E+000  0.907023971697528E+000  0.185439434066001E+000  0.101766207866109E+000 -0.131028262406404E+000 -0.148443880095560E+003 -0.148443880095560E+003
  0.100876633110219E+000  0.517884787988385E+000  0.347422529190223E+000  0.100152157097793E+000 -0.131028262406404E+000 -0.148441734751358E+003 -0.148441734751358E+003
  0.100426023569113E+000  0.186341115984721E+001  0.170485120968652E+000  0.100054770228324E+000 -0.131028262406404E+000 -0.148443726804807E+003 -0.148443726804807E+003
  0.101396957404186E+000  0.850940997878239E+000  0.709370411561230E-001  0.100212633600608E+000 -0.131028262406404E+000 -0.148443452759761E+003 -0.148443452759761E+003
  0.100404520798459E+000  0.537837128657444E+000  0.175246755073189E+000  0.103633194107591E+000 -0.131028262406404E+000 -0.148443974324483E+003 -0.148443974324483E+003
  0.100132398739220E+000  0.159064234355475E+001  0.235697544069637E+000  0.101078155886688E+000 -0.131028262406404E+000 -0.148444383389309E+003 -0.148444383389309E+003
  0.100809297462565E+000  0.163000775080235E+001  0.584919938184864E+000  0.100164898771457E+000 -0.131028262406404E+000 -0.148444213639371E+003 -0.148444213639371E+003
  0.100123880000335E+000  0.872547761281726E+000  0.730590403778435E+000  0.101699081223168E+000 -0.131028262406404E+000 -0.148443629451445E+003 -0.148443629451445E+003
  0.100349926342929E+000  0.182854707384804E+001  0.382886723568804E+000  0.100642645361536E+000 -0.131028262406404E+000 -0.148444160292280E+003 -0.148444160292280E+003
  0.100051915464943E+000  0.190685051431159E+001  0.287996950893625E+000  0.100752688948286E+000 -0.131028262406404E+000 -0.148443936496471E+003 -0.148443936496471E+003
  0.101011560866187E+000  0.692623436172853E+000  0.381770239487697E+000  0.101529927044364E+000 -0.131028262406404E+000 -0.148443585197286E+003 -0.148443585197286E+003
  0.100512869892906E+000  0.751065749983719E+000  0.808454827397073E-001  0.102897012153482E+000 -0.131028262406404E+000 -0.148444429419080E+003 -0.148444429419080E+003
  0.102254169430868E+000  0.508366124530975E+000  0.222748371743588E+000  0.100636175028172E+000 -0.131028262406404E+000 -0.148443137189800E+003 -0.148443137189800E+003
  0.100122269190968E+000  0.740637845156167E+000  0.771467446903071E+000  0.100672005215355E+000 -0.131028262406404E+000 -0.148442406413993E+003 -0.148442406413993E+003
  0.100119220431748E+000  0.546692116616236E+000  0.691025812289125E+000  0.103484364951027E+000 -0.131028262406404E+000 -0.148443675684089E+003 -0.148443675684089E+003
  0.100708857521010E+000  0.189996113445462E+001  0.202164998952041E+000  0.100375137717619E+000 -0.131028262406404E+000 -0.148444179571347E+003 -0.148444179571347E+003
  0.100465174422082E+000  0.941713405789453E+000  0.798694451704811E+000  0.102006096861581E+000 -0.131028262406404E+000 -0.148444354768391E+003 -0.148444354768391E+003
  0.100693957546615E+000  0.648577156297459E+000  0.672659589347816E+000  0.101018024859519E+000 -0.131028262406404E+000 -0.148442774141128E+003 -0.148442774141128E+003
  0.103170748126258E+000  0.515217464975899E+000  0.306046910818620E+000  0.100509079101378E+000 -0.131028262406404E+000 -0.148443800525930E+003 -0.148443800525930E+003
  0.100263625565180E+000  0.917410535503698E+000  0.368703828314804E+000  0.102244296510739E+000 -0.131028262406404E+000 -0.148444299464894E+003 -0.148444299464894E+003
  0.101050738658164E+000  0.544643717906688E+000  0.262251623761702E+000  0.100137285738952E+000 -0.131028262406404E+000 -0.148441977311144E+003 -0.148441977311144E+003
  0.101886494099937E+000  0.553613707857563E+000  0.809261963151720E+000  0.102379174751623E+000 -0.131028262406404E+000 -0.148444335140343E+003 -0.148444335140343E+003
  0.100356389630626E+000  0.133798836410761E+001  0.401121611927662E+000  0.100186441884396E+000 -0.131028262406404E+000 -0.148443666329290E+003 -0.148443666329290E+003
  0.102599993959860E+000  0.586589304343466E+000  0.962582495866415E-001  0.100602199112970E+000 -0.131028262406404E+000 -0.148443730576299E+003 -0.148443730576299E+003
  0.102770754492062E+000  0.715325570595454E+000  0.352256263573913E+000  0.100430850841520E+000 -0.131028262406404E+000 -0.148444252467445E+003 -0.148444252467445E+003
  0.100360923395695E+000  0.787352236632520E+000  0.789572868189994E+000  0.102786119552772E+000 -0.131028262406404E+000 -0.148444356202868E+003 -0.148444356202868E+003
  0.100020761348229E+000  0.792450108082722E+000  0.630175419324086E+000  0.102694050218326E+000 -0.131028262406404E+000 -0.148444026439234E+003 -0.148444026439234E+003
  0.102038543974072E+000  0.936840583974699E+000  0.207011922853114E+000  0.100155686776028E+000 -0.131028262406404E+000 -0.148444182650503E+003 -0.148444182650503E+003
  0.102542088537958E+000  0.680408844733582E+000  0.447771708565381E+000  0.101005392656101E+000 -0.131028262406404E+000 -0.148444373558081E+003 -0.148444373558081E+003
  0.100982993975227E+000  0.622493798089172E+000  0.324973661585254E+000  0.101782938618658E+000 -0.131028262406404E+000 -0.148443467049240E+003 -0.148443467049240E+003
  0.101407138851285E+000  0.101291731432571E+001  0.533882066581349E+000  0.100445908806978E+000 -0.131028262406404E+000 -0.148444106053361E+003 -0.148444106053361E+003
  0.101888860400585E+000  0.693574326740163E+000  0.907716283541133E+000  0.100377928634896E+000 -0.131028262406404E+000 -0.148443425110371E+003 -0.148443425110371E+003
  0.100150775685969E+000  0.102558653385733E+001  0.728919507622163E+000  0.101040302112088E+000 -0.131028262406404E+000 -0.148443581503526E+003 -0.148443581503526E+003
  0.102498804579563E+000  0.615103676419015E+000  0.632361201441154E+000  0.100672043113368E+000 -0.131028262406404E+000 -0.148443822295646E+003 -0.148443822295646E+003
  0.101755361618176E+000  0.643916821685615E+000  0.952738271798940E+000  0.102162779091886E+000 -0.131028262406404E+000 -0.148444463881523E+003 -0.148444463881523E+003
  0.100264182335788E+000  0.912532456100716E+000  0.613852264777614E+000  0.101970706381101E+000 -0.131028262406404E+000 -0.148444075690919E+003 -0.148444075690919E+003
  0.100432362918944E+000  0.657554338295584E+000  0.234649986256584E+000  0.101358516488379E+000 -0.131028262406404E+000 -0.148442852559396E+003 -0.148442852559396E+003
  0.100282974926706E+000  0.196173436055765E+001  0.724039306656023E+000  0.101253091815807E+000 -0.131028262406404E+000 -0.148444460298945E+003 -0.148444460298945E+003
  0.102371077571976E+000  0.695405433094318E+000  0.185743480804803E+000  0.100256593819407E+000 -0.131028262406404E+000 -0.148443724783160E+003 -0.148443724783160E+003
  0.100278418090632E+000  0.877866474567397E+000  0.839157390068937E+000  0.100383256200689E+000 -0.131028262406404E+000 -0.148442768259727E+003 -0.148442768259727E+003
  0.100118696780181E+000  0.136197597521221E+001  0.699274585529664E+000  0.100979990437567E+000 -0.131028262406404E+000 -0.148444130447724E+003 -0.148444130447724E+003
  0.104036425441680E+000  0.521155279074194E+000  0.858631963945851E+000  0.100326977329409E+000 -0.131028262406404E+000 -0.148444376575088E+003 -0.148444376575088E+003
  0.101004496971075E+000  0.609034569710304E+000  0.810603140937932E+000  0.101090633707615E+000 -0.131028262406404E+000 -0.148442915458333E+003 -0.148442915458333E+003
  0.100160391639676E+000  0.156614401254890E+001  0.434629908539855E+000  0.100448812228712E+000 -0.131028262406404E+000 -0.148443897308177E+003 -0.148443897308177E+003
  0.100280536491268E+000  0.676727668353265E+000  0.556191923890554E-001  0.100006884285310E+000 -0.131028262406404E+000 -0.148441801619721E+003 -0.148441801619721E+003
  0.102697697963177E+000  0.815981001182763E+000  0.123469885705784E+000  0.100008227468572E+000 -0.131028262406404E+000 -0.148444223758224E+003 -0.148444223758224E+003
  0.100519795337197E+000  0.119715525831501E+001  0.765648398865766E-001  0.100479090867071E+000 -0.131028262406404E+000 -0.148443815172647E+003 -0.148443815172647E+003
  0.100021660650472E+000  0.143605791668379E+001  0.423783624793918E+000  0.100452530724848E+000 -0.131028262406404E+000 -0.148443708267781E+003 -0.148443708267781E+003
  0.100763925972419E+000  0.538263189862578E+000  0.300216622564081E+000  0.103207814716338E+000 -0.131028262406404E+000 -0.148443960896209E+003 -0.148443960896209E+003
  0.100282755397896E+000  0.970407150063790E+000  0.821756197638708E+000  0.101642330840320E+000 -0.131028262406404E+000 -0.148444007638508E+003 -0.148444007638508E+003
  0.100634572286441E+000  0.130684098537807E+001  0.542414966022002E+000  0.100663754456138E+000 -0.131028262406404E+000 -0.148444230908442E+003 -0.148444230908442E+003
  0.100766226426348E+000  0.929106314854498E+000  0.413683858289683E+000  0.100388982463974E+000 -0.131028262406404E+000 -0.148443316859141E+003 -0.148443316859141E+003
  0.101929742810419E+000  0.685336193597908E+000  0.674412956862549E+000  0.100751295150104E+000 -0.131028262406404E+000 -0.148443708925638E+003 -0.148443708925638E+003
  0.102561020489620E+000  0.678991645801474E+000  0.881747719444775E+000  0.100799489393068E+000 -0.131028262406404E+000 -0.148444226570680E+003 -0.148444226570680E+003
  0.101020960229084E+000  0.185902295774585E+001  0.255943795303400E-001  0.100314931236522E+000 -0.131028262406404E+000 -0.148444422947164E+003 -0.148444422947164E+003
  0.100696383965986E+000  0.185467434679682E+001  0.215463095816492E+000  0.100180185803869E+000 -0.131028262406404E+000 -0.148444054073870E+003 -0.148444054073870E+003
  0.101474600030498E+000  0.927752532774041E+000  0.994305428858817E+000  0.100802308721317E+000 -0.131028262406404E+000 -0.148444205421038E+003 -0.148444205421038E+003
  0.101019449031196E+000  0.878007119356042E+000  0.826986580513696E+000  0.101161629881811E+000 -0.131028262406404E+000 -0.148443963631627E+003 -0.148443963631627E+003
  0.102136824485096E+000  0.529728753830129E+000  0.201513851425087E+000  0.102361757922747E+000 -0.131028262406404E+000 -0.148444413880882E+003 -0.148444413880882E+003
  0.101092890417756E+000  0.594173578587140E+000  0.859728761459169E+000  0.102617952869103E+000 -0.131028262406404E+000 -0.148444050978049E+003 -0.148444050978049E+003
  0.102318168090684E+000  0.547975221319682E+000  0.985333966952162E+000  0.100287743927846E+000 -0.131028262406404E+000 -0.148443105734938E+003 -0.148443105734938E+003
  0.100644496591509E+000  0.137330024846768E+001  0.975111038908119E+000  0.100229103831021E+000 -0.131028262406404E+000 -0.148443976270203E+003 -0.148443976270203E+003
  0.102195345785379E+000  0.687426125163619E+000  0.316454085306367E+000  0.101464865353349E+000 -0.131028262406404E+000 -0.148444471006853E+003 -0.148444471006853E+003
  0.100030058267201E+000  0.523466680354104E+000  0.899408976530847E+000  0.104212834048420E+000 -0.131028262406404E+000 -0.148444016566145E+003 -0.148444016566145E+003
  0.101330355194378E+000  0.623949078966551E+000  0.730222821011500E+000  0.102237119633021E+000 -0.131028262406404E+000 -0.148444090749481E+003 -0.148444090749481E+003
  0.100399580097134E+000  0.183281872539572E+001  0.419296153685097E+000  0.100322498832080E+000 -0.131028262406404E+000 -0.148443942469910E+003 -0.148443942469910E+003
  0.100725358311539E+000  0.117194289082236E+001  0.187946150164440E+000  0.100554364866476E+000 -0.131028262406404E+000 -0.148443994578382E+003 -0.148443994578382E+003
  0.100341894956802E+000  0.123643172301917E+001  0.949117495989802E+000  0.101196184216968E+000 -0.131028262406404E+000 -0.148444304251587E+003 -0.148444304251587E+003
  0.100995797759510E+000  0.114416536317888E+001  0.924246231159466E+000  0.100649622466782E+000 -0.131028262406404E+000 -0.148444234638264E+003 -0.148444234638264E+003
  0.100414935668201E+000  0.152533724053880E+001  0.415095087911044E+000  0.100601075405039E+000 -0.131028262406404E+000 -0.148444209416217E+003 -0.148444209416217E+003
  0.101029761337865E+000  0.505105951646564E+000  0.987235176604115E+000  0.103608787112565E+000 -0.131028262406404E+000 -0.148444308977909E+003 -0.148444308977909E+003
  0.100442249498711E+000  0.642604118279775E+000  0.615008532093107E+000  0.101320791490311E+000 -0.131028262406404E+000 -0.148442772576717E+003 -0.148442772576717E+003
  0.100786823544642E+000  0.771770124447663E+000  0.497555094350485E+000  0.100046627583584E+000 -0.131028262406404E+000 -0.148442576350401E+003 -0.148442576350401E+003
  0.102411585490392E+000  0.505332826683595E+000  0.499550344178622E-001  0.102231010962635E+000 -0.131028262406404E+000 -0.148444423766589E+003 -0.148444423766589E+003
  0.101623497496036E+000  0.531616098938032E+000  0.135512746887067E+000  0.100283777708755E+000 -0.131028262406404E+000 -0.148442481542747E+003 -0.148442481542747E+003
  0.101083017915433E+000  0.830081915286487E+000  0.541332780659221E+000  0.100879723447444E+000 -0.131028262406404E+000 -0.148443644688578E+003 -0.148443644688578E+003
  0.102622481189910E+000  0.642869749039083E+000  0.100450413529498E-001  0.100650053228101E+000 -0.131028262406404E+000 -0.148444018288321E+003 -0.148444018288321E+003
  0.101007647009169E+000  0.569910891848481E+000  0.234196779057237E+000  0.101097069767360E+000 -0.131028262406404E+000 -0.148442756972562E+003 -0.148442756972562E+003
  0.100322991463835E+000  0.998710257724658E+000  0.542768445543859E+000  0.101717758630226E+000 -0.131028262406404E+000 -0.148444176204064E+003 -0.148444176204064E+003
  0.101102383801754E+000  0.135919048291133E+001  0.853273430503728E+000  0.100253615296336E+000 -0.131028262406404E+000 -0.148444352464199E+003 -0.148444352464199E+003
  0.100720160433475E+000  0.121085254207629E+001  0.434892449976196E-001  0.100801605426047E+000 -0.131028262406404E+000 -0.148444257681340E+003 -0.148444257681340E+003
  0.100514326519865E+000  0.199500860078409E+001  0.444508202188779E+000  0.100406491013830E+000 -0.131028262406404E+000 -0.148443934323564E+003 -0.148443934323564E+003
  0.101227423758099E+000  0.883276972990833E+000  0.613100169345076E-001  0.101504519473587E+000 -0.131028262406404E+000 -0.148444413041107E+003 -0.148444413041107E+003
  0.100253238666201E+000  0.162562203205970E+001  0.916686959365957E+000  0.100067368302807E+000 -0.131028262406404E+000 -0.148443682171941E+003 -0.148443682171941E+003
  0.101483962168399E+000  0.681542807636706E+000  0.250559589390197E+000  0.101438334523086E+000 -0.131028262406404E+000 -0.148443854057205E+003 -0.148443854057205E+003
  0.100049601629718E+000  0.703834820914353E+000  0.188947794734478E+000  0.100736605193713E+000 -0.131028262406404E+000 -0.148442261816835E+003 -0.148442261816835E+003
  0.101676115035371E+000  0.506024653126339E+000  0.335119725762398E+000  0.100667904496343E+000 -0.131028262406404E+000 -0.148442691606353E+003 -0.148442691606353E+003
  0.100304923216650E+000  0.581889365865478E+000  0.891771642230826E+000  0.100563153964881E+000 -0.131028262406404E+000 -0.148441855855543E+003 -0.148441855855543E+003
  0.102983451347274E+000  0.695160054426395E+000  0.937741964150039E+000  0.100427801868674E+000 -0.131028262406404E+000 -0.148444343662434E+003 -0.148444343662434E+003
  0.101232148253387E+000  0.640063019397838E+000  0.435931630074065E-001  0.102079839091759E+000 -0.131028262406404E+000 -0.148443962219656E+003 -0.148443962219656E+003
  0.100135264054623E+000  0.879356989843606E+000  0.391548322891437E+000  0.102058109880200E+000 -0.131028262406404E+000 -0.148443933572122E+003 -0.148443933572122E+003
  0.102165521257552E+000  0.532445339689264E+000  0.437995557663046E+000  0.101066154212464E+000 -0.131028262406404E+000 -0.148443493078497E+003 -0.148443493078497E+003
  0.102665251923725E+000  0.505228829687159E+000  0.440668913735693E+000  0.100347253717248E+000 -0.131028262406404E+000 -0.148443234849581E+003 -0.148443234849581E+003
  0.102807773966845E+000  0.525925454964632E+000  0.404804700012361E+000  0.100735940093187E+000 -0.131028262406404E+000 -0.148443729910838E+003 -0.148443729910838E+003
  0.100665817754738E+000  0.559759972653937E+000  0.415455960468707E+000  0.102963993355874E+000 -0.131028262406404E+000 -0.148443803340950E+003 -0.148443803340950E+003
  0.102429625844487E+000  0.510062931695310E+000  0.445045116972244E+000  0.101619122896142E+000 -0.131028262406404E+000 -0.148444009819424E+003 -0.148444009819424E+003
  0.100139577649162E+000  0.568350821157193E+000  0.432417055464556E+000  0.103480713239101E+000 -0.131028262406404E+000 -0.148443789726518E+003 -0.148443789726518E+003
  0.101159790180077E+000  0.526838629663498E+000  0.381284919362112E+000  0.101837828123493E+000 -0.131028262406404E+000 -0.148443230255232E+003 -0.148443230255232E+003
  0.100356505880281E+000  0.583096658740912E+000  0.351575663027501E+000  0.102859918743475E+000 -0.131028262406404E+000 -0.148443581467337E+003 -0.148443581467337E+003
  0.102282180033507E+000  0.582501436973892E+000  0.382555504903534E+000  0.101585761053281E+000 -0.131028262406404E+000 -0.148444194563563E+003 -0.148444194563563E+003
  0.101068584746337E+000  0.583742898648683E+000  0.369649167843284E+000  0.100971015306247E+000 -0.131028262406404E+000 -0.148442771951408E+003 -0.148442771951408E+003
  0.100259282429049E+000  0.620309336405330E+000  0.373335414172304E+000  0.100134370048785E+000 -0.131028262406404E+000 -0.148441660984048E+003 -0.148441660984048E+003
  0.102349345497339E+000  0.527791000275206E+000  0.405970517320739E+000  0.101621777004680E+000 -0.131028262406404E+000 -0.148444029626243E+003 -0.148444029626243E+003
  0.101840538500197E+000  0.521391605530922E+000  0.396150257949023E+000  0.102232023019784E+000 -0.131028262406404E+000 -0.148444040713568E+003 -0.148444040713568E+003
  0.100099430254365E+000  0.524078432597467E+000  0.442471247112618E+000  0.102408630784851E+000 -0.131028262406404E+000 -0.148442778752316E+003 -0.148442778752316E+003
  0.101546945911780E+000  0.551815369690014E+000  0.415703747987187E+000  0.100071662406037E+000 -0.131028262406404E+000 -0.148442351886255E+003 -0.148442351886255E+003
  0.101236122696819E+000  0.522960048421434E+000  0.410201391161865E+000  0.100948639823762E+000 -0.131028262406404E+000 -0.148442623940051E+003 -0.148442623940051E+003
  0.101769103304700E+000  0.562631051530927E+000  0.428230903162927E+000  0.101327797499276E+000 -0.131028262406404E+000 -0.148443504297281E+003 -0.148443504297281E+003
  0.102321859432450E+000  0.546803618879758E+000  0.355565195483816E+000  0.100896733172307E+000 -0.131028262406404E+000 -0.148443556193896E+003 -0.148443556193896E+003
  0.101758189880599E+000  0.559289282345147E+000  0.402514930978439E+000  0.101989940125934E+000 -0.131028262406404E+000 -0.148443970090115E+003 -0.148443970090115E+003
  0.100838728504235E+000  0.604597795871753E+000  0.371342245012618E+000  0.101896253501145E+000 -0.131028262406404E+000 -0.148443358746656E+003 -0.148443358746656E+003
  0.100512508748710E+000  0.518474226374546E+000  0.428551626347492E+000  0.103078808674864E+000 -0.131028262406404E+000 -0.148443570022699E+003 -0.148443570022699E+003
  0.100105977353309E+000  0.536968892135926E+000  0.388838973185972E+000  0.100304609277642E+000 -0.131028262406404E+000 -0.148441319416855E+003 -0.148441319416855E+003
  0.102414138178405E+000  0.588748530690044E+000  0.461939522133647E+000  0.101132614107752E+000 -0.131028262406404E+000 -0.148443988931299E+003 -0.148443988931299E+003
  0.100472397313445E+000  0.569602366045389E+000  0.485865478308206E+000  0.100712814649375E+000 -0.131028262406404E+000 -0.148442046981862E+003 -0.148442046981862E+003
  0.100682002880694E+000  0.508073578657232E+000  0.522595579630560E+000  0.100852274802717E+000 -0.131028262406404E+000 -0.148442046524246E+003 -0.148442046524246E+003
  0.101929585267319E+000  0.550105894932336E+000  0.533401283808231E+000  0.101648976446140E+000 -0.131028262406404E+000 -0.148443814679519E+003 -0.148443814679519E+003
  0.100621201099351E+000  0.570256524574067E+000  0.514074976424103E+000  0.100506074702486E+000 -0.131028262406404E+000 -0.148442016547911E+003 -0.148442016547911E+003
  0.101072995896825E+000  0.561801070405672E+000  0.492236396191481E+000  0.102637275110133E+000 -0.131028262406404E+000 -0.148443904184853E+003 -0.148443904184853E+003
  0.101390253722785E+000  0.694632508681683E+000  0.492291830710568E+000  0.101536414503046E+000 -0.131028262406404E+000 -0.148443903604895E+003 -0.148443903604895E+003
  0.100480988073179E+000  0.620640920992310E+000  0.483795683359890E+000  0.101383441236300E+000 -0.131028262406404E+000 -0.148442760221055E+003 -0.148442760221055E+003
  0.100220700258674E+000  0.649316717308378E+000  0.482247358820733E+000  0.102007187217348E+000 -0.131028262406404E+000 -0.148443128287369E+003 -0.148443128287369E+003
