  0.583114089784372E+000  0.623934532769951E+000  0.414506658344053E+000  0.498562398901908E+000 -0.131028262406404E+000 -0.143915276553362E+003 -0.143915276553362E+003 -0.143915650906648E+003
  0.557836915554079E+000  0.635065911880401E+000  0.416204894106335E+000  0.499517393193881E+000 -0.131028262406404E+000 -0.143915094003238E+003 -0.143915094003238E+003 -0.143915857758527E+003
  0.554322404489805E+000  0.650920574162837E+000  0.578377233815155E+000  0.499961502105797E+000 -0.131028262406404E+000 -0.143915022499077E+003 -0.143915022499077E+003 -0.143915608887381E+003
  0.555854092267268E+000  0.672520480506506E+000  0.723568024819425E+000  0.498028643060267E+000 -0.131028262406404E+000 -0.143915248599143E+003 -0.143915248599143E+003 -0.143915892345031E+003
  0.558985175344866E+000  0.680490690572272E+000  0.516459646752611E+000  0.498217946717062E+000 -0.131028262406404E+000 -0.143915325809346E+003 -0.143915325809346E+003 -0.143915591800524E+003
  0.587714911485204E+000  0.620895053643692E+000  0.437665894670812E+000  0.496456642779589E+000 -0.131028262406404E+000 -0.143915538998005E+003 -0.143915538998005E+003 -0.143916476802444E+003
  0.584638085494751E+000  0.610771499182444E+000  0.455809057717835E+000  0.496204786563605E+000 -0.131028262406404E+000 -0.143915412256627E+003 -0.143915412256627E+003 -0.143919974422653E+003
  0.566202783676164E+000  0.616792228305688E+000  0.951963085022402E+000  0.498465108630312E+000 -0.131028262406404E+000 -0.143915195275867E+003 -0.143915195275867E+003 -0.143915765202350E+003
  0.567212623153464E+000  0.654829660702767E+000  0.961278969576469E+000  0.494459540904686E+000 -0.131028262406404E+000 -0.143915487657660E+003 -0.143915487657660E+003 -0.143916383378469E+003
  0.555259772277105E+000  0.684763907702854E+000  0.848460313731765E+000  0.498909441104427E+000 -0.131028262406404E+000 -0.143915282301758E+003 -0.143915282301758E+003 -0.143916417493463E+003
  0.557418997281089E+000  0.632882226224017E+000  0.442687854392026E+000  0.496885812789305E+000 -0.131028262406404E+000 -0.143915401360988E+003 -0.143915401360988E+003 -0.143916439898033E+003
  0.566780807574089E+000  0.612230128664390E+000  0.669323729325996E+000  0.495748599642207E+000 -0.131028262406404E+000 -0.143915477264331E+003 -0.143915477264331E+003 -0.143915638599747E+003
  0.577790812219351E+000  0.592323620557130E+000  0.560314353291483E+000  0.496994339921803E+000 -0.131028262406404E+000 -0.143915464435525E+003 -0.143915464435525E+003 -0.143917727789558E+003
  0.557251576314182E+000  0.666359368961367E+000  0.522489965192480E+000  0.495688482723938E+000 -0.131028262406404E+000 -0.143915461461985E+003 -0.143915461461985E+003 -0.143915708290218E+003
  0.567469866145309E+000  0.647748355307148E+000  0.827501095805365E+000  0.497494570174359E+000 -0.131028262406404E+000 -0.143915153191272E+003 -0.143915153191272E+003 -0.143916203225904E+003
  0.588680340399018E+000  0.609282526879981E+000  0.619802987139680E+000  0.497103263870510E+000 -0.131028262406404E+000 -0.143915478311364E+003 -0.143915478311364E+003 -0.143915571015496E+003
  0.588536547384515E+000  0.605736848848794E+000  0.946945709199226E+000  0.499624833365693E+000 -0.131028262406404E+000 -0.143915359660100E+003 -0.143915359660100E+003 -0.143915676238796E+003
  0.580862050893258E+000  0.610608767669769E+000  0.788526802396215E+000  0.499246678112652E+000 -0.131028262406404E+000 -0.143915167894354E+003 -0.143915167894354E+003 -0.143916898099707E+003
  0.570476133949097E+000  0.634173996837244E+000  0.501457002601332E+000  0.496586306215518E+000 -0.131028262406404E+000 -0.143915211723223E+003 -0.143915211723223E+003 -0.143915592254582E+003
  0.548458859859425E+000  0.708104784688662E+000  0.735417179107324E+000  0.499979618138301E+000 -0.131028262406404E+000 -0.143915520033754E+003 -0.143915520033754E+003 -0.143915706385837E+003
  0.571277395621461E+000  0.670082557812619E+000  0.709706101423592E+000  0.497900189456616E+000 -0.131028262406404E+000 -0.143915478212093E+003 -0.143915478212093E+003 -0.143916187168710E+003
  0.570300621198827E+000  0.599084316764117E+000  0.860354070900649E+000  0.498766909392584E+000 -0.131028262406404E+000 -0.143915356557191E+003 -0.143915356557191E+003 -0.143915561650239E+003
  0.566382526736853E+000  0.616201471422699E+000  0.886264940845182E+000  0.497189155426788E+000 -0.131028262406404E+000 -0.143915307916049E+003 -0.143915307916049E+003 -0.143915692548028E+003
  0.572959984852317E+000  0.598227567908491E+000  0.834916142979923E+000  0.498574839699305E+000 -0.131028262406404E+000 -0.143915332477971E+003 -0.143915332477971E+003 -0.143915564763782E+003
  0.553421712620640E+000  0.681100160457357E+000  0.345215024553519E+000  0.499345174948814E+000 -0.131028262406404E+000 -0.143915187734037E+003 -0.143915187734037E+003 -0.143915987835247E+003
  0.582268351446577E+000  0.616554118668771E+000  0.627594239548437E+000  0.494940138103648E+000 -0.131028262406404E+000 -0.143915445946554E+003 -0.143915445946554E+003 -0.143915755367838E+003
  0.560155222255665E+000  0.644391623726591E+000  0.681297720026070E+000  0.499300279394328E+000 -0.131028262406404E+000 -0.143915005131915E+003 -0.143915005131915E+003 -0.143915623464156E+003
  0.579525801931599E+000  0.598948756017195E+000  0.682623714689176E+000  0.494403477310229E+000 -0.131028262406404E+000 -0.143915537826208E+003 -0.143915537826208E+003 -0.143915830687613E+003
  0.580824398324191E+000  0.612555782320800E+000  0.794228177289581E+000  0.498938596226793E+000 -0.131028262406404E+000 -0.143915178401839E+003 -0.143915178401839E+003 -0.143915616350678E+003
  0.573677992556969E+000  0.591445192456108E+000  0.400506188138074E+000  0.497615811656639E+000 -0.131028262406404E+000 -0.143915506065342E+003 -0.143915506065342E+003 -0.143915657699354E+003
  0.579898139818570E+000  0.619971572327258E+000  0.910541668115174E+000  0.499905882266280E+000 -0.131028262406404E+000 -0.143915097037457E+003 -0.143915097037457E+003 -0.143915917143913E+003
  0.583097836331022E+000  0.592031699408377E+000  0.769977218181325E+000  0.498414990820803E+000 -0.131028262406404E+000 -0.143915375592854E+003 -0.143915375592854E+003 -0.143916566800509E+003
  0.583184711454722E+000  0.635466417813208E+000  0.934372085268238E+000  0.498288818327895E+000 -0.131028262406404E+000 -0.143915394828169E+003 -0.143915394828169E+003 -0.143916203561325E+003
  0.545871635548570E+000  0.658819700033334E+000  0.697255548308122E+000  0.497867792965695E+000 -0.131028262406404E+000 -0.143915524562996E+003 -0.143915524562996E+003 -0.143915789842919E+003
  0.585795331842884E+000  0.628083193455724E+000  0.793000423376836E+000  0.497597249600040E+000 -0.131028262406404E+000 -0.143915465350557E+003 -0.143915465350557E+003 -0.143917567489445E+003
  0.588496397463831E+000  0.624844017664931E+000  0.885334871109095E+000  0.499914514975419E+000 -0.131028262406404E+000 -0.143915452775235E+003 -0.143915452775235E+003 -0.143915692775176E+003
  0.589178099428988E+000  0.618133984958744E+000  0.745091180030244E+000  0.498106308880621E+000 -0.131028262406404E+000 -0.143915500573689E+003 -0.143915500573689E+003 -0.143915731181364E+003
  0.564400339348626E+000  0.618392331049445E+000  0.673821038625304E+000  0.496432363295590E+000 -0.131028262406404E+000 -0.143915398518058E+003 -0.143915398518058E+003 -0.143915758550069E+003
  0.557323392198536E+000  0.665220912864032E+000  0.736352445296352E+000  0.498046871316445E+000 -0.131028262406404E+000 -0.143915187836010E+003 -0.143915187836010E+003 -0.143915620270048E+003
  0.560639668672997E+000  0.680738748067875E+000  0.490072885713380E+000  0.498911631370754E+000 -0.131028262406404E+000 -0.143915279242212E+003 -0.143915279242212E+003 -0.143916922189560E+003
  0.556943251290592E+000  0.670157905766519E+000  0.601278983877051E+000  0.495970724700422E+000 -0.131028262406404E+000 -0.143915458735954E+003 -0.143915458735954E+003 -0.143915704828662E+003
  0.557524624467996E+000  0.644566271206005E+000  0.880630665548770E+000  0.497509269793576E+000 -0.131028262406404E+000 -0.143915238314011E+003 -0.143915238314011E+003 -0.143915984553038E+003
  0.554757971465847E+000  0.640520627216086E+000  0.624100945291358E+000  0.499590184684968E+000 -0.131028262406404E+000 -0.143915124965737E+003 -0.143915124965737E+003 -0.143916554862121E+003
  0.571990349929006E+000  0.607187953862958E+000  0.760713304234294E+000  0.498021580786913E+000 -0.131028262406404E+000 -0.143915254721073E+003 -0.143915254721073E+003 -0.143915587357610E+003
  0.562930022179668E+000  0.675290217726339E+000  0.916394754757495E+000  0.499962074578301E+000 -0.131028262406404E+000 -0.143915133828495E+003 -0.143915133828495E+003 -0.143916991960193E+003
  0.578432074546127E+000  0.637123968246928E+000  0.727701526950009E+000  0.494591653293339E+000 -0.131028262406404E+000 -0.143915495987538E+003 -0.143915495987538E+003 -0.143915982543560E+003
  0.559614735349491E+000  0.670923083979235E+000  0.996249360621435E+000  0.495666006984391E+000 -0.131028262406404E+000 -0.143915489689315E+003 -0.143915489689315E+003 -0.143915704828662E+003
  0.552689522313602E+000  0.678765429789007E+000  0.765969969781749E+000  0.496340141068919E+000 -0.131028262406404E+000 -0.143915532345145E+003 -0.143915532345145E+003 -0.143915577430585E+003
  0.545398454564916E+000  0.688488861610745E+000  0.481064543386130E+000  0.499780013606492E+000 -0.131028262406404E+000 -0.143915299957326E+003 -0.143915299957326E+003 -0.143916067238983E+003
  0.574765218997389E+000  0.639153556903443E+000  0.663316722579941E+000  0.497794996115340E+000 -0.131028262406404E+000 -0.143915185133213E+003 -0.143915185133213E+003 -0.143916450055323E+003
  0.575578429146726E+000  0.627994191868825E+000  0.458067523885816E+000  0.497128247584120E+000 -0.131028262406404E+000 -0.143915204327418E+003 -0.143915204327418E+003 -0.143920416169939E+003
  0.558921579168433E+000  0.646000478874166E+000  0.603110585917589E+000  0.498954280693020E+000 -0.131028262406404E+000 -0.143915053005810E+003 -0.143915053005810E+003 -0.143916490092102E+003
  0.576433943325689E+000  0.660202527156051E+000  0.901112810408450E+000  0.498876699481795E+000 -0.131028262406404E+000 -0.143915430729910E+003 -0.143915430729910E+003 -0.143915850714353E+003
  0.560394495401354E+000  0.647698511286086E+000  0.849464322935887E+000  0.495387610681813E+000 -0.131028262406404E+000 -0.143915398244356E+003 -0.143915398244356E+003 -0.143916173472249E+003
  0.580029968095478E+000  0.609804776822404E+000  0.902360076096839E+000  0.498813621655109E+000 -0.131028262406404E+000 -0.143915182693633E+003 -0.143915182693633E+003 -0.143916007799202E+003
  0.580901407959012E+000  0.580787351252054E+000  0.869405231290051E+000  0.498825623018259E+000 -0.131028262406404E+000 -0.143915529790315E+003 -0.143915529790315E+003 -0.143915749242842E+003
  0.554292394312485E+000  0.669419528771578E+000  0.680243468521758E+000  0.496267401863140E+000 -0.131028262406404E+000 -0.143915450824280E+003 -0.143915450824280E+003 -0.143915838677288E+003
  0.565323672024417E+000  0.624954720886026E+000  0.928359299192068E+000  0.499908701523810E+000 -0.131028262406404E+000 -0.143915000754950E+003 -0.143915000754950E+003 -0.143917395812971E+003
  0.543434078569527E+000  0.657653093916005E+000  0.844327048588624E+000  0.498913045967912E+000 -0.131028262406404E+000 -0.143915520445622E+003 -0.143915520445622E+003 -0.143915639525736E+003
  0.571009433887556E+000  0.674015444401605E+000  0.850937757385280E+000  0.499122985987082E+000 -0.131028262406404E+000 -0.143915446359119E+003 -0.143915446359119E+003 -0.143915833935459E+003
  0.580608171631879E+000  0.640795826796694E+000  0.963157640016051E+000  0.497982310785408E+000 -0.131028262406404E+000 -0.143915369193764E+003 -0.143915369193764E+003 -0.143915545489305E+003
  0.579350375882659E+000  0.592346978170639E+000  0.472639989157836E+000  0.499397015394793E+000 -0.131028262406404E+000 -0.143915313825714E+003 -0.143915313825714E+003 -0.143917773368242E+003
  0.560161621516926E+000  0.682667257202242E+000  0.585684002238545E+000  0.497172355357424E+000 -0.131028262406404E+000 -0.143915488366725E+003 -0.143915488366725E+003 -0.143916266336614E+003
  0.583136840147133E+000  0.625312587311476E+000  0.744770613555640E+000  0.498964734542194E+000 -0.131028262406404E+000 -0.143915263704356E+003 -0.143915263704356E+003 -0.143915670880811E+003
  0.551001182456678E+000  0.666347605401675E+000  0.747237739893905E+000  0.496781860898347E+000 -0.131028262406404E+000 -0.143915449583562E+003 -0.143915449583562E+003 -0.143915602018390E+003
  0.579928453132667E+000  0.617089764171623E+000  0.511185460532789E+000  0.494247934372241E+000 -0.131028262406404E+000 -0.143915458994104E+003 -0.143915458994104E+003 -0.143915959024556E+003
  0.576997202355650E+000  0.658163844225851E+000  0.943179908863541E+000  0.497924225900070E+000 -0.131028262406404E+000 -0.143915486747962E+003 -0.143915486747962E+003 -0.143916614644595E+003
  0.539888486116946E+000  0.668231600126906E+000  0.413287899296276E+000  0.499758243096867E+000 -0.131028262406404E+000 -0.143915508050488E+003 -0.143915508050488E+003 -0.143915769551886E+003
  0.586451963682822E+000  0.616592554203377E+000  0.653769702149100E+000  0.497558066775186E+000 -0.131028262406404E+000 -0.143915406885868E+003 -0.143915406885868E+003 -0.143915897170445E+003
  0.568118667293896E+000  0.674898344161203E+000  0.638162695637882E+000  0.499957872901486E+000 -0.131028262406404E+000 -0.143915278694510E+003 -0.143915278694510E+003 -0.143915585077040E+003
  0.554998148395830E+000  0.660523645878895E+000  0.778641946706007E+000  0.498930779749326E+000 -0.131028262406404E+000 -0.143915103017303E+003 -0.143915103017303E+003 -0.143916359843758E+003
  0.576663841821345E+000  0.609462351530382E+000  0.442748606224734E+000  0.494541906851685E+000 -0.131028262406404E+000 -0.143915452147103E+003 -0.143915452147103E+003 -0.143915664191139E+003
  0.580633417487846E+000  0.638552058403351E+000  0.485347055284706E+000  0.498636629593705E+000 -0.131028262406404E+000 -0.143915303065319E+003 -0.143915303065319E+003 -0.143915550455248E+003
  0.564492721207563E+000  0.669710396744374E+000  0.660800721481889E+000  0.499879183866418E+000 -0.131028262406404E+000 -0.143915095164417E+003 -0.143915095164417E+003 -0.143915581404209E+003
  0.579210162749825E+000  0.596163966327764E+000  0.937156321641479E+000  0.496124516664933E+000 -0.131028262406404E+000 -0.143915455794963E+003 -0.143915455794963E+003 -0.143915664191139E+003
  0.576947786265034E+000  0.649885917763525E+000  0.583152458192844E+000  0.496167456874960E+000 -0.131028262406404E+000 -0.143915480244815E+003 -0.143915480244815E+003 -0.143925095491421E+003
  0.562481450226393E+000  0.684559867789248E+000  0.337984801056687E+000  0.498882536543333E+000 -0.131028262406404E+000 -0.143915390376892E+003 -0.143915390376892E+003 -0.143915614668409E+003
  0.578903669045761E+000  0.601799600124304E+000  0.840591222945286E+000  0.497244700690571E+000 -0.131028262406404E+000 -0.143915325263900E+003 -0.143915325263900E+003 -0.143915565297600E+003
  0.552325943966598E+000  0.659379734822144E+000  0.419851823085744E+000  0.497962686630005E+000 -0.131028262406404E+000 -0.143915272195677E+003 -0.143915272195677E+003 -0.143915746842984E+003
  0.580665814983213E+000  0.647018306947714E+000  0.961307474794104E+000  0.499756895432921E+000 -0.131028262406404E+000 -0.143915350259441E+003 -0.143915350259441E+003 -0.143917431825608E+003
  0.553725004911850E+000  0.697734984259240E+000  0.634597606816311E+000  0.499259198081710E+000 -0.131028262406404E+000 -0.143915444161966E+003 -0.143915444161966E+003 -0.143915976862813E+003
  0.549736027674912E+000  0.648656929643194E+000  0.978885506186242E+000  0.499285365435645E+000 -0.131028262406404E+000 -0.143915264450165E+003 -0.143915264450165E+003 -0.143915641819256E+003
  0.573355837743480E+000  0.612660712362633E+000  0.450897534513461E+000  0.498282041838800E+000 -0.131028262406404E+000 -0.143915166116429E+003 -0.143915166116429E+003 -0.143915676238796E+003
  0.568918869596352E+000  0.653549690603337E+000  0.568604341145785E+000  0.494825942839594E+000 -0.131028262406404E+000 -0.143915455732501E+003 -0.143915455732501E+003 -0.143915659257587E+003
  0.554415048811567E+000  0.659781061685911E+000  0.776128236728370E+000  0.496294358736256E+000 -0.131028262406404E+000 -0.143915416412279E+003 -0.143915416412279E+003 -0.143915570529542E+003
  0.556363370499187E+000  0.626884032223808E+000  0.709963676504563E+000  0.499597269183779E+000 -0.131028262406404E+000 -0.143915239328159E+003 -0.143915239328159E+003 -0.143916688430792E+003
  0.580866786735709E+000  0.650849788760616E+000  0.638101160175849E+000  0.498776353858010E+000 -0.131028262406404E+000 -0.143915483611448E+003 -0.143915483611448E+003 -0.143915732554638E+003
  0.545512421908250E+000  0.682929466167399E+000  0.486166532150077E+000  0.499535612071163E+000 -0.131028262406404E+000 -0.143915294721596E+003 -0.143915294721596E+003 -0.143915856398776E+003
  0.580347828837450E+000  0.612642867293204E+000  0.980939244835608E+000  0.495526526527346E+000 -0.131028262406404E+000 -0.143915380516005E+003 -0.143915380516005E+003 -0.143916895634498E+003
  0.558602520794515E+000  0.665234971661399E+000  0.721112236663950E+000  0.498159565312236E+000 -0.131028262406404E+000 -0.143915168946182E+003 -0.143915168946182E+003 -0.143916405825781E+003
  0.565941053429948E+000  0.669761755827902E+000  0.910230029977929E+000  0.495589375883306E+000 -0.131028262406404E+000 -0.143915538173703E+003 -0.143915538173703E+003 -0.143915738981142E+003
  0.565731322667820E+000  0.615623472323443E+000  0.449139804353086E+000  0.499884997219538E+000 -0.131028262406404E+000 -0.143915103344599E+003 -0.143915103344599E+003 -0.143917405902437E+003
  0.589379083139852E+000  0.609700338882560E+000  0.917646998539220E+000  0.499675533143055E+000 -0.131028262406404E+000 -0.143915397640718E+003 -0.143915397640718E+003 -0.143916086462855E+003
  0.571076623628310E+000  0.597523387042501E+000  0.592050535691676E+000  0.498977473147743E+000 -0.131028262406404E+000 -0.143915353170095E+003 -0.143915353170095E+003 -0.143916067582885E+003
  0.548520690782320E+000  0.694217080359480E+000  0.934942290201136E+000  0.498573868240496E+000 -0.131028262406404E+000 -0.143915467525182E+003 -0.143915467525182E+003 -0.143916282468960E+003
  0.569140404408702E+000  0.621341105947919E+000  0.669994235847989E+000  0.495632626829249E+000 -0.131028262406404E+000 -0.143915344167353E+003 -0.143915344167353E+003 -0.143916093187612E+003
  0.591278678304885E+000  0.611420881257385E+000  0.737065246392072E+000  0.498579904799377E+000 -0.131028262406404E+000 -0.143915530285030E+003 -0.143915530285030E+003 -0.143915664191139E+003
  0.548749970302110E+000  0.647669152484340E+000  0.946447019318072E+000  0.498044337696013E+000 -0.131028262406404E+000 -0.143915465397860E+003 -0.143915465397860E+003 -0.143915799802596E+003
  0.549888860457021E+000  0.683823074793925E+000  0.912340430776323E+000  0.499555434618890E+000 -0.131028262406404E+000 -0.143915215938594E+003 -0.143915215938594E+003 -0.143915995507010E+003
  0.576979960972459E+000  0.661616183698611E+000  0.601501449179709E+000  0.498950361389022E+000 -0.131028262406404E+000 -0.143915479564918E+003 -0.143915479564918E+003 -0.143916323924364E+003
  0.583501665552896E+000  0.632814034709769E+000  0.790145910248475E+000  0.499896248405146E+000 -0.131028262406404E+000 -0.143915292369133E+003 -0.143915292369133E+003 -0.143915769551886E+003
  0.579846502272940E+000  0.611027833546314E+000  0.732415388710139E+000  0.496511246772263E+000 -0.131028262406404E+000 -0.143915315661889E+003 -0.143915315661889E+003 -0.143917374026900E+003
  0.563535798119551E+000  0.677603396642449E+000  0.345919641552855E+000  0.498564247238147E+000 -0.131028262406404E+000 -0.143915319910874E+003 -0.143915319910874E+003 -0.143915954663023E+003
  0.579122430651903E+000  0.630088028630876E+000  0.944744262043555E+000  0.495603284714928E+000 -0.131028262406404E+000 -0.143915385409845E+003 -0.143915385409845E+003 -0.143916140710977E+003
  0.560148234121589E+000  0.676809588647643E+000  0.644888495915205E+000  0.499196482895606E+000 -0.131028262406404E+000 -0.143915183898958E+003 -0.143915183898958E+003 -0.143916165518124E+003
  0.581252880773619E+000  0.642904548429885E+000  0.895100495539663E+000  0.497056863058745E+000 -0.131028262406404E+000 -0.143915483262925E+003 -0.143915483262925E+003 -0.143915616350678E+003
  0.550532650800569E+000  0.700382787737866E+000  0.528035484888573E+000  0.499189990397816E+000 -0.131028262406404E+000 -0.143915479479568E+003 -0.143915479479568E+003 -0.143915664191139E+003
  0.563192307034627E+000  0.671384612170657E+000  0.774703502617799E+000  0.498495945761144E+000 -0.131028262406404E+000 -0.143915225247108E+003 -0.143915225247108E+003 -0.143916135137241E+003
  0.579192775827532E+000  0.594984056410647E+000  0.737042826523251E+000  0.498734026903283E+000 -0.131028262406404E+000 -0.143915314009963E+003 -0.143915314009963E+003 -0.143916139062345E+003
  0.578840256135910E+000  0.606877036665909E+000  0.788397717947612E+000  0.496523452989272E+000 -0.131028262406404E+000 -0.143915329914153E+003 -0.143915329914153E+003 -0.143915539541280E+003
  0.563340940760939E+000  0.666686129361693E+000  0.601743832040665E+000  0.499468341655816E+000 -0.131028262406404E+000 -0.143915075925901E+003 -0.143915075925901E+003 -0.143915611691149E+003
  0.554518061414417E+000  0.666154299624564E+000  0.631176987871095E+000  0.496626846402572E+000 -0.131028262406404E+000 -0.143915388947732E+003 -0.143915388947732E+003 -0.143915653774880E+003
  0.563076437070339E+000  0.650176729214943E+000  0.695166224663555E+000  0.499960334723972E+000 -0.131028262406404E+000 -0.143914920028471E+003 -0.143914920028471E+003 -0.143927292622553E+003
  0.551491737035882E+000  0.667168647128914E+000  0.709715741868717E+000  0.496171235997248E+000 -0.131028262406404E+000 -0.143915513887428E+003 -0.143915513887428E+003 -0.143918159674075E+003
  0.582961465331617E+000  0.600492266773340E+000  0.712645720343435E+000  0.496264599427544E+000 -0.131028262406404E+000 -0.143915414519196E+003 -0.143915414519196E+003 -0.143915565747930E+003
  0.565452433791307E+000  0.676759440325478E+000  0.418707072648190E+000  0.499999271009248E+000 -0.131028262406404E+000 -0.143915220158377E+003 -0.143915220158377E+003 -0.143915873263445E+003
  0.579933387400893E+000  0.617877023657951E+000  0.587663728274980E+000  0.495328611286002E+000 -0.131028262406404E+000 -0.143915383169800E+003 -0.143915383169800E+003 -0.143916183552115E+003
  0.581845480201021E+000  0.600622880368106E+000  0.533276771420663E+000  0.494460718572149E+000 -0.131028262406404E+000 -0.143915517447382E+003 -0.143915517447382E+003 -0.143915706385837E+003
  0.567925484424058E+000  0.622586455831744E+000  0.647907035102637E+000  0.495266367589892E+000 -0.131028262406404E+000 -0.143915385807496E+003 -0.143915385807496E+003 -0.143915650066257E+003
  0.571481941193762E+000  0.655551788620783E+000  0.404746326960735E+000  0.496432932745988E+000 -0.131028262406404E+000 -0.143915376181438E+003 -0.143915376181438E+003 -0.143915885507564E+003
  0.558454737504937E+000  0.628920356501305E+000  0.735812935447157E+000  0.496993772046744E+000 -0.131028262406404E+000 -0.143915399338274E+003 -0.143915399338274E+003 -0.143915773017161E+003
  0.567682766664610E+000  0.668340779023222E+000  0.406040915086214E+000  0.498565461803468E+000 -0.131028262406404E+000 -0.143915271891523E+003 -0.143915271891523E+003 -0.143915641172873E+003
  0.564370984043269E+000  0.622043732592373E+000  0.566548969781048E+000  0.495499606264385E+000 -0.131028262406404E+000 -0.143915444993633E+003 -0.143915444993633E+003 -0.143915598230933E+003
  0.575010858401600E+000  0.603150270723638E+000  0.976430844903187E+000  0.498618316655693E+000 -0.131028262406404E+000 -0.143915234364554E+003 -0.143915234364554E+003 -0.143916317110391E+003
  0.566539454499422E+000  0.629717185183353E+000  0.844672209347111E+000  0.495373966385876E+000 -0.131028262406404E+000 -0.143915353007969E+003 -0.143915353007969E+003 -0.143915573169389E+003
  0.555711909145198E+000  0.661064583700184E+000  0.631826546077110E+000  0.496671452848213E+000 -0.131028262406404E+000 -0.143915347180580E+003 -0.143915347180580E+003 -0.143916555588941E+003
  0.559165149300623E+000  0.672119114203861E+000  0.683827277474342E+000  0.498778719847896E+000 -0.131028262406404E+000 -0.143915161999344E+003 -0.143915161999344E+003 -0.143915836764560E+003
  0.578370124099924E+000  0.652705138653378E+000  0.494552781166107E+000  0.499271130492707E+000 -0.131028262406404E+000 -0.143915361366296E+003 -0.143915361366296E+003 -0.143915722881837E+003
  0.582585311343005E+000  0.628729337338128E+000  0.627293707963041E+000  0.498368517944320E+000 -0.131028262406404E+000 -0.143915300608815E+003 -0.143915300608815E+003 -0.143915883865846E+003
  0.552709731277031E+000  0.649350305819025E+000  0.553615918169411E+000  0.496899135959000E+000 -0.131028262406404E+000 -0.143915425149567E+003 -0.143915425149567E+003 -0.143915574250179E+003
  0.570717388900971E+000  0.622271944768402E+000  0.595026899744858E+000  0.497437864716269E+000 -0.131028262406404E+000 -0.143915172458489E+003 -0.143915172458489E+003 -0.143915571015496E+003
  0.566302931171671E+000  0.640060425148000E+000  0.915571074322963E+000  0.495577027331373E+000 -0.131028262406404E+000 -0.143915311680999E+003 -0.143915311680999E+003 -0.143915565747930E+003
  0.576273485635213E+000  0.586326828582002E+000  0.867297091404370E+000  0.499476292101269E+000 -0.131028262406404E+000 -0.143915442279728E+003 -0.143915442279728E+003 -0.143915630245944E+003
  0.570413331945050E+000  0.611819614236110E+000  0.833047190603620E+000  0.497428132496753E+000 -0.131028262406404E+000 -0.143915265583468E+003 -0.143915265583468E+003 -0.143915581404209E+003
  0.559287855858911E+000  0.629424668173435E+000  0.786270811621839E+000  0.499164755102548E+000 -0.131028262406404E+000 -0.143915148959379E+003 -0.143915148959379E+003 -0.143916255101113E+003
  0.590883204543638E+000  0.605382364253320E+000  0.567287875362693E+000  0.498082758135079E+000 -0.131028262406404E+000 -0.143915506147031E+003 -0.143915506147031E+003 -0.143915708290218E+003
  0.543297854241253E+000  0.687733176243343E+000  0.913356072997115E+000  0.499501535285065E+000 -0.131028262406404E+000 -0.143915384573309E+003 -0.143915384573309E+003 -0.143915729469621E+003
  0.574378154516842E+000  0.620443424857259E+000  0.587420788299534E+000  0.496459287703592E+000 -0.131028262406404E+000 -0.143915252401427E+003 -0.143915252401427E+003 -0.143915741301054E+003
  0.540208651961178E+000  0.666495528760500E+000  0.800637219053631E+000  0.499870330673334E+000 -0.131028262406404E+000 -0.143915488618596E+003 -0.143915488618596E+003 -0.143915906040101E+003
  0.581518329153604E+000  0.636827918764655E+000  0.911794868118171E+000  0.499606897630995E+000 -0.131028262406404E+000 -0.143915263465254E+003 -0.143915263465254E+003 -0.143915776898790E+003
  0.546355427405193E+000  0.668854667208883E+000  0.907535865528057E+000  0.499967177647330E+000 -0.131028262406404E+000 -0.143915193936231E+003 -0.143915193936231E+003 -0.143916463512280E+003
  0.558831115790837E+000  0.642370630556345E+000  0.437182990600946E+000  0.498309735286755E+000 -0.131028262406404E+000 -0.143915135882539E+003 -0.143915135882539E+003 -0.143915972833334E+003
  0.573262750703251E+000  0.645094663053942E+000  0.587042259583026E+000  0.494813453166738E+000 -0.131028262406404E+000 -0.143915441337920E+003 -0.143915441337920E+003 -0.143917057532878E+003
  0.556419454692910E+000  0.660593315995999E+000  0.982134318584434E+000  0.499589371364787E+000 -0.131028262406404E+000 -0.143915012058099E+003 -0.143915012058099E+003 -0.143915598230933E+003
  0.546249455727822E+000  0.665434867003979E+000  0.922939038943912E+000  0.497401659036355E+000 -0.131028262406404E+000 -0.143915534702012E+003 -0.143915534702012E+003 -0.143915857758527E+003
  0.557527975256828E+000  0.619514258638125E+000  0.477266204089820E+000  0.499998168053622E+000 -0.131028262406404E+000 -0.143915279382031E+003 -0.143915279382031E+003 -0.143915659257587E+003
  0.551853161220016E+000  0.690305412465121E+000  0.824815593933846E+000  0.498653218622734E+000 -0.131028262406404E+000 -0.143915385596886E+003 -0.143915385596886E+003 -0.143915630245944E+003
  0.577126189699431E+000  0.643817338878734E+000  0.948143595295027E+000  0.496876604628107E+000 -0.131028262406404E+000 -0.143915356113776E+003 -0.143915356113776E+003 -0.143915694623174E+003
  0.559874434357747E+000  0.676454053886649E+000  0.538134003587299E+000  0.496952397876458E+000 -0.131028262406404E+000 -0.143915414612320E+003 -0.143915414612320E+003 -0.143915985879812E+003
  0.542636360764703E+000  0.683428044968216E+000  0.919427370950724E+000  0.498781420682486E+000 -0.131028262406404E+000 -0.143915485505401E+003 -0.143915485505401E+003 -0.143915551100652E+003
  0.566448122968622E+000  0.600393301110528E+000  0.647601854339623E+000  0.498889302879275E+000 -0.131028262406404E+000 -0.143915428276373E+003 -0.143915428276373E+003 -0.143915907089075E+003
  0.560047633995024E+000  0.634359936776170E+000  0.487933608655764E+000  0.498177513804434E+000 -0.131028262406404E+000 -0.143915175926470E+003 -0.143915175926470E+003 -0.143915623464156E+003
  0.573919801641513E+000  0.659751677314407E+000  0.559416049230910E+000  0.498673453476149E+000 -0.131028262406404E+000 -0.143915330240322E+003 -0.143915330240322E+003 -0.143915585077040E+003
  0.571239471966654E+000  0.627071519609378E+000  0.968788421927284E+000  0.499086987424219E+000 -0.131028262406404E+000 -0.143915022863088E+003 -0.143915022863088E+003 -0.143915639856191E+003
  0.558461010249234E+000  0.639827783822966E+000  0.738198238414250E+000  0.499576021312889E+000 -0.131028262406404E+000 -0.143915031893706E+003 -0.143915031893706E+003 -0.143915749242842E+003
  0.573924462050557E+000  0.612835707381162E+000  0.590346885426937E+000  0.498171487523096E+000 -0.131028262406404E+000 -0.143915170692691E+003 -0.143915170692691E+003 -0.143916017957953E+003
  0.552045727013920E+000  0.693605343365030E+000  0.893653535652696E+000  0.498371350790305E+000 -0.131028262406404E+000 -0.143915468739824E+003 -0.143915468739824E+003 -0.143916381295326E+003
  0.550954542122294E+000  0.644165136558243E+000  0.668781263936349E+000  0.497413132495529E+000 -0.131028262406404E+000 -0.143915477673079E+003 -0.143915477673079E+003 -0.143916042808777E+003
  0.565997362107742E+000  0.638427153017090E+000  0.864202778756722E+000  0.494189897381254E+000 -0.131028262406404E+000 -0.143915450780086E+003 -0.143915450780086E+003 -0.143915655011916E+003
  0.580053090851572E+000  0.599180955012276E+000  0.418740514753852E+000  0.499959031452440E+000 -0.131028262406404E+000 -0.143915200210846E+003 -0.143915200210846E+003 -0.143916585093938E+003
  0.577434362903890E+000  0.642905032512990E+000  0.453369588827604E+000  0.498209497348454E+000 -0.131028262406404E+000 -0.143915261275246E+003 -0.143915261275246E+003 -0.143915982363094E+003
  0.577735200147456E+000  0.635433892336014E+000  0.501641004443742E+000  0.494450859457092E+000 -0.131028262406404E+000 -0.143915476972741E+003 -0.143915476972741E+003 -0.143915676238796E+003
  0.569146979018370E+000  0.655348346776330E+000  0.545293739816654E+000  0.499592255469341E+000 -0.131028262406404E+000 -0.143915053423979E+003 -0.143915053423979E+003 -0.143915855449869E+003
  0.580620509392213E+000  0.649907944130328E+000  0.922689555269450E+000  0.498221824645093E+000 -0.131028262406404E+000 -0.143915489470085E+003 -0.143915489470085E+003 -0.143915573835890E+003
  0.566893403450052E+000  0.680939172976057E+000  0.542642645539807E+000  0.498596671283435E+000 -0.131028262406404E+000 -0.143915479031162E+003 -0.143915479031162E+003 -0.143916430192757E+003
  0.553734685374234E+000  0.671965474714648E+000  0.804803679561360E+000  0.496247253481753E+000 -0.131028262406404E+000 -0.143915477029121E+003 -0.143915477029121E+003 -0.143915545489305E+003
  0.556532262785233E+000  0.692456972476429E+000  0.789360558409316E+000  0.498422506172613E+000 -0.131028262406404E+000 -0.143915474531935E+003 -0.143915474531935E+003 -0.143918727739548E+003
  0.560106947916144E+000  0.668654477079797E+000  0.490578070580242E+000  0.496680081884170E+000 -0.131028262406404E+000 -0.143915354761051E+003 -0.143915354761051E+003 -0.143916581384851E+003
  0.568519406583834E+000  0.619467189085989E+000  0.556245271727070E+000  0.497615440281442E+000 -0.131028262406404E+000 -0.143915198462576E+003 -0.143915198462576E+003 -0.143915895248840E+003
  0.568756872754345E+000  0.609567385702271E+000  0.773168667162308E+000  0.497220792194634E+000 -0.131028262406404E+000 -0.143915340284636E+003 -0.143915340284636E+003 -0.143917295361876E+003
  0.590703611770077E+000  0.607630219854083E+000  0.903585114062265E+000  0.499794492446880E+000 -0.131028262406404E+000 -0.143915442476839E+003 -0.143915442476839E+003 -0.143916093575340E+003
  0.583611743266200E+000  0.600734705695211E+000  0.609131529492358E+000  0.497467217111850E+000 -0.131028262406404E+000 -0.143915353588963E+003 -0.143915353588963E+003 -0.143915690725365E+003
  0.562038824354420E+000  0.623808665711523E+000  0.692715181414084E+000  0.499621935237130E+000 -0.131028262406404E+000 -0.143915101017771E+003 -0.143915101017771E+003 -0.143915604479885E+003
  0.569762590897606E+000  0.642117107358978E+000  0.754912302874750E+000  0.497891686064488E+000 -0.131028262406404E+000 -0.143915113806623E+003 -0.143915113806623E+003 -0.143915892345031E+003
  0.569952692317002E+000  0.619099468679748E+000  0.816118445578170E+000  0.496103995258712E+000 -0.131028262406404E+000 -0.143915310005817E+003 -0.143915310005817E+003 -0.143915969697658E+003
  0.568567009274357E+000  0.610920307391940E+000  0.654806397611201E+000  0.497133765477265E+000 -0.131028262406404E+000 -0.143915333006517E+003 -0.143915333006517E+003 -0.143915755456489E+003
  0.584000410526980E+000  0.617174612242296E+000  0.875488937999857E+000  0.496615256514300E+000 -0.131028262406404E+000 -0.143915383760016E+003 -0.143915383760016E+003 -0.143915765202350E+003
  0.563068581711906E+000  0.691439091336802E+000  0.920470245403339E+000  0.499492402313182E+000 -0.131028262406404E+000 -0.143915497120134E+003 -0.143915497120134E+003 -0.143915830633719E+003
  0.575219194673994E+000  0.635361611827510E+000  0.698670529878108E+000  0.499251218708156E+000 -0.131028262406404E+000 -0.143915069355955E+003 -0.143915069355955E+003 -0.143915895248840E+003
  0.550672892230922E+000  0.632549715935907E+000  0.903122675791686E+000  0.498793457099662E+000 -0.131028262406404E+000 -0.143915489841451E+003 -0.143915489841451E+003 -0.143915888085222E+003
  0.581634388045741E+000  0.622739154718280E+000  0.533835925724840E+000  0.497001528453387E+000 -0.131028262406404E+000 -0.143915317485462E+003 -0.143915317485462E+003 -0.143915698258654E+003
  0.583051141263576E+000  0.630121357209419E+000  0.670027620310657E+000  0.499856734678773E+000 -0.131028262406404E+000 -0.143915249060930E+003 -0.143915249060930E+003 -0.143915592254582E+003
  0.565888691968834E+000  0.654633437853214E+000  0.973217616498691E+000  0.498187494841586E+000 -0.131028262406404E+000 -0.143915117787029E+003 -0.143915117787029E+003 -0.143915871618934E+003
  0.551781315481589E+000  0.679726589677835E+000  0.819264906771261E+000  0.498694486564833E+000 -0.131028262406404E+000 -0.143915263633609E+003 -0.143915263633609E+003 -0.143915556531996E+003
  0.575730879480687E+000  0.648211347246649E+000  0.982799470880072E+000  0.495146659900182E+000 -0.131028262406404E+000 -0.143915500922175E+003 -0.143915500922175E+003 -0.143915783260700E+003
  0.574513612048176E+000  0.611060620950133E+000  0.696068847926658E+000  0.495542976180524E+000 -0.131028262406404E+000 -0.143915375683686E+003 -0.143915375683686E+003 -0.143915577430585E+003
  0.572204371417191E+000  0.611416743345571E+000  0.842504407805806E+000  0.496962134565438E+000 -0.131028262406404E+000 -0.143915283726566E+003 -0.143915283726566E+003 -0.143915681847029E+003
  0.576371943566888E+000  0.642021756637153E+000  0.945596674599259E+000  0.496507036539626E+000 -0.131028262406404E+000 -0.143915343461477E+003 -0.143915343461477E+003 -0.143915556531996E+003
  0.571600939568631E+000  0.604052771462341E+000  0.687127926701234E+000  0.497880411482278E+000 -0.131028262406404E+000 -0.143915313481079E+003 -0.143915313481079E+003 -0.143915630074068E+003
  0.578962709298173E+000  0.616629077889180E+000  0.731796903604014E+000  0.499319226524228E+000 -0.131028262406404E+000 -0.143915114271435E+003 -0.143915114271435E+003 -0.143915601183716E+003
  0.590400957206567E+000  0.605694039619022E+000  0.996483759982360E+000  0.497033718623177E+000 -0.131028262406404E+000 -0.143915531949153E+003 -0.143915531949153E+003 -0.143915591243539E+003
  0.563569047803925E+000  0.632010434123618E+000  0.542537286686963E+000  0.496127515689306E+000 -0.131028262406404E+000 -0.143915317913549E+003 -0.143915317913549E+003 -0.143915584388098E+003
  0.570404455372646E+000  0.664506039422323E+000  0.670576771690803E+000  0.499386028062661E+000 -0.131028262406404E+000 -0.143915223958579E+003 -0.143915223958579E+003 -0.143915580619321E+003
  0.569251144952716E+000  0.624367161631078E+000  0.762793891034347E+000  0.498997152292570E+000 -0.131028262406404E+000 -0.143915043183711E+003 -0.143915043183711E+003 -0.143915571263999E+003
  0.547538394506042E+000  0.652278342399336E+000  0.679406091855742E+000  0.498621950992694E+000 -0.131028262406404E+000 -0.143915405405643E+003 -0.143915405405643E+003 -0.143915565866751E+003
  0.574926332415267E+000  0.605790767315552E+000  0.449909067375163E+000  0.495959459369766E+000 -0.131028262406404E+000 -0.143915389884057E+003 -0.143915389884057E+003 -0.143915558120722E+003
  0.552964169980640E+000  0.640744269062890E+000  0.879778786433068E+000  0.499708880320939E+000 -0.131028262406404E+000 -0.143915172062772E+003 -0.143915172062772E+003 -0.143915551030118E+003
  0.584270967557762E+000  0.586868614245499E+000  0.939962827471602E+000  0.497802057852615E+000 -0.131028262406404E+000 -0.143915474018604E+003 -0.143915474018604E+003 -0.143915539541280E+003
  0.553813837216810E+000  0.660528615648714E+000  0.256160703998282E+000  0.496729885990222E+000 -0.131028262406404E+000 -0.143915379346360E+003 -0.143915379346360E+003 -0.143915630594073E+003
  0.588549666458184E+000  0.620353185261323E+000  0.451165347969044E-001  0.499031277500773E+000 -0.131028262406404E+000 -0.143915449541193E+003 -0.143915449541193E+003 -0.143915806877880E+003
  0.571957928099991E+000  0.625626837479281E+000  0.927162776334875E-001  0.495510462902812E+000 -0.131028262406404E+000 -0.143915312272538E+003 -0.143915312272538E+003 -0.143916128909078E+003
  0.558662898849902E+000  0.663691382645932E+000  0.150343483213698E+000  0.497674840216580E+000 -0.131028262406404E+000 -0.143915211311580E+003 -0.143915211311580E+003 -0.143915918387170E+003
  0.542246001464488E+000  0.671750656097269E+000  0.219985256695663E+000  0.498794214378529E+000 -0.131028262406404E+000 -0.143915502609727E+003 -0.143915502609727E+003 -0.143916654153413E+003
  0.564077758628640E+000  0.632632384359337E+000  0.337601063890791E+000  0.494530375556862E+000 -0.131028262406404E+000 -0.143915463544639E+003 -0.143915463544639E+003 -0.143916011916484E+003
  0.581562135396380E+000  0.629778830216450E+000  0.219369752801860E+000  0.498677385123665E+000 -0.131028262406404E+000 -0.143915254295788E+003 -0.143915254295788E+003 -0.143915669577371E+003
  0.585551864387997E+000  0.636469817529220E+000  0.305894141108309E+000  0.499617117323751E+000 -0.131028262406404E+000 -0.143915453636228E+003 -0.143915453636228E+003 -0.143916409610875E+003
  0.576852345922376E+000  0.617375727510963E+000  0.101040386475754E-002  0.496683020051089E+000 -0.131028262406404E+000 -0.143915257428613E+003 -0.143915257428613E+003 -0.143915652131011E+003
  0.574902348361783E+000  0.642136297568622E+000  0.739563128009199E-001  0.499458785065085E+000 -0.131028262406404E+000 -0.143915089756283E+003 -0.143915089756283E+003 -0.143915920373799E+003
  0.572828582273107E+000  0.639827989440877E+000  0.105847462503452E-001  0.496915179473319E+000 -0.131028262406404E+000 -0.143915221836915E+003 -0.143915221836915E+003 -0.143915542557088E+003
  0.589411422919285E+000  0.609863544875199E+000  0.248012182889320E+000  0.498508222026638E+000 -0.131028262406404E+000 -0.143915445594715E+003 -0.143915445594715E+003 -0.143915731999771E+003
  0.567611868435764E+000  0.653955582072660E+000  0.104938494426103E+000  0.499760811890334E+000 -0.131028262406404E+000 -0.143914996676165E+003 -0.143914996676165E+003 -0.143915997487308E+003
  0.578691543954192E+000  0.591497276537270E+000  0.122219871884536E+000  0.499202093861311E+000 -0.131028262406404E+000 -0.143915339655178E+003 -0.143915339655178E+003 -0.143915729115042E+003
  0.547784045076489E+000  0.654688220174300E+000  0.200319633632717E+000  0.497904132734450E+000 -0.131028262406404E+000 -0.143915463083936E+003 -0.143915463083936E+003 -0.143916608322017E+003
  0.564144454806842E+000  0.644775582880144E+000  0.167742088210605E+000  0.494666096969953E+000 -0.131028262406404E+000 -0.143915422764170E+003 -0.143915422764170E+003 -0.143915680811816E+003
  0.561161439426340E+000  0.647113559119272E+000  0.306391680562745E+000  0.499337217452446E+000 -0.131028262406404E+000 -0.143914984483396E+003 -0.143914984483396E+003 -0.143915599542110E+003
  0.560932310035462E+000  0.679281254943725E+000  0.290084286692866E+000  0.497634328292837E+000 -0.131028262406404E+000 -0.143915394242570E+003 -0.143915394242570E+003 -0.143915605723026E+003
  0.575421267492652E+000  0.614023570794757E+000  0.842099292242554E-001  0.499268873817484E+000 -0.131028262406404E+000 -0.143915089448492E+003 -0.143915089448492E+003 -0.143915957042050E+003
  0.587876430902191E+000  0.610067035742504E+000  0.168463851038657E+000  0.498465265022845E+000 -0.131028262406404E+000 -0.143915390806135E+003 -0.143915390806135E+003 -0.143915717038928E+003
  0.567812330934224E+000  0.629144083290861E+000  0.364982582703404E+000  0.495927273072543E+000 -0.131028262406404E+000 -0.143915288905242E+003 -0.143915288905242E+003 -0.143916848661533E+003
  0.582972561770448E+000  0.591848765881363E+000  0.235525306771327E+000  0.495793330730273E+000 -0.131028262406404E+000 -0.143915517630522E+003 -0.143915517630522E+003 -0.143915585882640E+003
  0.583577378427377E+000  0.603389395274686E+000  0.256326624236418E+000  0.496099364676955E+000 -0.131028262406404E+000 -0.143915414874546E+003 -0.143915414874546E+003 -0.143915784197852E+003
  0.588145319858119E+000  0.617564011349338E+000  0.317455608297527E+000  0.496997398069252E+000 -0.131028262406404E+000 -0.143915503865034E+003 -0.143915503865034E+003 -0.143916118379461E+003
  0.584904250485308E+000  0.593522904714046E+000  0.369724610336939E+000  0.496924802433312E+000 -0.131028262406404E+000 -0.143915450064502E+003 -0.143915450064502E+003 -0.143915612532708E+003
  0.576886304614467E+000  0.624389374733789E+000  0.376395085519312E+000  0.498218750761016E+000 -0.131028262406404E+000 -0.143915143407892E+003 -0.143915143407892E+003 -0.143915586926305E+003
  0.544071028474272E+000  0.655550342420216E+000  0.176585628454535E+000  0.499592460194239E+000 -0.131028262406404E+000 -0.143915420794280E+003 -0.143915420794280E+003 -0.143916643382228E+003
  0.563866170109728E+000  0.666721101779314E+000  0.311594091566896E+000  0.496274291938958E+000 -0.131028262406404E+000 -0.143915398386092E+003 -0.143915398386092E+003 -0.143916740178035E+003
  0.574481926420527E+000  0.651284815302516E+000  0.373312643584070E+000  0.499488146041298E+000 -0.131028262406404E+000 -0.143915167828984E+003 -0.143915167828984E+003 -0.143915680811816E+003
  0.583172125079344E+000  0.587781152333744E+000  0.149003181793645E+000  0.498009416941756E+000 -0.131028262406404E+000 -0.143915448651185E+003 -0.143915448651185E+003 -0.143915733053930E+003
  0.564406223617798E+000  0.618398775104917E+000  0.223086938502430E+000  0.499709959904592E+000 -0.131028262406404E+000 -0.143915108129925E+003 -0.143915108129925E+003 -0.143915761430763E+003
  0.558081547880829E+000  0.639612671447394E+000  0.217879220585799E-001  0.498614174256768E+000 -0.131028262406404E+000 -0.143915139225195E+003 -0.143915139225195E+003 -0.143916083340075E+003
  0.587245196552039E+000  0.593441521904410E+000  0.287974390314326E+000  0.497724937713239E+000 -0.131028262406404E+000 -0.143915444281905E+003 -0.143915444281905E+003 -0.143915630594073E+003
  0.565286742789219E+000  0.639385931517708E+000  0.324582953786210E+000  0.499232145831025E+000 -0.131028262406404E+000 -0.143914980512326E+003 -0.143914980512326E+003 -0.143917520308915E+003
  0.580030782627647E+000  0.633347195669206E+000  0.295822885563290E+000  0.497695740366592E+000 -0.131028262406404E+000 -0.143915290658588E+003 -0.143915290658588E+003 -0.143916319783284E+003
  0.561560656393709E+000  0.631841235632470E+000  0.263051011888864E+000  0.496326534399215E+000 -0.131028262406404E+000 -0.143915344259402E+003 -0.143915344259402E+003 -0.143917138526467E+003
  0.580162887849095E+000  0.642229462888512E+000  0.177084027493949E+000  0.498231097812157E+000 -0.131028262406404E+000 -0.143915353329667E+003 -0.143915353329667E+003 -0.143917974638967E+003
  0.576443822291007E+000  0.644214693900066E+000  0.184678834352697E+000  0.499212577594193E+000 -0.131028262406404E+000 -0.143915173156938E+003 -0.143915173156938E+003 -0.143916308925632E+003
  0.581939442837128E+000  0.583068769419398E+000  0.344139983145052E+000  0.498161747048651E+000 -0.131028262406404E+000 -0.143915514624569E+003 -0.143915514624569E+003 -0.143915622048015E+003
  0.577353832548145E+000  0.595888097674896E+000  0.307038497030624E-001  0.498072463481286E+000 -0.131028262406404E+000 -0.143915348785618E+003 -0.143915348785618E+003 -0.143916013520634E+003
  0.541517844272872E+000  0.664314724113177E+000  0.285249596249411E+000  0.499123718017540E+000 -0.131028262406404E+000 -0.143915536034165E+003 -0.143915536034165E+003 -0.143915761430763E+003
  0.566524200967183E+000  0.631921412830778E+000  0.288120858252646E+000  0.493862174563232E+000 -0.131028262406404E+000 -0.143915490192410E+003 -0.143915490192410E+003 -0.143915828528071E+003
  0.569144134629085E+000  0.638817484470844E+000  0.860586633399509E-001  0.499366003451763E+000 -0.131028262406404E+000 -0.143914978740235E+003 -0.143914978740235E+003 -0.143915612532708E+003
  0.570554448967779E+000  0.612320807901109E+000  0.321430825409136E+000  0.498269056634847E+000 -0.131028262406404E+000 -0.143915193005815E+003 -0.143915193005815E+003 -0.143917522165880E+003
  0.549896119026891E+000  0.689894695288001E+000  0.178992055932604E+000  0.499479368631750E+000 -0.131028262406404E+000 -0.143915288167492E+003 -0.143915288167492E+003 -0.143915773418147E+003
  0.576831930459952E+000  0.611140256729835E+000  0.438357974063554E-001  0.496257801006866E+000 -0.131028262406404E+000 -0.143915315829030E+003 -0.143915315829030E+003 -0.143916842621512E+003
  0.564741583344994E+000  0.633844625824114E+000  0.450868243027921E-001  0.496139899556438E+000 -0.131028262406404E+000 -0.143915286796364E+003 -0.143915286796364E+003 -0.143915966896756E+003
  0.572816910679979E+000  0.621029474118399E+000  0.181215182219181E+000  0.495421948600379E+000 -0.131028262406404E+000 -0.143915332912984E+003 -0.143915332912984E+003 -0.143916186346680E+003
  0.569494581815651E+000  0.612452740287822E+000  0.551286383580155E-001  0.496629132594880E+000 -0.131028262406404E+000 -0.143915337484964E+003 -0.143915337484964E+003 -0.143915542416047E+003
  0.568386436777454E+000  0.613559818617419E+000  0.867977787683565E-002  0.498745893790208E+000 -0.131028262406404E+000 -0.143915172439824E+003 -0.143915172439824E+003 -0.143915626887285E+003
  0.570850301896683E+000  0.622935451029601E+000  0.229326214727892E+000  0.494518865767392E+000 -0.131028262406404E+000 -0.143915413410485E+003 -0.143915413410485E+003 -0.143915676195183E+003
  0.566681060951495E+000  0.647026144992183E+000  0.722373205922059E-001  0.493901299139772E+000 -0.131028262406404E+000 -0.143915491318567E+003 -0.143915491318567E+003 -0.143915584533121E+003
  0.550328229933021E+000  0.665981863320265E+000  0.230300656129578E+000  0.496889566972609E+000 -0.131028262406404E+000 -0.143915455064871E+003 -0.143915455064871E+003 -0.143915542557088E+003
  0.559127590121433E+000  0.663364718045626E+000  0.274731377306262E+000  0.498266603880094E+000 -0.131028262406404E+000 -0.143915144297987E+003 -0.143915144297987E+003 -0.143916249522561E+003
  0.549053542240008E+000  0.691031259199025E+000  0.455072116368654E-002  0.499309570310355E+000 -0.131028262406404E+000 -0.143915329464641E+003 -0.143915329464641E+003 -0.143915623706483E+003
  0.553900445963585E+000  0.683760615947095E+000  0.235858757764393E+000  0.499100333791144E+000 -0.131028262406404E+000 -0.143915244881211E+003 -0.143915244881211E+003 -0.143915931729246E+003
  0.586314427468458E+000  0.597660720900768E+000  0.291374814193868E+000  0.499636584988213E+000 -0.131028262406404E+000 -0.143915316813001E+003 -0.143915316813001E+003 -0.143916193613605E+003
  0.583079983120637E+000  0.634406105952303E+000  0.194184954435447E+000  0.498949455630512E+000 -0.131028262406404E+000 -0.143915341119396E+003 -0.143915341119396E+003 -0.143915549219474E+003
  0.584478101329082E+000  0.623201440484107E+000  0.397974818183383E+000  0.494763738664682E+000 -0.131028262406404E+000 -0.143915539064301E+003 -0.143915539064301E+003 -0.143915887250890E+003
  0.581946704654381E+000  0.620767157023731E+000  0.287971323294243E+000  0.497296119344150E+000 -0.131028262406404E+000 -0.143915300722295E+003 -0.143915300722295E+003 -0.143916020586999E+003
  0.573284510855233E+000  0.632517389818841E+000  0.293380591318073E+000  0.495070520017207E+000 -0.131028262406404E+000 -0.143915351007085E+003 -0.143915351007085E+003 -0.143916570788401E+003
  0.579407683148965E+000  0.615661372747925E+000  0.181693188373950E+000  0.498507782496713E+000 -0.131028262406404E+000 -0.143915172086436E+003 -0.143915172086436E+003 -0.143915965116059E+003
  0.563190429728385E+000  0.636386450109558E+000  0.199695034358253E+000  0.499553826529208E+000 -0.131028262406404E+000 -0.143914976594867E+003 -0.143914976594867E+003 -0.143915824294749E+003
  0.575514638604067E+000  0.643692180861907E+000  0.296677178830577E+000  0.495525667450768E+000 -0.131028262406404E+000 -0.143915414573526E+003 -0.143915414573526E+003 -0.143915627466977E+003
  0.561408324202788E+000  0.619155015668353E+000  0.323011837316871E+000  0.499490670965580E+000 -0.131028262406404E+000 -0.143915195081035E+003 -0.143915195081035E+003 -0.143915702586092E+003
  0.592149926075318E+000  0.598294882443091E+000  0.138227361467523E+000  0.499976729259582E+000 -0.131028262406404E+000 -0.143915482265348E+003 -0.143915482265348E+003 -0.143915678332253E+003
  0.556614461011764E+000  0.651008506184428E+000  0.324990407295656E+000  0.497401515638860E+000 -0.131028262406404E+000 -0.143915247539266E+003 -0.143915247539266E+003 -0.143915570459910E+003
  0.580785450586072E+000  0.647055143832504E+000  0.334781101955563E+000  0.498579471262012E+000 -0.131028262406404E+000 -0.143915427860706E+003 -0.143915427860706E+003 -0.143916074484173E+003
  0.569816853521887E+000  0.656701329215691E+000  0.276176300124448E+000  0.499269239932396E+000 -0.131028262406404E+000 -0.143915110227460E+003 -0.143915110227460E+003 -0.143915649434961E+003
  0.581082272161098E+000  0.611813428387618E+000  0.221356751827474E+000  0.497478196992845E+000 -0.131028262406404E+000 -0.143915269073689E+003 -0.143915269073689E+003 -0.143915596012028E+003
  0.563300702301403E+000  0.660034798244071E+000  0.186549005975459E-001  0.497345110159838E+000 -0.131028262406404E+000 -0.143915219935357E+003 -0.143915219935357E+003 -0.143915957042050E+003
  0.584574361318527E+000  0.616685791206643E+000  0.375741066109121E+000  0.494773382126949E+000 -0.131028262406404E+000 -0.143915506950589E+003 -0.143915506950589E+003 -0.143916374332103E+003
  0.568782997021935E+000  0.645200746868984E+000  0.860050962927197E-001  0.493382616040166E+000 -0.131028262406404E+000 -0.143915533406775E+003 -0.143915533406775E+003 -0.143915549765741E+003
  0.579725268059836E+000  0.634500944391326E+000  0.707061733493415E-001  0.499496040166385E+000 -0.131028262406404E+000 -0.143915177987085E+003 -0.143915177987085E+003 -0.143916818154464E+003
  0.558638648375542E+000  0.673682379239406E+000  0.170401307261513E+000  0.496831455246304E+000 -0.131028262406404E+000 -0.143915388356383E+003 -0.143915388356383E+003 -0.143923053911762E+003
  0.568210032686252E+000  0.610881765822634E+000  0.663513629631501E-001  0.497940484455926E+000 -0.131028262406404E+000 -0.143915275115226E+003 -0.143915275115226E+003 -0.143915634249101E+003
  0.584300293704592E+000  0.594500966460255E+000  0.480522755442588E-001  0.499515727293138E+000 -0.131028262406404E+000 -0.143915309933155E+003 -0.143915309933155E+003 -0.143915773418147E+003
  0.570242382174610E+000  0.619734274019585E+000  0.134354948745318E+000  0.499048970642011E+000 -0.131028262406404E+000 -0.143915066287523E+003 -0.143915066287523E+003 -0.143915634249101E+003
  0.586488043291877E+000  0.614342247222554E+000  0.260102221577692E+000  0.496503082733751E+000 -0.131028262406404E+000 -0.143915453002081E+003 -0.143915453002081E+003 -0.143915906037631E+003
  0.565371870226316E+000  0.641856393122550E+000  0.356104099758034E+000  0.499247273147639E+000 -0.131028262406404E+000 -0.143914976707041E+003 -0.143914976707041E+003 -0.143915828528071E+003
  0.580898508315536E+000  0.624583217238120E+000  0.172802749634702E+000  0.497334722836746E+000 -0.131028262406404E+000 -0.143915285191609E+003 -0.143915285191609E+003 -0.143916740552838E+003
  0.580930590974331E+000  0.631145008512269E+000  0.139090684734469E+000  0.494692254009188E+000 -0.131028262406404E+000 -0.143915501938939E+003 -0.143915501938939E+003 -0.143915883177337E+003
  0.577188592805892E+000  0.598118413202706E+000  0.163617304929624E+000  0.498323128950445E+000 -0.131028262406404E+000 -0.143915304089988E+003 -0.143915304089988E+003 -0.143915983364482E+003
  0.561411546702413E+000  0.662317712044185E+000  0.313921501126567E+000  0.499959186387482E+000 -0.131028262406404E+000 -0.143914969713002E+003 -0.143914969713002E+003 -0.143916138434099E+003
  0.569736784566681E+000  0.616389442737204E+000  0.228307549656151E+000  0.497636470433481E+000 -0.131028262406404E+000 -0.143915210017289E+003 -0.143915210017289E+003 -0.143915661395765E+003
  0.576541733216486E+000  0.663752136169624E+000  0.254893956138053E-001  0.498596296252391E+000 -0.131028262406404E+000 -0.143915526674172E+003 -0.143915526674172E+003 -0.143916755896157E+003
  0.567662651207560E+000  0.662633948020297E+000  0.131715220289238E+000  0.494894243129834E+000 -0.131028262406404E+000 -0.143915534826782E+003 -0.143915534826782E+003 -0.143915747059827E+003
  0.571056787789387E+000  0.590545410717924E+000  0.297980700520548E+000  0.499133591695901E+000 -0.131028262406404E+000 -0.143915485917972E+003 -0.143915485917972E+003 -0.143915634249101E+003
  0.557682395142473E+000  0.653420861961255E+000  0.141102933987429E+000  0.499738367879187E+000 -0.131028262406404E+000 -0.143914976441051E+003 -0.143914976441051E+003 -0.143915773418147E+003
  0.569152344899480E+000  0.644134863908892E+000  0.369018140315684E+000  0.494280189135079E+000 -0.131028262406404E+000 -0.143915441965266E+003 -0.143915441965266E+003 -0.143915717038928E+003
  0.571630067685205E+000  0.642647531270003E+000  0.385307444150245E+000  0.498462839010786E+000 -0.131028262406404E+000 -0.143915094619499E+003 -0.143915094619499E+003 -0.143916364824137E+003
  0.576211125753923E+000  0.592036449750211E+000  0.952904662434842E-001  0.497830705522230E+000 -0.131028262406404E+000 -0.143915435836389E+003 -0.143915435836389E+003 -0.143916249385035E+003
  0.577411569640275E+000  0.612344979123788E+000  0.131025945647605E+000  0.495159279338484E+000 -0.131028262406404E+000 -0.143915388696425E+003 -0.143915388696425E+003 -0.143915703866819E+003
  0.560229456186439E+000  0.621288291117212E+000  0.123620715487779E+000  0.497707474935078E+000 -0.131028262406404E+000 -0.143915368339093E+003 -0.143915368339093E+003 -0.143919522284393E+003
  0.559577264805422E+000  0.614109464649710E+000  0.165388687871895E+000  0.498551425275825E+000 -0.131028262406404E+000 -0.143915434860857E+003 -0.143915434860857E+003 -0.143926020495086E+003
  0.581245755041910E+000  0.582957313140587E+000  0.333132039269139E+000  0.498810163919649E+000 -0.131028262406404E+000 -0.143915487886244E+003 -0.143915487886244E+003 -0.143915680811816E+003
  0.589087766113309E+000  0.605181643053178E+000  0.389444048834140E+000  0.497822691679307E+000 -0.131028262406404E+000 -0.143915451923583E+003 -0.143915451923583E+003 -0.143916087423612E+003
  0.586901671424804E+000  0.618133852859138E+000  0.101227011114665E+000  0.496065238608149E+000 -0.131028262406404E+000 -0.143915508970460E+003 -0.143915508970460E+003 -0.143915584533121E+003
  0.583255975763228E+000  0.644246902345679E+000  0.985704069755826E-001  0.499657011291199E+000 -0.131028262406404E+000 -0.143915446218408E+003 -0.143915446218408E+003 -0.143916512535951E+003
  0.573063375706601E+000  0.606981736880197E+000  0.100052076725575E-001  0.498521449429506E+000 -0.131028262406404E+000 -0.143915209715398E+003 -0.143915209715398E+003 -0.143916530970983E+003
  0.564816583537227E+000  0.653598289036770E+000  0.328027956857570E+000  0.497957371661382E+000 -0.131028262406404E+000 -0.143915124840571E+003 -0.143915124840571E+003 -0.143915634249101E+003
  0.570950488576189E+000  0.610325468836115E+000  0.273855958511039E+000  0.497511511239087E+000 -0.131028262406404E+000 -0.143915268752657E+003 -0.143915268752657E+003 -0.143915539064301E+003
