  0.199994777227618E+001  0.613267898986847E+000  0.983432291873512E-001  0.499238927205720E+000 -0.131028262406404E+000 -0.138029287833059E+003 -0.138029287833059E+003
  0.197825961428918E+001  0.606506880386982E+000  0.523842480613418E+000  0.499936626634694E+000 -0.131028262406404E+000 -0.138033185465779E+003 -0.138033185465779E+003
  0.199513647864843E+001  0.612552022742134E+000  0.498473253096373E+000  0.499718836410495E+000 -0.131028262406404E+000 -0.138028770652896E+003 -0.138028770652896E+003
  0.199127274820533E+001  0.612149993030240E+000  0.379780007469473E+000  0.498958894130829E+000 -0.131028262406404E+000 -0.138032552966052E+003 -0.138032552966052E+003
  0.199587528558675E+001  0.626116764217298E+000  0.183305512689226E+000  0.498450050076898E+000 -0.131028262406404E+000 -0.138034114014224E+003 -0.138034114014224E+003
  0.199508903647592E+001  0.612487003929008E+000  0.575121272597902E+000  0.499192593257113E+000 -0.131028262406404E+000 -0.138030678253175E+003 -0.138030678253175E+003
  0.199995122872454E+001  0.597968210316042E+000  0.567615246073887E+000  0.498417064315306E+000 -0.131028262406404E+000 -0.138032680300178E+003 -0.138032680300178E+003
  0.199627382223419E+001  0.616383944760072E+000  0.443945399547749E+000  0.499161516637043E+000 -0.131028262406404E+000 -0.138030589855546E+003 -0.138030589855546E+003
  0.199595395110301E+001  0.622660828132872E+000  0.499808889686926E-001  0.499196607335294E+000 -0.131028262406404E+000 -0.138030968841340E+003 -0.138030968841340E+003
  0.198265825401055E+001  0.616901886029426E+000  0.498374150117458E+000  0.499826365242550E+000 -0.131028262406404E+000 -0.138031785852331E+003 -0.138031785852331E+003
  0.199939560569136E+001  0.574203674237559E+000  0.646204923820154E-001  0.499959353202293E+000 -0.131028262406404E+000 -0.138032077647166E+003 -0.138032077647166E+003
  0.199486609772847E+001  0.605396828875110E+000  0.271708583300206E+000  0.498602720435494E+000 -0.131028262406404E+000 -0.138032998527093E+003 -0.138032998527093E+003
  0.198292204824519E+001  0.627144632910998E+000  0.165904444916111E+000  0.499492398842520E+000 -0.131028262406404E+000 -0.138033426976105E+003 -0.138033426976105E+003
  0.199613398811561E+001  0.623534465377058E+000  0.438423302532845E+000  0.499645406597363E+000 -0.131028262406404E+000 -0.138029371728289E+003 -0.138029371728289E+003
  0.199941892465549E+001  0.578400061940617E+000  0.527129644994484E-001  0.499348007335874E+000 -0.131028262406404E+000 -0.138032983062003E+003 -0.138032983062003E+003
  0.197708486019796E+001  0.627211979947969E+000  0.154638725605590E+000  0.499892628950474E+000 -0.131028262406404E+000 -0.138033451070063E+003 -0.138033451070063E+003
  0.198175393317661E+001  0.639686364483965E+000  0.436876893357012E+000  0.499917267736794E+000 -0.131028262406404E+000 -0.138033819894880E+003 -0.138033819894880E+003
  0.199294419375133E+001  0.617334758368643E+000  0.134403320903892E+000  0.498516185919684E+000 -0.131028262406404E+000 -0.138033830222145E+003 -0.138033830222145E+003
  0.198830165751446E+001  0.640130588885685E+000  0.125741474675119E+000  0.499462069138197E+000 -0.131028262406404E+000 -0.138034274216838E+003 -0.138034274216838E+003
  0.199959627586715E+001  0.595822487729279E+000  0.518684520983102E+000  0.499663848280267E+000 -0.131028262406404E+000 -0.138028630366183E+003 -0.138028630366183E+003
  0.199288748012895E+001  0.624714847472076E+000  0.451578521170081E+000  0.498890589316648E+000 -0.131028262406404E+000 -0.138033007235436E+003 -0.138033007235436E+003
  0.199993027357693E+001  0.576697957250634E+000  0.425795879409007E+000  0.499446857965078E+000 -0.131028262406404E+000 -0.138032911042418E+003 -0.138032911042418E+003
  0.198226918470294E+001  0.620149425071972E+000  0.501994733914121E-001  0.499370730163538E+000 -0.131028262406404E+000 -0.138033631988554E+003 -0.138033631988554E+003
  0.198972145559519E+001  0.620899991991364E+000  0.617730538805720E+000  0.499843638808043E+000 -0.131028262406404E+000 -0.138029964272036E+003 -0.138029964272036E+003
  0.199071979499504E+001  0.596376185235397E+000  0.516114489049878E+000  0.499042976494688E+000 -0.131028262406404E+000 -0.138033500550227E+003 -0.138033500550227E+003
  0.198261444503457E+001  0.621864325596403E+000  0.629824082450555E-001  0.499835456511775E+000 -0.131028262406404E+000 -0.138031881859149E+003 -0.138031881859149E+003
  0.199802689043509E+001  0.612240538696996E+000  0.418309080329271E-001  0.499777024675693E+000 -0.131028262406404E+000 -0.138027818054626E+003 -0.138027818054626E+003
  0.199182789248196E+001  0.624810898993148E+000  0.394599222667098E+000  0.498972581893346E+000 -0.131028262406404E+000 -0.138032962889472E+003 -0.138032962889472E+003
  0.199947440234524E+001  0.620616992922100E+000  0.549143540006026E+000  0.499744582640608E+000 -0.131028262406404E+000 -0.138027995713987E+003 -0.138027995713987E+003
  0.199940500868763E+001  0.614481549908446E+000  0.114405526189753E+000  0.499795302743945E+000 -0.131028262406404E+000 -0.138027464125294E+003 -0.138027464125294E+003
  0.199483268763462E+001  0.614099321111987E+000  0.281113170158910E+000  0.499847989558517E+000 -0.131028262406404E+000 -0.138028403050214E+003 -0.138028403050214E+003
  0.199598327915180E+001  0.644341292433943E+000  0.182110373473556E+000  0.499828639989851E+000 -0.131028262406404E+000 -0.138032525692712E+003 -0.138032525692712E+003
  0.198981320063942E+001  0.625137498485247E+000  0.378729425699350E+000  0.499641562782975E+000 -0.131028262406404E+000 -0.138031001259285E+003 -0.138031001259285E+003
  0.199697157681784E+001  0.614714124063378E+000  0.441848741112240E+000  0.498444828196094E+000 -0.131028262406404E+000 -0.138032953350632E+003 -0.138032953350632E+003
  0.199491368475511E+001  0.608039288763177E+000  0.357063910847282E+000  0.498518068560278E+000 -0.131028262406404E+000 -0.138033197596751E+003 -0.138033197596751E+003
  0.199536696786998E+001  0.618583443899702E+000  0.490357706628133E+000  0.498430143366914E+000 -0.131028262406404E+000 -0.138033601000393E+003 -0.138033601000393E+003
  0.199967360039951E+001  0.598400973345732E+000  0.481348633150558E+000  0.499221428606270E+000 -0.131028262406404E+000 -0.138029887812520E+003 -0.138029887812520E+003
  0.198423512644205E+001  0.628603916813055E+000  0.291459488624129E+000  0.499479265325266E+000 -0.131028262406404E+000 -0.138033291231997E+003 -0.138033291231997E+003
  0.198616762055592E+001  0.589067156735834E+000  0.135199097796688E+000  0.499979542681326E+000 -0.131028262406404E+000 -0.138033001636370E+003 -0.138033001636370E+003
  0.199463290866294E+001  0.625732981239140E+000  0.196987827606493E-001  0.498881854523026E+000 -0.131028262406404E+000 -0.138032749113573E+003 -0.138032749113573E+003
  0.198937849634863E+001  0.611056836949395E+000  0.270628675837210E+000  0.499490839480547E+000 -0.131028262406404E+000 -0.138031165421356E+003 -0.138031165421356E+003
  0.199706148860612E+001  0.643042346588394E+000  0.399119171219488E+000  0.499472760283201E+000 -0.131028262406404E+000 -0.138033339855910E+003 -0.138033339855910E+003
  0.199770730663790E+001  0.647443511259450E+000  0.362597244380754E+000  0.499655154806910E+000 -0.131028262406404E+000 -0.138033787628375E+003 -0.138033787628375E+003
  0.199342026521601E+001  0.609124677016322E+000  0.260636902656023E+000  0.499929952936463E+000 -0.131028262406404E+000 -0.138028509154565E+003 -0.138028509154565E+003
  0.199008366168876E+001  0.604980005131818E+000  0.526442965534828E+000  0.499870466301676E+000 -0.131028262406404E+000 -0.138029877083209E+003 -0.138029877083209E+003
  0.199788889532240E+001  0.637538607146924E+000  0.261843610790595E-001  0.499790000863191E+000 -0.131028262406404E+000 -0.138030701393486E+003 -0.138030701393486E+003
  0.198905023108282E+001  0.587215692550534E+000  0.591615242450999E+000  0.499922304173134E+000 -0.131028262406404E+000 -0.138032580851582E+003 -0.138032580851582E+003
  0.197814567784805E+001  0.603175947436407E+000  0.604187446648768E-001  0.499737769523316E+000 -0.131028262406404E+000 -0.138034298202581E+003 -0.138034298202581E+003
  0.199362749701004E+001  0.598298662122873E+000  0.525863675056094E+000  0.499252285374494E+000 -0.131028262406404E+000 -0.138031605591560E+003 -0.138031605591560E+003
  0.199030103631221E+001  0.610728890933778E+000  0.277994420502053E+000  0.499828988233533E+000 -0.131028262406404E+000 -0.138029693143595E+003 -0.138029693143595E+003
  0.199174059644884E+001  0.635784147480828E+000  0.106677185815872E+000  0.499544179916470E+000 -0.131028262406404E+000 -0.138032420136793E+003 -0.138032420136793E+003
  0.198121509565222E+001  0.625608059873559E+000  0.317123837490748E+000  0.499769009806338E+000 -0.131028262406404E+000 -0.138032710770716E+003 -0.138032710770716E+003
  0.197819444877055E+001  0.603695684957643E+000  0.142516787536918E+000  0.499837044639945E+000 -0.131028262406404E+000 -0.138033861670963E+003 -0.138033861670963E+003
  0.198145147988339E+001  0.630876474099942E+000  0.106570668447144E+000  0.499573652214356E+000 -0.131028262406404E+000 -0.138033867772130E+003 -0.138033867772130E+003
  0.198676768112198E+001  0.621730838640864E+000  0.156806417316160E+000  0.499130685751362E+000 -0.131028262406404E+000 -0.138033388574478E+003 -0.138033388574478E+003
  0.198860528055042E+001  0.633842544422411E+000  0.497546039920335E+000  0.499174842340887E+000 -0.131028262406404E+000 -0.138034120781454E+003 -0.138034120781454E+003
  0.198528613651738E+001  0.598569130609144E+000  0.493031525561233E+000  0.499864326007334E+000 -0.131028262406404E+000 -0.138032061105198E+003 -0.138032061105198E+003
  0.199914190310479E+001  0.629130691723187E+000  0.627241559317857E+000  0.499304121097507E+000 -0.131028262406404E+000 -0.138030691660731E+003 -0.138030691660731E+003
  0.199439173174803E+001  0.622786887912290E+000  0.146458410385460E+000  0.499078663120625E+000 -0.131028262406404E+000 -0.138031775865970E+003 -0.138031775865970E+003
  0.199014833779002E+001  0.603291213759853E+000  0.397317430764425E+000  0.499903361162976E+000 -0.131028262406404E+000 -0.138029871261444E+003 -0.138029871261444E+003
  0.199668217176113E+001  0.594000346767980E+000  0.332228886866450E+000  0.499800062223957E+000 -0.131028262406404E+000 -0.138029274237478E+003 -0.138029274237478E+003
  0.199588862593092E+001  0.631289374932564E+000  0.342598281288895E+000  0.499088204503714E+000 -0.131028262406404E+000 -0.138032491747366E+003 -0.138032491747366E+003
  0.198701441107780E+001  0.632985805048535E+000  0.458364836332715E+000  0.499818677250500E+000 -0.131028262406404E+000 -0.138031927654338E+003 -0.138031927654338E+003
  0.199108039271961E+001  0.621990288985812E+000  0.129937931196172E+000  0.499957998209657E+000 -0.131028262406404E+000 -0.138029280650916E+003 -0.138029280650916E+003
  0.199446620761560E+001  0.603726270454467E+000  0.205750612027660E+000  0.499978967134460E+000 -0.131028262406404E+000 -0.138028300189579E+003 -0.138028300189579E+003
  0.198931094007792E+001  0.587140770132929E+000  0.221750964483066E+000  0.499888705873426E+000 -0.131028262406404E+000 -0.138032622061970E+003 -0.138032622061970E+003
  0.199830580198522E+001  0.640351816433935E+000  0.260695894578290E+000  0.499247368416772E+000 -0.131028262406404E+000 -0.138033295823016E+003 -0.138033295823016E+003
  0.198341986249072E+001  0.624425869146582E+000  0.622682832377575E+000  0.499349343684600E+000 -0.131028262406404E+000 -0.138033617992304E+003 -0.138033617992304E+003
  0.199194470634389E+001  0.597654818149213E+000  0.407131453965349E+000  0.499811411458048E+000 -0.131028262406404E+000 -0.138030231181423E+003 -0.138030231181423E+003
  0.199475262223725E+001  0.624237778673305E+000  0.609862455890101E+000  0.499990109861947E+000 -0.131028262406404E+000 -0.138028494490710E+003 -0.138028494490710E+003
  0.198206729418858E+001  0.604343941265135E+000  0.466724500012856E+000  0.499328469129275E+000 -0.131028262406404E+000 -0.138034361962585E+003 -0.138034361962585E+003
  0.199156618987153E+001  0.640071582804268E+000  0.598280745619279E+000  0.499524732129644E+000 -0.131028262406404E+000 -0.138033395754825E+003 -0.138033395754825E+003
  0.199455880136309E+001  0.612755878535531E+000  0.356068100906435E+000  0.499118161331752E+000 -0.131028262406404E+000 -0.138031089527382E+003 -0.138031089527382E+003
  0.199623223598136E+001  0.597529339624277E+000  0.583153993147908E+000  0.498648070922620E+000 -0.131028262406404E+000 -0.138033025990246E+003 -0.138033025990246E+003
  0.197697243930080E+001  0.609479716736807E+000  0.189906232683085E+000  0.499859516807820E+000 -0.131028262406404E+000 -0.138033633995211E+003 -0.138033633995211E+003
  0.199012391941193E+001  0.621924444015581E+000  0.980620564047701E-001  0.498681670462362E+000 -0.131028262406404E+000 -0.138034207174731E+003 -0.138034207174731E+003
  0.199801001814038E+001  0.609518068705270E+000  0.399127320164063E+000  0.498508552231672E+000 -0.131028262406404E+000 -0.138032365413084E+003 -0.138032365413084E+003
  0.198625945442885E+001  0.601162451086633E+000  0.403258833379087E+000  0.499057001274220E+000 -0.131028262406404E+000 -0.138034313778213E+003 -0.138034313778213E+003
  0.199913789723686E+001  0.629853241501519E+000  0.586748532112662E+000  0.499553769654793E+000 -0.131028262406404E+000 -0.138029889758782E+003 -0.138029889758782E+003
  0.199608746308347E+001  0.605962686393505E+000  0.723781203653127E-001  0.498453356778630E+000 -0.131028262406404E+000 -0.138033163998438E+003 -0.138033163998438E+003
  0.198928077223266E+001  0.620032168316404E+000  0.129825113719381E+000  0.499811234896436E+000 -0.131028262406404E+000 -0.138030147888087E+003 -0.138030147888087E+003
  0.199721477340423E+001  0.583352858858201E+000  0.178845814027662E+000  0.499852252548940E+000 -0.131028262406404E+000 -0.138030850563254E+003 -0.138030850563254E+003
  0.199257879656197E+001  0.622726715109391E+000  0.432880694996544E+000  0.499254898311098E+000 -0.131028262406404E+000 -0.138031552538307E+003 -0.138031552538307E+003
  0.199273829178115E+001  0.626614901951142E+000  0.444446464154896E-001  0.498696314022572E+000 -0.131028262406404E+000 -0.138033971394311E+003 -0.138033971394311E+003
  0.199760536492566E+001  0.580984718256168E+000  0.541681208073502E+000  0.499338941124697E+000 -0.131028262406404E+000 -0.138033012627392E+003 -0.138033012627392E+003
  0.199758571305062E+001  0.636341111293858E+000  0.425546568887440E+000  0.499844797251635E+000 -0.131028262406404E+000 -0.138030298975180E+003 -0.138030298975180E+003
  0.199535889912489E+001  0.626411837223518E+000  0.538081084320041E+000  0.499729496430725E+000 -0.131028262406404E+000 -0.138029549565921E+003 -0.138029549565921E+003
  0.199325465647203E+001  0.589697895017511E+000  0.198737350953096E+000  0.499643719240217E+000 -0.131028262406404E+000 -0.138031613397313E+003 -0.138031613397313E+003
  0.199299090275439E+001  0.611367567674523E+000  0.620274580601550E-001  0.498878856245601E+000 -0.131028262406404E+000 -0.138032375084134E+003 -0.138032375084134E+003
  0.199279382870092E+001  0.622229785165155E+000  0.527446783458515E+000  0.498683910022433E+000 -0.131028262406404E+000 -0.138033563005086E+003 -0.138033563005086E+003
  0.199728458423224E+001  0.622915413865963E+000  0.970184075625065E-001  0.499324489489138E+000 -0.131028262406404E+000 -0.138030223217801E+003 -0.138030223217801E+003
  0.199937849473140E+001  0.601420972120684E+000  0.331194528483419E+000  0.498966654672427E+000 -0.131028262406404E+000 -0.138030632346654E+003 -0.138030632346654E+003
  0.199746907725316E+001  0.603599467674037E+000  0.112662677517402E+000  0.499982743993323E+000 -0.131028262406404E+000 -0.138027444840283E+003 -0.138027444840283E+003
  0.198560619422944E+001  0.617350580087988E+000  0.605232287769351E+000  0.499780117290321E+000 -0.131028262406404E+000 -0.138031142033321E+003 -0.138031142033321E+003
  0.199856161377606E+001  0.624680875767058E+000  0.123451580039000E+000  0.498908730570049E+000 -0.131028262406404E+000 -0.138031654783686E+003 -0.138031654783686E+003
  0.199460419950567E+001  0.601518047915888E+000  0.590903674171795E+000  0.498664639987870E+000 -0.131028262406404E+000 -0.138033094293796E+003 -0.138033094293796E+003
  0.199275028872127E+001  0.590000694840378E+000  0.226615392697466E+000  0.499230638114600E+000 -0.131028262406404E+000 -0.138033166080892E+003 -0.138033166080892E+003
  0.199849977190410E+001  0.637804260877863E+000  0.933452106856397E-002  0.499178719663100E+000 -0.131028262406404E+000 -0.138032921571225E+003 -0.138032921571225E+003
  0.199872157846865E+001  0.589371516490169E+000  0.308030265284444E+000  0.499755227406779E+000 -0.131028262406404E+000 -0.138029503096717E+003 -0.138029503096717E+003
  0.199796916302277E+001  0.622809943393808E+000  0.360087265682924E+000  0.499261182568176E+000 -0.131028262406404E+000 -0.138030290386511E+003 -0.138030290386511E+003
  0.199835902090000E+001  0.622658682529278E+000  0.355180614144556E+000  0.498674180133374E+000 -0.131028262406404E+000 -0.138032335369885E+003 -0.138032335369885E+003
  0.199276389912511E+001  0.619117411895355E+000  0.224283785056775E+000  0.498460335369730E+000 -0.131028262406404E+000 -0.138034174308872E+003 -0.138034174308872E+003
  0.198994133979592E+001  0.585087672633221E+000  0.271431280089239E+000  0.499689882430362E+000 -0.131028262406404E+000 -0.138033545208327E+003 -0.138033545208327E+003
  0.199359073321549E+001  0.598485828011468E+000  0.268028685304156E+000  0.498754843051161E+000 -0.131028262406404E+000 -0.138033361270124E+003 -0.138033361270124E+003
  0.199654327094920E+001  0.580057226661365E+000  0.375661366576615E+000  0.499236923462735E+000 -0.131028262406404E+000 -0.138033958921963E+003 -0.138033958921963E+003
  0.199818085740494E+001  0.612809068555155E+000  0.371584936351439E+000  0.498220637597583E+000 -0.131028262406404E+000 -0.138033400544374E+003 -0.138033400544374E+003
  0.199611042281564E+001  0.639055451527292E+000  0.356932564401909E+000  0.499397564788393E+000 -0.131028262406404E+000 -0.138032811976280E+003 -0.138032811976280E+003
  0.199125816253869E+001  0.600126071591230E+000  0.472476921546555E+000  0.499340482667049E+000 -0.131028262406404E+000 -0.138031830687501E+003 -0.138031830687501E+003
  0.198821236775459E+001  0.631068577930001E+000  0.101206499580323E+000  0.499101949598415E+000 -0.131028262406404E+000 -0.138034064589217E+003 -0.138034064589217E+003
  0.199522278021982E+001  0.616754507732099E+000  0.310387477976604E+000  0.499444856963226E+000 -0.131028262406404E+000 -0.138029839294373E+003 -0.138029839294373E+003
  0.199363809517313E+001  0.611128763543727E+000  0.160280155772245E+000  0.499029228867631E+000 -0.131028262406404E+000 -0.138031655049283E+003 -0.138031655049283E+003
  0.199528821487720E+001  0.592286209500206E+000  0.553263485031964E+000  0.498710842500807E+000 -0.131028262406404E+000 -0.138033772934706E+003 -0.138033772934706E+003
  0.198874518068999E+001  0.612202198629205E+000  0.190332270057335E+000  0.499191103618853E+000 -0.131028262406404E+000 -0.138032412491796E+003 -0.138032412491796E+003
  0.199229561439980E+001  0.582244708221794E+000  0.417076188275780E+000  0.499475039797916E+000 -0.131028262406404E+000 -0.138034118509296E+003 -0.138034118509296E+003
  0.199740580166507E+001  0.640935444516335E+000  0.290365170304448E+000  0.499099254305952E+000 -0.131028262406404E+000 -0.138034145661222E+003 -0.138034145661222E+003
  0.199939358178160E+001  0.631061503594591E+000  0.668749749663784E-001  0.498575115152969E+000 -0.131028262406404E+000 -0.138033651063266E+003 -0.138033651063266E+003
  0.198483639808497E+001  0.638530938635629E+000  0.311716025600388E-001  0.499802376291018E+000 -0.131028262406404E+000 -0.138033381868948E+003 -0.138033381868948E+003
  0.198414999549082E+001  0.615139983229204E+000  0.584367479335243E+000  0.499663731296751E+000 -0.131028262406404E+000 -0.138031961004846E+003 -0.138031961004846E+003
  0.199831116705648E+001  0.618494065475122E+000  0.496663410725207E+000  0.498817558617262E+000 -0.131028262406404E+000 -0.138031464102753E+003 -0.138031464102753E+003
  0.198063363647155E+001  0.628959033630766E+000  0.269515772670469E+000  0.499676921603130E+000 -0.131028262406404E+000 -0.138033482172855E+003 -0.138033482172855E+003
  0.199949670337939E+001  0.579770594611962E+000  0.603245521886045E+000  0.499694006069765E+000 -0.131028262406404E+000 -0.138031443978658E+003 -0.138031443978658E+003
  0.198198893974204E+001  0.610189300288081E+000  0.892555657564481E-001  0.499467110638478E+000 -0.131028262406404E+000 -0.138033454222837E+003 -0.138033454222837E+003
  0.198402604741811E+001  0.607712193452858E+000  0.217778017803652E+000  0.499929235414964E+000 -0.131028262406404E+000 -0.138031299644586E+003 -0.138031299644586E+003
  0.198809089589314E+001  0.624516062943942E+000  0.979149812581043E-001  0.499250615301105E+000 -0.131028262406404E+000 -0.138032808741465E+003 -0.138032808741465E+003
  0.199520076244873E+001  0.612899235075012E+000  0.335799983251985E+000  0.498838807522841E+000 -0.131028262406404E+000 -0.138031934052626E+003 -0.138031934052626E+003
  0.198572942737448E+001  0.612650592409323E+000  0.418639767978767E+000  0.499397784229060E+000 -0.131028262406404E+000 -0.138032511441840E+003 -0.138032511441840E+003
  0.199760960130382E+001  0.599751122896221E+000  0.453147245456548E+000  0.499934938370865E+000 -0.131028262406404E+000 -0.138027863819254E+003 -0.138027863819254E+003
  0.197706454380547E+001  0.611281423685004E+000  0.380944392801309E-001  0.499685935219483E+000 -0.131028262406404E+000 -0.138034123330550E+003 -0.138034123330550E+003
  0.199136245339293E+001  0.623393656180791E+000  0.332538354804719E+000  0.498580073920760E+000 -0.131028262406404E+000 -0.138034395526135E+003 -0.138034395526135E+003
  0.199363498345265E+001  0.612302005778924E+000  0.318968333623976E+000  0.498864049983867E+000 -0.131028262406404E+000 -0.138032253696302E+003 -0.138032253696302E+003
  0.198616958976439E+001  0.606122556559576E+000  0.568610489949313E+000  0.499378252297696E+000 -0.131028262406404E+000 -0.138032742911680E+003 -0.138032742911680E+003
  0.198052511837632E+001  0.620287978204622E+000  0.567524675064670E+000  0.499520261193131E+000 -0.131028262406404E+000 -0.138033565808634E+003 -0.138033565808634E+003
  0.198519016220802E+001  0.632138372497980E+000  0.570321963710019E+000  0.499922819293376E+000 -0.131028262406404E+000 -0.138031830436605E+003 -0.138031830436605E+003
  0.199209903299139E+001  0.641025044996197E+000  0.175239423077964E+000  0.499762914121102E+000 -0.131028262406404E+000 -0.138032617085439E+003 -0.138032617085439E+003
  0.198974253363824E+001  0.618736313933685E+000  0.891574959510843E-001  0.499268336633471E+000 -0.131028262406404E+000 -0.138031958387556E+003 -0.138031958387556E+003
  0.199233651437039E+001  0.626167366200561E+000  0.675802394663190E-001  0.499910890864705E+000 -0.131028262406404E+000 -0.138029527791134E+003 -0.138029527791134E+003
  0.198225682605269E+001  0.623606218638256E+000  0.534626560035494E+000  0.499623473062361E+000 -0.131028262406404E+000 -0.138032850961527E+003 -0.138032850961527E+003
  0.199600416281268E+001  0.631670089187814E+000  0.318339312824219E-001  0.499198109163989E+000 -0.131028262406404E+000 -0.138032123742659E+003 -0.138032123742659E+003
  0.198731780222187E+001  0.615410148269974E+000  0.995177979081551E-001  0.499490921743273E+000 -0.131028262406404E+000 -0.138031708014970E+003 -0.138031708014970E+003
  0.198400152606424E+001  0.610159338946740E+000  0.219597809650115E+000  0.499720760302238E+000 -0.131028262406404E+000 -0.138031923833537E+003 -0.138031923833537E+003
  0.199535280528336E+001  0.624606065537432E+000  0.365630207236024E+000  0.499470865551390E+000 -0.131028262406404E+000 -0.138030294936317E+003 -0.138030294936317E+003
  0.199698706078468E+001  0.631859040846336E+000  0.247587128604853E-001  0.499230214157870E+000 -0.131028262406404E+000 -0.138031839491794E+003 -0.138031839491794E+003
  0.199774478681094E+001  0.584725500454174E+000  0.546872617231906E+000  0.498839782756747E+000 -0.131028262406404E+000 -0.138033850655928E+003 -0.138033850655928E+003
  0.198465459332805E+001  0.586255822398610E+000  0.219351231666471E+000  0.499912282199320E+000 -0.131028262406404E+000 -0.138034408747674E+003 -0.138034408747674E+003
  0.198018806541145E+001  0.616566012404281E+000  0.333345048251442E+000  0.499879688201751E+000 -0.131028262406404E+000 -0.138032297081367E+003 -0.138032297081367E+003
  0.198334535659892E+001  0.622077730649258E+000  0.369949078869462E+000  0.499516015400647E+000 -0.131028262406404E+000 -0.138032879242973E+003 -0.138032879242973E+003
  0.199427256792390E+001  0.588235929940018E+000  0.511597796394958E+000  0.499833718822470E+000 -0.131028262406404E+000 -0.138030890196115E+003 -0.138030890196115E+003
  0.199453178458090E+001  0.583467312679672E+000  0.121447272394996E+000  0.499787605309449E+000 -0.131028262406404E+000 -0.138031967490387E+003 -0.138031967490387E+003
  0.197928707957658E+001  0.617853393107506E+000  0.248458096665128E+000  0.499718444503235E+000 -0.131028262406404E+000 -0.138033149741591E+003 -0.138033149741591E+003
  0.199226491845693E+001  0.602371777097502E+000  0.198292790172929E+000  0.498827819100965E+000 -0.131028262406404E+000 -0.138033147438434E+003 -0.138033147438434E+003
  0.199997508643124E+001  0.616445264958960E+000  0.578934716236710E+000  0.498179237596800E+000 -0.131028262406404E+000 -0.138033259203954E+003 -0.138033259203954E+003
  0.199512341500262E+001  0.629945942720568E+000  0.879198804335900E-001  0.499806290760688E+000 -0.131028262406404E+000 -0.138029788332085E+003 -0.138029788332085E+003
  0.199738743488797E+001  0.601116191175600E+000  0.284285514573872E+000  0.499108964815508E+000 -0.131028262406404E+000 -0.138030723320873E+003 -0.138030723320873E+003
  0.199050653039564E+001  0.623859046234818E+000  0.425156221640301E+000  0.499517477761477E+000 -0.131028262406404E+000 -0.138031178956390E+003 -0.138031178956390E+003
  0.199653879851063E+001  0.584300060144198E+000  0.147544244979042E+000  0.499634854451603E+000 -0.131028262406404E+000 -0.138031615087921E+003 -0.138031615087921E+003
  0.198549885309111E+001  0.613805636491275E+000  0.595878407238764E+000  0.499018235914670E+000 -0.131028262406404E+000 -0.138033951051426E+003 -0.138033951051426E+003
  0.198477079568418E+001  0.611167818144971E+000  0.367055964397669E+000  0.499022511397534E+000 -0.131028262406404E+000 -0.138034200981067E+003 -0.138034200981067E+003
  0.199406237140476E+001  0.591249065378691E+000  0.897732076788120E-001  0.499527264043048E+000 -0.131028262406404E+000 -0.138031480311435E+003 -0.138031480311435E+003
  0.199672542040460E+001  0.600647407246022E+000  0.227599117096386E+000  0.499810669908251E+000 -0.131028262406404E+000 -0.138028477676612E+003 -0.138028477676612E+003
  0.199453216607042E+001  0.646758280437510E+000  0.263882554945076E+000  0.499827466733661E+000 -0.131028262406404E+000 -0.138033424344753E+003 -0.138033424344753E+003
  0.198957019525471E+001  0.609310192766749E+000  0.614157490344865E+000  0.499005968033787E+000 -0.131028262406404E+000 -0.138032914969862E+003 -0.138032914969862E+003
  0.199164350466122E+001  0.583629675072449E+000  0.160113962156413E+000  0.499643410561092E+000 -0.131028262406404E+000 -0.138033439621295E+003 -0.138033439621295E+003
  0.199716875755570E+001  0.609452543685456E+000  0.232675550902723E+000  0.498067439394962E+000 -0.131028262406404E+000 -0.138034187935286E+003 -0.138034187935286E+003
  0.199521829756217E+001  0.639052959278727E+000  0.448608460252311E+000  0.499944450925800E+000 -0.131028262406404E+000 -0.138030933817665E+003 -0.138030933817665E+003
  0.198680235786616E+001  0.620235383835567E+000  0.392048782357468E+000  0.499711989613257E+000 -0.131028262406404E+000 -0.138031159217332E+003 -0.138031159217332E+003
  0.199138166309162E+001  0.618621288817252E+000  0.291359645819709E+000  0.499077416589136E+000 -0.131028262406404E+000 -0.138032231319264E+003 -0.138032231319264E+003
  0.198818952410710E+001  0.604537124989609E+000  0.291221380113736E+000  0.499154702012276E+000 -0.131028262406404E+000 -0.138033046254435E+003 -0.138033046254435E+003
  0.198378256591493E+001  0.624101059966737E+000  0.130326992198635E+000  0.499530752221590E+000 -0.131028262406404E+000 -0.138032827051593E+003 -0.138032827051593E+003
  0.198831703148807E+001  0.602512495374668E+000  0.520745895846020E+000  0.498842058003604E+000 -0.131028262406404E+000 -0.138034300233213E+003 -0.138034300233213E+003
  0.199145105600496E+001  0.595494695764071E+000  0.536676355294032E+000  0.499192204130268E+000 -0.131028262406404E+000 -0.138032855509060E+003 -0.138032855509060E+003
  0.198262933800926E+001  0.604799983370513E+000  0.437646124835811E+000  0.499462283149938E+000 -0.131028262406404E+000 -0.138033654098706E+003 -0.138033654098706E+003
  0.199875098660627E+001  0.597949796175567E+000  0.187094400279205E+000  0.498270871598397E+000 -0.131028262406404E+000 -0.138033557798909E+003 -0.138033557798909E+003
  0.198006147088290E+001  0.624792245259351E+000  0.593265410757721E+000  0.499463538659450E+000 -0.131028262406404E+000 -0.138034102004404E+003 -0.138034102004404E+003
  0.197712761352556E+001  0.608738877125391E+000  0.481098581312315E+000  0.499938357614177E+000 -0.131028262406404E+000 -0.138033352596011E+003 -0.138033352596011E+003
  0.199380514670872E+001  0.601789028306753E+000  0.627997647053541E+000  0.498702887164232E+000 -0.131028262406404E+000 -0.138033176039708E+003 -0.138033176039708E+003
  0.199402000927061E+001  0.605301842761454E+000  0.287127156603824E+000  0.498624026719550E+000 -0.131028262406404E+000 -0.138033170733301E+003 -0.138033170733301E+003
  0.199918695029005E+001  0.652710203724904E+000  0.168665053630964E+000  0.499932056844761E+000 -0.131028262406404E+000 -0.138034241134440E+003 -0.138034241134440E+003
  0.198636650724785E+001  0.598116236350026E+000  0.339627040891583E+000  0.499575868552647E+000 -0.131028262406404E+000 -0.138032793290716E+003 -0.138032793290716E+003
  0.199225992488856E+001  0.633522184470147E+000  0.315567184042360E+000  0.499539893904464E+000 -0.131028262406404E+000 -0.138031930053744E+003 -0.138031930053744E+003
  0.199157003321787E+001  0.618478416691114E+000  0.283357026810123E+000  0.499132103737259E+000 -0.131028262406404E+000 -0.138031976028379E+003 -0.138031976028379E+003
  0.199612497167897E+001  0.635278880901628E+000  0.309548532619181E+000  0.499680810939012E+000 -0.131028262406404E+000 -0.138030962645664E+003 -0.138030962645664E+003
  0.197831596097499E+001  0.610170673254497E+000  0.557909703273836E+000  0.499575684768242E+000 -0.131028262406404E+000 -0.138034199029687E+003 -0.138034199029687E+003
  0.198591034321717E+001  0.619222654114743E+000  0.662512090512169E-001  0.499864575298143E+000 -0.131028262406404E+000 -0.138030795926210E+003 -0.138030795926210E+003
  0.199341028138175E+001  0.632281125122940E+000  0.207954794854141E+000  0.498950151473600E+000 -0.131028262406404E+000 -0.138033681013967E+003 -0.138033681013967E+003
  0.199396012023328E+001  0.624443987845695E+000  0.314307070406705E+000  0.498614407623026E+000 -0.131028262406404E+000 -0.138033750327977E+003 -0.138033750327977E+003
  0.199978204012549E+001  0.600442387875828E+000  0.449615431780385E+000  0.499204745200082E+000 -0.131028262406404E+000 -0.138029745613267E+003 -0.138029745613267E+003
  0.199939440939391E+001  0.620390655180575E+000  0.421406053813480E+000  0.498787826071612E+000 -0.131028262406404E+000 -0.138031467906522E+003 -0.138031467906522E+003
  0.199431711641605E+001  0.608395081119941E+000  0.150918904381466E+000  0.498675575349226E+000 -0.131028262406404E+000 -0.138032786898997E+003 -0.138032786898997E+003
  0.199941029925233E+001  0.634347351701484E+000  0.379479815050818E+000  0.498681369975677E+000 -0.131028262406404E+000 -0.138033871356511E+003 -0.138033871356511E+003
  0.199378203380527E+001  0.598718365686542E+000  0.400584797568341E+000  0.499552175675737E+000 -0.131028262406404E+000 -0.138030452885576E+003 -0.138030452885576E+003
  0.198706580835892E+001  0.598260390136099E+000  0.373482880788786E-001  0.499588263673144E+000 -0.131028262406404E+000 -0.138032501301659E+003 -0.138032501301659E+003
  0.198904286679965E+001  0.619538687107088E+000  0.624937677554961E+000  0.499031920807225E+000 -0.131028262406404E+000 -0.138033045498899E+003 -0.138033045498899E+003
  0.198541729535240E+001  0.594782616990350E+000  0.513991806932466E+000  0.499732430063306E+000 -0.131028262406404E+000 -0.138033055738278E+003 -0.138033055738278E+003
  0.199898197152326E+001  0.595972752876534E+000  0.162321294868656E+000  0.499113889048145E+000 -0.131028262406404E+000 -0.138030717804326E+003 -0.138030717804326E+003
  0.198427231775722E+001  0.637386738761751E+000  0.393973154405566E+000  0.499544414878005E+000 -0.131028262406404E+000 -0.138034269687455E+003 -0.138034269687455E+003
  0.199089470033702E+001  0.620366831205638E+000  0.347324960558412E+000  0.498690872481617E+000 -0.131028262406404E+000 -0.138033873498724E+003 -0.138033873498724E+003
  0.198418037417363E+001  0.617648096734389E+000  0.201162804751163E+000  0.499638340124091E+000 -0.131028262406404E+000 -0.138032058315187E+003 -0.138032058315187E+003
  0.199860605011333E+001  0.631360160023118E+000  0.285366549127656E+000  0.499513504704546E+000 -0.131028262406404E+000 -0.138030390648223E+003 -0.138030390648223E+003
  0.199188338590255E+001  0.611016090221121E+000  0.359646754031828E+000  0.499381562598466E+000 -0.131028262406404E+000 -0.138030862898020E+003 -0.138030862898020E+003
  0.198835099967273E+001  0.604482226733851E+000  0.346311925497896E+000  0.499055224457880E+000 -0.131028262406404E+000 -0.138033359351410E+003 -0.138033359351410E+003
  0.199677905706456E+001  0.614532471949953E+000  0.338114266212568E+000  0.498676398824180E+000 -0.131028262406404E+000 -0.138032153517528E+003 -0.138032153517528E+003
  0.199947637477591E+001  0.628682124393513E+000  0.301851135174726E+000  0.499094075078294E+000 -0.131028262406404E+000 -0.138031327160222E+003 -0.138031327160222E+003
  0.199217828324260E+001  0.586307038323124E+000  0.354199706035621E+000  0.499804360531192E+000 -0.131028262406404E+000 -0.138032095127173E+003 -0.138032095127173E+003
