  0.173234501856437E+000  0.519228175203147E+000  0.175557807783660E+000  0.497393394317381E+000 -0.131028262406404E+000 -0.145598535240545E+003 -0.145598535240545E+003 -0.145599151921281E+003
  0.166884466436874E+000  0.507330222728397E+000  0.889433501083750E+000  0.490883650201906E+000 -0.131028262406404E+000 -0.145598510770659E+003 -0.145598510770659E+003 -0.145600462343404E+003
  0.168954523216484E+000  0.509304228253837E+000  0.465819485874795E+000  0.499233623890862E+000 -0.131028262406404E+000 -0.145598001915696E+003 -0.145598001915696E+003 -0.145599151041159E+003
  0.150909183731873E+000  0.519737778584775E+000  0.483501147373300E+000  0.495430399635013E+000 -0.131028262406404E+000 -0.145598760612777E+003 -0.145598760612777E+003 -0.145599480929423E+003
  0.154325566507459E+000  0.505410517160920E+000  0.600354508871717E+000  0.488196274904099E+000 -0.131028262406404E+000 -0.145598802224149E+003 -0.145598802224149E+003 -0.145598993480584E+003
  0.163416474602648E+000  0.526650671942584E+000  0.435920382816327E+000  0.498111038395659E+000 -0.131028262406404E+000 -0.145598591728768E+003 -0.145598591728768E+003 -0.145599367532692E+003
  0.160481189725041E+000  0.520506931847125E+000  0.706098401820194E+000  0.493137274844944E+000 -0.131028262406404E+000 -0.145598754685236E+003 -0.145598754685236E+003 -0.145599434157891E+003
  0.172974074675385E+000  0.517016324293684E+000  0.715366577425707E+000  0.493380256462117E+000 -0.131028262406404E+000 -0.145598728466832E+003 -0.145598728466832E+003 -0.145599805739208E+003
  0.163362652074242E+000  0.517750439952815E+000  0.401866704584546E+000  0.491814629834125E+000 -0.131028262406404E+000 -0.145598753748410E+003 -0.145598753748410E+003 -0.145599153512902E+003
  0.176242158095853E+000  0.510576486903435E+000  0.378561230190704E+000  0.489472005878960E+000 -0.131028262406404E+000 -0.145598859869050E+003 -0.145598859869050E+003 -0.145599916869387E+003
  0.159408201848742E+000  0.506846995446303E+000  0.722542498289699E+000  0.486375361343098E+000 -0.131028262406404E+000 -0.145598855345475E+003 -0.145598855345475E+003 -0.145599234500338E+003
  0.156917965199849E+000  0.539902460460673E+000  0.478051215577561E+000  0.499820275810016E+000 -0.131028262406404E+000 -0.145598891217140E+003 -0.145598891217140E+003 -0.145599144481666E+003
  0.181235439787303E+000  0.500817101851069E+000  0.626424389081602E+000  0.490153016364696E+000 -0.131028262406404E+000 -0.145598627777840E+003 -0.145598627777840E+003 -0.145598949169839E+003
  0.156484745262281E+000  0.532856436778854E+000  0.316579359314127E+000  0.499417129995767E+000 -0.131028262406404E+000 -0.145598718147666E+003 -0.145598718147666E+003 -0.145599979001381E+003
  0.148069684610719E+000  0.521488039003617E+000  0.657400286697484E+000  0.495943838654596E+000 -0.131028262406404E+000 -0.145598867233687E+003 -0.145598867233687E+003 -0.145598979184371E+003
  0.162555317024946E+000  0.512245925984191E+000  0.804233645658308E+000  0.488001878149433E+000 -0.131028262406404E+000 -0.145598859246932E+003 -0.145598859246932E+003 -0.145599047769347E+003
  0.143610040799845E+000  0.511867278782222E+000  0.799585497948695E+000  0.498719829621855E+000 -0.131028262406404E+000 -0.145598658919595E+003 -0.145598658919595E+003 -0.145598993534736E+003
  0.161231108178247E+000  0.510052242713356E+000  0.832786128733551E+000  0.492370809157918E+000 -0.131028262406404E+000 -0.145598503716326E+003 -0.145598503716326E+003 -0.145602605551814E+003
  0.149145065473751E+000  0.506692801767462E+000  0.711517219025562E+000  0.493476937544818E+000 -0.131028262406404E+000 -0.145598644711993E+003 -0.145598644711993E+003 -0.145599186213753E+003
  0.165053736412265E+000  0.505073417960102E+000  0.340967832730160E+000  0.484173893208013E+000 -0.131028262406404E+000 -0.145598910496529E+003 -0.145598910496529E+003 -0.145600592841756E+003
  0.150542154129418E+000  0.515684741284548E+000  0.776556037363321E+000  0.494850588557934E+000 -0.131028262406404E+000 -0.145598712092228E+003 -0.145598712092228E+003 -0.145600271955143E+003
  0.159270445553832E+000  0.506333020918671E+000  0.443879595415464E+000  0.490865220846235E+000 -0.131028262406404E+000 -0.145598530940338E+003 -0.145598530940338E+003 -0.145599316203670E+003
  0.177395879771579E+000  0.502250032843494E+000  0.503833712246927E+000  0.496899057084494E+000 -0.131028262406404E+000 -0.145598085207824E+003 -0.145598085207824E+003 -0.145599508094259E+003
  0.146191232582259E+000  0.514849453020555E+000  0.331131229232478E+000  0.495539693277676E+000 -0.131028262406404E+000 -0.145598817456631E+003 -0.145598817456631E+003 -0.145598948504588E+003
  0.165722541334435E+000  0.500958419649306E+000  0.943802714810539E+000  0.488303510385987E+000 -0.131028262406404E+000 -0.145598502103287E+003 -0.145598502103287E+003 -0.145599918494153E+003
  0.149726702163278E+000  0.516109293443550E+000  0.745991358604588E+000  0.499658351725161E+000 -0.131028262406404E+000 -0.145598419044019E+003 -0.145598419044019E+003 -0.145599105700515E+003
  0.151903136341846E+000  0.535940936905274E+000  0.160808458400864E+000  0.499964433410750E+000 -0.131028262406404E+000 -0.145598846225201E+003 -0.145598846225201E+003 -0.145599439687505E+003
  0.158447731117454E+000  0.511925829520543E+000  0.350277553079899E+000  0.498166966926120E+000 -0.131028262406404E+000 -0.145598187036140E+003 -0.145598187036140E+003 -0.145599138855757E+003
  0.160614778923116E+000  0.507030085311652E+000  0.848076282283406E+000  0.497801751013266E+000 -0.131028262406404E+000 -0.145598045342975E+003 -0.145598045342975E+003 -0.145599468298122E+003
  0.185233354239300E+000  0.502989817192034E+000  0.475708765146416E+000  0.492731994293424E+000 -0.131028262406404E+000 -0.145598694428565E+003 -0.145598694428565E+003 -0.145598977726310E+003
  0.156401752189778E+000  0.507657752403780E+000  0.259074009725115E+000  0.488234492601871E+000 -0.131028262406404E+000 -0.145598803739503E+003 -0.145598803739503E+003 -0.145599802608552E+003
  0.159261229490933E+000  0.502479924192304E+000  0.676267418199982E+000  0.499750002412443E+000 -0.131028262406404E+000 -0.145597801775765E+003 -0.145597801775765E+003 -0.145599306493425E+003
  0.157383645353336E+000  0.529043892596320E+000  0.418819325622953E+000  0.496436723187146E+000 -0.131028262406404E+000 -0.145598801546289E+003 -0.145598801546289E+003 -0.145599824554924E+003
  0.155915820196966E+000  0.519963601633192E+000  0.895287612623266E+000  0.491584768126873E+000 -0.131028262406404E+000 -0.145598904870987E+003 -0.145598904870987E+003 -0.145599094161796E+003
  0.163686079194035E+000  0.511465657483195E+000  0.212103401941634E+000  0.497349194878233E+000 -0.131028262406404E+000 -0.145598182543799E+003 -0.145598182543799E+003 -0.145599351362737E+003
  0.154974090377593E+000  0.506145299076100E+000  0.670023735177340E+000  0.489452474227678E+000 -0.131028262406404E+000 -0.145598715385593E+003 -0.145598715385593E+003 -0.145599267442546E+003
  0.149578475663817E+000  0.511688258832129E+000  0.321018346627152E+000  0.495214291482064E+000 -0.131028262406404E+000 -0.145598624856704E+003 -0.145598624856704E+003 -0.145602300768465E+003
  0.165959306218462E+000  0.517765922787793E+000  0.635713629367245E+000  0.490992056613555E+000 -0.131028262406404E+000 -0.145598816819445E+003 -0.145598816819445E+003 -0.145599006875531E+003
  0.150524107655963E+000  0.503652664402534E+000  0.824462301124757E+000  0.499340851734337E+000 -0.131028262406404E+000 -0.145598108481420E+003 -0.145598108481420E+003 -0.145599029158883E+003
  0.167162156291617E+000  0.506212548707044E+000  0.956922861573289E+000  0.497603131748786E+000 -0.131028262406404E+000 -0.145598006950065E+003 -0.145598006950065E+003 -0.145601156301839E+003
  0.154071611905371E+000  0.500687009978803E+000  0.149825983663100E+000  0.490023657902065E+000 -0.131028262406404E+000 -0.145598566089209E+003 -0.145598566089209E+003 -0.145599438415648E+003
  0.154849683880434E+000  0.514503099689973E+000  0.938789704552188E+000  0.490735784541294E+000 -0.131028262406404E+000 -0.145598842406774E+003 -0.145598842406774E+003 -0.145599119861923E+003
  0.153380117846995E+000  0.523462635185489E+000  0.800805019967456E+000  0.494598627510398E+000 -0.131028262406404E+000 -0.145598844777350E+003 -0.145598844777350E+003 -0.145599773779073E+003
  0.172325120726877E+000  0.527386817216357E+000  0.249495971405437E+000  0.495998641940067E+000 -0.131028262406404E+000 -0.145598890932512E+003 -0.145598890932512E+003 -0.145599384657685E+003
  0.172170320019487E+000  0.515643497304158E+000  0.511860929652718E+000  0.495898264809526E+000 -0.131028262406404E+000 -0.145598491229315E+003 -0.145598491229315E+003 -0.145599243028332E+003
  0.162675833176017E+000  0.509798478426886E+000  0.224830593151539E+000  0.492149653100970E+000 -0.131028262406404E+000 -0.145598500730307E+003 -0.145598500730307E+003 -0.145599014393807E+003
  0.147178422908202E+000  0.517381380474178E+000  0.347509938356359E+000  0.494498285335278E+000 -0.131028262406404E+000 -0.145598904488738E+003 -0.145598904488738E+003 -0.145599124428629E+003
  0.165234845789506E+000  0.525466315043804E+000  0.302505856001744E+000  0.495664644816811E+000 -0.131028262406404E+000 -0.145598731353044E+003 -0.145598731353044E+003 -0.145599278122324E+003
  0.149967272355897E+000  0.512423242146589E+000  0.966919253683769E+000  0.494273201424263E+000 -0.131028262406404E+000 -0.145598693078301E+003 -0.145598693078301E+003 -0.145599359706908E+003
  0.167753118908059E+000  0.501645522702549E+000  0.419216805527292E+000  0.497156104364034E+000 -0.131028262406404E+000 -0.145597899676168E+003 -0.145597899676168E+003 -0.145601984010019E+003
  0.160497981983348E+000  0.527430218847038E+000  0.170990331276213E+000  0.498019453320996E+000 -0.131028262406404E+000 -0.145598622811780E+003 -0.145598622811780E+003 -0.145601448903045E+003
  0.168139463481550E+000  0.524654050109943E+000  0.825901156661561E+000  0.499670132561613E+000 -0.131028262406404E+000 -0.145598462789868E+003 -0.145598462789868E+003 -0.145598977726310E+003
  0.169032034714020E+000  0.500121006570882E+000  0.461838109406191E+000  0.484478320173530E+000 -0.131028262406404E+000 -0.145598750990886E+003 -0.145598750990886E+003 -0.145599227052136E+003
  0.148918873971584E+000  0.513775328079514E+000  0.936876047846207E+000  0.496609648454970E+000 -0.131028262406404E+000 -0.145598603592488E+003 -0.145598603592488E+003 -0.145599366143419E+003
  0.167143942877919E+000  0.505729834188188E+000  0.529781850528832E+000  0.496403137997522E+000 -0.131028262406404E+000 -0.145598076361154E+003 -0.145598076361154E+003 -0.145600118627848E+003
  0.170820465679991E+000  0.527107473957219E+000  0.655038208180794E+000  0.497863051947142E+000 -0.131028262406404E+000 -0.145598718292809E+003 -0.145598718292809E+003 -0.145599786686449E+003
  0.177566381152003E+000  0.519439463069283E+000  0.369594656160266E+000  0.495690388135267E+000 -0.131028262406404E+000 -0.145598790805602E+003 -0.145598790805602E+003 -0.145599173034187E+003
  0.173015567514407E+000  0.502161597518122E+000  0.573406609118629E+000  0.488628727482554E+000 -0.131028262406404E+000 -0.145598566934575E+003 -0.145598566934575E+003 -0.145598920731546E+003
  0.158246901597883E+000  0.516232858761501E+000  0.873494418657150E+000  0.492579881693433E+000 -0.131028262406404E+000 -0.145598696788545E+003 -0.145598696788545E+003 -0.145599165493589E+003
  0.179763369322069E+000  0.506373316097711E+000  0.164874398460567E+000  0.491350286106864E+000 -0.131028262406404E+000 -0.145598692613273E+003 -0.145598692613273E+003 -0.145600404804063E+003
  0.159838990942671E+000  0.524780150056728E+000  0.948595178082934E+000  0.497959558467293E+000 -0.131028262406404E+000 -0.145598552142752E+003 -0.145598552142752E+003 -0.145599799852581E+003
  0.143467175681826E+000  0.506833278879083E+000  0.384922722446368E+000  0.496811461634686E+000 -0.131028262406404E+000 -0.145598689513830E+003 -0.145598689513830E+003 -0.145601226985839E+003
  0.155056918237911E+000  0.522392333815722E+000  0.944598146316695E+000  0.496890826537653E+000 -0.131028262406404E+000 -0.145598622401612E+003 -0.145598622401612E+003 -0.145599704373670E+003
  0.167711480326382E+000  0.501106672270765E+000  0.316411688829881E+000  0.490698907674677E+000 -0.131028262406404E+000 -0.145598338686043E+003 -0.145598338686043E+003 -0.145599515376141E+003
  0.149012052031337E+000  0.508692340628968E+000  0.623339073350697E+000  0.499748571679612E+000 -0.131028262406404E+000 -0.145598260772846E+003 -0.145598260772846E+003 -0.145599645598377E+003
  0.163014005885243E+000  0.523514510447546E+000  0.313172907996325E+000  0.493853871574944E+000 -0.131028262406404E+000 -0.145598786169302E+003 -0.145598786169302E+003 -0.145599931534167E+003
  0.148744988928392E+000  0.502199268950459E+000  0.369976498447055E+000  0.488839380944619E+000 -0.131028262406404E+000 -0.145598881150222E+003 -0.145598881150222E+003 -0.145600362126705E+003
  0.177922142823878E+000  0.514638686645384E+000  0.458732822679839E+000  0.499291844577506E+000 -0.131028262406404E+000 -0.145598380395952E+003 -0.145598380395952E+003 -0.145599157486928E+003
  0.167336481333472E+000  0.510315565739250E+000  0.409085824201923E+000  0.499806293135696E+000 -0.131028262406404E+000 -0.145597981366512E+003 -0.145597981366512E+003 -0.145601037063193E+003
  0.167207635525653E+000  0.505787141162239E+000  0.234971784864153E+000  0.499367065532950E+000 -0.131028262406404E+000 -0.145597869763981E+003 -0.145597869763981E+003 -0.145603422103073E+003
  0.179576251120726E+000  0.508675427843029E+000  0.703800015176334E+000  0.494510301199863E+000 -0.131028262406404E+000 -0.145598550641541E+003 -0.145598550641541E+003 -0.145599487518124E+003
  0.151259033234709E+000  0.506420838472792E+000  0.880683690800727E+000  0.491691780900222E+000 -0.131028262406404E+000 -0.145598681554821E+003 -0.145598681554821E+003 -0.145600505922700E+003
  0.153840325182061E+000  0.513412789892747E+000  0.422750958456903E+000  0.489747908895042E+000 -0.131028262406404E+000 -0.145598907931796E+003 -0.145598907931796E+003 -0.145599248311461E+003
  0.142541846362148E+000  0.503526633734149E+000  0.977021252047825E+000  0.498842094020581E+000 -0.131028262406404E+000 -0.145598531873674E+003 -0.145598531873674E+003 -0.145599980570745E+003
  0.165972639394553E+000  0.529334671115850E+000  0.312069869933575E+000  0.499220823722024E+000 -0.131028262406404E+000 -0.145598619369428E+003 -0.145598619369428E+003 -0.145599613977392E+003
  0.171524564544856E+000  0.518880302744020E+000  0.450361410379891E+000  0.491062020825824E+000 -0.131028262406404E+000 -0.145598918696261E+003 -0.145598918696261E+003 -0.145599401672766E+003
  0.151365559452281E+000  0.501826025417005E+000  0.253718899160412E+000  0.499842676380393E+000 -0.131028262406404E+000 -0.145597996964056E+003 -0.145597996964056E+003 -0.145598925926258E+003
  0.162313832853535E+000  0.514621926279187E+000  0.432499186491579E+000  0.498402720153868E+000 -0.131028262406404E+000 -0.145598208039346E+003 -0.145598208039346E+003 -0.145601897819345E+003
  0.162326663582785E+000  0.525690523976216E+000  0.579271333348366E+000  0.495360400413204E+000 -0.131028262406404E+000 -0.145598748623244E+003 -0.145598748623244E+003 -0.145599253709933E+003
  0.179791241545693E+000  0.516172231846068E+000  0.920021323245772E+000  0.499332823925097E+000 -0.131028262406404E+000 -0.145598504900025E+003 -0.145598504900025E+003 -0.145599087113237E+003
  0.176472889608021E+000  0.514050842054558E+000  0.664699109170135E+000  0.495882257043430E+000 -0.131028262406404E+000 -0.145598546810284E+003 -0.145598546810284E+003 -0.145601236659471E+003
  0.185126376186437E+000  0.503051881168453E+000  0.416562198923661E+000  0.495462961935366E+000 -0.131028262406404E+000 -0.145598502437100E+003 -0.145598502437100E+003 -0.145598955737284E+003
  0.166635052783904E+000  0.523301834420694E+000  0.353880959827635E+000  0.494069671100116E+000 -0.131028262406404E+000 -0.145598783818649E+003 -0.145598783818649E+003 -0.145599386548122E+003
  0.159605481728570E+000  0.515776003993844E+000  0.412255755102181E+000  0.495533473704717E+000 -0.131028262406404E+000 -0.145598462384703E+003 -0.145598462384703E+003 -0.145598966209344E+003
  0.155054772864473E+000  0.503979672343675E+000  0.519588285583564E+000  0.497059388080875E+000 -0.131028262406404E+000 -0.145598126163164E+003 -0.145598126163164E+003 -0.145599260020879E+003
  0.159340227778199E+000  0.504473014503440E+000  0.510609754781025E+000  0.496877227351526E+000 -0.131028262406404E+000 -0.145598057723302E+003 -0.145598057723302E+003 -0.145601723957143E+003
  0.157682473217630E+000  0.517334945658519E+000  0.350411359511019E+000  0.496716648423173E+000 -0.131028262406404E+000 -0.145598449611433E+003 -0.145598449611433E+003 -0.145599601992164E+003
  0.142249373025513E+000  0.505380318853818E+000  0.561345828585181E+000  0.498915600963399E+000 -0.131028262406404E+000 -0.145598582848980E+003 -0.145598582848980E+003 -0.145599250611963E+003
  0.155007984902407E+000  0.518163010898225E+000  0.671285009185077E+000  0.496245136777953E+000 -0.131028262406404E+000 -0.145598554472184E+003 -0.145598554472184E+003 -0.145599144159842E+003
  0.159117140882391E+000  0.512173314940488E+000  0.548132590806562E+000  0.495872173337550E+000 -0.131028262406404E+000 -0.145598343976745E+003 -0.145598343976745E+003 -0.145603345074325E+003
  0.154543035179495E+000  0.511892796025410E+000  0.734850065166778E+000  0.489380652270759E+000 -0.131028262406404E+000 -0.145598876660550E+003 -0.145598876660550E+003 -0.145599643189587E+003
  0.188138715132822E+000  0.506084445640729E+000  0.524485618585182E+000  0.497851958536295E+000 -0.131028262406404E+000 -0.145598612980725E+003 -0.145598612980725E+003 -0.145599393200058E+003
  0.150633826103953E+000  0.503593552180021E+000  0.247333091885375E+000  0.493262073868655E+000 -0.131028262406404E+000 -0.145598528177468E+003 -0.145598528177468E+003 -0.145599020757402E+003
  0.178799956883970E+000  0.510912954556118E+000  0.425111063024285E+000  0.494782484807915E+000 -0.131028262406404E+000 -0.145598585865856E+003 -0.145598585865856E+003 -0.145599072390971E+003
  0.162498303498059E+000  0.526667226802685E+000  0.154711518280506E+000  0.494687597092013E+000 -0.131028262406404E+000 -0.145598824102774E+003 -0.145598824102774E+003 -0.145599157825207E+003
  0.156679094664795E+000  0.507370878863655E+000  0.793688818852646E+000  0.493808629021915E+000 -0.131028262406404E+000 -0.145598401825611E+003 -0.145598401825611E+003 -0.145601745121482E+003
  0.173151336344162E+000  0.513774173901393E+000  0.793281403423249E+000  0.495745833244108E+000 -0.131028262406404E+000 -0.145598459218357E+003 -0.145598459218357E+003 -0.145602885135576E+003
  0.176935183730046E+000  0.527207508238174E+000  0.649014768636433E+000  0.497704103813213E+000 -0.131028262406404E+000 -0.145598917661908E+003 -0.145598917661908E+003 -0.145600525000176E+003
  0.173619766973490E+000  0.512865735103713E+000  0.425555504606351E+000  0.497928234699429E+000 -0.131028262406404E+000 -0.145598287473180E+003 -0.145598287473180E+003 -0.145600336876697E+003
  0.171211981702216E+000  0.501293916198080E+000  0.288833208670067E+000  0.487839256687184E+000 -0.131028262406404E+000 -0.145598569871156E+003 -0.145598569871156E+003 -0.145600821748230E+003
  0.186226159606314E+000  0.514850352354122E+000  0.968479337745596E+000  0.498839576729605E+000 -0.131028262406404E+000 -0.145598796052539E+003 -0.145598796052539E+003 -0.145599111548847E+003
  0.159880912301212E+000  0.510701418911285E+000  0.186119177626132E+000  0.490611006752190E+000 -0.131028262406404E+000 -0.145598659029080E+003 -0.145598659029080E+003 -0.145599124428629E+003
  0.180499074751100E+000  0.508010960087844E+000  0.825300671090056E+000  0.495520454616371E+000 -0.131028262406404E+000 -0.145598490205633E+003 -0.145598490205633E+003 -0.145599799808502E+003
  0.170382274460212E+000  0.515897349092496E+000  0.295342410312901E+000  0.493998267609392E+000 -0.131028262406404E+000 -0.145598598200734E+003 -0.145598598200734E+003 -0.145600533013835E+003
  0.191971505854552E+000  0.503112135287671E+000  0.746868574662600E+000  0.496870262174188E+000 -0.131028262406404E+000 -0.145598787421580E+003 -0.145598787421580E+003 -0.145599034142803E+003
  0.178242015302166E+000  0.512641804543265E+000  0.860449459322261E+000  0.495024340274645E+000 -0.131028262406404E+000 -0.145598612625392E+003 -0.145598612625392E+003 -0.145601921869294E+003
  0.192048896777247E+000  0.504121997273672E+000  0.223897191897927E+000  0.496714863887036E+000 -0.131028262406404E+000 -0.145598845898402E+003 -0.145598845898402E+003 -0.145599818405449E+003
  0.177681051801048E+000  0.507846698445383E+000  0.267574064543240E+000  0.491188574957861E+000 -0.131028262406404E+000 -0.145598688334531E+003 -0.145598688334531E+003 -0.145599357700333E+003
  0.151945852276673E+000  0.509786786636716E+000  0.394609331513667E+000  0.495636985027361E+000 -0.131028262406404E+000 -0.145598465437480E+003 -0.145598465437480E+003 -0.145599715418669E+003
  0.164127232976232E+000  0.508311974357817E+000  0.423452425735430E+000  0.493067239844453E+000 -0.131028262406404E+000 -0.145598387033016E+003 -0.145598387033016E+003 -0.145601526497654E+003
  0.141050547481579E+000  0.505107946125540E+000  0.720736876640647E+000  0.498245575180590E+000 -0.131028262406404E+000 -0.145598696169690E+003 -0.145598696169690E+003 -0.145600817605457E+003
  0.181133540880169E+000  0.518079144727419E+000  0.724321065524643E+000  0.499957861753996E+000 -0.131028262406404E+000 -0.145598592122613E+003 -0.145598592122613E+003 -0.145599670917751E+003
  0.177640819024799E+000  0.511190100539977E+000  0.812875465372579E+000  0.497644143873060E+000 -0.131028262406404E+000 -0.145598359129222E+003 -0.145598359129222E+003 -0.145599396678432E+003
  0.165616884154670E+000  0.523570133072431E+000  0.661095057050555E+000  0.494315382936203E+000 -0.131028262406404E+000 -0.145598766769161E+003 -0.145598766769161E+003 -0.145599147488103E+003
  0.148526625695396E+000  0.505491360123124E+000  0.188783817589574E+000  0.495811667494721E+000 -0.131028262406404E+000 -0.145598480407420E+003 -0.145598480407420E+003 -0.145599328815254E+003
  0.172958614971206E+000  0.500170133279158E+000  0.578882992691271E+000  0.497357602703036E+000 -0.131028262406404E+000 -0.145597886935085E+003 -0.145597886935085E+003 -0.145599313073411E+003
  0.150687408626947E+000  0.504719970133372E+000  0.201554136201953E+000  0.492651268998569E+000 -0.131028262406404E+000 -0.145598595316714E+003 -0.145598595316714E+003 -0.145598973206176E+003
  0.174327547426732E+000  0.504493303413737E+000  0.668235457028750E+000  0.489424232103362E+000 -0.131028262406404E+000 -0.145598611522916E+003 -0.145598611522916E+003 -0.145599082392213E+003
  0.176057668207467E+000  0.506280142191718E+000  0.462619066369648E+000  0.493936866171771E+000 -0.131028262406404E+000 -0.145598397371242E+003 -0.145598397371242E+003 -0.145599029007693E+003
  0.156498726116778E+000  0.508607031561517E+000  0.539368302059555E+000  0.492278047720006E+000 -0.131028262406404E+000 -0.145598544940572E+003 -0.145598544940572E+003 -0.145599359706908E+003
  0.157310937061259E+000  0.511977864606101E+000  0.539017174908242E+000  0.494656240113576E+000 -0.131028262406404E+000 -0.145598452521126E+003 -0.145598452521126E+003 -0.145603327454010E+003
  0.150228147408618E+000  0.507804352490091E+000  0.889040463338673E+000  0.491259807589961E+000 -0.131028262406404E+000 -0.145598782124604E+003 -0.145598782124604E+003 -0.145599096601206E+003
  0.161478368975007E+000  0.514610956672692E+000  0.226793647742108E+000  0.497792548134971E+000 -0.131028262406404E+000 -0.145598255095376E+003 -0.145598255095376E+003 -0.145599236289076E+003
  0.156879404719252E+000  0.506386005685507E+000  0.698348758053958E+000  0.493166492651567E+000 -0.131028262406404E+000 -0.145598416490585E+003 -0.145598416490585E+003 -0.145598991983200E+003
  0.150143195301785E+000  0.504078911573692E+000  0.735769700323127E+000  0.488504276949427E+000 -0.131028262406404E+000 -0.145598889719360E+003 -0.145598889719360E+003 -0.145599264065619E+003
  0.160841334282824E+000  0.510015250711035E+000  0.729131631700954E+000  0.498309129422209E+000 -0.131028262406404E+000 -0.145598091908879E+003 -0.145598091908879E+003 -0.145599924631467E+003
  0.152730143484629E+000  0.523044051533740E+000  0.883624017950606E+000  0.495356528998536E+000 -0.131028262406404E+000 -0.145598798000667E+003 -0.145598798000667E+003 -0.145599499044973E+003
  0.172199904715835E+000  0.510789480030559E+000  0.504209933828201E+000  0.488800006577315E+000 -0.131028262406404E+000 -0.145598820726657E+003 -0.145598820726657E+003 -0.145599105282283E+003
  0.147033117152317E+000  0.508526480080993E+000  0.901465510326891E+000  0.495479193370722E+000 -0.131028262406404E+000 -0.145598639219632E+003 -0.145598639219632E+003 -0.145600164728854E+003
  0.177847762730437E+000  0.521208191748772E+000  0.574796594533140E+000  0.499623088120781E+000 -0.131028262406404E+000 -0.145598598527158E+003 -0.145598598527158E+003 -0.145599047769347E+003
  0.161125382797165E+000  0.511784036332780E+000  0.232035648147275E+000  0.489699173753775E+000 -0.131028262406404E+000 -0.145598738951437E+003 -0.145598738951437E+003 -0.145600822146213E+003
  0.165931984887909E+000  0.518700041197871E+000  0.645088542529105E+000  0.491975523470944E+000 -0.131028262406404E+000 -0.145598777822575E+003 -0.145598777822575E+003 -0.145600017803991E+003
  0.174489876256254E+000  0.510270412184901E+000  0.827650857843577E+000  0.495150771231136E+000 -0.131028262406404E+000 -0.145598411400047E+003 -0.145598411400047E+003 -0.145599385214477E+003
  0.160934056393272E+000  0.507329357729283E+000  0.909283758000331E+000  0.487540724760193E+000 -0.131028262406404E+000 -0.145598767190501E+003 -0.145598767190501E+003 -0.145599030975291E+003
  0.154072217929460E+000  0.514154091104237E+000  0.576313632770213E+000  0.494002268138273E+000 -0.131028262406404E+000 -0.145598626809861E+003 -0.145598626809861E+003 -0.145599657667295E+003
  0.188722637298512E+000  0.501483576414464E+000  0.950900141532436E+000  0.498333439709791E+000 -0.131028262406404E+000 -0.145598424593666E+003 -0.145598424593666E+003 -0.145599660585325E+003
  0.149358314266867E+000  0.504170794734104E+000  0.572198537754962E+000  0.495982321917651E+000 -0.131028262406404E+000 -0.145598402709655E+003 -0.145598402709655E+003 -0.145599442538339E+003
  0.166170275585441E+000  0.512965140541372E+000  0.392837081075882E+000  0.494010012798354E+000 -0.131028262406404E+000 -0.145598462134810E+003 -0.145598462134810E+003 -0.145598967338977E+003
  0.154619390076271E+000  0.502844146528232E+000  0.992913256024650E+000  0.494576954671033E+000 -0.131028262406404E+000 -0.145598283943056E+003 -0.145598283943056E+003 -0.145599300973513E+003
  0.150216420166727E+000  0.502748123012754E+000  0.685894021388089E+000  0.491220049282264E+000 -0.131028262406404E+000 -0.145598667116076E+003 -0.145598667116076E+003 -0.145599628729700E+003
  0.168307499835293E+000  0.507190154842905E+000  0.919299931014113E+000  0.488248889670057E+000 -0.131028262406404E+000 -0.145598697254533E+003 -0.145598697254533E+003 -0.145599998118773E+003
  0.175417657091295E+000  0.506894330265592E+000  0.892686398685808E+000  0.495720081505260E+000 -0.131028262406404E+000 -0.145598278070765E+003 -0.145598278070765E+003 -0.145601304061898E+003
  0.152012308697935E+000  0.500541943104568E+000  0.955792429764522E+000  0.489767071551446E+000 -0.131028262406404E+000 -0.145598649209995E+003 -0.145598649209995E+003 -0.145598975698633E+003
  0.189093708574838E+000  0.501221129306029E+000  0.743683280070811E+000  0.498997991398169E+000 -0.131028262406404E+000 -0.145598388402994E+003 -0.145598388402994E+003 -0.145601368610362E+003
  0.169223526002661E+000  0.520348230185915E+000  0.633480707828347E+000  0.493968598652079E+000 -0.131028262406404E+000 -0.145598727830565E+003 -0.145598727830565E+003 -0.145599037081208E+003
  0.162204289627825E+000  0.506962513633957E+000  0.985633389291461E+000  0.485518462982242E+000 -0.131028262406404E+000 -0.145598885160182E+003 -0.145598885160182E+003 -0.145599766114820E+003
  0.165994969574189E+000  0.517432159595975E+000  0.571685658604004E+000  0.492638394269806E+000 -0.131028262406404E+000 -0.145598693510216E+003 -0.145598693510216E+003 -0.145599613256504E+003
  0.165308498198555E+000  0.527665077689070E+000  0.907358175693870E+000  0.497742716179402E+000 -0.131028262406404E+000 -0.145598659829439E+003 -0.145598659829439E+003 -0.145598948836676E+003
  0.162388055223028E+000  0.505533858715784E+000  0.725395103921785E+000  0.494468742716489E+000 -0.131028262406404E+000 -0.145598218515476E+003 -0.145598218515476E+003 -0.145599235099513E+003
  0.186289276270381E+000  0.509829061668399E+000  0.596859822815194E+000  0.495378886468352E+000 -0.131028262406404E+000 -0.145598832849767E+003 -0.145598832849767E+003 -0.145598955737284E+003
  0.181028990263196E+000  0.502465020711246E+000  0.730828060358688E+000  0.488277856662028E+000 -0.131028262406404E+000 -0.145598809939053E+003 -0.145598809939053E+003 -0.145600662909649E+003
  0.152666029822774E+000  0.503053711574480E+000  0.845255900939126E+000  0.493798231292732E+000 -0.131028262406404E+000 -0.145598404692134E+003 -0.145598404692134E+003 -0.145599564373877E+003
  0.152199740007817E+000  0.516476380492235E+000  0.422103758171172E+000  0.494816602391912E+000 -0.131028262406404E+000 -0.145598681471156E+003 -0.145598681471156E+003 -0.145599749187375E+003
  0.160166232163314E+000  0.510575240856288E+000  0.410411655008038E+000  0.499296094347184E+000 -0.131028262406404E+000 -0.145598046365093E+003 -0.145598046365093E+003 -0.145598938708922E+003
  0.158394493671786E+000  0.500328791917198E+000  0.259764906038826E+000  0.485833661305676E+000 -0.131028262406404E+000 -0.145598740309866E+003 -0.145598740309866E+003 -0.145599190345640E+003
  0.182537742493223E+000  0.517612651387878E+000  0.906446528746550E+000  0.499049608775820E+000 -0.131028262406404E+000 -0.145598700871149E+003 -0.145598700871149E+003 -0.145599173574141E+003
  0.168636361374992E+000  0.507113058658656E+000  0.361513362165765E+000  0.487797434189936E+000 -0.131028262406404E+000 -0.145598728633361E+003 -0.145598728633361E+003 -0.145601679472987E+003
  0.148214119347224E+000  0.505401346301342E+000  0.646710628083521E+000  0.496772982316222E+000 -0.131028262406404E+000 -0.145598424949259E+003 -0.145598424949259E+003 -0.145599509973252E+003
  0.170350290889389E+000  0.525939467715491E+000  0.281865379325114E+000  0.498380354459000E+000 -0.131028262406404E+000 -0.145598632999175E+003 -0.145598632999175E+003 -0.145599585929745E+003
  0.168602544400156E+000  0.510059625313205E+000  0.766615657031586E+000  0.496281864763286E+000 -0.131028262406404E+000 -0.145598229211485E+003 -0.145598229211485E+003 -0.145601263557450E+003
  0.165006380475033E+000  0.514612139280770E+000  0.790939075074900E+000  0.491199295177679E+000 -0.131028262406404E+000 -0.145598703309822E+003 -0.145598703309822E+003 -0.145599947705267E+003
  0.156483615066018E+000  0.529206328065193E+000  0.353323137914769E+000  0.497290172675460E+000 -0.131028262406404E+000 -0.145598759172661E+003 -0.145598759172661E+003 -0.145600142159119E+003
  0.171318435923415E+000  0.501944214106440E+000  0.364729666414720E+000  0.498658160042952E+000 -0.131028262406404E+000 -0.145597830312781E+003 -0.145597830312781E+003 -0.145599064171543E+003
  0.151480332826375E+000  0.512444134679537E+000  0.832458624610482E+000  0.491102286299111E+000 -0.131028262406404E+000 -0.145598860202617E+003 -0.145598860202617E+003 -0.145599039677299E+003
  0.164116508528296E+000  0.503405243959371E+000  0.209228788439959E+000  0.496193957103027E+000 -0.131028262406404E+000 -0.145598023914354E+003 -0.145598023914354E+003 -0.145599111548847E+003
  0.139528068017578E+000  0.504219220124003E+000  0.230811237626427E+000  0.498904873143430E+000 -0.131028262406404E+000 -0.145598730520638E+003 -0.145598730520638E+003 -0.145601178823002E+003
  0.169076384085077E+000  0.519600614455035E+000  0.503757582400444E+000  0.498975627107189E+000 -0.131028262406404E+000 -0.145598356940262E+003 -0.145598356940262E+003 -0.145599543188095E+003
  0.159307998482007E+000  0.535746365854745E+000  0.501398497202207E+000  0.499562510502790E+000 -0.131028262406404E+000 -0.145598771392437E+003 -0.145598771392437E+003 -0.145600932158248E+003
  0.161758174773325E+000  0.530420246081460E+000  0.587634931468516E+000  0.497843427130995E+000 -0.131028262406404E+000 -0.145598722917871E+003 -0.145598722917871E+003 -0.145598934834580E+003
  0.162830243521377E+000  0.525344715211341E+000  0.263470932704725E+000  0.498193040773710E+000 -0.131028262406404E+000 -0.145598544578868E+003 -0.145598544578868E+003 -0.145599168849124E+003
  0.162774295137006E+000  0.502617382364195E+000  0.336384354671985E+000  0.494239480137301E+000 -0.131028262406404E+000 -0.145598148268961E+003 -0.145598148268961E+003 -0.145599208748849E+003
  0.168926155832853E+000  0.503484355736586E+000  0.428853722613029E+000  0.490714940503202E+000 -0.131028262406404E+000 -0.145598415654648E+003 -0.145598415654648E+003 -0.145601852734585E+003
  0.150809622617659E+000  0.512489325328743E+000  0.981939090768767E+000  0.492141189887866E+000 -0.131028262406404E+000 -0.145598812074447E+003 -0.145598812074447E+003 -0.145599064171543E+003
  0.161491158703583E+000  0.501592247033963E+000  0.654783509040531E+000  0.487611475212106E+000 -0.131028262406404E+000 -0.145598598971206E+003 -0.145598598971206E+003 -0.145601151527940E+003
  0.185375055267915E+000  0.501795542100914E+000  0.282712832260662E+000  0.489795184379712E+000 -0.131028262406404E+000 -0.145598858588351E+003 -0.145598858588351E+003 -0.145599295547482E+003
  0.162712843109054E+000  0.535119395477258E+000  0.653790407152046E+000  0.497301195279045E+000 -0.131028262406404E+000 -0.145598907687372E+003 -0.145598907687372E+003 -0.145599642593449E+003
  0.178088862369471E+000  0.501008710156364E+000  0.862269666229412E+000  0.496991719267122E+000 -0.131028262406404E+000 -0.145598054324975E+003 -0.145598054324975E+003 -0.145600987500632E+003
  0.179347147235273E+000  0.504363462259753E+000  0.646722174942626E+000  0.499662953408882E+000 -0.131028262406404E+000 -0.145598026364689E+003 -0.145598026364689E+003 -0.145603870905873E+003
  0.159808933429667E+000  0.510885123422378E+000  0.529529119855117E+000  0.489321602648001E+000 -0.131028262406404E+000 -0.145598754441466E+003 -0.145598754441466E+003 -0.145599483926763E+003
  0.176340406591019E+000  0.500098939916842E+000  0.250730364194709E+000  0.492146640359290E+000 -0.131028262406404E+000 -0.145598318045441E+003 -0.145598318045441E+003 -0.145599116463551E+003
  0.161793013887723E+000  0.504324940219421E+000  0.834584258800050E+000  0.492843923494711E+000 -0.131028262406404E+000 -0.145598304031338E+003 -0.145598304031338E+003 -0.145599029203121E+003
  0.148668597134123E+000  0.501318243088084E+000  0.552412150920196E+000  0.499699827041320E+000 -0.131028262406404E+000 -0.145598105994980E+003 -0.145598105994980E+003 -0.145600288489032E+003
  0.142850970125065E+000  0.500959725314832E+000  0.528444297350197E+000  0.497371896221086E+000 -0.131028262406404E+000 -0.145598562197130E+003 -0.145598562197130E+003 -0.145599709250534E+003
  0.159092154341767E+000  0.522405836439295E+000  0.819424224749853E+000  0.494129616947731E+000 -0.131028262406404E+000 -0.145598752482545E+003 -0.145598752482545E+003 -0.145599912399065E+003
  0.171565671847011E+000  0.509293063256931E+000  0.407828110136056E+000  0.498394178971115E+000 -0.131028262406404E+000 -0.145598093975620E+003 -0.145598093975620E+003 -0.145600644519749E+003
  0.165757406401793E+000  0.508613198783918E+000  0.430091028173172E+000  0.497804609208211E+000 -0.131028262406404E+000 -0.145598063077712E+003 -0.145598063077712E+003 -0.145599614772905E+003
  0.154676547779041E+000  0.502039268322065E+000  0.189200055384469E+000  0.498452874146793E+000 -0.131028262406404E+000 -0.145597989313843E+003 -0.145597989313843E+003 -0.145599659076900E+003
  0.158973001992196E+000  0.533939480641287E+000  0.605157491442474E+000  0.497736780114154E+000 -0.131028262406404E+000 -0.145598842394066E+003 -0.145598842394066E+003 -0.145599103597318E+003
  0.154177823882356E+000  0.506452723427521E+000  0.267145933950237E+000  0.499889104837663E+000 -0.131028262406404E+000 -0.145598015514715E+003 -0.145598015514715E+003 -0.145599333324071E+003
  0.158294245571392E+000  0.508594177741769E+000  0.667075463813860E+000  0.499399352124779E+000 -0.131028262406404E+000 -0.145598011393617E+003 -0.145598011393617E+003 -0.145600445115747E+003
  0.152732205261547E+000  0.501100500255303E+000  0.424834189484052E+000  0.490504254513214E+000 -0.131028262406404E+000 -0.145598585809815E+003 -0.145598585809815E+003 -0.145600079205213E+003
  0.154715063488867E+000  0.539327011743977E+000  0.936090103585303E+000  0.499936799862762E+000 -0.131028262406404E+000 -0.145598890687162E+003 -0.145598890687162E+003 -0.145601618285421E+003
  0.152414021071662E+000  0.521910242646294E+000  0.622377567495476E+000  0.496498588808197E+000 -0.131028262406404E+000 -0.145598698568834E+003 -0.145598698568834E+003 -0.145598964506630E+003
  0.162467071521756E+000  0.500827118689147E+000  0.495731350643136E+000  0.485939583042052E+000 -0.131028262406404E+000 -0.145598684282387E+003 -0.145598684282387E+003 -0.145599236580483E+003
  0.161776162185906E+000  0.503387684033087E+000  0.865083304204212E+000  0.498225586659882E+000 -0.131028262406404E+000 -0.145597898844699E+003 -0.145597898844699E+003 -0.145599998499171E+003
  0.175783275874340E+000  0.518299410918599E+000  0.962825942424585E+000  0.497043537344118E+000 -0.131028262406404E+000 -0.145598597571613E+003 -0.145598597571613E+003 -0.145599455492948E+003
  0.162370499716178E+000  0.511009624242342E+000  0.632308376078201E+000  0.487330828303410E+000 -0.131028262406404E+000 -0.145598871622870E+003 -0.145598871622870E+003 -0.145599541891617E+003
  0.179962833128335E+000  0.514273702001065E+000  0.326294848538114E+000  0.494764329036342E+000 -0.131028262406404E+000 -0.145598753684817E+003 -0.145598753684817E+003 -0.145599281812111E+003
  0.165578607206971E+000  0.510813468471127E+000  0.291995832942555E+000  0.499097890638295E+000 -0.131028262406404E+000 -0.145598039640272E+003 -0.145598039640272E+003 -0.145599124368352E+003
  0.157030220979988E+000  0.508385471735439E+000  0.598560269178469E+000  0.487327920493669E+000 -0.131028262406404E+000 -0.145598872019938E+003 -0.145598872019938E+003 -0.145606636674004E+003
  0.169621422319675E+000  0.500239102669444E+000  0.926439057440513E+000  0.499520555214419E+000 -0.131028262406404E+000 -0.145597697958268E+003 -0.145597697958268E+003 -0.145599408430840E+003
  0.171842964090539E+000  0.517935065166954E+000  0.562256275610768E+000  0.495116073478438E+000 -0.131028262406404E+000 -0.145598615725284E+003 -0.145598615725284E+003 -0.145599645601871E+003
  0.165602182987530E+000  0.531581318197359E+000  0.532559438699542E+000  0.497182422728884E+000 -0.131028262406404E+000 -0.145598826402710E+003 -0.145598826402710E+003 -0.145599027544512E+003
  0.170075383809717E+000  0.506202816190373E+000  0.565696772950620E+000  0.493145441310130E+000 -0.131028262406404E+000 -0.145598340557545E+003 -0.145598340557545E+003 -0.145600326295008E+003
  0.180733220014063E+000  0.517245832219299E+000  0.748369754063058E+000  0.498204108163772E+000 -0.131028262406404E+000 -0.145598662218175E+003 -0.145598662218175E+003 -0.145600114056064E+003
  0.156036282410532E+000  0.513323417370513E+000  0.881377698006330E+000  0.496084202917709E+000 -0.131028262406404E+000 -0.145598414601134E+003 -0.145598414601134E+003 -0.145599020757402E+003
  0.152836851326719E+000  0.535077440698007E+000  0.617789084033809E+000  0.498723457147347E+000 -0.131028262406404E+000 -0.145598886589117E+003 -0.145598886589117E+003 -0.145599267442546E+003
  0.146043086680421E+000  0.507439734458472E+000  0.975434366254100E+000  0.491824765103466E+000 -0.131028262406404E+000 -0.145598914151001E+003 -0.145598914151001E+003 -0.145599526973237E+003
  0.163932843462420E+000  0.508005989583763E+000  0.498891375654290E+000  0.487865026878701E+000 -0.131028262406404E+000 -0.145598741267882E+003 -0.145598741267882E+003 -0.145599149797643E+003
  0.178525935118480E+000  0.510248145951383E+000  0.738727567797335E+000  0.499402733098752E+000 -0.131028262406404E+000 -0.145598232284050E+003 -0.145598232284050E+003 -0.145599893046834E+003
  0.169240392335086E+000  0.509574598678226E+000  0.709476597272921E+000  0.492723552604156E+000 -0.131028262406404E+000 -0.145598468000418E+003 -0.145598468000418E+003 -0.145599072390971E+003
  0.174490139519206E+000  0.531520245064514E+000  0.637801765302083E+000  0.499299039064966E+000 -0.131028262406404E+000 -0.145598881332960E+003 -0.145598881332960E+003 -0.145599603568141E+003
  0.156372675354710E+000  0.516854406498916E+000  0.794377015854748E+000  0.495255570066663E+000 -0.131028262406404E+000 -0.145598559995948E+003 -0.145598559995948E+003 -0.145598925926258E+003
  0.163129348687253E+000  0.501411392424322E+000  0.505024569772300E+000  0.495746955936023E+000 -0.131028262406404E+000 -0.145598004465469E+003 -0.145598004465469E+003 -0.145599177196274E+003
  0.150826077333204E+000  0.512156667564669E+000  0.364252663107106E+000  0.491807904668521E+000 -0.131028262406404E+000 -0.145598826485818E+003 -0.145598826485818E+003 -0.145599240466868E+003
  0.162892565258335E+000  0.522316282975112E+000  0.383908972633444E+000  0.494283684133479E+000 -0.131028262406404E+000 -0.145598720634719E+003 -0.145598720634719E+003 -0.145602552187387E+003
  0.178956819914470E+000  0.502868590886619E+000  0.232908609133081E+000  0.499664269264860E+000 -0.131028262406404E+000 -0.145597959100605E+003 -0.145597959100605E+003 -0.145599140455770E+003
  0.147777518384999E+000  0.508325725603127E+000  0.660402159614762E+000  0.492474696324962E+000 -0.131028262406404E+000 -0.145598809516416E+003 -0.145598809516416E+003 -0.145600319074041E+003
  0.177806882902786E+000  0.513505981428999E+000  0.666802604579372E+000  0.496502187436633E+000 -0.131028262406404E+000 -0.145598527365400E+003 -0.145598527365400E+003 -0.145599781005901E+003
  0.153973024536899E+000  0.500811659033315E+000  0.313986949209374E+000  0.492758232140300E+000 -0.131028262406404E+000 -0.145598380439008E+003 -0.145598380439008E+003 -0.145599234208170E+003
  0.175886928854564E+000  0.528226458264697E+000  0.586002457494572E+000  0.498047279411531E+000 -0.131028262406404E+000 -0.145598893445978E+003 -0.145598893445978E+003 -0.145599455168233E+003
  0.144865943584001E+000  0.518841773744795E+000  0.773968026689647E+000  0.498906345389646E+000 -0.131028262406404E+000 -0.145598739076022E+003 -0.145598739076022E+003 -0.145599039677299E+003
  0.155376449539976E+000  0.512210923243071E+000  0.276776721457545E+000  0.494525129544959E+000 -0.131028262406404E+000 -0.145598508192482E+003 -0.145598508192482E+003 -0.145600077342336E+003
  0.149063779971624E+000  0.512364547139442E+000  0.946709927006609E+000  0.497533061607544E+000 -0.131028262406404E+000 -0.145598500276465E+003 -0.145598500276465E+003 -0.145599570297451E+003
  0.146123131769175E+000  0.505626415510712E+000  0.989148265423335E+000  0.492255679420995E+000 -0.131028262406404E+000 -0.145598840610636E+003 -0.145598840610636E+003 -0.145599133860610E+003
  0.181595407831767E+000  0.504899758708696E+000  0.670672684167379E+000  0.491706312425833E+000 -0.131028262406404E+000 -0.145598681710617E+003 -0.145598681710617E+003 -0.145598928325779E+003
  0.162019211318387E+000  0.519723796615165E+000  0.631604066342352E+000  0.492053421415711E+000 -0.131028262406404E+000 -0.145598798375743E+003 -0.145598798375743E+003 -0.145598946500349E+003
  0.169078540865083E+000  0.503747741638280E+000  0.581175901494364E+000  0.497307120474713E+000 -0.131028262406404E+000 -0.145597961486039E+003 -0.145597961486039E+003 -0.145600123992452E+003
  0.142266924632853E+000  0.502076496504678E+000  0.654081634746552E+000  0.493540351888704E+000 -0.131028262406404E+000 -0.145598885319564E+003 -0.145598885319564E+003 -0.145599035101605E+003
  0.153774857793731E+000  0.504300138529287E+000  0.319988126209964E+000  0.492607128311542E+000 -0.131028262406404E+000 -0.145598483250250E+003 -0.145598483250250E+003 -0.145598969642648E+003
  0.147869579770135E+000  0.525007096223967E+000  0.558822716718527E+000  0.499801382982103E+000 -0.131028262406404E+000 -0.145598696521145E+003 -0.145598696521145E+003 -0.145598993910149E+003
  0.162339750934461E+000  0.512138614566962E+000  0.764338502833233E+000  0.497288342059213E+000 -0.131028262406404E+000 -0.145598212443940E+003 -0.145598212443940E+003 -0.145599610933135E+003
  0.159679352251533E+000  0.512897587269852E+000  0.540595722155013E+000  0.491555391878725E+000 -0.131028262406404E+000 -0.145598656658955E+003 -0.145598656658955E+003 -0.145599087389275E+003
  0.142799618682204E+000  0.505888411905478E+000  0.787243552829856E+000  0.493917631664897E+000 -0.131028262406404E+000 -0.145598906860461E+003 -0.145598906860461E+003 -0.145599763268813E+003
  0.170296055793836E+000  0.525762737105236E+000  0.741470155252782E+000  0.495628081402011E+000 -0.131028262406404E+000 -0.145598813168966E+003 -0.145598813168966E+003 -0.145601522944458E+003
  0.152105384951001E+000  0.509961552179942E+000  0.779298720732112E+000  0.493284411484596E+000 -0.131028262406404E+000 -0.145598628036015E+003 -0.145598628036015E+003 -0.145600236822273E+003
  0.160870237601635E+000  0.502836482198412E+000  0.929779502264367E+000  0.491777656980830E+000 -0.131028262406404E+000 -0.145598348602850E+003 -0.145598348602850E+003 -0.145601524147385E+003
  0.159720982019643E+000  0.523749978751281E+000  0.275599285639396E+000  0.495731043680806E+000 -0.131028262406404E+000 -0.145598675817885E+003 -0.145598675817885E+003 -0.145602038145718E+003
  0.186498606396094E+000  0.503825992752466E+000  0.789700305284717E+000  0.497167942093241E+000 -0.131028262406404E+000 -0.145598481553842E+003 -0.145598481553842E+003 -0.145599340487586E+003
  0.164277232705615E+000  0.509892951412624E+000  0.678204931222464E+000  0.491319736131400E+000 -0.131028262406404E+000 -0.145598554877422E+003 -0.145598554877422E+003 -0.145600008708718E+003
  0.175262996644852E+000  0.520162899454079E+000  0.476699435020045E+000  0.495857600887711E+000 -0.131028262406404E+000 -0.145598729275129E+003 -0.145598729275129E+003 -0.145604616010648E+003
  0.176103890439508E+000  0.523963393889481E+000  0.890660948235588E+000  0.499161459773677E+000 -0.131028262406404E+000 -0.145598668907859E+003 -0.145598668907859E+003 -0.145599391068832E+003
  0.160913996881287E+000  0.527960400710702E+000  0.368288168658887E+000  0.499591511970578E+000 -0.131028262406404E+000 -0.145598529864773E+003 -0.145598529864773E+003 -0.145600044698002E+003
  0.160997300039737E+000  0.526994278595430E+000  0.537482482862724E+000  0.493887283099699E+000 -0.131028262406404E+000 -0.145598890045779E+003 -0.145598890045779E+003 -0.145599792996581E+003
  0.172483842606636E+000  0.504216132814126E+000  0.372678653680237E+000  0.494295956900628E+000 -0.131028262406404E+000 -0.145598228196521E+003 -0.145598228196521E+003 -0.145599962796667E+003
  0.152803420132779E+000  0.524208516332777E+000  0.535876635780121E+000  0.495943363287145E+000 -0.131028262406404E+000 -0.145598786334851E+003 -0.145598786334851E+003 -0.145599613526723E+003
  0.166933394559901E+000  0.503442747665589E+000  0.835126325930075E+000  0.483914584716220E+000 -0.131028262406404E+000 -0.145598881006142E+003 -0.145598881006142E+003 -0.145598928386949E+003
  0.151133292745184E+000  0.503763844149986E+000  0.372180109378860E+000  0.498598031723223E+000 -0.131028262406404E+000 -0.145598139960104E+003 -0.145598139960104E+003 -0.145599047769347E+003
  0.142476330391266E+000  0.518425500723117E+000  0.702000213484629E+000  0.498519333273899E+000 -0.131028262406404E+000 -0.145598877078977E+003 -0.145598877078977E+003 -0.145599344872942E+003
  0.169324947768173E+000  0.501387438914978E+000  0.987990345815908E+000  0.487534033669503E+000 -0.131028262406404E+000 -0.145598577069206E+003 -0.145598577069206E+003 -0.145599957188471E+003
  0.172134565042357E+000  0.504651823364144E+000  0.666929659982541E+000  0.497448205847136E+000 -0.131028262406404E+000 -0.145598015615943E+003 -0.145598015615943E+003 -0.145599316128856E+003
  0.149788789387721E+000  0.515781097530070E+000  0.658684359747144E+000  0.492869134529771E+000 -0.131028262406404E+000 -0.145598877219734E+003 -0.145598877219734E+003 -0.145599186698924E+003
  0.159141324247310E+000  0.506868282259039E+000  0.553014768852896E+000  0.495066898787821E+000 -0.131028262406404E+000 -0.145598253614692E+003 -0.145598253614692E+003 -0.145599088275508E+003
  0.176304740131486E+000  0.508729120076428E+000  0.957261442460990E+000  0.495888481364781E+000 -0.131028262406404E+000 -0.145598353332116E+003 -0.145598353332116E+003 -0.145599047399657E+003
  0.166273427310699E+000  0.515625834762009E+000  0.290835224035863E+000  0.494058905965106E+000 -0.131028262406404E+000 -0.145598541237285E+003 -0.145598541237285E+003 -0.145599314487694E+003
  0.161625528904591E+000  0.521574070753323E+000  0.521858863518364E+000  0.492104136772521E+000 -0.131028262406404E+000 -0.145598850404080E+003 -0.145598850404080E+003 -0.145599166591327E+003
  0.167444405684466E+000  0.536011203911377E+000  0.561005016356050E+000  0.498592107871014E+000 -0.131028262406404E+000 -0.145598903799707E+003 -0.145598903799707E+003 -0.145599707080724E+003
  0.189190439484480E+000  0.501589172489237E+000  0.199878999778103E+000  0.496258909934113E+000 -0.131028262406404E+000 -0.145598598889778E+003 -0.145598598889778E+003 -0.145598943956319E+003
  0.174154389708215E+000  0.502772540213941E+000  0.869131847697708E+000  0.496242721458683E+000 -0.131028262406404E+000 -0.145598073190564E+003 -0.145598073190564E+003 -0.145599264065619E+003
  0.150492967830302E+000  0.527062861179459E+000  0.367691083721803E+000  0.499014551479524E+000 -0.131028262406404E+000 -0.145598713694770E+003 -0.145598713694770E+003 -0.145600402594812E+003
  0.173721981501118E+000  0.512480487396580E+000  0.851517351002613E+000  0.495737438812643E+000 -0.131028262406404E+000 -0.145598428481328E+003 -0.145598428481328E+003 -0.145599086570036E+003
  0.159496362080199E+000  0.508920606703585E+000  0.381929259847640E+000  0.495290683049332E+000 -0.131028262406404E+000 -0.145598288995160E+003 -0.145598288995160E+003 -0.145599221460753E+003
  0.154860718677258E+000  0.505201803906677E+000  0.966157099712094E+000  0.489048083148966E+000 -0.131028262406404E+000 -0.145598722938596E+003 -0.145598722938596E+003 -0.145599274354967E+003
  0.151823005943439E+000  0.509459148283629E+000  0.956936690175470E+000  0.495007129568055E+000 -0.131028262406404E+000 -0.145598505228809E+003 -0.145598505228809E+003 -0.145598998088472E+003
  0.161241709843306E+000  0.519234682433292E+000  0.318737361631407E+000  0.498927741430124E+000 -0.131028262406404E+000 -0.145598313579272E+003 -0.145598313579272E+003 -0.145599091848857E+003
  0.149312392320529E+000  0.534763131218796E+000  0.234474163176256E+000  0.499768896711818E+000 -0.131028262406404E+000 -0.145598896285600E+003 -0.145598896285600E+003 -0.145599074956314E+003
  0.154672763623103E+000  0.526700564539492E+000  0.217914489867216E+000  0.499683176056747E+000 -0.131028262406404E+000 -0.145598555669840E+003 -0.145598555669840E+003 -0.145599019825463E+003
  0.159332493356243E+000  0.500779046549936E+000  0.549618599640651E+000  0.493417551683930E+000 -0.131028262406404E+000 -0.145598201506078E+003 -0.145598201506078E+003 -0.145598963930273E+003
  0.165754682001794E+000  0.512535588433603E+000  0.691154529768529E+000  0.498675007157941E+000 -0.131028262406404E+000 -0.145598122733549E+003 -0.145598122733549E+003 -0.145598955737284E+003
  0.171324875766546E+000  0.508766369883653E+000  0.366976760733335E+000  0.487151645648923E+000 -0.131028262406404E+000 -0.145598855113346E+003 -0.145598855113346E+003 -0.145598922491322E+003
  0.167582781365371E+000  0.526466572116845E+000  0.994790194027748E+000  0.496725883558354E+000 -0.131028262406404E+000 -0.145598715691859E+003 -0.145598715691859E+003 -0.145598920731546E+003
  0.166541985036594E+000  0.514419577268112E+000  0.122076605781477E+000  0.495862042385774E+000 -0.131028262406404E+000 -0.145598380391314E+003 -0.145598380391314E+003 -0.145601523078971E+003
  0.166664711520073E+000  0.504172879012248E+000  0.713874443721387E-001  0.494654477542629E+000 -0.131028262406404E+000 -0.145598150632243E+003 -0.145598150632243E+003 -0.145601760839660E+003
  0.152914357770569E+000  0.522167697893111E+000  0.142658215449119E-002  0.499163729873190E+000 -0.131028262406404E+000 -0.145598508951146E+003 -0.145598508951146E+003 -0.145599022359376E+003
  0.166488050297183E+000  0.516450793512968E+000  0.197288114057809E-001  0.491076626011945E+000 -0.131028262406404E+000 -0.145598773732791E+003 -0.145598773732791E+003 -0.145599365167131E+003
  0.189032877322441E+000  0.501176300328073E+000  0.377670828180018E-001  0.495677278502601E+000 -0.131028262406404E+000 -0.145598613578097E+003 -0.145598613578097E+003 -0.145604795971336E+003
  0.158283500526849E+000  0.501394755102674E+000  0.119964689854820E+000  0.492188947677851E+000 -0.131028262406404E+000 -0.145598324431243E+003 -0.145598324431243E+003 -0.145599854275917E+003
  0.150593055982061E+000  0.513265063877719E+000  0.130314767291392E+000  0.497472910573685E+000 -0.131028262406404E+000 -0.145598469560449E+003 -0.145598469560449E+003 -0.145602671275425E+003
  0.175534166250877E+000  0.512256385003927E+000  0.132218104718468E+000  0.494252156989899E+000 -0.131028262406404E+000 -0.145598568920256E+003 -0.145598568920256E+003 -0.145599460096453E+003
  0.155042910947730E+000  0.508701560318414E+000  0.579679948559707E-001  0.493437423011862E+000 -0.131028262406404E+000 -0.145598501009738E+003 -0.145598501009738E+003 -0.145600104908372E+003
  0.151370588854377E+000  0.503047324176396E+000  0.139975302841559E+000  0.496064764066217E+000 -0.131028262406404E+000 -0.145598291451871E+003 -0.145598291451871E+003 -0.145599472681720E+003
  0.171842576167448E+000  0.527340889885155E+000  0.561104995419239E-001  0.499982981426778E+000 -0.131028262406404E+000 -0.145598606717494E+003 -0.145598606717494E+003 -0.145598978160021E+003
  0.166412444909123E+000  0.508315033985297E+000  0.115195419985746E-002  0.492846719774777E+000 -0.131028262406404E+000 -0.145598402155745E+003 -0.145598402155745E+003 -0.145601825588432E+003
  0.150475557744952E+000  0.512878076119061E+000  0.110636179475518E-001  0.495696731850032E+000 -0.131028262406404E+000 -0.145598587275875E+003 -0.145598587275875E+003 -0.145599163827253E+003
  0.167905201181913E+000  0.525370927194374E+000  0.930274844291969E-001  0.496249027594979E+000 -0.131028262406404E+000 -0.145598716843439E+003 -0.145598716843439E+003 -0.145598921238137E+003
  0.171452253388032E+000  0.504739206304391E+000  0.215831922062919E-002  0.489318806753078E+000 -0.131028262406404E+000 -0.145598578127472E+003 -0.145598578127472E+003 -0.145599113544563E+003
  0.171059828068209E+000  0.504506032856122E+000  0.545182064219583E-001  0.494207130632728E+000 -0.131028262406404E+000 -0.145598223500452E+003 -0.145598223500452E+003 -0.145599113544563E+003
  0.193667875238912E+000  0.505940350146918E+000  0.677921969117994E-001  0.499687341762233E+000 -0.131028262406404E+000 -0.145598830362160E+003 -0.145598830362160E+003 -0.145607781539799E+003
  0.167631847347921E+000  0.507598569739552E+000  0.103088695052084E+000  0.499126931613737E+000 -0.131028262406404E+000 -0.145597945196456E+003 -0.145597945196456E+003 -0.145599041466917E+003
  0.159128310031341E+000  0.519439457486168E+000  0.922595995942050E-001  0.495057926285483E+000 -0.131028262406404E+000 -0.145598604129226E+003 -0.145598604129226E+003 -0.145599070774377E+003
  0.168677248393390E+000  0.519902627875097E+000  0.484726722985153E-001  0.498600080907362E+000 -0.131028262406404E+000 -0.145598387143862E+003 -0.145598387143862E+003 -0.145600991861124E+003
  0.182361548026110E+000  0.510552763850526E+000  0.505256531030769E-001  0.496763113777049E+000 -0.131028262406404E+000 -0.145598575839193E+003 -0.145598575839193E+003 -0.145599663861079E+003
  0.179327259210447E+000  0.507117425668828E+000  0.459028876250087E-001  0.491441478065739E+000 -0.131028262406404E+000 -0.145598697986540E+003 -0.145598697986540E+003 -0.145599219285379E+003
  0.169108997458704E+000  0.512013068260377E+000  0.131941297124150E+000  0.496906358958685E+000 -0.131028262406404E+000 -0.145598253225458E+003 -0.145598253225458E+003 -0.145599981524074E+003
  0.169041891884881E+000  0.513395145297038E+000  0.114471167997791E+000  0.496870354256249E+000 -0.131028262406404E+000 -0.145598299525321E+003 -0.145598299525321E+003 -0.145599690722430E+003
  0.162392646623546E+000  0.514871243455678E+000  0.539290197140281E-001  0.498299687736510E+000 -0.131028262406404E+000 -0.145598222222024E+003 -0.145598222222024E+003 -0.145598999477662E+003
  0.156066087654813E+000  0.527417825778014E+000  0.405521243381516E-001  0.497597009225451E+000 -0.131028262406404E+000 -0.145598694135100E+003 -0.145598694135100E+003 -0.145599022359376E+003
  0.160825469364054E+000  0.501335229872966E+000  0.441433851497355E-001  0.484371445616740E+000 -0.131028262406404E+000 -0.145598827434243E+003 -0.145598827434243E+003 -0.145599194746094E+003
  0.158343110103841E+000  0.521273886887687E+000  0.510138882930609E-001  0.494110849573070E+000 -0.131028262406404E+000 -0.145598729968370E+003 -0.145598729968370E+003 -0.145601140812195E+003
  0.166916942266054E+000  0.508290966437172E+000  0.103303797529654E+000  0.490528554348925E+000 -0.131028262406404E+000 -0.145598564696461E+003 -0.145598564696461E+003 -0.145598957964428E+003
