  0.419587972203708E+000  0.508740332681486E+000  0.474005093802230E+000  0.497474625198228E+000 -0.131028262406404E+000 -0.131478512742336E+003 -0.131478512742336E+003
  0.358379484961552E+000  0.520982441668192E+000  0.183268610375417E+000  0.498062703838688E+000 -0.131028262406404E+000 -0.131478366506028E+003 -0.131478366506028E+003
  0.407316691858823E+000  0.526817310127648E+000  0.381796643026911E+000  0.498588729758272E+000 -0.131028262406404E+000 -0.131478343258482E+003 -0.131478343258482E+003
  0.363881321932251E+000  0.543170627832873E+000  0.810164746638521E+000  0.497985625433341E+000 -0.131028262406404E+000 -0.131478806170926E+003 -0.131478806170926E+003
  0.364137214239746E+000  0.506498823852744E+000  0.548236127930493E-001  0.498476313073153E+000 -0.131028262406404E+000 -0.131477506241843E+003 -0.131477506241843E+003
  0.365038343216770E+000  0.554119228310272E+000  0.885662150585408E+000  0.499795950657246E+000 -0.131028262406404E+000 -0.131478522702992E+003 -0.131478522702992E+003
  0.381948876753339E+000  0.531720779215221E+000  0.632807015575437E+000  0.497015240545693E+000 -0.131028262406404E+000 -0.131478369062082E+003 -0.131478369062082E+003
  0.368757270145800E+000  0.506408484117694E+000  0.190249237736329E+000  0.495084653599581E+000 -0.131028262406404E+000 -0.131478497174329E+003 -0.131478497174329E+003
  0.395149415338571E+000  0.501201084599332E+000  0.703420884403458E+000  0.496515648619312E+000 -0.131028262406404E+000 -0.131477332346935E+003 -0.131477332346935E+003
  0.374035742460315E+000  0.562205045343452E+000  0.176024805679973E+000  0.499614452183890E+000 -0.131028262406404E+000 -0.131478864963861E+003 -0.131478864963861E+003
  0.419352060345784E+000  0.517766107685438E+000  0.340159989127908E+000  0.499249331182108E+000 -0.131028262406404E+000 -0.131478427884959E+003 -0.131478427884959E+003
  0.376563840762806E+000  0.525324038043824E+000  0.471022338472140E+000  0.496205925893997E+000 -0.131028262406404E+000 -0.131478443020416E+003 -0.131478443020416E+003
  0.365047859808425E+000  0.508349714477997E+000  0.744423441176633E+000  0.495364982703452E+000 -0.131028262406404E+000 -0.131478639815600E+003 -0.131478639815600E+003
  0.407615080048688E+000  0.506822690837244E+000  0.801844652919215E+000  0.495698000887718E+000 -0.131028262406404E+000 -0.131478279288873E+003 -0.131478279288873E+003
  0.370222408694650E+000  0.516377396697751E+000  0.256155514469572E-003  0.499277255826145E+000 -0.131028262406404E+000 -0.131477166938431E+003 -0.131477166938431E+003
  0.375603207020281E+000  0.512967318114484E+000  0.581756376608414E+000  0.499632082392489E+000 -0.131028262406404E+000 -0.131476750816269E+003 -0.131476750816269E+003
  0.384913626535774E+000  0.516510700512153E+000  0.308793839617828E+000  0.497382612191593E+000 -0.131028262406404E+000 -0.131477578255033E+003 -0.131477578255033E+003
  0.400009285308560E+000  0.530098199301385E+000  0.516289595521398E+000  0.496787005531156E+000 -0.131028262406404E+000 -0.131478805107850E+003 -0.131478805107850E+003
  0.393398014700573E+000  0.512396355285562E+000  0.724093644646069E+000  0.493823818603616E+000 -0.131028262406404E+000 -0.131478776777064E+003 -0.131478776777064E+003
  0.397371679203766E+000  0.504005278290505E+000  0.827361628008097E+000  0.494301467523848E+000 -0.131028262406404E+000 -0.131478297590434E+003 -0.131478297590434E+003
  0.423099465855005E+000  0.508466274270131E+000  0.191224125818592E+000  0.498931938810754E+000 -0.131028262406404E+000 -0.131478263479070E+003 -0.131478263479070E+003
  0.364206047061505E+000  0.520068970367316E+000  0.745430920620074E+000  0.495969825877195E+000 -0.131028262406404E+000 -0.131478776415442E+003 -0.131478776415442E+003
  0.425677939665410E+000  0.504028350063012E+000  0.244880211174838E+000  0.497011720988988E+000 -0.131028262406404E+000 -0.131478901784993E+003 -0.131478901784993E+003
  0.427464792826450E+000  0.505964318927460E+000  0.203313532044839E+000  0.498680674731450E+000 -0.131028262406404E+000 -0.131478597510608E+003 -0.131478597510608E+003
  0.401045217265051E+000  0.511973373723375E+000  0.445085826004286E+000  0.495858685890322E+000 -0.131028262406404E+000 -0.131478210415461E+003 -0.131478210415461E+003
  0.415243962744977E+000  0.510244558252159E+000  0.707442589916011E+000  0.498800038837863E+000 -0.131028262406404E+000 -0.131477794427819E+003 -0.131477794427819E+003
  0.406296231674514E+000  0.517895184235869E+000  0.602550175368328E+000  0.497237419643210E+000 -0.131028262406404E+000 -0.131478255674900E+003 -0.131478255674900E+003
  0.361736528670516E+000  0.500500268159750E+000  0.636012507194876E+000  0.498836997142435E+000 -0.131028262406404E+000 -0.131477408901725E+003 -0.131477408901725E+003
  0.397394155822013E+000  0.509799111486083E+000  0.441498667552721E+000  0.495520719376210E+000 -0.131028262406404E+000 -0.131478117675339E+003 -0.131478117675339E+003
  0.422798036554039E+000  0.507623105824641E+000  0.725459460541886E+000  0.499051991489635E+000 -0.131028262406404E+000 -0.131478138838817E+003 -0.131478138838817E+003
  0.384901697193919E+000  0.540524507968703E+000  0.194469372024512E+000  0.498135624012539E+000 -0.131028262406404E+000 -0.131478397621240E+003 -0.131478397621240E+003
  0.365574092993599E+000  0.537371095483913E+000  0.892911902828487E-001  0.497720904143245E+000 -0.131028262406404E+000 -0.131478626865470E+003 -0.131478626865470E+003
  0.377031317484319E+000  0.516520143257303E+000  0.253554025193462E+000  0.499227564777421E+000 -0.131028262406404E+000 -0.131476984706778E+003 -0.131476984706778E+003
  0.419006625245625E+000  0.502922836200404E+000  0.703652165643677E-002  0.496496107038822E+000 -0.131028262406404E+000 -0.131478466983985E+003 -0.131478466983985E+003
  0.377230979424871E+000  0.517881394033119E+000  0.244563887488021E+000  0.494627192062647E+000 -0.131028262406404E+000 -0.131478734393929E+003 -0.131478734393929E+003
  0.357963096727670E+000  0.508753944851212E+000  0.872262576124000E+000  0.499320662638272E+000 -0.131028262406404E+000 -0.131477659313314E+003 -0.131477659313314E+003
  0.407559364112400E+000  0.503379640340858E+000  0.848720175780944E+000  0.499530210430542E+000 -0.131028262406404E+000 -0.131476701578004E+003 -0.131476701578004E+003
  0.353972131888628E+000  0.522636340647455E+000  0.996100449173153E+000  0.498081717431646E+000 -0.131028262406404E+000 -0.131478712811666E+003 -0.131478712811666E+003
  0.363320326358665E+000  0.531706576910017E+000  0.453505531163176E+000  0.497587399987163E+000 -0.131028262406404E+000 -0.131478575127794E+003 -0.131478575127794E+003
  0.383009593380669E+000  0.505084735512993E+000  0.731614440017164E+000  0.496187707059476E+000 -0.131028262406404E+000 -0.131477603765299E+003 -0.131477603765299E+003
  0.374232107478397E+000  0.556176404488742E+000  0.634425589369555E+000  0.499850160186452E+000 -0.131028262406404E+000 -0.131478464815326E+003 -0.131478464815326E+003
  0.403065503283621E+000  0.500700756271684E+000  0.808155766807488E+000  0.497108132257307E+000 -0.131028262406404E+000 -0.131477277217016E+003 -0.131477277217016E+003
  0.357898363198866E+000  0.531893213523054E+000  0.875946520214383E+000  0.498176303218170E+000 -0.131028262406404E+000 -0.131478650456190E+003 -0.131478650456190E+003
  0.356573898806108E+000  0.533136308725713E+000  0.756809695997287E+000  0.499500359694535E+000 -0.131028262406404E+000 -0.131478270918860E+003 -0.131478270918860E+003
  0.400522962144850E+000  0.512246152450018E+000  0.317381307403405E+000  0.496573531605437E+000 -0.131028262406404E+000 -0.131477943430327E+003 -0.131477943430327E+003
  0.370124315330781E+000  0.534494638884740E+000  0.171385213485556E+000  0.499799631196947E+000 -0.131028262406404E+000 -0.131477590214150E+003 -0.131477590214150E+003
  0.405557321088486E+000  0.501599106043984E+000  0.424102821112456E+000  0.496123013037226E+000 -0.131028262406404E+000 -0.131477768221119E+003 -0.131477768221119E+003
  0.374619894542019E+000  0.551491129522334E+000  0.978652424263942E+000  0.498636345221188E+000 -0.131028262406404E+000 -0.131478694834465E+003 -0.131478694834465E+003
  0.401178355445785E+000  0.504285462464703E+000  0.819604974569862E+000  0.494516327705702E+000 -0.131028262406404E+000 -0.131478329215837E+003 -0.131478329215837E+003
  0.391786110471774E+000  0.544317484019324E+000  0.123165963083611E+000  0.498150190249693E+000 -0.131028262406404E+000 -0.131478775952020E+003 -0.131478775952020E+003
  0.398039964774994E+000  0.500875220010145E+000  0.382727811696094E+000  0.493958626238842E+000 -0.131028262406404E+000 -0.131478297560359E+003 -0.131478297560359E+003
  0.362146898450072E+000  0.516933094008325E+000  0.667547294959962E+000  0.498535517905759E+000 -0.131028262406404E+000 -0.131477853001289E+003 -0.131477853001289E+003
  0.373052295287361E+000  0.529427488163215E+000  0.570017102025949E+000  0.498714115267949E+000 -0.131028262406404E+000 -0.131477733262833E+003 -0.131477733262833E+003
  0.380888420835700E+000  0.543167894062883E+000  0.233227061022624E+000  0.498206288925927E+000 -0.131028262406404E+000 -0.131478459320366E+003 -0.131478459320366E+003
  0.403154167002759E+000  0.504555269530528E+000  0.438106327733497E+000  0.493796748769187E+000 -0.131028262406404E+000 -0.131478668808002E+003 -0.131478668808002E+003
  0.367327063902747E+000  0.513688448796732E+000  0.775685949126065E-001  0.495603572029353E+000 -0.131028262406404E+000 -0.131478574223530E+003 -0.131478574223530E+003
  0.376783263192216E+000  0.531236241354068E+000  0.941436095598634E+000  0.498095759747675E+000 -0.131028262406404E+000 -0.131477971100058E+003 -0.131477971100058E+003
  0.351960848865658E+000  0.519534163932339E+000  0.978775200197011E+000  0.499050618674118E+000 -0.131028262406404E+000 -0.131478446141141E+003 -0.131478446141141E+003
  0.370471314721727E+000  0.508640330899843E+000  0.561879398996703E+000  0.497330120877242E+000 -0.131028262406404E+000 -0.131477653483754E+003 -0.131477653483754E+003
  0.355099652667680E+000  0.516120242439500E+000  0.872067044544233E+000  0.499122447175939E+000 -0.131028262406404E+000 -0.131478097324549E+003 -0.131478097324549E+003
  0.403818852616933E+000  0.516735141858156E+000  0.247504820524055E+000  0.496014673128949E+000 -0.131028262406404E+000 -0.131478516943311E+003 -0.131478516943311E+003
  0.352476255722388E+000  0.516825319821211E+000  0.678725655891405E+000  0.498845012686791E+000 -0.131028262406404E+000 -0.131478425585811E+003 -0.131478425585811E+003
  0.355050299800181E+000  0.527476956854220E+000  0.288125687461727E-001  0.499305071425866E+000 -0.131028262406404E+000 -0.131478293898810E+003 -0.131478293898810E+003
  0.355518309076353E+000  0.535816194312763E+000  0.852030416020461E+000  0.498568695995970E+000 -0.131028262406404E+000 -0.131478766261049E+003 -0.131478766261049E+003
  0.385861427044233E+000  0.504093856067127E+000  0.212753928479574E+000  0.493904680022859E+000 -0.131028262406404E+000 -0.131478372309951E+003 -0.131478372309951E+003
  0.404876326872665E+000  0.507129508854091E+000  0.134140723358197E+000  0.498566416422600E+000 -0.131028262406404E+000 -0.131477123698555E+003 -0.131477123698555E+003
  0.391668800096670E+000  0.511786024817596E+000  0.415415342955221E+000  0.499914950015707E+000 -0.131028262406404E+000 -0.131476481930020E+003 -0.131476481930020E+003
  0.381350886227007E+000  0.538101140562021E+000  0.159456084754865E+000  0.497780511445960E+000 -0.131028262406404E+000 -0.131478376667203E+003 -0.131478376667203E+003
  0.399049010676072E+000  0.509064658920212E+000  0.452928652461351E+000  0.494418244382382E+000 -0.131028262406404E+000 -0.131478530482209E+003 -0.131478530482209E+003
  0.408247681546970E+000  0.500440758366679E+000  0.309628755938478E+000  0.498088800496659E+000 -0.131028262406404E+000 -0.131477111040100E+003 -0.131477111040100E+003
  0.414055415838621E+000  0.501475449863577E+000  0.602222308468690E+000  0.494240205000778E+000 -0.131028262406404E+000 -0.131478866770366E+003 -0.131478866770366E+003
  0.384391337584186E+000  0.539849068199931E+000  0.545241040528818E+000  0.496752845118515E+000 -0.131028262406404E+000 -0.131478875912531E+003 -0.131478875912531E+003
  0.379656463105436E+000  0.531544917736547E+000  0.812576208238383E+000  0.496532461511832E+000 -0.131028262406404E+000 -0.131478545594157E+003 -0.131478545594157E+003
  0.394877260560368E+000  0.537736130992073E+000  0.251746014800623E-001  0.498272797356148E+000 -0.131028262406404E+000 -0.131478468424975E+003 -0.131478468424975E+003
  0.381329159568365E+000  0.547793202845363E+000  0.339542492337022E+000  0.498717438065497E+000 -0.131028262406404E+000 -0.131478503756129E+003 -0.131478503756129E+003
  0.379495804525264E+000  0.528308292312255E+000  0.868614217317841E+000  0.495148287144510E+000 -0.131028262406404E+000 -0.131478923403822E+003 -0.131478923403822E+003
  0.400579560024238E+000  0.525821491076185E+000  0.906675007937241E-001  0.496813838048443E+000 -0.131028262406404E+000 -0.131478577695681E+003 -0.131478577695681E+003
  0.415047270734983E+000  0.513989262129389E+000  0.573565727332290E+000  0.497983943387703E+000 -0.131028262406404E+000 -0.131478305057052E+003 -0.131478305057052E+003
  0.421330577589459E+000  0.507925861776939E+000  0.414995505984076E+000  0.496912283296995E+000 -0.131028262406404E+000 -0.131478808033362E+003 -0.131478808033362E+003
  0.362103297965560E+000  0.534388865349278E+000  0.248327633959727E+000  0.497811027135033E+000 -0.131028262406404E+000 -0.131478637012011E+003 -0.131478637012011E+003
  0.364519370585929E+000  0.511975597795476E+000  0.757625893865838E+000  0.499434096767817E+000 -0.131028262406404E+000 -0.131477259241999E+003 -0.131477259241999E+003
  0.375490192514078E+000  0.503727242511559E+000  0.892063908325229E+000  0.496878047497539E+000 -0.131028262406404E+000 -0.131477487743619E+003 -0.131477487743619E+003
  0.397209781535151E+000  0.505692773251510E+000  0.192362987124993E+000  0.497431437267335E+000 -0.131028262406404E+000 -0.131477226003480E+003 -0.131477226003480E+003
  0.412887789076165E+000  0.530074237675329E+000  0.677710356380246E+000  0.499330519401348E+000 -0.131028262406404E+000 -0.131478677959706E+003 -0.131478677959706E+003
  0.365388304052469E+000  0.554033582847409E+000  0.242313937272610E+000  0.498897578975754E+000 -0.131028262406404E+000 -0.131478852263640E+003 -0.131478852263640E+003
  0.358535403107755E+000  0.513943889797304E+000  0.792017103642948E+000  0.496113780727018E+000 -0.131028262406404E+000 -0.131478909517958E+003 -0.131478909517958E+003
  0.400313310342752E+000  0.503796303353994E+000  0.820105987625443E-001  0.495545693645688E+000 -0.131028262406404E+000 -0.131477906166831E+003 -0.131477906166831E+003
  0.385621218982727E+000  0.529237340328830E+000  0.908453242290969E+000  0.499694480851925E+000 -0.131028262406404E+000 -0.131477271655010E+003 -0.131477271655010E+003
  0.412023747280575E+000  0.510829390184010E+000  0.553018635144143E+000  0.497107288673509E+000 -0.131028262406404E+000 -0.131478231957338E+003 -0.131478231957338E+003
  0.366121216879502E+000  0.502237446349494E+000  0.449309183748471E+000  0.495950867579057E+000 -0.131028262406404E+000 -0.131478218672820E+003 -0.131478218672820E+003
  0.379170284865691E+000  0.531722475822831E+000  0.861974078927214E+000  0.498688392618384E+000 -0.131028262406404E+000 -0.131477747936685E+003 -0.131477747936685E+003
  0.367225299789908E+000  0.527677997539015E+000  0.450677182466315E+000  0.496823680476664E+000 -0.131028262406404E+000 -0.131478559573775E+003 -0.131478559573775E+003
  0.404477272376486E+000  0.529157743976167E+000  0.811365942193840E+000  0.498059456176719E+000 -0.131028262406404E+000 -0.131478510241559E+003 -0.131478510241559E+003
  0.376515543303819E+000  0.501221803454861E+000  0.156217080758343E+000  0.497768634459917E+000 -0.131028262406404E+000 -0.131477055839485E+003 -0.131477055839485E+003
  0.382770231669901E+000  0.527704487950301E+000  0.852692316922676E+000  0.499904115517315E+000 -0.131028262406404E+000 -0.131477109756162E+003 -0.131477109756162E+003
  0.379400985171145E+000  0.505348922147018E+000  0.216091480950581E+000  0.493011528760536E+000 -0.131028262406404E+000 -0.131478842360893E+003 -0.131478842360893E+003
  0.387609441179645E+000  0.500288887280562E+000  0.490007611103917E+000  0.498080784628006E+000 -0.131028262406404E+000 -0.131476697579021E+003 -0.131476697579021E+003
  0.345068585205661E+000  0.506159277888258E+000  0.231484378266512E+000  0.499420787031295E+000 -0.131028262406404E+000 -0.131478765500073E+003 -0.131478765500073E+003
  0.362563319743230E+000  0.506065883246258E+000  0.339363453112205E+000  0.497748737266134E+000 -0.131028262406404E+000 -0.131477862538879E+003 -0.131477862538879E+003
  0.391673981215932E+000  0.504106354007766E+000  0.983148776233618E+000  0.494709388851979E+000 -0.131028262406404E+000 -0.131478075397843E+003 -0.131478075397843E+003
  0.389638504437278E+000  0.512735145340468E+000  0.414805830092312E+000  0.498149544456725E+000 -0.131028262406404E+000 -0.131477153614454E+003 -0.131477153614454E+003
  0.400997518674562E+000  0.501027548899941E+000  0.311808634196539E+000  0.498983123218198E+000 -0.131028262406404E+000 -0.131476545875560E+003 -0.131476545875560E+003
  0.380618061225233E+000  0.502903007863330E+000  0.607519670142104E+000  0.498485129060161E+000 -0.131028262406404E+000 -0.131476731836043E+003 -0.131476731836043E+003
  0.357790304583192E+000  0.501021986369103E+000  0.447446116155106E+000  0.496433466166865E+000 -0.131028262406404E+000 -0.131478590712600E+003 -0.131478590712600E+003
  0.411911440004151E+000  0.516313921816138E+000  0.409272495227737E+000  0.496776692168028E+000 -0.131028262406404E+000 -0.131478669658066E+003 -0.131478669658066E+003
  0.385250868180914E+000  0.504288542024825E+000  0.767229364327589E+000  0.496784210679124E+000 -0.131028262406404E+000 -0.131477331123172E+003 -0.131477331123172E+003
  0.361738091770386E+000  0.527922218465460E+000  0.210443871098574E+000  0.499570885368825E+000 -0.131028262406404E+000 -0.131477792282371E+003 -0.131477792282371E+003
  0.377075031885843E+000  0.541931893403894E+000  0.594091641720901E+000  0.497679814737436E+000 -0.131028262406404E+000 -0.131478593783201E+003 -0.131478593783201E+003
  0.396873286935785E+000  0.501817777416896E+000  0.353210127923581E+000  0.499749494836760E+000 -0.131028262406404E+000 -0.131476203879436E+003 -0.131476203879436E+003
  0.361992333679859E+000  0.525634393072047E+000  0.521612536762624E+000  0.499687809399110E+000 -0.131028262406404E+000 -0.131477668146775E+003 -0.131477668146775E+003
  0.378721716546920E+000  0.537643242057470E+000  0.534196708164448E+000  0.496529950925566E+000 -0.131028262406404E+000 -0.131478823314939E+003 -0.131478823314939E+003
  0.411728570119323E+000  0.516404605884854E+000  0.885309391870862E+000  0.497863697001605E+000 -0.131028262406404E+000 -0.131478264573715E+003 -0.131478264573715E+003
  0.412229906246033E+000  0.511801146740428E+000  0.697891434038795E+000  0.499292745765246E+000 -0.131028262406404E+000 -0.131477502089833E+003 -0.131477502089833E+003
  0.402002005508811E+000  0.508412557440878E+000  0.251705266029471E+000  0.493979830327312E+000 -0.131028262406404E+000 -0.131478752659886E+003 -0.131478752659886E+003
  0.421145319991105E+000  0.507004846974656E+000  0.997172047561744E+000  0.498604524253082E+000 -0.131028262406404E+000 -0.131478120907809E+003 -0.131478120907809E+003
  0.351301181512213E+000  0.501579041536889E+000  0.774561685246484E+000  0.498447730417574E+000 -0.131028262406404E+000 -0.131478431670588E+003 -0.131478431670588E+003
  0.380934618829521E+000  0.518613062652462E+000  0.606751606124048E-001  0.498955868429588E+000 -0.131028262406404E+000 -0.131477100552730E+003 -0.131477100552730E+003
  0.392153248687271E+000  0.510241607393349E+000  0.963969854833569E+000  0.496738458403231E+000 -0.131028262406404E+000 -0.131477592879246E+003 -0.131477592879246E+003
  0.383725226859469E+000  0.510445992961142E+000  0.945858132368117E+000  0.499265997157659E+000 -0.131028262406404E+000 -0.131476653578353E+003 -0.131476653578353E+003
  0.382533328305932E+000  0.519955437793191E+000  0.506999983718953E+000  0.495081142310164E+000 -0.131028262406404E+000 -0.131478579420841E+003 -0.131478579420841E+003
  0.377971648450672E+000  0.517247111694536E+000  0.521398833786559E+000  0.496236532998245E+000 -0.131028262406404E+000 -0.131478101276108E+003 -0.131478101276108E+003
  0.372968771656515E+000  0.530602710889721E+000  0.359607039879911E+000  0.498195236572929E+000 -0.131028262406404E+000 -0.131477974606972E+003 -0.131477974606972E+003
  0.373188434509551E+000  0.555624835119066E+000  0.957946609120403E+000  0.498999719292495E+000 -0.131028262406404E+000 -0.131478765048361E+003 -0.131478765048361E+003
  0.366160252279268E+000  0.554898166039393E+000  0.600803911188111E+000  0.499261911572935E+000 -0.131028262406404E+000 -0.131478731659827E+003 -0.131478731659827E+003
  0.381103478811140E+000  0.525980042574140E+000  0.868724984001509E-001  0.495562175384028E+000 -0.131028262406404E+000 -0.131478660287680E+003 -0.131478660287680E+003
  0.400265125607822E+000  0.504613555862274E+000  0.159473810479659E+000  0.496247899542613E+000 -0.131028262406404E+000 -0.131477686570683E+003 -0.131477686570683E+003
  0.371244137915370E+000  0.512109142591620E+000  0.202946269870983E+000  0.498584452373923E+000 -0.131028262406404E+000 -0.131477257311675E+003 -0.131477257311675E+003
  0.374990849960365E+000  0.510177425469779E+000  0.798254066084855E+000  0.499173279888853E+000 -0.131028262406404E+000 -0.131476850993867E+003 -0.131476850993867E+003
  0.421714536622378E+000  0.510141584527027E+000  0.208850662316299E+000  0.497505054006230E+000 -0.131028262406404E+000 -0.131478768350899E+003 -0.131478768350899E+003
  0.397477709992522E+000  0.540082626273234E+000  0.887057059516541E+000  0.498464213239365E+000 -0.131028262406404E+000 -0.131478647635903E+003 -0.131478647635903E+003
  0.392849969493894E+000  0.503538812235192E+000  0.382753425396388E+000  0.494756020739605E+000 -0.131028262406404E+000 -0.131478044486856E+003 -0.131478044486856E+003
  0.421267201321949E+000  0.510850303583534E+000  0.618635906368108E+000  0.497086052655964E+000 -0.131028262406404E+000 -0.131478927884275E+003 -0.131478927884275E+003
  0.379995846102501E+000  0.504375735987614E+000  0.805796515878446E+000  0.498210415807378E+000 -0.131028262406404E+000 -0.131476892667869E+003 -0.131476892667869E+003
  0.397700398121443E+000  0.503092606099740E+000  0.122364313429498E+000  0.493961543264189E+000 -0.131028262406404E+000 -0.131478387487618E+003 -0.131478387487618E+003
  0.383418379206355E+000  0.500456306754696E+000  0.219926678877035E+000  0.494775887918866E+000 -0.131028262406404E+000 -0.131477956292012E+003 -0.131477956292012E+003
  0.383246425696206E+000  0.528107989722046E+000  0.207551992664623E+000  0.499980978607595E+000 -0.131028262406404E+000 -0.131477099371921E+003 -0.131477099371921E+003
  0.415272405205181E+000  0.504863070109096E+000  0.113103051349005E+000  0.499460912727264E+000 -0.131028262406404E+000 -0.131477242114851E+003 -0.131477242114851E+003
  0.409999357266263E+000  0.511154185882089E+000  0.452727819501847E+000  0.496332303489525E+000 -0.131028262406404E+000 -0.131478411639800E+003 -0.131478411639800E+003
  0.374936256711634E+000  0.555840138601849E+000  0.344165091757635E+000  0.498585071076486E+000 -0.131028262406404E+000 -0.131478929717446E+003 -0.131478929717446E+003
  0.390856691725726E+000  0.510423517563684E+000  0.865309288777047E+000  0.494182963545490E+000 -0.131028262406404E+000 -0.131478525276962E+003 -0.131478525276962E+003
  0.383654220844317E+000  0.515263711303256E+000  0.356507784667946E+000  0.494799551133369E+000 -0.131028262406404E+000 -0.131478487270149E+003 -0.131478487270149E+003
  0.375418633699348E+000  0.530089848204458E+000  0.746218908750084E+000  0.499080586211830E+000 -0.131028262406404E+000 -0.131477574720141E+003 -0.131477574720141E+003
  0.404981056634209E+000  0.513034390651715E+000  0.203361961977468E+000  0.498659378934742E+000 -0.131028262406404E+000 -0.131477399609830E+003 -0.131477399609830E+003
  0.390949240261533E+000  0.506214224297360E+000  0.668728175729943E+000  0.492999990772514E+000 -0.131028262406404E+000 -0.131478781206610E+003 -0.131478781206610E+003
  0.410980141537244E+000  0.516625502748087E+000  0.932851908913248E+000  0.499083098535318E+000 -0.131028262406404E+000 -0.131477780820405E+003 -0.131477780820405E+003
  0.420121575624887E+000  0.517753558223597E+000  0.230852460527671E+000  0.499429811301210E+000 -0.131028262406404E+000 -0.131478428814936E+003 -0.131478428814936E+003
  0.375545384750873E+000  0.536365760901435E+000  0.892710990042070E+000  0.497088490637165E+000 -0.131028262406404E+000 -0.131478580332275E+003 -0.131478580332275E+003
  0.349289169204940E+000  0.507597316742096E+000  0.221583557868298E+000  0.499928289276658E+000 -0.131028262406404E+000 -0.131478162393571E+003 -0.131478162393571E+003
  0.389773463026170E+000  0.537323160547701E+000  0.926932631459506E-001  0.497383292325332E+000 -0.131028262406404E+000 -0.131478613130422E+003 -0.131478613130422E+003
  0.356617601703048E+000  0.517920169221939E+000  0.856971284332060E+000  0.498565607169317E+000 -0.131028262406404E+000 -0.131478228912176E+003 -0.131478228912176E+003
  0.373171313601572E+000  0.543999296611512E+000  0.979093552601871E+000  0.499932019152608E+000 -0.131028262406404E+000 -0.131477867951238E+003 -0.131477867951238E+003
  0.399707949502453E+000  0.529425342126656E+000  0.603569988691594E+000  0.499343229631927E+000 -0.131028262406404E+000 -0.131477801409056E+003 -0.131477801409056E+003
  0.370250642722710E+000  0.524846881643069E+000  0.474629458254224E+000  0.497643794237740E+000 -0.131028262406404E+000 -0.131478047392182E+003 -0.131478047392182E+003
  0.387010599752403E+000  0.509421680440277E+000  0.984742219274093E+000  0.499420791267284E+000 -0.131028262406404E+000 -0.131476542320331E+003 -0.131476542320331E+003
  0.371452078355198E+000  0.532699865518714E+000  0.412157928087666E+000  0.498258142629399E+000 -0.131028262406404E+000 -0.131478067442834E+003 -0.131478067442834E+003
  0.414962331988663E+000  0.507600428568808E+000  0.314954199066364E+000  0.499198363609350E+000 -0.131028262406404E+000 -0.131477474089065E+003 -0.131477474089065E+003
  0.358383862099207E+000  0.511928997935404E+000  0.132025825543169E+000  0.499688819805108E+000 -0.131028262406404E+000 -0.131477556097228E+003 -0.131477556097228E+003
  0.363273908763977E+000  0.510584805369189E+000  0.780762602750545E+000  0.499175109627217E+000 -0.131028262406404E+000 -0.131477394065888E+003 -0.131477394065888E+003
  0.386402025563521E+000  0.535264831572480E+000  0.737310607512274E+000  0.497686561426798E+000 -0.131028262406404E+000 -0.131478323854781E+003 -0.131478323854781E+003
  0.395699530452020E+000  0.505230196125841E+000  0.409528394276967E+000  0.494323928147743E+000 -0.131028262406404E+000 -0.131478311870119E+003 -0.131478311870119E+003
  0.392365567770244E+000  0.532445597974030E+000  0.522626497298906E-001  0.499527587850475E+000 -0.131028262406404E+000 -0.131477622157176E+003 -0.131477622157176E+003
  0.364948255128349E+000  0.530201722344089E+000  0.791373297446886E+000  0.498597570105570E+000 -0.131028262406404E+000 -0.131478073511332E+003 -0.131478073511332E+003
  0.391240891161388E+000  0.555179464560938E+000  0.634517701920234E+000  0.499816477873227E+000 -0.131028262406404E+000 -0.131478775915642E+003 -0.131478775915642E+003
  0.403096384540849E+000  0.515551857889695E+000  0.331731657772882E+000  0.499104840119463E+000 -0.131028262406404E+000 -0.131477283138549E+003 -0.131477283138549E+003
  0.384117295186601E+000  0.501355900407558E+000  0.162119046264521E+000  0.499092283754852E+000 -0.131028262406404E+000 -0.131476397832027E+003 -0.131476397832027E+003
  0.412587068636366E+000  0.511610157765004E+000  0.169991450623316E+000  0.497384848051973E+000 -0.131028262406404E+000 -0.131478211918425E+003 -0.131478211918425E+003
  0.361142265408423E+000  0.522959939509316E+000  0.538647779852126E+000  0.499006635689180E+000 -0.131028262406404E+000 -0.131477895385472E+003 -0.131477895385472E+003
  0.393808464060613E+000  0.507009802529606E+000  0.983931794665680E+000  0.495311925872533E+000 -0.131028262406404E+000 -0.131477998680184E+003 -0.131477998680184E+003
  0.386434465664571E+000  0.511992028704444E+000  0.981437868470534E-001  0.496582818174376E+000 -0.131028262406404E+000 -0.131477690067320E+003 -0.131477690067320E+003
  0.408173555752999E+000  0.519387542225493E+000  0.492420552950572E+000  0.497811930100528E+000 -0.131028262406404E+000 -0.131478236674040E+003 -0.131478236674040E+003
  0.404583589854363E+000  0.511649022012881E+000  0.387358292957650E+000  0.497270887991598E+000 -0.131028262406404E+000 -0.131477818063460E+003 -0.131477818063460E+003
  0.376055473075889E+000  0.547062104561231E+000  0.106692539425052E+000  0.499268488797872E+000 -0.131028262406404E+000 -0.131478236987357E+003 -0.131478236987357E+003
  0.391290323467847E+000  0.522186864325330E+000  0.541659917132769E+000  0.497707360759380E+000 -0.131028262406404E+000 -0.131477762353319E+003 -0.131477762353319E+003
  0.377876774624852E+000  0.509034339132844E+000  0.480086599959868E+000  0.499476917056622E+000 -0.131028262406404E+000 -0.131476623557276E+003 -0.131476623557276E+003
  0.350677579386506E+000  0.529961546089943E+000  0.862005335049839E+000  0.499789420941296E+000 -0.131028262406404E+000 -0.131478503631369E+003 -0.131478503631369E+003
  0.365929591534090E+000  0.512475441716263E+000  0.603902055910509E+000  0.495056675769147E+000 -0.131028262406404E+000 -0.131478812070643E+003 -0.131478812070643E+003
  0.404904825265858E+000  0.500460616793065E+000  0.885296081059970E+000  0.496378901268233E+000 -0.131028262406404E+000 -0.131477595205374E+003 -0.131477595205374E+003
  0.394173053885070E+000  0.511564900446848E+000  0.562770532085712E+000  0.494403948872035E+000 -0.131028262406404E+000 -0.131478539502664E+003 -0.131478539502664E+003
  0.408471359424165E+000  0.504660104857589E+000  0.903797384822290E+000  0.494014978884021E+000 -0.131028262406404E+000 -0.131478817952488E+003 -0.131478817952488E+003
  0.374236436389275E+000  0.563013026008347E+000  0.347234882445625E+000  0.499978596339310E+000 -0.131028262406404E+000 -0.131478768868872E+003 -0.131478768868872E+003
  0.378025538464842E+000  0.500073233755501E+000  0.276054020530713E+000  0.497921629809034E+000 -0.131028262406404E+000 -0.131476919922603E+003 -0.131476919922603E+003
  0.406008896059490E+000  0.523366313542865E+000  0.539573393217669E+000  0.498136661961451E+000 -0.131028262406404E+000 -0.131478224276615E+003 -0.131478224276615E+003
  0.408200841324870E+000  0.520348109630007E+000  0.387816361636359E-002  0.498783136314328E+000 -0.131028262406404E+000 -0.131477936892570E+003 -0.131477936892570E+003
  0.387671510383025E+000  0.532314729356378E+000  0.522545524849016E+000  0.498951594653754E+000 -0.131028262406404E+000 -0.131477723729593E+003 -0.131477723729593E+003
  0.390268086082526E+000  0.504686862475794E+000  0.123506084571353E+000  0.496443255200973E+000 -0.131028262406404E+000 -0.131477457399067E+003 -0.131477457399067E+003
  0.364393726617180E+000  0.519379026529243E+000  0.747522296299646E+000  0.495840865420211E+000 -0.131028262406404E+000 -0.131478794658448E+003 -0.131478794658448E+003
  0.367219197409009E+000  0.545006696462279E+000  0.935327927545214E+000  0.499186981336089E+000 -0.131028262406404E+000 -0.131478313824050E+003 -0.131478313824050E+003
  0.392733543744357E+000  0.515290017516558E+000  0.244102759945868E-001  0.499676460025183E+000 -0.131028262406404E+000 -0.131476739298448E+003 -0.131476739298448E+003
  0.381015216173232E+000  0.512751822141633E+000  0.623459782807795E+000  0.499417574430471E+000 -0.131028262406404E+000 -0.131476711222172E+003 -0.131476711222172E+003
  0.394215831534572E+000  0.515559886957660E+000  0.801307016099113E+000  0.494825433136140E+000 -0.131028262406404E+000 -0.131478571367934E+003 -0.131478571367934E+003
  0.390475682279503E+000  0.511048213814845E+000  0.919581237720162E+000  0.493292870767689E+000 -0.131028262406404E+000 -0.131478875116661E+003 -0.131478875116661E+003
  0.377251872943808E+000  0.529699102744059E+000  0.567335005067667E+000  0.498267842688923E+000 -0.131028262406404E+000 -0.131477837705112E+003 -0.131477837705112E+003
  0.411215227514540E+000  0.504448765148884E+000  0.752128977767798E+000  0.498179806448382E+000 -0.131028262406404E+000 -0.131477436520788E+003 -0.131477436520788E+003
  0.352344231462077E+000  0.519022722203849E+000  0.543328131005767E+000  0.497879842270478E+000 -0.131028262406404E+000 -0.131478838303353E+003 -0.131478838303353E+003
  0.428867315064976E+000  0.500813799278775E+000  0.810581637121693E+000  0.499880753013016E+000 -0.131028262406404E+000 -0.131477960167606E+003 -0.131477960167606E+003
  0.390594351860036E+000  0.544503595304668E+000  0.544267708445325E+000  0.498702866843787E+000 -0.131028262406404E+000 -0.131478537089423E+003 -0.131478537089423E+003
  0.379609560515242E+000  0.505897784665495E+000  0.934107948456927E-001  0.495010832742839E+000 -0.131028262406404E+000 -0.131478124305284E+003 -0.131478124305284E+003
  0.365231484992786E+000  0.522401478423404E+000  0.847656794409984E+000  0.497179258400777E+000 -0.131028262406404E+000 -0.131478344869858E+003 -0.131478344869858E+003
  0.397722285676136E+000  0.504934718570388E+000  0.913638262674292E+000  0.494711362397765E+000 -0.131028262406404E+000 -0.131478197409748E+003 -0.131478197409748E+003
  0.359365779685887E+000  0.546585620737619E+000  0.835184498022999E+000  0.499503856411262E+000 -0.131028262406404E+000 -0.131478549039353E+003 -0.131478549039353E+003
  0.376936343747150E+000  0.543549195043431E+000  0.389684261285778E+000  0.499322126440510E+000 -0.131028262406404E+000 -0.131478048641029E+003 -0.131478048641029E+003
  0.393644879659758E+000  0.531309349454111E+000  0.175346857577502E-001  0.499305150055825E+000 -0.131028262406404E+000 -0.131477684281913E+003 -0.131477684281913E+003
  0.382104038869374E+000  0.510861225277636E+000  0.830519231513739E+000  0.494237911375298E+000 -0.131028262406404E+000 -0.131478538788212E+003 -0.131478538788212E+003
  0.367197823666560E+000  0.532655883272736E+000  0.665994780603425E+000  0.499681513235455E+000 -0.131028262406404E+000 -0.131477660171020E+003 -0.131477660171020E+003
  0.354911525016465E+000  0.523354144940758E+000  0.297670103963359E+000  0.499362036740556E+000 -0.131028262406404E+000 -0.131478182084507E+003 -0.131478182084507E+003
  0.387066644239648E+000  0.548615048076816E+000  0.388464070220525E+000  0.499444125731781E+000 -0.131028262406404E+000 -0.131478382811011E+003 -0.131478382811011E+003
  0.396045307624917E+000  0.516852598424140E+000  0.631957037145585E+000  0.494900141065572E+000 -0.131028262406404E+000 -0.131478649861157E+003 -0.131478649861157E+003
  0.385816295622700E+000  0.502575944391582E+000  0.304721681158964E+000  0.493598179944148E+000 -0.131028262406404E+000 -0.131478429100242E+003 -0.131478429100242E+003
  0.395261117203433E+000  0.516067185760204E+000  0.346316123917472E+000  0.496607799154818E+000 -0.131028262406404E+000 -0.131477962599880E+003 -0.131477962599880E+003
  0.427574354478416E+000  0.510107191882940E+000  0.379926779520685E+000  0.498832085950904E+000 -0.131028262406404E+000 -0.131478836664262E+003 -0.131478836664262E+003
  0.382916864872512E+000  0.513988615455249E+000  0.461927498462445E+000  0.494744924039689E+000 -0.131028262406404E+000 -0.131478462436719E+003 -0.131478462436719E+003
  0.401962843175555E+000  0.501557873692641E+000  0.205339242464373E-001  0.493406460574658E+000 -0.131028262406404E+000 -0.131478627417554E+003 -0.131478627417554E+003
  0.384968400537288E+000  0.533896866138505E+000  0.325320940110855E+000  0.499326140493559E+000 -0.131028262406404E+000 -0.131477622486292E+003 -0.131477622486292E+003
  0.369847846562609E+000  0.525683997750649E+000  0.848416423437431E+000  0.498945022898334E+000 -0.131028262406404E+000 -0.131477603182029E+003 -0.131477603182029E+003
  0.398818127946508E+000  0.511200287954265E+000  0.154254658554965E+000  0.496266972473377E+000 -0.131028262406404E+000 -0.131477949643665E+003 -0.131477949643665E+003
  0.402628699017194E+000  0.537632779133699E+000  0.751767056934962E-001  0.498229508779507E+000 -0.131028262406404E+000 -0.131478861301494E+003 -0.131478861301494E+003
  0.359147624161389E+000  0.515500057542805E+000  0.249396138621650E+000  0.497933606067249E+000 -0.131028262406404E+000 -0.131478230830586E+003 -0.131478230830586E+003
  0.384607144968648E+000  0.546473425963077E+000  0.350689426459455E+000  0.498284908784975E+000 -0.131028262406404E+000 -0.131478647459855E+003 -0.131478647459855E+003
  0.360414899853822E+000  0.503862584103538E+000  0.632249893913630E+000  0.499101750776490E+000 -0.131028262406404E+000 -0.131477467736678E+003 -0.131477467736678E+003
  0.407591170366411E+000  0.500470306727897E+000  0.143188086129691E-001  0.494557499729809E+000 -0.131028262406404E+000 -0.131478364321469E+003 -0.131478364321469E+003
  0.380872889478327E+000  0.528965378863677E+000  0.207458634635107E+000  0.498121382756185E+000 -0.131028262406404E+000 -0.131477834161140E+003 -0.131477834161140E+003
  0.415839950650678E+000  0.511345247373535E+000  0.187084496084902E+000  0.496358886296133E+000 -0.131028262406404E+000 -0.131478793458547E+003 -0.131478793458547E+003
  0.377500413448329E+000  0.530801400602659E+000  0.244473998485872E+000  0.496983090872360E+000 -0.131028262406404E+000 -0.131478361678028E+003 -0.131478361678028E+003
  0.388015905821443E+000  0.501938291887507E+000  0.732428209059158E+000  0.497448022387102E+000 -0.131028262406404E+000 -0.131476985849129E+003 -0.131476985849129E+003
  0.387207581729318E+000  0.537281975436712E+000  0.517642019311918E-001  0.496458457705978E+000 -0.131028262406404E+000 -0.131478900397305E+003 -0.131478900397305E+003
  0.363715638889319E+000  0.558071698693325E+000  0.257163987847788E+000  0.499576081294323E+000 -0.131028262406404E+000 -0.131478814904192E+003 -0.131478814904192E+003
  0.404204275847789E+000  0.516205361653658E+000  0.888932398575174E+000  0.495423749439646E+000 -0.131028262406404E+000 -0.131478722865522E+003 -0.131478722865522E+003
  0.392749539216635E+000  0.514335226630172E+000  0.755596862829982E+000  0.498513419377080E+000 -0.131028262406404E+000 -0.131477127054008E+003 -0.131477127054008E+003
  0.359124740912540E+000  0.526196112118157E+000  0.481115836464392E+000  0.499917578341742E+000 -0.131028262406404E+000 -0.131477762699347E+003 -0.131477762699347E+003
  0.393691662013499E+000  0.507146381914314E+000  0.658696324848318E+000  0.493265537998761E+000 -0.131028262406404E+000 -0.131478751027965E+003 -0.131478751027965E+003
  0.387754722140421E+000  0.530247591243335E+000  0.464443427262034E+000  0.495762571592252E+000 -0.131028262406404E+000 -0.131478815439908E+003 -0.131478815439908E+003
  0.356641935762610E+000  0.530571173102992E+000  0.246514729636952E+000  0.499875144262416E+000 -0.131028262406404E+000 -0.131478053916129E+003 -0.131478053916129E+003
  0.383975879996454E+000  0.505413749072608E+000  0.669511453351739E+000  0.494494009076102E+000 -0.131028262406404E+000 -0.131478223237410E+003 -0.131478223237410E+003
  0.410464261716401E+000  0.503614051210936E+000  0.277637237064184E+000  0.497766540707403E+000 -0.131028262406404E+000 -0.131477501185134E+003 -0.131477501185134E+003
  0.389991778446654E+000  0.505462829613185E+000  0.502874574061976E+000  0.497406912921216E+000 -0.131028262406404E+000 -0.131477133725103E+003 -0.131477133725103E+003
  0.368954289222515E+000  0.526485016757617E+000  0.222390962178987E+000  0.496483125100102E+000 -0.131028262406404E+000 -0.131478581469402E+003 -0.131478581469402E+003
  0.416398839198762E+000  0.509566333735008E+000  0.148452227580715E+000  0.498576724572395E+000 -0.131028262406404E+000 -0.131477918250429E+003 -0.131477918250429E+003
  0.372915942338550E+000  0.537035773985532E+000  0.321916249541213E+000  0.498062415661816E+000 -0.131028262406404E+000 -0.131478281863473E+003 -0.131478281863473E+003
  0.387791602184445E+000  0.527639682320213E+000  0.951231614294778E+000  0.499663039101383E+000 -0.131028262406404E+000 -0.131477234136313E+003 -0.131477234136313E+003
  0.399385605505374E+000  0.539095354977454E+000  0.284373633888735E+000  0.498820704949089E+000 -0.131028262406404E+000 -0.131478549803448E+003 -0.131478549803448E+003
  0.365671047859954E+000  0.533621210575731E+000  0.599452977375579E+000  0.498686753854698E+000 -0.131028262406404E+000 -0.131478125797163E+003 -0.131478125797163E+003
  0.386372401551756E+000  0.546185143393651E+000  0.438179348435696E+000  0.498357807858228E+000 -0.131028262406404E+000 -0.131478641622727E+003 -0.131478641622727E+003
  0.382996241733732E+000  0.536983235046281E+000  0.712271437011279E+000  0.497705840831792E+000 -0.131028262406404E+000 -0.131478361238097E+003 -0.131478361238097E+003
  0.379510451186961E+000  0.503250156016491E+000  0.608875012382770E+000  0.493128746955473E+000 -0.131028262406404E+000 -0.131478727943081E+003 -0.131478727943081E+003
  0.383958608973791E+000  0.513411080089855E+000  0.156762756499591E+000  0.493694187028855E+000 -0.131028262406404E+000 -0.131478818872291E+003 -0.131478818872291E+003
  0.390760750008081E+000  0.513267710452271E+000  0.573399176344316E-001  0.495477592150617E+000 -0.131028262406404E+000 -0.131478171971647E+003 -0.131478171971647E+003
  0.370947567699076E+000  0.502457111078555E+000  0.971302308477176E+000  0.499457936156513E+000 -0.131028262406404E+000 -0.131476688515655E+003 -0.131476688515655E+003
  0.387681423515420E+000  0.500448903369702E+000  0.577652029052161E+000  0.499226075923414E+000 -0.131028262406404E+000 -0.131476283803093E+003 -0.131476283803093E+003
  0.371918346021579E+000  0.534845219793495E+000  0.376321047644024E+000  0.496235777487857E+000 -0.131028262406404E+000 -0.131478899613846E+003 -0.131478899613846E+003
  0.380982581643062E+000  0.541785194391637E+000  0.154898123876122E+000  0.499499008283402E+000 -0.131028262406404E+000 -0.131477903764522E+003 -0.131477903764522E+003
  0.406607627777005E+000  0.518155758545369E+000  0.865406293706654E+000  0.498441581858851E+000 -0.131028262406404E+000 -0.131477843956196E+003 -0.131477843956196E+003
  0.396755254913722E+000  0.503852782566540E+000  0.558375034252791E+000  0.493757685742028E+000 -0.131028262406404E+000 -0.131478476665144E+003 -0.131478476665144E+003
  0.357858950722883E+000  0.545131145661702E+000  0.722783724304397E-001  0.499993913999746E+000 -0.131028262406404E+000 -0.131478386912708E+003 -0.131478386912708E+003
  0.379993405113822E+000  0.542618582575737E+000  0.194629578720021E+000  0.497528489258927E+000 -0.131028262406404E+000 -0.131478683310101E+003 -0.131478683310101E+003
  0.411429068341988E+000  0.520555766844769E+000  0.499840653801197E+000  0.497144242110962E+000 -0.131028262406404E+000 -0.131478761584727E+003 -0.131478761584727E+003
  0.359337640653287E+000  0.507972549452068E+000  0.820384165732497E+000  0.499212161082590E+000 -0.131028262406404E+000 -0.131477583474201E+003 -0.131477583474201E+003
  0.372306979629503E+000  0.511237450621984E+000  0.855005305447842E+000  0.495082100828332E+000 -0.131028262406404E+000 -0.131478483418487E+003 -0.131478483418487E+003
  0.415461410193379E+000  0.526077683285133E+000  0.470007718437548E+000  0.498501476255451E+000 -0.131028262406404E+000 -0.131478926295072E+003 -0.131478926295072E+003
  0.352352450928230E+000  0.509753189468065E+000  0.973534703616568E+000  0.497585439964494E+000 -0.131028262406404E+000 -0.131478772194903E+003 -0.131478772194903E+003
  0.376592606691221E+000  0.550070702300041E+000  0.139680206698891E+000  0.498997060606228E+000 -0.131028262406404E+000 -0.131478484914171E+003 -0.131478484914171E+003
  0.370929325472689E+000  0.520761708192342E+000  0.157017498984083E+000  0.498231681215674E+000 -0.131028262406404E+000 -0.131477668167517E+003 -0.131477668167517E+003
  0.390537772770905E+000  0.526089067465953E+000  0.838501303878581E-001  0.495644786132140E+000 -0.131028262406404E+000 -0.131478702853630E+003 -0.131478702853630E+003
  0.405840374487044E+000  0.540964802563338E+000  0.480602646203193E+000  0.499879076389885E+000 -0.131028262406404E+000 -0.131478669667175E+003 -0.131478669667175E+003
  0.365776770069119E+000  0.515882818143394E+000  0.947938824745783E+000  0.498143664852709E+000 -0.131028262406404E+000 -0.131477771956750E+003 -0.131477771956750E+003
  0.367083283716384E+000  0.513159758197058E+000  0.805488835248415E+000  0.499482663767338E+000 -0.131028262406404E+000 -0.131477136993169E+003 -0.131477136993169E+003
  0.411782868619312E+000  0.512946592553334E+000  0.844211766726103E+000  0.499957036730816E+000 -0.131028262406404E+000 -0.131477296094592E+003 -0.131477296094592E+003
  0.387516285652635E+000  0.530296105996640E+000  0.172657974584619E+000  0.499157321263029E+000 -0.131028262406404E+000 -0.131477545901744E+003 -0.131477545901744E+003
  0.389389613152692E+000  0.525621959745138E+000  0.518605991628147E+000  0.498752285542082E+000 -0.131028262406404E+000 -0.131477503235211E+003 -0.131477503235211E+003
  0.405616568040537E+000  0.505534541542733E+000  0.149332259570806E+000  0.498521831959951E+000 -0.131028262406404E+000 -0.131477091402344E+003 -0.131477091402344E+003
  0.345907159804923E+000  0.501204552925628E+000  0.598406713954571E+000  0.499573252470275E+000 -0.131028262406404E+000 -0.131478569543936E+003 -0.131478569543936E+003
  0.379354433525530E+000  0.505810429013307E+000  0.623698159449840E+000  0.496588794296607E+000 -0.131028262406404E+000 -0.131477548444890E+003 -0.131477548444890E+003
  0.402595208592938E+000  0.508283863712469E+000  0.921589009008813E+000  0.496322905980015E+000 -0.131028262406404E+000 -0.131477911972549E+003 -0.131477911972549E+003
  0.401175340582384E+000  0.509011322770821E+000  0.159984461075525E+000  0.499122971768713E+000 -0.131028262406404E+000 -0.131476870658403E+003 -0.131476870658403E+003
  0.371997737552715E+000  0.502070002192454E+000  0.333815525755239E+000  0.496527066801711E+000 -0.131028262406404E+000 -0.131477705689144E+003 -0.131477705689144E+003
  0.404363909405918E+000  0.501681699761111E+000  0.934227001118314E+000  0.493769012088116E+000 -0.131028262406404E+000 -0.131478581525964E+003 -0.131478581525964E+003
  0.395009593030150E+000  0.526615418854240E+000  0.428401816677954E+000  0.495856304949089E+000 -0.131028262406404E+000 -0.131478763972563E+003 -0.131478763972563E+003
  0.364836937017456E+000  0.511861107827933E+000  0.462719061483205E+000  0.498047193471345E+000 -0.131028262406404E+000 -0.131477751460533E+003 -0.131477751460533E+003
  0.391594742094391E+000  0.539307187200751E+000  0.177459696863476E+000  0.497649179890977E+000 -0.131028262406404E+000 -0.131478673784239E+003 -0.131478673784239E+003
  0.392117877377999E+000  0.520360900074762E+000  0.529645712287770E-001  0.499187690836163E+000 -0.131028262406404E+000 -0.131477142003009E+003 -0.131477142003009E+003
  0.365615482003100E+000  0.557767060085794E+000  0.377677073351717E+000  0.499237109951314E+000 -0.131028262406404E+000 -0.131478881884643E+003 -0.131478881884643E+003
  0.371362597199524E+000  0.503874038074454E+000  0.162092161840551E+000  0.497106686775088E+000 -0.131028262406404E+000 -0.131477568376885E+003 -0.131477568376885E+003
  0.380492781459333E+000  0.529119673136175E+000  0.936261795360398E+000  0.495478201326743E+000 -0.131028262406404E+000 -0.131478829619734E+003 -0.131478829619734E+003
  0.389750707390393E+000  0.547753153863264E+000  0.532454565509070E+000  0.499433469071825E+000 -0.131028262406404E+000 -0.131478419222707E+003 -0.131478419222707E+003
  0.407860221136846E+000  0.508053480619152E+000  0.919223924951281E+000  0.496497500375316E+000 -0.131028262406404E+000 -0.131478065414880E+003 -0.131478065414880E+003
  0.399038800010580E+000  0.519848584003750E+000  0.287938039055131E+000  0.495935244728938E+000 -0.131028262406404E+000 -0.131478515187575E+003 -0.131478515187575E+003
  0.409522595287093E+000  0.505273873601659E+000  0.347045679895754E+000  0.494523377740006E+000 -0.131028262406404E+000 -0.131478719052174E+003 -0.131478719052174E+003
  0.360821406724828E+000  0.537517120781818E+000  0.971458102641237E-002  0.498658733035483E+000 -0.131028262406404E+000 -0.131478484125078E+003 -0.131478484125078E+003
  0.387654922613581E+000  0.551633118929415E+000  0.603994424729193E+000  0.499880252939853E+000 -0.131028262406404E+000 -0.131478406348423E+003 -0.131478406348423E+003
  0.358466843890432E+000  0.500869338277686E+000  0.634106625240769E+000  0.496215130477079E+000 -0.131028262406404E+000 -0.131478614504088E+003 -0.131478614504088E+003
  0.375059346644356E+000  0.520338030904048E+000  0.137480643863677E+000  0.494611327541553E+000 -0.131028262406404E+000 -0.131478878060040E+003 -0.131478878060040E+003
  0.402750870862742E+000  0.510224932730703E+000  0.506983316959307E+000  0.496051453181568E+000 -0.131028262406404E+000 -0.131478114822651E+003 -0.131478114822651E+003
  0.374604389853415E+000  0.516680993076923E+000  0.910315511553601E+000  0.497884746297592E+000 -0.131028262406404E+000 -0.131477548225581E+003 -0.131477548225581E+003
  0.383478445043144E+000  0.537973387770041E+000  0.704497286383108E+000  0.498480796643951E+000 -0.131028262406404E+000 -0.131478122175782E+003 -0.131478122175782E+003
  0.416280457054186E+000  0.519666351308784E+000  0.190001996682478E+000  0.497737855253850E+000 -0.131028262406404E+000 -0.131478849031032E+003 -0.131478849031032E+003
  0.372052908957135E+000  0.545429662624828E+000  0.323721054640872E+000  0.499347296988841E+000 -0.131028262406404E+000 -0.131478168124190E+003 -0.131478168124190E+003
  0.390381873623441E+000  0.515938481577854E+000  0.553145266175007E+000  0.499766150278728E+000 -0.131028262406404E+000 -0.131476699728743E+003 -0.131476699728743E+003
  0.363850493445249E+000  0.521109939340201E+000  0.105233355557811E+000  0.498425627479120E+000 -0.131028262406404E+000 -0.131477911780347E+003 -0.131477911780347E+003
  0.362147896364565E+000  0.504191109466802E+000  0.463561571582486E-001  0.495354382447729E+000 -0.131028262406404E+000 -0.131478727144016E+003 -0.131478727144016E+003
  0.371908046930619E+000  0.516208955490741E+000  0.240794849883626E+000  0.497467918531518E+000 -0.131028262406404E+000 -0.131477771268987E+003 -0.131477771268987E+003
  0.377105018844220E+000  0.509909108131112E+000  0.487029121296844E-001  0.498262007848679E+000 -0.131028262406404E+000 -0.131477119412635E+003 -0.131477119412635E+003
