  0.176952428717619E+001  0.176495172452767E+001  0.677437359705990E+000  0.482268369574175E+000 -0.131028262406404E+000 -0.136425585306628E+003 -0.136425585306628E+003
  0.175740116372854E+001  0.176996885430520E+001  0.668258226698120E+000  0.484575389711047E+000 -0.131028262406404E+000 -0.136425535963291E+003 -0.136425535963291E+003
  0.175508555693906E+001  0.176838202709156E+001  0.676161914601686E+000  0.483701390964990E+000 -0.131028262406404E+000 -0.136425551177047E+003 -0.136425551177047E+003
  0.175546207026993E+001  0.175900259112161E+001  0.678002193982214E+000  0.484962008628521E+000 -0.131028262406404E+000 -0.136425553469164E+003 -0.136425553469164E+003
  0.176406695709602E+001  0.176461145995527E+001  0.624891798545643E+000  0.484227516037745E+000 -0.131028262406404E+000 -0.136425559237363E+003 -0.136425559237363E+003
  0.176637434235527E+001  0.176322047089367E+001  0.653755494754142E+000  0.483312461118325E+000 -0.131028262406404E+000 -0.136425583210755E+003 -0.136425583210755E+003
  0.175692638879151E+001  0.176851640741605E+001  0.628042874745474E+000  0.484616956296842E+000 -0.131028262406404E+000 -0.136425512614169E+003 -0.136425512614169E+003
  0.175661805093725E+001  0.175939293397331E+001  0.657137645339509E+000  0.484556133024290E+000 -0.131028262406404E+000 -0.136425550141494E+003 -0.136425550141494E+003
  0.176275107505959E+001  0.177154102841830E+001  0.670453936359876E+000  0.484253062943978E+000 -0.131028262406404E+000 -0.136425580667156E+003 -0.136425580667156E+003
  0.175862507647503E+001  0.176333409700752E+001  0.702643149645620E+000  0.485054127635273E+000 -0.131028262406404E+000 -0.136425511052321E+003 -0.136425511052321E+003
  0.175842707903805E+001  0.177096842871513E+001  0.653280444465123E+000  0.484041154941313E+000 -0.131028262406404E+000 -0.136425547584132E+003 -0.136425547584132E+003
  0.176392159852594E+001  0.176914113381659E+001  0.644142657938327E+000  0.484564875830973E+000 -0.131028262406404E+000 -0.136425584476044E+003 -0.136425584476044E+003
  0.174864629331257E+001  0.176383706440935E+001  0.698941779801503E+000  0.485906158669495E+000 -0.131028262406404E+000 -0.136425548553626E+003 -0.136425548553626E+003
  0.175643807159347E+001  0.175868830658556E+001  0.675586420891059E+000  0.484483739845556E+000 -0.131028262406404E+000 -0.136425567803081E+003 -0.136425567803081E+003
  0.177169048955841E+001  0.176754052066934E+001  0.656719576302449E+000  0.480138455678714E+000 -0.131028262406404E+000 -0.136425557082582E+003 -0.136425557082582E+003
  0.176106922663738E+001  0.176743222682185E+001  0.627387057504190E+000  0.481894909719561E+000 -0.131028262406404E+000 -0.136425527324724E+003 -0.136425527324724E+003
  0.176261919682390E+001  0.176717224593582E+001  0.647759365358373E+000  0.481067867368551E+000 -0.131028262406404E+000 -0.136425554430742E+003 -0.136425554430742E+003
  0.176015643271855E+001  0.176894613777914E+001  0.695800179296499E+000  0.481853793460196E+000 -0.131028262406404E+000 -0.136425555930283E+003 -0.136425555930283E+003
  0.174933730456746E+001  0.176482193797990E+001  0.714040113882679E+000  0.488278685634529E+000 -0.131028262406404E+000 -0.136425587286863E+003 -0.136425587286863E+003
  0.176985975363546E+001  0.177237233131974E+001  0.687431259587851E+000  0.480473480743792E+000 -0.131028262406404E+000 -0.136425555655239E+003 -0.136425555655239E+003
  0.175170309066465E+001  0.176632619101477E+001  0.684200215786329E+000  0.484944242784187E+000 -0.131028262406404E+000 -0.136425541754350E+003 -0.136425541754350E+003
  0.175108374855136E+001  0.176100122152689E+001  0.698079871591945E+000  0.484686243248890E+000 -0.131028262406404E+000 -0.136425565960153E+003 -0.136425565960153E+003
  0.175934050649938E+001  0.176504068867728E+001  0.632767617907481E+000  0.484503407972514E+000 -0.131028262406404E+000 -0.136425492886790E+003 -0.136425492886790E+003
  0.175756454729024E+001  0.175924329294164E+001  0.695652535238531E+000  0.483454904854374E+000 -0.131028262406404E+000 -0.136425579462490E+003 -0.136425579462490E+003
  0.176686786280600E+001  0.177389665015923E+001  0.660382950877735E+000  0.481877322310157E+000 -0.131028262406404E+000 -0.136425580209635E+003 -0.136425580209635E+003
  0.176499821346392E+001  0.177056136661131E+001  0.662874318236066E+000  0.481552605140065E+000 -0.131028262406404E+000 -0.136425524657570E+003 -0.136425524657570E+003
  0.176738770191561E+001  0.176686883735492E+001  0.647560983201721E+000  0.480075502844477E+000 -0.131028262406404E+000 -0.136425561501629E+003 -0.136425561501629E+003
  0.175667428109191E+001  0.176272833985305E+001  0.706159975340818E+000  0.484530762059126E+000 -0.131028262406404E+000 -0.136425496480952E+003 -0.136425496480952E+003
  0.175764571760969E+001  0.176715310055930E+001  0.625101287365959E+000  0.483117868078424E+000 -0.131028262406404E+000 -0.136425517472202E+003 -0.136425517472202E+003
  0.177141679899822E+001  0.177093496254434E+001  0.658448421493919E+000  0.481140785356153E+000 -0.131028262406404E+000 -0.136425559103296E+003 -0.136425559103296E+003
  0.176489167982333E+001  0.176992125346876E+001  0.656603432015434E+000  0.481570770781984E+000 -0.131028262406404E+000 -0.136425517942361E+003 -0.136425517942361E+003
  0.176376523555498E+001  0.176271182888954E+001  0.675715228862774E+000  0.483212547321401E+000 -0.131028262406404E+000 -0.136425536734580E+003 -0.136425536734580E+003
  0.176664975288570E+001  0.176588599304389E+001  0.634317474509817E+000  0.479797059089655E+000 -0.131028262406404E+000 -0.136425597376813E+003 -0.136425597376813E+003
  0.176209609657892E+001  0.176265379307752E+001  0.710924570225561E+000  0.482488980232599E+000 -0.131028262406404E+000 -0.136425528426556E+003 -0.136425528426556E+003
  0.175953070448412E+001  0.175907018806634E+001  0.696362475617161E+000  0.484640598891299E+000 -0.131028262406404E+000 -0.136425585746081E+003 -0.136425585746081E+003
  0.176118236132268E+001  0.176222238742092E+001  0.694186710461351E+000  0.484159057805491E+000 -0.131028262406404E+000 -0.136425529796880E+003 -0.136425529796880E+003
