  0.175682753842178E+001  0.176219483805214E+001  0.187203019028971E+000  0.482633517707169E+000 -0.131028262406404E+000 -0.136425577986603E+003 -0.136425577986603E+003
  0.174738343358792E+001  0.176388290434899E+001  0.184453393147626E+000  0.487225491010532E+000 -0.131028262406404E+000 -0.136425547718201E+003 -0.136425547718201E+003
  0.176847294851761E+001  0.176523619242689E+001  0.317127790563439E+000  0.482314215323682E+000 -0.131028262406404E+000 -0.136425558600929E+003 -0.136425558600929E+003
  0.175714482085497E+001  0.175845180411149E+001  0.272341548026492E+000  0.485746087656514E+000 -0.131028262406404E+000 -0.136425599007500E+003 -0.136425599007500E+003
  0.176359767393784E+001  0.176362497334932E+001  0.234279492792261E+000  0.484250134494866E+000 -0.131028262406404E+000 -0.136425559716572E+003 -0.136425559716572E+003
  0.175988220248013E+001  0.176641572800308E+001  0.207060304309360E+000  0.483711321166100E+000 -0.131028262406404E+000 -0.136425484786626E+003 -0.136425484786626E+003
  0.176295268717410E+001  0.176484160329448E+001  0.152507328280246E+000  0.481498687776385E+000 -0.131028262406404E+000 -0.136425535092591E+003 -0.136425535092591E+003
  0.176363963719559E+001  0.176194608476513E+001  0.189027397491040E+000  0.482378685753112E+000 -0.131028262406404E+000 -0.136425548965891E+003 -0.136425548965891E+003
  0.177190523310446E+001  0.176880820214368E+001  0.275161473352359E+000  0.479696867773938E+000 -0.131028262406404E+000 -0.136425558779689E+003 -0.136425558779689E+003
  0.176156045359031E+001  0.176959746672682E+001  0.152250081961943E+000  0.485167612450215E+000 -0.131028262406404E+000 -0.136425588389748E+003 -0.136425588389748E+003
  0.177047174671773E+001  0.177223602450154E+001  0.313133075560867E+000  0.481379086637881E+000 -0.131028262406404E+000 -0.136425565652686E+003 -0.136425565652686E+003
  0.177416734559140E+001  0.176854740126318E+001  0.358758352561895E+000  0.480177290538965E+000 -0.131028262406404E+000 -0.136425584146847E+003 -0.136425584146847E+003
  0.176034122352062E+001  0.176245316891938E+001  0.203041359230556E+000  0.482232034570622E+000 -0.131028262406404E+000 -0.136425550364852E+003 -0.136425550364852E+003
  0.175436569805976E+001  0.176010280551378E+001  0.135270797614606E+000  0.483580230979141E+000 -0.131028262406404E+000 -0.136425588663739E+003 -0.136425588663739E+003
  0.176499249534997E+001  0.176817465842829E+001  0.256013375045699E+000  0.484388397413174E+000 -0.131028262406404E+000 -0.136425588721238E+003 -0.136425588721238E+003
  0.175559069101968E+001  0.176599073761299E+001  0.192336362978201E+000  0.483057900161999E+000 -0.131028262406404E+000 -0.136425554595283E+003 -0.136425554595283E+003
  0.175423730361170E+001  0.176916211585491E+001  0.215776849662821E+000  0.484132643885456E+000 -0.131028262406404E+000 -0.136425564180199E+003 -0.136425564180199E+003
  0.175054379548173E+001  0.176297420213904E+001  0.147783962858342E+000  0.485156800829975E+000 -0.131028262406404E+000 -0.136425539775349E+003 -0.136425539775349E+003
  0.174866594905850E+001  0.176063133632877E+001  0.224187905998524E+000  0.485743048041565E+000 -0.131028262406404E+000 -0.136425561577405E+003 -0.136425561577405E+003
  0.175219883755068E+001  0.175848720051111E+001  0.169845263286369E+000  0.485849739080452E+000 -0.131028262406404E+000 -0.136425557375636E+003 -0.136425557375636E+003
  0.176790662838260E+001  0.176930963016232E+001  0.266417196874751E+000  0.482016069430944E+000 -0.131028262406404E+000 -0.136425523965393E+003 -0.136425523965393E+003
  0.175180216953350E+001  0.176140063934115E+001  0.216150102716860E+000  0.484483934231998E+000 -0.131028262406404E+000 -0.136425559477027E+003 -0.136425559477027E+003
  0.176105044224188E+001  0.176366006185256E+001  0.346002891531914E+000  0.481968797720936E+000 -0.131028262406404E+000 -0.136425540665994E+003 -0.136425540665994E+003
  0.176617820103719E+001  0.177159912205078E+001  0.143290505842122E+000  0.482430552860546E+000 -0.131028262406404E+000 -0.136425540649664E+003 -0.136425540649664E+003
  0.176921242495602E+001  0.176579210320753E+001  0.350913534414029E+000  0.479702658101821E+000 -0.131028262406404E+000 -0.136425584126385E+003 -0.136425584126385E+003
  0.177061364902096E+001  0.176751760897459E+001  0.325117934908553E+000  0.481921432260162E+000 -0.131028262406404E+000 -0.136425570220495E+003 -0.136425570220495E+003
  0.175570384243651E+001  0.176878744788996E+001  0.141520641210822E+000  0.483501072544124E+000 -0.131028262406404E+000 -0.136425553858530E+003 -0.136425553858530E+003
  0.176280706381069E+001  0.176733452856058E+001  0.256921065343902E+000  0.483306453292280E+000 -0.131028262406404E+000 -0.136425494133780E+003 -0.136425494133780E+003
  0.176046038051778E+001  0.176444445703071E+001  0.254943440786758E+000  0.481822678239803E+000 -0.131028262406404E+000 -0.136425548993526E+003 -0.136425548993526E+003
  0.176240757387882E+001  0.176395797083656E+001  0.235023682362683E+000  0.482002716404285E+000 -0.131028262406404E+000 -0.136425524923763E+003 -0.136425524923763E+003
  0.176677702969570E+001  0.176771471425789E+001  0.175953313167218E+000  0.481132480800220E+000 -0.131028262406404E+000 -0.136425515504081E+003 -0.136425515504081E+003
  0.176633679396797E+001  0.176978824622058E+001  0.134312169801635E+000  0.483008219655875E+000 -0.131028262406404E+000 -0.136425539761988E+003 -0.136425539761988E+003
  0.175898311244961E+001  0.175915562173391E+001  0.294130717861651E+000  0.483795652438329E+000 -0.131028262406404E+000 -0.136425572554622E+003 -0.136425572554622E+003
  0.174354997865947E+001  0.176172913491617E+001  0.292213161388866E+000  0.487619370944384E+000 -0.131028262406404E+000 -0.136425594018962E+003 -0.136425594018962E+003
  0.176661748349923E+001  0.176778909202836E+001  0.129875724182789E+000  0.479633176835789E+000 -0.131028262406404E+000 -0.136425597935982E+003 -0.136425597935982E+003
  0.174793961862481E+001  0.176283955072965E+001  0.296953898126461E+000  0.488265495622136E+000 -0.131028262406404E+000 -0.136425564951371E+003 -0.136425564951371E+003
  0.176045474364795E+001  0.176942022770252E+001  0.257434391681693E+000  0.485049009974101E+000 -0.131028262406404E+000 -0.136425558874109E+003 -0.136425558874109E+003
  0.174657968375926E+001  0.176047359730245E+001  0.175979630015049E+000  0.486359562453944E+000 -0.131028262406404E+000 -0.136425576597617E+003 -0.136425576597617E+003
  0.175291318865775E+001  0.176892119188082E+001  0.154465547485048E+000  0.484551256478095E+000 -0.131028262406404E+000 -0.136425571858326E+003 -0.136425571858326E+003
  0.175602972729268E+001  0.176725708350731E+001  0.167148363102364E+000  0.483472051506915E+000 -0.131028262406404E+000 -0.136425529707701E+003 -0.136425529707701E+003
  0.175774984985056E+001  0.175875940143607E+001  0.290209490074818E+000  0.485077550099841E+000 -0.131028262406404E+000 -0.136425578761316E+003 -0.136425578761316E+003
  0.175803502348732E+001  0.177180091900624E+001  0.337966609208135E+000  0.483580324488384E+000 -0.131028262406404E+000 -0.136425574653341E+003 -0.136425574653341E+003
  0.174891631081406E+001  0.175981829941407E+001  0.143252078907480E+000  0.485328954660758E+000 -0.131028262406404E+000 -0.136425586881708E+003 -0.136425586881708E+003
  0.174770926695828E+001  0.176633953061207E+001  0.342421833221282E+000  0.486450009939710E+000 -0.131028262406404E+000 -0.136425579476659E+003 -0.136425579476659E+003
  0.175887448394668E+001  0.176142883581245E+001  0.143854571837545E+000  0.484557028250548E+000 -0.131028262406404E+000 -0.136425523832712E+003 -0.136425523832712E+003
  0.175171547092175E+001  0.176788374182850E+001  0.209863840210015E+000  0.487318512347081E+000 -0.131028262406404E+000 -0.136425590198495E+003 -0.136425590198495E+003
  0.174989806290381E+001  0.175850136446790E+001  0.153582654990054E+000  0.486283633694223E+000 -0.131028262406404E+000 -0.136425560664424E+003 -0.136425560664424E+003
  0.176603055662197E+001  0.176578889208722E+001  0.199220767890921E+000  0.481426562617355E+000 -0.131028262406404E+000 -0.136425518293569E+003 -0.136425518293569E+003
  0.175238510599687E+001  0.176076816983735E+001  0.212894518782820E+000  0.486109798185318E+000 -0.131028262406404E+000 -0.136425520145323E+003 -0.136425520145323E+003
  0.175281671640330E+001  0.176399884771442E+001  0.328889127809353E+000  0.484090119528654E+000 -0.131028262406404E+000 -0.136425547717519E+003 -0.136425547717519E+003
  0.175539613951610E+001  0.175739792925585E+001  0.303485395202046E+000  0.485687202060392E+000 -0.131028262406404E+000 -0.136425600519590E+003 -0.136425600519590E+003
  0.175118214105033E+001  0.175743977849700E+001  0.295927887102052E+000  0.486374959366437E+000 -0.131028262406404E+000 -0.136425580118273E+003 -0.136425580118273E+003
  0.176563382587451E+001  0.177011740264133E+001  0.331507087291726E+000  0.481395578947135E+000 -0.131028262406404E+000 -0.136425520509288E+003 -0.136425520509288E+003
  0.174530260506934E+001  0.176205192204418E+001  0.340271929637698E+000  0.486707032253555E+000 -0.131028262406404E+000 -0.136425585558742E+003 -0.136425585558742E+003
  0.176960896308461E+001  0.177183441457039E+001  0.338806957909137E+000  0.481433352785588E+000 -0.131028262406404E+000 -0.136425551726798E+003 -0.136425551726798E+003
  0.176921962765182E+001  0.176901016968530E+001  0.252948456523415E+000  0.480821366731344E+000 -0.131028262406404E+000 -0.136425526184567E+003 -0.136425526184567E+003
  0.177071201285219E+001  0.176491496048305E+001  0.164503179329195E+000  0.479991466478107E+000 -0.131028262406404E+000 -0.136425587888286E+003 -0.136425587888286E+003
  0.175745032034225E+001  0.176502886084150E+001  0.298813418191132E+000  0.482023607370580E+000 -0.131028262406404E+000 -0.136425590966187E+003 -0.136425590966187E+003
  0.175569991095774E+001  0.176495200943526E+001  0.250020239182774E+000  0.486097424716759E+000 -0.131028262406404E+000 -0.136425518555978E+003 -0.136425518555978E+003
  0.175648183659367E+001  0.176568694523757E+001  0.235565657547223E+000  0.485072409146959E+000 -0.131028262406404E+000 -0.136425492168602E+003 -0.136425492168602E+003
  0.175095849704802E+001  0.176382058888078E+001  0.284002766777267E+000  0.487587333080996E+000 -0.131028262406404E+000 -0.136425549866188E+003 -0.136425549866188E+003
  0.176631695149289E+001  0.176490992646233E+001  0.218402247406373E+000  0.483414697910140E+000 -0.131028262406404E+000 -0.136425563283089E+003 -0.136425563283089E+003
  0.175893703105365E+001  0.176515753092167E+001  0.139809173152968E+000  0.484652826061955E+000 -0.131028262406404E+000 -0.136425493414754E+003 -0.136425493414754E+003
  0.176156156536162E+001  0.176542364412076E+001  0.172418732999554E+000  0.484753623215229E+000 -0.131028262406404E+000 -0.136425532175423E+003 -0.136425532175423E+003
  0.176419249364825E+001  0.176090845634336E+001  0.369380196766348E+000  0.482857764981267E+000 -0.131028262406404E+000 -0.136425577142787E+003 -0.136425577142787E+003
  0.174924444736516E+001  0.175902987730090E+001  0.193372539023587E+000  0.487540083200616E+000 -0.131028262406404E+000 -0.136425561949030E+003 -0.136425561949030E+003
  0.176186485451327E+001  0.176580623114923E+001  0.199615944398634E+000  0.483028620698628E+000 -0.131028262406404E+000 -0.136425488319177E+003 -0.136425488319177E+003
  0.175804176331954E+001  0.176622016974803E+001  0.240603322768209E+000  0.486341038838280E+000 -0.131028262406404E+000 -0.136425575886847E+003 -0.136425575886847E+003
  0.175919725804344E+001  0.176308895282444E+001  0.326653504256395E+000  0.483732850702530E+000 -0.131028262406404E+000 -0.136425498805342E+003 -0.136425498805342E+003
  0.174955702865143E+001  0.176560400998731E+001  0.269183114453947E+000  0.487473182054974E+000 -0.131028262406404E+000 -0.136425556653897E+003 -0.136425556653897E+003
  0.176093389771530E+001  0.176870931293277E+001  0.249285247739841E+000  0.485090852399336E+000 -0.131028262406404E+000 -0.136425558890248E+003 -0.136425558890248E+003
  0.175803933118039E+001  0.176635827727244E+001  0.287718387491057E+000  0.483446345979960E+000 -0.131028262406404E+000 -0.136425496722483E+003 -0.136425496722483E+003
