  0.276659360146812E+000  0.197856181734028E+001  0.198674372154152E+000  0.108716685789331E+000 -0.131028262406404E+000 -0.145834653928100E+003 -0.145834653928100E+003 -0.145834672522135E+003
  0.274065667333204E+000  0.199785405665869E+001  0.337170398666821E+000  0.108991379034964E+000 -0.131028262406404E+000 -0.145834641669197E+003 -0.145834641669197E+003 -0.145834661463107E+003
  0.272815377472678E+000  0.198478908969643E+001  0.124439536862448E+000  0.108720383574399E+000 -0.131028262406404E+000 -0.145834648519481E+003 -0.145834648519481E+003 -0.145834682841403E+003
  0.293568520692840E+000  0.198227646183459E+001  0.169268987294161E-001  0.101124990169994E+000 -0.131028262406404E+000 -0.145834642332958E+003 -0.145834642332958E+003 -0.145834708993639E+003
  0.278068967261158E+000  0.199090340239441E+001  0.357665362228097E+000  0.104330575823072E+000 -0.131028262406404E+000 -0.145834646150954E+003 -0.145834646150954E+003 -0.145834665133001E+003
  0.281912818248411E+000  0.197183261010846E+001  0.625513196809859E+000  0.104526579734997E+000 -0.131028262406404E+000 -0.145834651440135E+003 -0.145834651440135E+003 -0.145834664754067E+003
  0.274887322851304E+000  0.198986203043818E+001  0.423800041701630E-001  0.104714833933925E+000 -0.131028262406404E+000 -0.145834651298387E+003 -0.145834651298387E+003 -0.145834666651814E+003
  0.269626370650615E+000  0.199230898341566E+001  0.219622063100088E+000  0.106143690108563E+000 -0.131028262406404E+000 -0.145834655550880E+003 -0.145834655550880E+003 -0.145834675802242E+003
  0.281956049982773E+000  0.199781280352518E+001  0.112983774238421E+000  0.100780585281098E+000 -0.131028262406404E+000 -0.145834652964350E+003 -0.145834652964350E+003 -0.145834665169339E+003
  0.294767261527742E+000  0.197397258067569E+001  0.242252389803054E+000  0.102723954398655E+000 -0.131028262406404E+000 -0.145834653123711E+003 -0.145834653123711E+003 -0.145834673504255E+003
  0.293870520971358E+000  0.198506155548286E+001  0.278016704474319E+000  0.102324680478809E+000 -0.131028262406404E+000 -0.145834644246303E+003 -0.145834644246303E+003 -0.145834659868010E+003
  0.297972181192376E+000  0.198375791821053E+001  0.337419124299372E+000  0.102343149792544E+000 -0.131028262406404E+000 -0.145834651538189E+003 -0.145834651538189E+003 -0.145834661237648E+003
  0.288835479395741E+000  0.199442630829334E+001  0.142467636062315E+000  0.100814483990522E+000 -0.131028262406404E+000 -0.145834639477649E+003 -0.145834639477649E+003 -0.145834661463107E+003
  0.282924184639021E+000  0.198523907173294E+001  0.556036522567924E+000  0.100562413803066E+000 -0.131028262406404E+000 -0.145834657292342E+003 -0.145834657292342E+003 -0.145834688616562E+003
  0.285874521506829E+000  0.198955258094629E+001  0.159120049427540E+000  0.101862151868713E+000 -0.131028262406404E+000 -0.145834642773999E+003 -0.145834642773999E+003 -0.145834662261517E+003
  0.268266483528477E+000  0.198559143093351E+001  0.609917011901400E+000  0.112272343659561E+000 -0.131028262406404E+000 -0.145834653726159E+003 -0.145834653726159E+003 -0.145834684012466E+003
  0.263021153542107E+000  0.199806092525290E+001  0.624443470591068E+000  0.113071539553474E+000 -0.131028262406404E+000 -0.145834645045897E+003 -0.145834645045897E+003 -0.145834659227626E+003
  0.282532686817016E+000  0.199806196928395E+001  0.616598461345003E+000  0.107753694727718E+000 -0.131028262406404E+000 -0.145834646761741E+003 -0.145834646761741E+003 -0.145834679765194E+003
  0.237901538659096E+000  0.199925407405050E+001  0.274517842435565E-001  0.124754022352672E+000 -0.131028262406404E+000 -0.145834656667985E+003 -0.145834656667985E+003 -0.145834663050209E+003
  0.283316098109917E+000  0.197402673342254E+001  0.209184526298609E+000  0.101340130541092E+000 -0.131028262406404E+000 -0.145834656662356E+003 -0.145834656662356E+003 -0.145834666203384E+003
  0.257598511311185E+000  0.199424196483334E+001  0.562007932918280E+000  0.112999513038864E+000 -0.131028262406404E+000 -0.145834652094507E+003 -0.145834652094507E+003 -0.145834687080039E+003
  0.277528569088502E+000  0.198406416785416E+001  0.352082436607476E+000  0.103135915598026E+000 -0.131028262406404E+000 -0.145834656105990E+003 -0.145834656105990E+003 -0.145834713208002E+003
  0.267318907984793E+000  0.198876678005021E+001  0.441629708611277E+000  0.113295609456557E+000 -0.131028262406404E+000 -0.145834654662421E+003 -0.145834654662421E+003 -0.145834677062543E+003
  0.272450787219766E+000  0.197884701093857E+001  0.117915987177485E+000  0.109148120020690E+000 -0.131028262406404E+000 -0.145834652368609E+003 -0.145834652368609E+003 -0.145834759140015E+003
  0.285383695829837E+000  0.198086095955861E+001  0.363381939137869E-001  0.105657322649033E+000 -0.131028262406404E+000 -0.145834650424339E+003 -0.145834650424339E+003 -0.145834660488953E+003
  0.276605013415083E+000  0.199345300959767E+001  0.313044341211081E+000  0.110171681188163E+000 -0.131028262406404E+000 -0.145834651951125E+003 -0.145834651951125E+003 -0.145834661676434E+003
  0.288766315938217E+000  0.197661173126319E+001  0.642469746068776E-001  0.101427519870274E+000 -0.131028262406404E+000 -0.145834646767782E+003 -0.145834646767782E+003 -0.145834705816211E+003
  0.263340233523472E+000  0.199106097695486E+001  0.238737842849031E+000  0.113749998651962E+000 -0.131028262406404E+000 -0.145834650582538E+003 -0.145834650582538E+003 -0.145834710659990E+003
  0.282166699607617E+000  0.199711123861837E+001  0.288818926704953E-001  0.100574715796769E+000 -0.131028262406404E+000 -0.145834654190480E+003 -0.145834654190480E+003 -0.145834661236452E+003
  0.278630299812351E+000  0.199027695651030E+001  0.443953055015123E+000  0.102723778840968E+000 -0.131028262406404E+000 -0.145834652749282E+003 -0.145834652749282E+003 -0.145834680114767E+003
  0.288549550874689E+000  0.199653545904958E+001  0.180607793404589E+000  0.102894538285942E+000 -0.131028262406404E+000 -0.145834636778153E+003 -0.145834636778153E+003 -0.145834659775929E+003
  0.281033881579550E+000  0.199324744181585E+001  0.457408318187639E-001  0.103674508971910E+000 -0.131028262406404E+000 -0.145834642532630E+003 -0.145834642532630E+003 -0.145834663996503E+003
  0.273161080503728E+000  0.198298361294544E+001  0.300442106869909E+000  0.107961278858261E+000 -0.131028262406404E+000 -0.145834649177032E+003 -0.145834649177032E+003 -0.145834677392781E+003
  0.268740997785292E+000  0.198372247003862E+001  0.590799590950852E+000  0.110564210406884E+000 -0.131028262406404E+000 -0.145834651063077E+003 -0.145834651063077E+003 -0.145834680387898E+003
  0.288679044019681E+000  0.197278793684946E+001  0.118903526802671E+000  0.100383273762635E+000 -0.131028262406404E+000 -0.145834651102601E+003 -0.145834651102601E+003 -0.145834678872801E+003
  0.285606754911866E+000  0.199925615362698E+001  0.869489184067530E-001  0.101734859531192E+000 -0.131028262406404E+000 -0.145834638896329E+003 -0.145834638896329E+003 -0.145834679593780E+003
  0.269301225772516E+000  0.197124397033682E+001  0.191737030076262E+000  0.109490721650538E+000 -0.131028262406404E+000 -0.145834657494422E+003 -0.145834657494422E+003 -0.145834659408935E+003
  0.263337512967510E+000  0.197813035576214E+001  0.556131246335307E+000  0.112387921864014E+000 -0.131028262406404E+000 -0.145834656558242E+003 -0.145834656558242E+003 -0.145834676948276E+003
  0.287583846935220E+000  0.196665601120368E+001  0.940458982986193E-001  0.103162334798641E+000 -0.131028262406404E+000 -0.145834652244109E+003 -0.145834652244109E+003 -0.145834681062520E+003
  0.273577512989349E+000  0.198633567978304E+001  0.262781275704845E+000  0.105684895272332E+000 -0.131028262406404E+000 -0.145834651568363E+003 -0.145834651568363E+003 -0.145834662470940E+003
  0.258771538053085E+000  0.199585387306898E+001  0.523500118225382E+000  0.111955531365627E+000 -0.131028262406404E+000 -0.145834652320134E+003 -0.145834652320134E+003 -0.145834672629037E+003
  0.296653080840513E+000  0.199594366196439E+001  0.540102611380611E+000  0.104148129881723E+000 -0.131028262406404E+000 -0.145834656237596E+003 -0.145834656237596E+003 -0.145834694079891E+003
  0.304112395252909E+000  0.199941356206699E+001  0.254967281325991E+000  0.100712856864653E+000 -0.131028262406404E+000 -0.145834645101113E+003 -0.145834645101113E+003 -0.145834678947776E+003
  0.246811733179348E+000  0.199946209852956E+001  0.361652887376586E+000  0.122279261502373E+000 -0.131028262406404E+000 -0.145834654985136E+003 -0.145834654985136E+003 -0.145834668526260E+003
  0.290035620516625E+000  0.198786844243744E+001  0.287486239005724E+000  0.100961382801992E+000 -0.131028262406404E+000 -0.145834640958492E+003 -0.145834640958492E+003 -0.145834658908734E+003
  0.259949701051837E+000  0.199399039278857E+001  0.420979364358865E+000  0.113646391882256E+000 -0.131028262406404E+000 -0.145834648594904E+003 -0.145834648594904E+003 -0.145834669152857E+003
  0.268123432582278E+000  0.197638928102721E+001  0.245220989948806E+000  0.109816228450445E+000 -0.131028262406404E+000 -0.145834655188675E+003 -0.145834655188675E+003 -0.145834690595409E+003
  0.292184040367951E+000  0.197095425356366E+001  0.222756626144626E+000  0.101168498741249E+000 -0.131028262406404E+000 -0.145834647930676E+003 -0.145834647930676E+003 -0.145834672298971E+003
  0.280650753039960E+000  0.197497563658332E+001  0.103618988102233E+000  0.102834177922183E+000 -0.131028262406404E+000 -0.145834654910933E+003 -0.145834654910933E+003 -0.145834696841639E+003
  0.273886332795007E+000  0.197276114422825E+001  0.431457381048536E-003  0.106682226679810E+000 -0.131028262406404E+000 -0.145834655307296E+003 -0.145834655307296E+003 -0.145834660042390E+003
  0.297448863455766E+000  0.199225291302876E+001  0.336017135191039E+000  0.103233737151800E+000 -0.131028262406404E+000 -0.145834652487111E+003 -0.145834652487111E+003 -0.145834688067598E+003
  0.285617434743149E+000  0.196439343098952E+001  0.351158437868928E+000  0.105299382555289E+000 -0.131028262406404E+000 -0.145834658220026E+003 -0.145834658220026E+003 -0.145834708015669E+003
  0.284700291401157E+000  0.197562016182125E+001  0.606028894521501E+000  0.105224777750512E+000 -0.131028262406404E+000 -0.145834650975747E+003 -0.145834650975747E+003 -0.145834680656698E+003
  0.296744996152370E+000  0.195460096375634E+001  0.160227760951972E+000  0.100115340464272E+000 -0.131028262406404E+000 -0.145834654806522E+003 -0.145834654806522E+003 -0.145834661155958E+003
  0.289860734288660E+000  0.198667813275259E+001  0.627659558562092E+000  0.104366608351166E+000 -0.131028262406404E+000 -0.145834647379499E+003 -0.145834647379499E+003 -0.145834665884089E+003
  0.284916302410552E+000  0.199183526007319E+001  0.376379549830490E+000  0.105903513899901E+000 -0.131028262406404E+000 -0.145834644815576E+003 -0.145834644815576E+003 -0.145834713623394E+003
  0.281872588419765E+000  0.196416853634121E+001  0.402808015838601E+000  0.105762598317660E+000 -0.131028262406404E+000 -0.145834656908920E+003 -0.145834656908920E+003 -0.145834672600662E+003
  0.283596671515786E+000  0.196787581109809E+001  0.462401048359938E+000  0.105090771850488E+000 -0.131028262406404E+000 -0.145834654113974E+003 -0.145834654113974E+003 -0.145834664519277E+003
  0.265200461534988E+000  0.197871993643493E+001  0.624015987347713E+000  0.110956978592635E+000 -0.131028262406404E+000 -0.145834655312676E+003 -0.145834655312676E+003 -0.145834666651814E+003
  0.282813669127946E+000  0.199894604802341E+001  0.267701241803657E+000  0.103953000420912E+000 -0.131028262406404E+000 -0.145834637350834E+003 -0.145834637350834E+003 -0.145834661395545E+003
  0.296510334989878E+000  0.196391829797417E+001  0.600553479822864E+000  0.100852409882154E+000 -0.131028262406404E+000 -0.145834652060927E+003 -0.145834652060927E+003 -0.145834687665579E+003
  0.302729997732336E+000  0.196712898095522E+001  0.777016168630986E-001  0.100054812009198E+000 -0.131028262406404E+000 -0.145834654250109E+003 -0.145834654250109E+003 -0.145834684301936E+003
  0.260630438125476E+000  0.197807094675965E+001  0.257392723634387E+000  0.113646378465109E+000 -0.131028262406404E+000 -0.145834658027114E+003 -0.145834658027114E+003 -0.145834671619450E+003
  0.268746074017101E+000  0.197113700224836E+001  0.820973536530006E-001  0.109022709942496E+000 -0.131028262406404E+000 -0.145834658244350E+003 -0.145834658244350E+003 -0.145834690091220E+003
  0.290579897807323E+000  0.199532739483480E+001  0.630424490780499E+000  0.104285437592778E+000 -0.131028262406404E+000 -0.145834643376751E+003 -0.145834643376751E+003 -0.145834696656236E+003
  0.296489703422490E+000  0.199030127236865E+001  0.598025020580753E+000  0.103696704579593E+000 -0.131028262406404E+000 -0.145834654874391E+003 -0.145834654874391E+003 -0.145834671105510E+003
  0.235774951999151E+000  0.199944629155126E+001  0.402164765929286E+000  0.125398208318713E+000 -0.131028262406404E+000 -0.145834657892367E+003 -0.145834657892367E+003 -0.145834660488953E+003
  0.297774529073182E+000  0.197030540965319E+001  0.940000174776832E-001  0.101026517886391E+000 -0.131028262406404E+000 -0.145834650711641E+003 -0.145834650711641E+003 -0.145834693136476E+003
  0.283664371363557E+000  0.197963387644693E+001  0.243336762120036E+000  0.103481212943472E+000 -0.131028262406404E+000 -0.145834646962632E+003 -0.145834646962632E+003 -0.145834659775929E+003
  0.281307692077757E+000  0.199527210996108E+001  0.396458908331656E+000  0.105787754066529E+000 -0.131028262406404E+000 -0.145834639991144E+003 -0.145834639991144E+003 -0.145834664517579E+003
  0.299627805208538E+000  0.199936959579798E+001  0.637358183162396E-001  0.102537626144523E+000 -0.131028262406404E+000 -0.145834648574578E+003 -0.145834648574578E+003 -0.145834660042390E+003
  0.294387818182044E+000  0.196740448190369E+001  0.209120313425024E+000  0.101166102441679E+000 -0.131028262406404E+000 -0.145834649975709E+003 -0.145834649975709E+003 -0.145834673011763E+003
  0.276688602940401E+000  0.199276171960480E+001  0.283212620892462E+000  0.106774700547520E+000 -0.131028262406404E+000 -0.145834642432472E+003 -0.145834642432472E+003 -0.145834752722409E+003
  0.238579355458246E+000  0.199712832396689E+001  0.416358682119861E-001  0.123774251143476E+000 -0.131028262406404E+000 -0.145834657896067E+003 -0.145834657896067E+003 -0.145834664517658E+003
  0.293437062419076E+000  0.195158438046214E+001  0.532497882379067E+000  0.100859996903077E+000 -0.131028262406404E+000 -0.145834656998628E+003 -0.145834656998628E+003 -0.145834726279499E+003
  0.271198670712881E+000  0.197627262066007E+001  0.292329765623908E+000  0.106753502656072E+000 -0.131028262406404E+000 -0.145834657281405E+003 -0.145834657281405E+003 -0.145834661381747E+003
  0.251796222871792E+000  0.199986464641119E+001  0.560210431319609E+000  0.114684535950290E+000 -0.131028262406404E+000 -0.145834654908272E+003 -0.145834654908272E+003 -0.145834662261517E+003
  0.280639947452150E+000  0.198674268071250E+001  0.246841524966839E+000  0.103598849713506E+000 -0.131028262406404E+000 -0.145834646513512E+003 -0.145834646513512E+003 -0.145834689272824E+003
  0.294373376233174E+000  0.199450481840629E+001  0.450653943751955E+000  0.101130005635603E+000 -0.131028262406404E+000 -0.145834636482946E+003 -0.145834636482946E+003 -0.145834664543855E+003
  0.301087386271868E+000  0.198034936338486E+001  0.714297504730669E-001  0.101191983338482E+000 -0.131028262406404E+000 -0.145834651818392E+003 -0.145834651818392E+003 -0.145834660892217E+003
  0.253124027157034E+000  0.199084635800390E+001  0.196217651822321E+000  0.115470126918463E+000 -0.131028262406404E+000 -0.145834655276266E+003 -0.145834655276266E+003 -0.145834718823877E+003
  0.276965761392724E+000  0.198399311037176E+001  0.435955982944051E+000  0.107507389762718E+000 -0.131028262406404E+000 -0.145834647815844E+003 -0.145834647815844E+003 -0.145834661237648E+003
  0.277169507105266E+000  0.198608749470478E+001  0.287017339771452E+000  0.107485588332956E+000 -0.131028262406404E+000 -0.145834646668023E+003 -0.145834646668023E+003 -0.145834663037832E+003
  0.284569823372141E+000  0.199671746758936E+001  0.318433374905916E+000  0.104182645433237E+000 -0.131028262406404E+000 -0.145834637775525E+003 -0.145834637775525E+003 -0.145834660740045E+003
  0.286808708623066E+000  0.199829678243015E+001  0.725564763043922E-001  0.100856690861722E+000 -0.131028262406404E+000 -0.145834640640777E+003 -0.145834640640777E+003 -0.145834724575528E+003
  0.288271227206555E+000  0.196094141439604E+001  0.376026162016050E+000  0.103648492766455E+000 -0.131028262406404E+000 -0.145834656524970E+003 -0.145834656524970E+003 -0.145834678031851E+003
  0.251300865853819E+000  0.199111769034862E+001  0.237581791142927E+000  0.116716081331793E+000 -0.131028262406404E+000 -0.145834655380597E+003 -0.145834655380597E+003 -0.145834661846013E+003
  0.287672101546791E+000  0.198584497005554E+001  0.214338605545983E+000  0.105114245734009E+000 -0.131028262406404E+000 -0.145834648288926E+003 -0.145834648288926E+003 -0.145834663996503E+003
  0.270395651492943E+000  0.199927982885486E+001  0.202653046279819E+000  0.113392232099139E+000 -0.131028262406404E+000 -0.145834654586441E+003 -0.145834654586441E+003 -0.145834676915152E+003
  0.291892559717755E+000  0.196594656360070E+001  0.350396238157868E+000  0.103372832141075E+000 -0.131028262406404E+000 -0.145834656478405E+003 -0.145834656478405E+003 -0.145834665482935E+003
  0.293010136893613E+000  0.197917117745275E+001  0.260275757412761E+000  0.103956369253484E+000 -0.131028262406404E+000 -0.145834654658622E+003 -0.145834654658622E+003 -0.145834660008020E+003
  0.276777519583336E+000  0.199051554995492E+001  0.363638806210822E+000  0.110766332300244E+000 -0.131028262406404E+000 -0.145834658026275E+003 -0.145834658026275E+003 -0.145834677693128E+003
  0.271349449316432E+000  0.197972521626183E+001  0.447282056749252E+000  0.109116763096103E+000 -0.131028262406404E+000 -0.145834651871001E+003 -0.145834651871001E+003 -0.145834664320002E+003
  0.288093147037973E+000  0.196128644672886E+001  0.103009676978265E+000  0.101107157312079E+000 -0.131028262406404E+000 -0.145834655311840E+003 -0.145834655311840E+003 -0.145834661918305E+003
  0.277239106307283E+000  0.196662601372608E+001  0.325640763279719E+000  0.107662246029984E+000 -0.131028262406404E+000 -0.145834657938048E+003 -0.145834657938048E+003 -0.145834669396077E+003
  0.290549110100524E+000  0.197925318004296E+001  0.195266088514628E+000  0.104060239951638E+000 -0.131028262406404E+000 -0.145834650879862E+003 -0.145834650879862E+003 -0.145834680565552E+003
  0.259899212853745E+000  0.199157071503298E+001  0.245436048727755E+000  0.116180975946120E+000 -0.131028262406404E+000 -0.145834654557479E+003 -0.145834654557479E+003 -0.145834662906221E+003
  0.252474068680940E+000  0.199675514568485E+001  0.918155093593978E-001  0.117761743040144E+000 -0.131028262406404E+000 -0.145834650584686E+003 -0.145834650584686E+003 -0.145834662074640E+003
  0.279370106700843E+000  0.199598407613601E+001  0.299330341896278E+000  0.109381514496512E+000 -0.131028262406404E+000 -0.145834651409636E+003 -0.145834651409636E+003 -0.145834659462847E+003
  0.270939004281801E+000  0.197969250785383E+001  0.942487517219362E-001  0.107951222422811E+000 -0.131028262406404E+000 -0.145834652781326E+003 -0.145834652781326E+003 -0.145834659674186E+003
  0.283311995524751E+000  0.197245772921444E+001  0.509503603583046E+000  0.102043127597383E+000 -0.131028262406404E+000 -0.145834654291720E+003 -0.145834654291720E+003 -0.145834658775107E+003
  0.283865891921012E+000  0.198089156135612E+001  0.198712755731428E+000  0.104994287684593E+000 -0.131028262406404E+000 -0.145834647073367E+003 -0.145834647073367E+003 -0.145834661223503E+003
  0.282503698887461E+000  0.199084458142793E+001  0.191750723698896E+000  0.100975353731363E+000 -0.131028262406404E+000 -0.145834653142715E+003 -0.145834653142715E+003 -0.145834660479792E+003
  0.278847271197285E+000  0.197627816110359E+001  0.215221828986710E+000  0.103214021953380E+000 -0.131028262406404E+000 -0.145834656305935E+003 -0.145834656305935E+003 -0.145834748888923E+003
  0.279997809751194E+000  0.198273618990363E+001  0.324858988592424E+000  0.103386642392036E+000 -0.131028262406404E+000 -0.145834650213939E+003 -0.145834650213939E+003 -0.145834661155958E+003
  0.263089294827606E+000  0.199144498265469E+001  0.150708383967907E+000  0.111178268270475E+000 -0.131028262406404E+000 -0.145834649831401E+003 -0.145834649831401E+003 -0.145834822582391E+003
  0.276078781181009E+000  0.196721949252924E+001  0.271846346413054E+000  0.105665290028664E+000 -0.131028262406404E+000 -0.145834657480750E+003 -0.145834657480750E+003 -0.145834678524201E+003
  0.290073359559530E+000  0.198580776134596E+001  0.584375603999285E-002  0.104081896838807E+000 -0.131028262406404E+000 -0.145834646783504E+003 -0.145834646783504E+003 -0.145834685581842E+003
  0.258982654798694E+000  0.198903899058537E+001  0.358964967746438E+000  0.113591089330150E+000 -0.131028262406404E+000 -0.145834652306029E+003 -0.145834652306029E+003 -0.145834661577232E+003
  0.286133366098736E+000  0.195820739377900E+001  0.334922730395090E+000  0.103619049741675E+000 -0.131028262406404E+000 -0.145834657091986E+003 -0.145834657091986E+003 -0.145834666950103E+003
  0.257669644372158E+000  0.199488805701195E+001  0.371043191383603E-001  0.111611050334353E+000 -0.131028262406404E+000 -0.145834656909723E+003 -0.145834656909723E+003 -0.145834697835502E+003
  0.284049817346908E+000  0.198387778298344E+001  0.262412818429118E+000  0.105232963259591E+000 -0.131028262406404E+000 -0.145834646101853E+003 -0.145834646101853E+003 -0.145834674634428E+003
  0.291999062208817E+000  0.198426930632294E+001  0.280465860829776E+000  0.103243693191763E+000 -0.131028262406404E+000 -0.145834646320695E+003 -0.145834646320695E+003 -0.145835205827304E+003
  0.291876567899325E+000  0.198486876401910E+001  0.384061748152450E+000  0.101904390202252E+000 -0.131028262406404E+000 -0.145834641878789E+003 -0.145834641878789E+003 -0.145834664649070E+003
  0.280888018015907E+000  0.199734229111759E+001  0.427787237056289E+000  0.108946714504313E+000 -0.131028262406404E+000 -0.145834651181985E+003 -0.145834651181985E+003 -0.145834666144817E+003
  0.274067684243527E+000  0.199045335047773E+001  0.183449614001872E+000  0.110056587886111E+000 -0.131028262406404E+000 -0.145834649107910E+003 -0.145834649107910E+003 -0.145834659099885E+003
  0.293783375359764E+000  0.196511326893178E+001  0.381639146248068E+000  0.101262336652539E+000 -0.131028262406404E+000 -0.145834651092138E+003 -0.145834651092138E+003 -0.145834667687331E+003
  0.261544421379094E+000  0.199832878150655E+001  0.341823777935214E+000  0.109116533913172E+000 -0.131028262406404E+000 -0.145834657938839E+003 -0.145834657938839E+003 -0.145834708064774E+003
  0.261072713704164E+000  0.198103792128953E+001  0.144703903977142E+000  0.111646500569240E+000 -0.131028262406404E+000 -0.145834657588799E+003 -0.145834657588799E+003 -0.145834659096059E+003
  0.273608304842997E+000  0.198785706602717E+001  0.252036565473034E-001  0.110245513807584E+000 -0.131028262406404E+000 -0.145834650847395E+003 -0.145834650847395E+003 -0.145834669434803E+003
  0.305565794913196E+000  0.198973461718756E+001  0.389607565447066E+000  0.100243728421524E+000 -0.131028262406404E+000 -0.145834649879391E+003 -0.145834649879391E+003 -0.145834674511227E+003
  0.255170368125249E+000  0.198528407393929E+001  0.550081949056658E+000  0.115789413555730E+000 -0.131028262406404E+000 -0.145834656342563E+003 -0.145834656342563E+003 -0.145834676630135E+003
  0.268976958051629E+000  0.197904730308599E+001  0.504176565085992E+000  0.109816729557606E+000 -0.131028262406404E+000 -0.145834653234002E+003 -0.145834653234002E+003 -0.145834660035121E+003
  0.285010931838173E+000  0.197964280612281E+001  0.570990993628119E+000  0.105475149677628E+000 -0.131028262406404E+000 -0.145834649931312E+003 -0.145834649931312E+003 -0.145834682115388E+003
  0.270902546847383E+000  0.198862817670129E+001  0.162018305074004E+000  0.111396588181173E+000 -0.131028262406404E+000 -0.145834651616221E+003 -0.145834651616221E+003 -0.145834691630176E+003
  0.285210782831657E+000  0.199680933119371E+001  0.120214260252242E+000  0.105918085523060E+000 -0.131028262406404E+000 -0.145834642496447E+003 -0.145834642496447E+003 -0.145834658465249E+003
  0.264293463472072E+000  0.199013421813420E+001  0.113841401614510E+000  0.109799439423823E+000 -0.131028262406404E+000 -0.145834652271758E+003 -0.145834652271758E+003 -0.145834678506813E+003
  0.266536932639282E+000  0.199545661367424E+001  0.133033419782583E+000  0.112781642673098E+000 -0.131028262406404E+000 -0.145834647595187E+003 -0.145834647595187E+003 -0.145834674323268E+003
  0.279992986586830E+000  0.199362616528813E+001  0.523602029743946E+000  0.101532410561690E+000 -0.131028262406404E+000 -0.145834655242490E+003 -0.145834655242490E+003 -0.145834663417523E+003
  0.285079141768908E+000  0.199191177811232E+001  0.134535712812479E+000  0.107828151388688E+000 -0.131028262406404E+000 -0.145834656828025E+003 -0.145834656828025E+003 -0.145834664277582E+003
  0.289828593779050E+000  0.199744194684961E+001  0.127158592810291E+000  0.104631154063711E+000 -0.131028262406404E+000 -0.145834642816389E+003 -0.145834642816389E+003 -0.145834662927270E+003
  0.298332047683112E+000  0.199839456225422E+001  0.547429865008461E+000  0.100270265623188E+000 -0.131028262406404E+000 -0.145834634570405E+003 -0.145834634570405E+003 -0.145834661395545E+003
  0.265675729127048E+000  0.198636116377849E+001  0.453172222628770E+000  0.111852999275107E+000 -0.131028262406404E+000 -0.145834650878947E+003 -0.145834650878947E+003 -0.145834697819376E+003
  0.271799300265000E+000  0.198928489635346E+001  0.367744524169111E+000  0.112410084159425E+000 -0.131028262406404E+000 -0.145834657969127E+003 -0.145834657969127E+003 -0.145834662047642E+003
  0.273117177324711E+000  0.197278259688791E+001  0.294078695518425E-001  0.108879503391075E+000 -0.131028262406404E+000 -0.145834655523184E+003 -0.145834655523184E+003 -0.145834664679631E+003
  0.269471966127307E+000  0.197889581912155E+001  0.619140312697311E+000  0.109978474234516E+000 -0.131028262406404E+000 -0.145834653260249E+003 -0.145834653260249E+003 -0.145834672824374E+003
  0.271464131045045E+000  0.197678456554503E+001  0.289568349810304E+000  0.108739039813665E+000 -0.131028262406404E+000 -0.145834653356942E+003 -0.145834653356942E+003 -0.145834722367726E+003
  0.301406499159758E+000  0.196016475453179E+001  0.122244556513842E+000  0.100327063552384E+000 -0.131028262406404E+000 -0.145834657211502E+003 -0.145834657211502E+003 -0.145834662494560E+003
  0.286734453988421E+000  0.196069906415318E+001  0.397948160845919E-001  0.102326044924154E+000 -0.131028262406404E+000 -0.145834655156509E+003 -0.145834655156509E+003 -0.145834667291301E+003
  0.252778973775724E+000  0.198932901878518E+001  0.226276432814922E+000  0.117073750718623E+000 -0.131028262406404E+000 -0.145834655035736E+003 -0.145834655035736E+003 -0.145834685455666E+003
  0.259884936529259E+000  0.199257078950321E+001  0.930335328873609E-001  0.113933313143351E+000 -0.131028262406404E+000 -0.145834649492130E+003 -0.145834649492130E+003 -0.145834697723392E+003
  0.264636714362250E+000  0.199212453603858E+001  0.615131021976668E+000  0.110032089679887E+000 -0.131028262406404E+000 -0.145834649891675E+003 -0.145834649891675E+003 -0.145834668578714E+003
  0.264348623388526E+000  0.197834167133756E+001  0.954954500465871E-002  0.111026862974083E+000 -0.131028262406404E+000 -0.145834656181478E+003 -0.145834656181478E+003 -0.145834669764386E+003
  0.300126914118440E+000  0.199559060069984E+001  0.369603434231680E-001  0.101010122908364E+000 -0.131028262406404E+000 -0.145834641052369E+003 -0.145834641052369E+003 -0.145834659775929E+003
  0.282418289647567E+000  0.198879579274559E+001  0.118487759138358E+000  0.101893325656752E+000 -0.131028262406404E+000 -0.145834648994696E+003 -0.145834648994696E+003 -0.145834663096780E+003
  0.266573767135051E+000  0.199463338616476E+001  0.507513561316635E+000  0.111806992483726E+000 -0.131028262406404E+000 -0.145834645959664E+003 -0.145834645959664E+003 -0.145834671947996E+003
  0.272728065015103E+000  0.199815256011855E+001  0.196855202688452E+000  0.111078592205467E+000 -0.131028262406404E+000 -0.145834646948677E+003 -0.145834646948677E+003 -0.145834659047339E+003
  0.282174997662809E+000  0.196374135760101E+001  0.579584215385045E+000  0.104043591761243E+000 -0.131028262406404E+000 -0.145834655604401E+003 -0.145834655604401E+003 -0.145834679643692E+003
  0.276369234158245E+000  0.199276866052656E+001  0.116715608750377E+000  0.103757807287372E+000 -0.131028262406404E+000 -0.145834651347641E+003 -0.145834651347641E+003 -0.145834663568461E+003
  0.266247026319620E+000  0.198983601353317E+001  0.417653291810089E+000  0.110544918497712E+000 -0.131028262406404E+000 -0.145834648420138E+003 -0.145834648420138E+003 -0.145834660042390E+003
  0.258350870509587E+000  0.198953896333647E+001  0.112641887542838E+000  0.115511529649877E+000 -0.131028262406404E+000 -0.145834652948905E+003 -0.145834652948905E+003 -0.145834672680601E+003
  0.250318923174328E+000  0.199312037729781E+001  0.371840856015234E+000  0.116627559666069E+000 -0.131028262406404E+000 -0.145834655673038E+003 -0.145834655673038E+003 -0.145834685915271E+003
  0.264294832755471E+000  0.198407396762766E+001  0.494682756514536E+000  0.110787549344288E+000 -0.131028262406404E+000 -0.145834653267675E+003 -0.145834653267675E+003 -0.145834770786957E+003
  0.274580186427489E+000  0.199215754706334E+001  0.144175158686136E+000  0.104157779212770E+000 -0.131028262406404E+000 -0.145834653961219E+003 -0.145834653961219E+003 -0.145834667291301E+003
  0.292065513558890E+000  0.196520822962807E+001  0.561546393447589E+000  0.100631702400037E+000 -0.131028262406404E+000 -0.145834650674455E+003 -0.145834650674455E+003 -0.145834669886260E+003
  0.266513889746376E+000  0.199956417666477E+001  0.542076344273234E+000  0.108249653085119E+000 -0.131028262406404E+000 -0.145834648697511E+003 -0.145834648697511E+003 -0.145834658453649E+003
  0.299653878393722E+000  0.199233862692150E+001  0.634093279448341E+000  0.100051037296062E+000 -0.131028262406404E+000 -0.145834637871108E+003 -0.145834637871108E+003 -0.145834681890485E+003
  0.280438451102213E+000  0.197498881739861E+001  0.281585491757725E+000  0.102874416229174E+000 -0.131028262406404E+000 -0.145834655151260E+003 -0.145834655151260E+003 -0.145834662178473E+003
  0.274636011898676E+000  0.198604180960639E+001  0.223442353356108E+000  0.106874323478361E+000 -0.131028262406404E+000 -0.145834647238933E+003 -0.145834647238933E+003 -0.145834716605396E+003
  0.285099603587709E+000  0.196551425785876E+001  0.212606275163419E+000  0.102160715488732E+000 -0.131028262406404E+000 -0.145834654592514E+003 -0.145834654592514E+003 -0.145834749982990E+003
  0.283111415329035E+000  0.198002907548430E+001  0.255381680785828E+000  0.106178026402620E+000 -0.131028262406404E+000 -0.145834650388950E+003 -0.145834650388950E+003 -0.145834663134864E+003
  0.277756595384098E+000  0.199619399690485E+001  0.281683694349088E+000  0.108452257481933E+000 -0.131028262406404E+000 -0.145834643917200E+003 -0.145834643917200E+003 -0.145834665566846E+003
  0.288805237204255E+000  0.199294588841577E+001  0.136890864957708E+000  0.101677758640474E+000 -0.131028262406404E+000 -0.145834638536131E+003 -0.145834638536131E+003 -0.145834660022523E+003
  0.273553431651073E+000  0.198261893393495E+001  0.497133390699389E+000  0.110371732365615E+000 -0.131028262406404E+000 -0.145834654440209E+003 -0.145834654440209E+003 -0.145834660095269E+003
  0.289559593936874E+000  0.199475341482904E+001  0.559085963869731E+000  0.106500182448270E+000 -0.131028262406404E+000 -0.145834656810215E+003 -0.145834656810215E+003 -0.145834659462847E+003
  0.270025718460612E+000  0.197816014612447E+001  0.802674284918896E-001  0.107838752473226E+000 -0.131028262406404E+000 -0.145834655009559E+003 -0.145834655009559E+003 -0.145834850471929E+003
  0.260521766181652E+000  0.199483088899156E+001  0.863316924170779E-001  0.114402662166121E+000 -0.131028262406404E+000 -0.145834648384126E+003 -0.145834648384126E+003 -0.145834659099885E+003
  0.296020527945091E+000  0.198355974855362E+001  0.247864277119079E+000  0.102219314908276E+000 -0.131028262406404E+000 -0.145834647324108E+003 -0.145834647324108E+003 -0.145834683214074E+003
  0.281468271296529E+000  0.197356829038372E+001  0.180551597954858E+000  0.106180506994964E+000 -0.131028262406404E+000 -0.145834652628908E+003 -0.145834652628908E+003 -0.145834660721656E+003
  0.263783888086914E+000  0.198024155137993E+001  0.307204928913622E+000  0.112828090042834E+000 -0.131028262406404E+000 -0.145834655668325E+003 -0.145834655668325E+003 -0.145834665507650E+003
  0.295572981171226E+000  0.198446203493429E+001  0.580791504319678E+000  0.100719799847661E+000 -0.131028262406404E+000 -0.145834641078176E+003 -0.145834641078176E+003 -0.145834658908734E+003
  0.292544416997299E+000  0.197313636711783E+001  0.355669432043102E+000  0.100004745909155E+000 -0.131028262406404E+000 -0.145834647172187E+003 -0.145834647172187E+003 -0.100000000000000E+031
  0.254175983256102E+000  0.198549345062755E+001  0.169721584959461E+000  0.117525537475597E+000 -0.131028262406404E+000 -0.145834657876224E+003 -0.145834657876224E+003 -0.145834699001615E+003
  0.279269302721822E+000  0.199815738677027E+001  0.166563699948736E+000  0.104020307920451E+000 -0.131028262406404E+000 -0.145834641639897E+003 -0.145834641639897E+003 -0.145834662577739E+003
  0.300044273356153E+000  0.197019080580499E+001  0.573691029712234E+000  0.101276209735753E+000 -0.131028262406404E+000 -0.145834655587362E+003 -0.145834655587362E+003 -0.145834668494909E+003
  0.252388413423092E+000  0.199490460687044E+001  0.268803928239308E+000  0.116977128135906E+000 -0.131028262406404E+000 -0.145834651691585E+003 -0.145834651691585E+003 -0.145834670327025E+003
  0.293471076791651E+000  0.197892157161171E+001  0.485508458298791E+000  0.104131005775812E+000 -0.131028262406404E+000 -0.145834657021151E+003 -0.145834657021151E+003 -0.145834684565535E+003
  0.259109625033509E+000  0.198930832123936E+001  0.433280436996263E+000  0.112473880884189E+000 -0.131028262406404E+000 -0.145834653864726E+003 -0.145834653864726E+003 -0.145834662659038E+003
  0.281155297897834E+000  0.199828960311745E+001  0.198422130560244E+000  0.105221419943818E+000 -0.131028262406404E+000 -0.145834637950758E+003 -0.145834637950758E+003 -0.145834675458639E+003
  0.285542801345588E+000  0.196366539781553E+001  0.359007574694673E+000  0.101291865908933E+000 -0.131028262406404E+000 -0.145834657313736E+003 -0.145834657313736E+003 -0.145834676129196E+003
  0.293253205325858E+000  0.197413797632451E+001  0.154994669445652E+000  0.100557945590086E+000 -0.131028262406404E+000 -0.145834645905716E+003 -0.145834645905716E+003 -0.145834669790131E+003
  0.291280343866079E+000  0.198556339521807E+001  0.726003761476022E-001  0.103511640955052E+000 -0.131028262406404E+000 -0.145834645915297E+003 -0.145834645915297E+003 -0.145834662613580E+003
  0.292793047956830E+000  0.197956291180294E+001  0.605115926816104E+000  0.103770292158387E+000 -0.131028262406404E+000 -0.145834652833677E+003 -0.145834652833677E+003 -0.145834692321854E+003
  0.245977236363973E+000  0.199416040281109E+001  0.308377605591881E-001  0.121050996629218E+000 -0.131028262406404E+000 -0.145834655870336E+003 -0.145834655870336E+003 -0.145834663814392E+003
  0.248920506430709E+000  0.199871255838205E+001  0.611589827888185E+000  0.119364988695517E+000 -0.131028262406404E+000 -0.145834651000007E+003 -0.145834651000007E+003 -0.145834881261404E+003
  0.282461765806101E+000  0.199869501215122E+001  0.115858010948654E+000  0.106982774881821E+000 -0.131028262406404E+000 -0.145834642381153E+003 -0.145834642381153E+003 -0.145834703256001E+003
  0.293361374076523E+000  0.199653880167214E+001  0.150607516678393E+000  0.101679299401631E+000 -0.131028262406404E+000 -0.145834636119811E+003 -0.145834636119811E+003 -0.145834667687331E+003
  0.285722217827945E+000  0.198848191370454E+001  0.492287945531714E+000  0.107290525346676E+000 -0.131028262406404E+000 -0.145834656389502E+003 -0.145834656389502E+003 -0.145834662213139E+003
  0.263121876270183E+000  0.198064434203026E+001  0.630175708748973E+000  0.114038935951452E+000 -0.131028262406404E+000 -0.145834657749812E+003 -0.145834657749812E+003 -0.145834671610859E+003
  0.265742488084829E+000  0.198444545671700E+001  0.357311682325518E-001  0.113867405921127E+000 -0.131028262406404E+000 -0.145834657634889E+003 -0.145834657634889E+003 -0.145834660552483E+003
  0.265034086252347E+000  0.198860775642848E+001  0.366285333831373E-001  0.113171594895461E+000 -0.131028262406404E+000 -0.145834651761040E+003 -0.145834651761040E+003 -0.145834659989208E+003
  0.294099525177646E+000  0.194897805855170E+001  0.678980454566531E-001  0.100637724481796E+000 -0.131028262406404E+000 -0.145834657988456E+003 -0.145834657988456E+003 -0.145834659020853E+003
  0.282854979255960E+000  0.196307414289089E+001  0.112021917302254E+000  0.105088912994434E+000 -0.131028262406404E+000 -0.145834656424596E+003 -0.145834656424596E+003 -0.145834659350736E+003
  0.275745252451765E+000  0.198714799621310E+001  0.466114550969462E-001  0.110602819797067E+000 -0.131028262406404E+000 -0.145834656639321E+003 -0.145834656639321E+003 -0.145834659227626E+003
  0.261652439518400E+000  0.199151179643173E+001  0.467789745669961E+000  0.109932617774234E+000 -0.131028262406404E+000 -0.145834656710107E+003 -0.145834656710107E+003 -0.145834659227626E+003
  0.274689154127068E+000  0.199728571995417E+001  0.494550403308470E+000  0.108436093079871E+000 -0.131028262406404E+000 -0.145834641263361E+003 -0.145834641263361E+003 -0.145834658300307E+003
  0.296911638818334E+000  0.198174926465737E+001  0.728995351038525E+000  0.101937942019060E+000 -0.131028262406404E+000 -0.145834648140574E+003 -0.145834648140574E+003 -0.145834679399253E+003
  0.247741212757530E+000  0.199678063742678E+001  0.931356268493556E+000  0.118945070166662E+000 -0.131028262406404E+000 -0.145834653036393E+003 -0.145834653036393E+003 -0.145834677045325E+003
  0.293877423591860E+000  0.199542495418515E+001  0.773921812880009E+000  0.101389157115153E+000 -0.131028262406404E+000 -0.145834636319288E+003 -0.145834636319288E+003 -0.145834659798114E+003
  0.285178968862086E+000  0.196628021213215E+001  0.880751146211041E+000  0.104756239557061E+000 -0.131028262406404E+000 -0.145834654937596E+003 -0.145834654937596E+003 -0.145834663075026E+003
  0.265465277824971E+000  0.199473792762734E+001  0.928520478417666E+000  0.108001454016865E+000 -0.131028262406404E+000 -0.145834655059626E+003 -0.145834655059626E+003 -0.145834731586452E+003
  0.253080000713066E+000  0.199589753777567E+001  0.807726971365725E+000  0.117331551230990E+000 -0.131028262406404E+000 -0.145834650753373E+003 -0.145834650753373E+003 -0.145834659450122E+003
  0.238133854483634E+000  0.199956528653836E+001  0.857345175615117E+000  0.123367914567631E+000 -0.131028262406404E+000 -0.145834657071259E+003 -0.145834657071259E+003 -0.145834660084025E+003
  0.253681323780604E+000  0.199735975971415E+001  0.688131851913190E+000  0.116353730631663E+000 -0.131028262406404E+000 -0.145834649495511E+003 -0.145834649495511E+003 -0.145834677335224E+003
  0.290094528875991E+000  0.199392524441384E+001  0.940604090427499E+000  0.104492144108015E+000 -0.131028262406404E+000 -0.145834644441526E+003 -0.145834644441526E+003 -0.145834669854657E+003
  0.272836412739276E+000  0.196953748586265E+001  0.913526542830732E+000  0.109086791758044E+000 -0.131028262406404E+000 -0.145834657664403E+003 -0.145834657664403E+003 -0.145834663644467E+003
  0.284961271727332E+000  0.198877433270606E+001  0.647093963827515E+000  0.107536661732964E+000 -0.131028262406404E+000 -0.145834656145587E+003 -0.145834656145587E+003 -0.145834663945439E+003
  0.248653967432449E+000  0.199331512324753E+001  0.791300146687572E+000  0.120505753828033E+000 -0.131028262406404E+000 -0.145834656171900E+003 -0.145834656171900E+003 -0.145834669089103E+003
  0.286659868090729E+000  0.199036998792682E+001  0.911348549443569E+000  0.105182467791925E+000 -0.131028262406404E+000 -0.145834644759734E+003 -0.145834644759734E+003 -0.145834681636559E+003
  0.299116539915633E+000  0.198886370683564E+001  0.869618078758283E+000  0.101234647331126E+000 -0.131028262406404E+000 -0.145834644113740E+003 -0.145834644113740E+003 -0.145834665972587E+003
  0.294792861020306E+000  0.195471585403118E+001  0.898085597300086E+000  0.100692773137171E+000 -0.131028262406404E+000 -0.145834655371506E+003 -0.145834655371506E+003 -0.145834662586560E+003
  0.285099072074313E+000  0.196916853126560E+001  0.908311665006779E+000  0.104436568504559E+000 -0.131028262406404E+000 -0.145834652595629E+003 -0.145834652595629E+003 -0.145834689755566E+003
  0.302725769423938E+000  0.199695773938368E+001  0.787311288324737E+000  0.102267684933339E+000 -0.131028262406404E+000 -0.145834656463966E+003 -0.145834656463966E+003 -0.145834659564901E+003
  0.280921603720816E+000  0.199609670582160E+001  0.817603552204834E+000  0.100887420172730E+000 -0.131028262406404E+000 -0.145834656132397E+003 -0.145834656132397E+003 -0.145834658769193E+003
  0.293327112295244E+000  0.196160841066019E+001  0.665874448228835E+000  0.100847912026106E+000 -0.131028262406404E+000 -0.145834652108583E+003 -0.145834652108583E+003 -0.145834660798354E+003
  0.288354651340983E+000  0.196263195284182E+001  0.946491031219467E+000  0.103452770800507E+000 -0.131028262406404E+000 -0.145834655147373E+003 -0.145834655147373E+003 -0.145834686364249E+003
  0.294888619195436E+000  0.197545693128442E+001  0.867484334620468E+000  0.100251096106571E+000 -0.131028262406404E+000 -0.145834644792136E+003 -0.145834644792136E+003 -0.145834660492296E+003
  0.274952197460913E+000  0.197698655313355E+001  0.866346948247683E+000  0.105256306959977E+000 -0.131028262406404E+000 -0.145834655319565E+003 -0.145834655319565E+003 -0.145834720036753E+003
  0.266259399514419E+000  0.199427216302944E+001  0.880185654927409E+000  0.110269051241615E+000 -0.131028262406404E+000 -0.145834646160507E+003 -0.145834646160507E+003 -0.145834678707389E+003
  0.258382341029212E+000  0.197977589637695E+001  0.786899106362164E+000  0.114659244339703E+000 -0.131028262406404E+000 -0.145834658169553E+003 -0.145834658169553E+003 -0.145834681455361E+003
  0.263941827825521E+000  0.199442454138070E+001  0.882126009435888E+000  0.113118094780873E+000 -0.131028262406404E+000 -0.145834647475309E+003 -0.145834647475309E+003 -0.145834663574691E+003
  0.282530028565757E+000  0.199780246895230E+001  0.947709866314863E+000  0.103957822592856E+000 -0.131028262406404E+000 -0.145834638133515E+003 -0.145834638133515E+003 -0.145834697981272E+003
  0.290569867749867E+000  0.198963215845088E+001  0.923791593273266E+000  0.103929550739534E+000 -0.131028262406404E+000 -0.145834644697021E+003 -0.145834644697021E+003 -0.145834685422730E+003
  0.274694909897005E+000  0.197201689756169E+001  0.902331503333472E+000  0.107386097244010E+000 -0.131028262406404E+000 -0.145834654503087E+003 -0.145834654503087E+003 -0.145834663861862E+003
  0.291147086544745E+000  0.198755001175671E+001  0.871236806153707E+000  0.101080769138077E+000 -0.131028262406404E+000 -0.145834640210955E+003 -0.145834640210955E+003 -0.145834659840958E+003
  0.291791085209884E+000  0.199124803634872E+001  0.856100072035114E+000  0.101919231076492E+000 -0.131028262406404E+000 -0.145834638686462E+003 -0.145834638686462E+003 -0.145834662586560E+003
  0.285289636169554E+000  0.199011271246799E+001  0.832085514209460E+000  0.103494173418777E+000 -0.131028262406404E+000 -0.145834640791102E+003 -0.145834640791102E+003 -0.145834660302160E+003
  0.283716082651068E+000  0.199057186281925E+001  0.995311574292653E+000  0.106336276937221E+000 -0.131028262406404E+000 -0.145834645833075E+003 -0.145834645833075E+003 -0.145834659181438E+003
  0.299436980875468E+000  0.198056175865237E+001  0.863764944587010E+000  0.102364015730383E+000 -0.131028262406404E+000 -0.145834656798114E+003 -0.145834656798114E+003 -0.145834768196018E+003
  0.281788803280037E+000  0.199077206009709E+001  0.866814219564689E+000  0.100576892314338E+000 -0.131028262406404E+000 -0.145834658167834E+003 -0.145834658167834E+003 -0.145834660798354E+003
  0.292211507381294E+000  0.199716482485330E+001  0.978767921230493E+000  0.100252195498398E+000 -0.131028262406404E+000 -0.145834635805683E+003 -0.145834635805683E+003 -0.145834660463689E+003
  0.302799352341394E+000  0.196941072168867E+001  0.693343549501863E+000  0.100499278775001E+000 -0.131028262406404E+000 -0.145834656106615E+003 -0.145834656106615E+003 -0.145834680190215E+003
  0.263123287249128E+000  0.199874240674337E+001  0.913079744685856E+000  0.110443967214131E+000 -0.131028262406404E+000 -0.145834647534763E+003 -0.145834647534763E+003 -0.145834680293155E+003
  0.275559343149118E+000  0.198073834196220E+001  0.909369339465632E+000  0.105702421439288E+000 -0.131028262406404E+000 -0.145834651091463E+003 -0.145834651091463E+003 -0.145834778309855E+003
  0.296462714990132E+000  0.196666648760362E+001  0.859301711871194E+000  0.100425348195524E+000 -0.131028262406404E+000 -0.145834649510340E+003 -0.145834649510340E+003 -0.145834658413114E+003
  0.280418033067338E+000  0.197420016688247E+001  0.941051782578365E+000  0.107521474463652E+000 -0.131028262406404E+000 -0.145834655988022E+003 -0.145834655988022E+003 -0.145834661210362E+003
  0.278214989090195E+000  0.196627521338871E+001  0.997292611830305E+000  0.106422582435566E+000 -0.131028262406404E+000 -0.145834656213923E+003 -0.145834656213923E+003 -0.145834663226442E+003
  0.279667761959428E+000  0.198421631580107E+001  0.984402581481904E+000  0.107006581610040E+000 -0.131028262406404E+000 -0.145834647824081E+003 -0.145834647824081E+003 -0.145834665615284E+003
  0.280433399980694E+000  0.199458464928285E+001  0.809939720481676E+000  0.103178104037069E+000 -0.131028262406404E+000 -0.145834644470991E+003 -0.145834644470991E+003 -0.145834663226442E+003
  0.269434724190604E+000  0.197381458034520E+001  0.932570753311489E+000  0.109307659576390E+000 -0.131028262406404E+000 -0.145834655999480E+003 -0.145834655999480E+003 -0.145834671325170E+003
  0.253486036388452E+000  0.198602867674708E+001  0.915042855288572E+000  0.117892865639943E+000 -0.131028262406404E+000 -0.145834657971490E+003 -0.145834657971490E+003 -0.145834658513714E+003
  0.288449971777009E+000  0.196616973227387E+001  0.852840978682046E+000  0.100021652601340E+000 -0.131028262406404E+000 -0.145834655868044E+003 -0.145834655868044E+003 -0.145834676825721E+003
  0.274247636081625E+000  0.199675529678414E+001  0.910229491403343E+000  0.105705896956084E+000 -0.131028262406404E+000 -0.145834644945002E+003 -0.145834644945002E+003 -0.145834666928675E+003
  0.285010435444772E+000  0.197816931293102E+001  0.907512147871631E+000  0.101212964229854E+000 -0.131028262406404E+000 -0.145834651809975E+003 -0.145834651809975E+003 -0.145834670822071E+003
  0.285789386270236E+000  0.199597764424757E+001  0.782628469605589E+000  0.105422253425548E+000 -0.131028262406404E+000 -0.145834641626052E+003 -0.145834641626052E+003 -0.145834717269447E+003
  0.265718518097940E+000  0.198030038880999E+001  0.764287246904701E+000  0.109115345773429E+000 -0.131028262406404E+000 -0.145834657267935E+003 -0.145834657267935E+003 -0.145834666365722E+003
  0.260883482251776E+000  0.199456546043061E+001  0.645415675196313E+000  0.109953926004574E+000 -0.131028262406404E+000 -0.145834656974383E+003 -0.145834656974383E+003 -0.145834691882749E+003
  0.292290944868913E+000  0.199876229073371E+001  0.813870592281493E+000  0.101949715997982E+000 -0.131028262406404E+000 -0.145834635103680E+003 -0.145834635103680E+003 -0.145834817370273E+003
  0.286208430020219E+000  0.198646837948671E+001  0.647677860193314E+000  0.105815551216554E+000 -0.131028262406404E+000 -0.145834649225530E+003 -0.145834649225530E+003 -0.145834671376475E+003
  0.257686742267788E+000  0.199732386405612E+001  0.907789555219157E+000  0.117366560818177E+000 -0.131028262406404E+000 -0.145834652364722E+003 -0.145834652364722E+003 -0.145834659552194E+003
  0.280772092762363E+000  0.197929009689980E+001  0.762920548545434E+000  0.102851032199978E+000 -0.131028262406404E+000 -0.145834652536904E+003 -0.145834652536904E+003 -0.145834661693865E+003
  0.263981064991131E+000  0.197529031573562E+001  0.971846509294759E+000  0.111176349183797E+000 -0.131028262406404E+000 -0.145834658129617E+003 -0.145834658129617E+003 -0.145834730029393E+003
  0.299021537119515E+000  0.196735487657023E+001  0.913200141046698E+000  0.101669505190753E+000 -0.131028262406404E+000 -0.145834657701835E+003 -0.145834657701835E+003 -0.145834661210362E+003
  0.270111212860602E+000  0.199208122527929E+001  0.803050213959159E+000  0.106861126281674E+000 -0.131028262406404E+000 -0.145834650843844E+003 -0.145834650843844E+003 -0.145834660657537E+003
  0.269785677274711E+000  0.198866319758553E+001  0.772496888945337E+000  0.109596302917561E+000 -0.131028262406404E+000 -0.145834647418766E+003 -0.145834647418766E+003 -0.145841773570251E+003
  0.278215026537804E+000  0.198447325870622E+001  0.934521758481818E+000  0.109584380690677E+000 -0.131028262406404E+000 -0.145834657165609E+003 -0.145834657165609E+003 -0.145834664385336E+003
  0.274045565317105E+000  0.197136172358767E+001  0.755476816376299E+000  0.108882061592832E+000 -0.131028262406404E+000 -0.145834656623344E+003 -0.145834656623344E+003 -0.145834664542824E+003
  0.277405069482597E+000  0.196968285992517E+001  0.817468145594574E+000  0.107592517948562E+000 -0.131028262406404E+000 -0.145834656137469E+003 -0.145834656137469E+003 -0.145834679533632E+003
  0.267263573449810E+000  0.198718846674695E+001  0.841125640377147E+000  0.107291937135589E+000 -0.131028262406404E+000 -0.145834658038891E+003 -0.145834658038891E+003 -0.145834663622125E+003
  0.280915500460979E+000  0.199905910573321E+001  0.946267194243467E+000  0.102416915176056E+000 -0.131028262406404E+000 -0.145834644824617E+003 -0.145834644824617E+003 -0.145834672250216E+003
  0.261037268455154E+000  0.199897973777338E+001  0.932059128814499E+000  0.114836551733227E+000 -0.131028262406404E+000 -0.145834646734650E+003 -0.145834646734650E+003 -0.145834661179224E+003
  0.264300460294844E+000  0.199491746080378E+001  0.932051929298774E+000  0.112845440661614E+000 -0.131028262406404E+000 -0.145834646830551E+003 -0.145834646830551E+003 -0.145834659450122E+003
  0.276987767385942E+000  0.198375962924676E+001  0.694942341072437E+000  0.104525446317429E+000 -0.131028262406404E+000 -0.145834650887606E+003 -0.145834650887606E+003 -0.145834658513714E+003
  0.251365036233835E+000  0.199331011797323E+001  0.856650803950655E+000  0.118246502600651E+000 -0.131028262406404E+000 -0.145834653392648E+003 -0.145834653392648E+003 -0.145834666231602E+003
  0.289951270649683E+000  0.196480935027882E+001  0.844688517770381E+000  0.102165028320791E+000 -0.131028262406404E+000 -0.145834652024448E+003 -0.145834652024448E+003 -0.145834662586560E+003
  0.307495509771282E+000  0.199532602067685E+001  0.866116619994350E+000  0.100311348532345E+000 -0.131028262406404E+000 -0.145834652730408E+003 -0.145834652730408E+003 -0.145834658932601E+003
  0.264831292554368E+000  0.199821207289579E+001  0.987326792307646E+000  0.108439609363667E+000 -0.131028262406404E+000 -0.145834652560620E+003 -0.145834652560620E+003 -0.145834695908353E+003
  0.298734156672625E+000  0.197707821826671E+001  0.700711508268947E+000  0.101850214594498E+000 -0.131028262406404E+000 -0.145834653262318E+003 -0.145834653262318E+003 -0.145834660249404E+003
  0.267048009710573E+000  0.198458404208150E+001  0.677150993926356E+000  0.111377840139267E+000 -0.131028262406404E+000 -0.145834651441502E+003 -0.145834651441502E+003 -0.145834659564901E+003
  0.265735469054295E+000  0.197454213261490E+001  0.965060217694427E+000  0.111398540506559E+000 -0.131028262406404E+000 -0.145834657497829E+003 -0.145834657497829E+003 -0.145834662586560E+003
  0.268205833463162E+000  0.198613357756406E+001  0.832522114249634E+000  0.107634471093487E+000 -0.131028262406404E+000 -0.145834654717884E+003 -0.145834654717884E+003 -0.145834717762658E+003
  0.254505035079076E+000  0.198412327490862E+001  0.821762455409302E+000  0.116778973914545E+000 -0.131028262406404E+000 -0.145834657761267E+003 -0.145834657761267E+003 -0.145834659108942E+003
  0.279693337913571E+000  0.199295787973331E+001  0.807481341977775E+000  0.104822122649163E+000 -0.131028262406404E+000 -0.145834641830946E+003 -0.145834641830946E+003 -0.145834659178018E+003
  0.281718411536661E+000  0.199740802138045E+001  0.983775539575386E+000  0.108354122076792E+000 -0.131028262406404E+000 -0.145834649126215E+003 -0.145834649126215E+003 -0.145834840814460E+003
  0.288088191942739E+000  0.196252588306681E+001  0.723661214310372E+000  0.103604527573340E+000 -0.131028262406404E+000 -0.145834655461280E+003 -0.145834655461280E+003 -0.145834660302160E+003
  0.272141354401462E+000  0.199805345521381E+001  0.894382623540543E+000  0.109192708106276E+000 -0.131028262406404E+000 -0.145834641438991E+003 -0.145834641438991E+003 -0.145834662908481E+003
  0.255284163794125E+000  0.198503631158576E+001  0.831144644843217E+000  0.114714391880827E+000 -0.131028262406404E+000 -0.145834657266179E+003 -0.145834657266179E+003 -0.145834672250216E+003
  0.288414189439827E+000  0.199237656669483E+001  0.989482325140354E+000  0.100327582679407E+000 -0.131028262406404E+000 -0.145834642712542E+003 -0.145834642712542E+003 -0.145834679659123E+003
  0.273236297803901E+000  0.197625643914817E+001  0.892421268789409E+000  0.109217016925845E+000 -0.131028262406404E+000 -0.145834654201798E+003 -0.145834654201798E+003 -0.145834670701744E+003
  0.285955464058163E+000  0.198998883095445E+001  0.925585024457552E+000  0.106710222084222E+000 -0.131028262406404E+000 -0.145834651979056E+003 -0.145834651979056E+003 -0.145834660492296E+003
  0.277001851961875E+000  0.197356969094134E+001  0.639337170716488E+000  0.107860329720864E+000 -0.131028262406404E+000 -0.145834654401520E+003 -0.145834654401520E+003 -0.145834667482065E+003
  0.280711794176886E+000  0.199449118464472E+001  0.715130442655819E+000  0.103017335094540E+000 -0.131028262406404E+000 -0.145834644651184E+003 -0.145834644651184E+003 -0.145834677006697E+003
  0.276847919645111E+000  0.199394039535154E+001  0.763448885908059E+000  0.105095237817107E+000 -0.131028262406404E+000 -0.145834644129344E+003 -0.145834644129344E+003 -0.145834676549920E+003
  0.276104080556931E+000  0.198001329277032E+001  0.826304881183754E+000  0.108580650165163E+000 -0.131028262406404E+000 -0.145834652127265E+003 -0.145834652127265E+003 -0.145834735408954E+003
  0.294462976076125E+000  0.198628447127157E+001  0.896503453987876E+000  0.103953354918139E+000 -0.131028262406404E+000 -0.145834653965046E+003 -0.145834653965046E+003 -0.145834666231602E+003
  0.275266779389900E+000  0.197241396421395E+001  0.903905847457787E+000  0.108739802864216E+000 -0.131028262406404E+000 -0.145834656346890E+003 -0.145834656346890E+003 -0.145834661481107E+003
  0.255225958093482E+000  0.199015581325286E+001  0.677582445131079E+000  0.116762692229602E+000 -0.131028262406404E+000 -0.145834653832028E+003 -0.145834653832028E+003 -0.145834661352248E+003
  0.290316393232391E+000  0.199087972804504E+001  0.809951287618144E+000  0.103255586479432E+000 -0.131028262406404E+000 -0.145834641180391E+003 -0.145834641180391E+003 -0.145834666844052E+003
  0.262230281623480E+000  0.199451502761388E+001  0.920005719084002E+000  0.115887930567111E+000 -0.131028262406404E+000 -0.145834654802238E+003 -0.145834654802238E+003 -0.145834685678445E+003
  0.280443821837736E+000  0.199716566720936E+001  0.926956555113366E+000  0.100974112255556E+000 -0.131028262406404E+000 -0.145834656513411E+003 -0.145834656513411E+003 -0.145834665122252E+003
  0.287103086994244E+000  0.198589499161773E+001  0.974886661398020E+000  0.105745822722117E+000 -0.131028262406404E+000 -0.145834650664612E+003 -0.145834650664612E+003 -0.145834676065865E+003
  0.260133945497195E+000  0.198518571044514E+001  0.861674103321617E+000  0.114123073710770E+000 -0.131028262406404E+000 -0.145834654084219E+003 -0.145834654084219E+003 -0.145834662316305E+003
  0.288910250693008E+000  0.199350940700797E+001  0.945375192562303E+000  0.103188937779102E+000 -0.131028262406404E+000 -0.145834638831133E+003 -0.145834638831133E+003 -0.145834674953108E+003
  0.277631425465701E+000  0.197880656214344E+001  0.715419667741743E+000  0.107368374947503E+000 -0.131028262406404E+000 -0.145834650650611E+003 -0.145834650650611E+003 -0.145834666231602E+003
  0.257695191819663E+000  0.198652777545404E+001  0.730857100897273E+000  0.116605351501127E+000 -0.131028262406404E+000 -0.145834657041552E+003 -0.145834657041552E+003 -0.145834664016930E+003
  0.243384870379342E+000  0.199936215919920E+001  0.706385078367303E+000  0.120553467537769E+000 -0.131028262406404E+000 -0.145834654347240E+003 -0.145834654347240E+003 -0.145834663075026E+003
  0.257531501060555E+000  0.199735483784897E+001  0.838195951812520E+000  0.116582327420719E+000 -0.131028262406404E+000 -0.145834649706541E+003 -0.145834649706541E+003 -0.145834659908175E+003
  0.272586377976589E+000  0.198697095904643E+001  0.863594726807493E+000  0.109792216305060E+000 -0.131028262406404E+000 -0.145834648985121E+003 -0.145834648985121E+003 -0.145834661479878E+003
  0.283476265355615E+000  0.198300744697757E+001  0.888204401659851E+000  0.102259770902038E+000 -0.131028262406404E+000 -0.145834648204597E+003 -0.145834648204597E+003 -0.145834658769193E+003
  0.268802728419497E+000  0.199246899911995E+001  0.748055817517132E+000  0.107261395167023E+000 -0.131028262406404E+000 -0.145834651733039E+003 -0.145834651733039E+003 -0.145834658261421E+003
