  0.137074920059183E+001  0.118749553794867E+001  0.727673738907285E+000  0.499880306262623E+000 -0.131028262406404E+000 -0.147298501268540E+003 -0.147298501268540E+003
  0.138357889722136E+001  0.112523282421480E+001  0.932986708019471E+000  0.499208207967726E+000 -0.131028262406404E+000 -0.147299256045774E+003 -0.147299256045774E+003
  0.135418631005684E+001  0.115943041017658E+001  0.866396463898350E+000  0.499763032959519E+000 -0.131028262406404E+000 -0.147298725124641E+003 -0.147298725124641E+003
  0.138876741851625E+001  0.117167324410251E+001  0.920007772601222E+000  0.499282805072203E+000 -0.131028262406404E+000 -0.147297897871140E+003 -0.147297897871140E+003
  0.139253974220707E+001  0.117691054547285E+001  0.805014961451936E+000  0.499198593362832E+000 -0.131028262406404E+000 -0.147298577767982E+003 -0.147298577767982E+003
  0.136881516672826E+001  0.114478050624636E+001  0.591433965883525E+000  0.499030394708459E+000 -0.131028262406404E+000 -0.147298925016458E+003 -0.147298925016458E+003
  0.137956191883679E+001  0.117872618119209E+001  0.970623401085285E+000  0.499126740750416E+000 -0.131028262406404E+000 -0.147298724134102E+003 -0.147298724134102E+003
  0.140488835925848E+001  0.112821346859616E+001  0.588030962842154E+000  0.499958740231784E+000 -0.131028262406404E+000 -0.147297652563128E+003 -0.147297652563128E+003
  0.138200204710062E+001  0.119304341315288E+001  0.703176230167993E+000  0.499967157487650E+000 -0.131028262406404E+000 -0.147298953952497E+003 -0.147298953952497E+003
  0.137396486654012E+001  0.116650480082974E+001  0.604929040822019E+000  0.499686278083158E+000 -0.131028262406404E+000 -0.147297142987593E+003 -0.147297142987593E+003
  0.136774496022144E+001  0.113274685356930E+001  0.440100757925533E+000  0.499928977051702E+000 -0.131028262406404E+000 -0.147298401554922E+003 -0.147298401554922E+003
  0.137267436086628E+001  0.116090140594135E+001  0.589591110751697E+000  0.498535272527472E+000 -0.131028262406404E+000 -0.147299155634154E+003 -0.147299155634154E+003
  0.138309290094371E+001  0.114944312158938E+001  0.954174697087738E+000  0.498702770774969E+000 -0.131028262406404E+000 -0.147298412008394E+003 -0.147298412008394E+003
  0.137510042904860E+001  0.114519379603681E+001  0.473193809031053E+000  0.498780294160330E+000 -0.131028262406404E+000 -0.147298837113118E+003 -0.147298837113118E+003
  0.139125239300043E+001  0.113861063616609E+001  0.753399223651795E+000  0.499921285505121E+000 -0.131028262406404E+000 -0.147296672141155E+003 -0.147296672141155E+003
  0.139453414059599E+001  0.116686585309592E+001  0.429472419051354E+000  0.498376901898724E+000 -0.131028262406404E+000 -0.147299250764975E+003 -0.147299250764975E+003
  0.142285423434371E+001  0.115291044746814E+001  0.915966653629332E+000  0.499761516431186E+000 -0.131028262406404E+000 -0.147298904065397E+003 -0.147298904065397E+003
  0.137421949598486E+001  0.114841702874480E+001  0.525436379134287E+000  0.498622904099255E+000 -0.131028262406404E+000 -0.147299042751249E+003 -0.147299042751249E+003
  0.136463636564336E+001  0.116714490966925E+001  0.739932226749091E+000  0.499949493738714E+000 -0.131028262406404E+000 -0.147297289794737E+003 -0.147297289794737E+003
  0.137368821008211E+001  0.116484281213839E+001  0.541317355391962E+000  0.499734067081205E+000 -0.131028262406404E+000 -0.147297019345771E+003 -0.147297019345771E+003
  0.137520766423542E+001  0.115037302653020E+001  0.536546770526712E+000  0.499078277927383E+000 -0.131028262406404E+000 -0.147298105619550E+003 -0.147298105619550E+003
  0.141059712686113E+001  0.116894845544919E+001  0.425094163089055E+000  0.499090358824963E+000 -0.131028262406404E+000 -0.147299314289541E+003 -0.147299314289541E+003
  0.136594021685267E+001  0.116993612095238E+001  0.447001296211729E+000  0.499814461571730E+000 -0.131028262406404E+000 -0.147297529608098E+003 -0.147297529608098E+003
  0.139112768086863E+001  0.112238078970907E+001  0.414427120654021E+000  0.499984531307879E+000 -0.131028262406404E+000 -0.147298063266566E+003 -0.147298063266566E+003
  0.141436078031023E+001  0.112633728179005E+001  0.826060136564884E+000  0.499923319743633E+000 -0.131028262406404E+000 -0.147298445222951E+003 -0.147298445222951E+003
  0.137016628060639E+001  0.116486141329896E+001  0.399040952265780E+000  0.499343444062605E+000 -0.131028262406404E+000 -0.147297927411920E+003 -0.147297927411920E+003
  0.139615009279175E+001  0.114873599007692E+001  0.358307856533787E+000  0.499755784366421E+000 -0.131028262406404E+000 -0.147296628562876E+003 -0.147296628562876E+003
  0.138595571269105E+001  0.112374883872212E+001  0.473593780889292E+000  0.499548166182273E+000 -0.131028262406404E+000 -0.147298760148925E+003 -0.147298760148925E+003
  0.138015902052837E+001  0.113978244137882E+001  0.437678212574050E+000  0.499407277079203E+000 -0.131028262406404E+000 -0.147297749512853E+003 -0.147297749512853E+003
  0.138112839060804E+001  0.117387931820765E+001  0.830164771833908E+000  0.499353263588045E+000 -0.131028262406404E+000 -0.147297913412142E+003 -0.147297913412142E+003
  0.140294700275723E+001  0.113050971559461E+001  0.414325064220293E+000  0.499240827261969E+000 -0.131028262406404E+000 -0.147298491831967E+003 -0.147298491831967E+003
  0.138975536282803E+001  0.113644918627382E+001  0.471942779935198E+000  0.499335725913385E+000 -0.131028262406404E+000 -0.147297783942138E+003 -0.147297783942138E+003
  0.140346392714099E+001  0.113344159045637E+001  0.807070829317566E+000  0.499195817430138E+000 -0.131028262406404E+000 -0.147298367388473E+003 -0.147298367388473E+003
  0.138480742151221E+001  0.119227615041594E+001  0.714173594535150E+000  0.499761590281534E+000 -0.131028262406404E+000 -0.147299253786633E+003 -0.147299253786633E+003
  0.139342187045381E+001  0.111666556857928E+001  0.739181696893523E+000  0.499866169182059E+000 -0.131028262406404E+000 -0.147298977737876E+003 -0.147298977737876E+003
  0.139714780674374E+001  0.113727225380065E+001  0.697477522919480E+000  0.499996054711243E+000 -0.131028262406404E+000 -0.147296686296056E+003 -0.147296686296056E+003
  0.136205679251458E+001  0.114776060358763E+001  0.974615510303479E+000  0.499812894182031E+000 -0.131028262406404E+000 -0.147298037780790E+003 -0.147298037780790E+003
  0.139488226287838E+001  0.117044535712312E+001  0.855109636975515E+000  0.499982939229593E+000 -0.131028262406404E+000 -0.147296831996301E+003 -0.147296831996301E+003
  0.135847950260970E+001  0.114061513537795E+001  0.591067747686687E+000  0.499668371843669E+000 -0.131028262406404E+000 -0.147299239466314E+003 -0.147299239466314E+003
  0.137033039737111E+001  0.116997379760457E+001  0.971436809746667E+000  0.499055135161289E+000 -0.131028262406404E+000 -0.147298620509481E+003 -0.147298620509481E+003
  0.140620558277897E+001  0.114676536215249E+001  0.891600802534459E+000  0.499177524568280E+000 -0.131028262406404E+000 -0.147298019498367E+003 -0.147298019498367E+003
  0.138369975981207E+001  0.118966160038548E+001  0.321010115099408E+000  0.499615256273600E+000 -0.131028262406404E+000 -0.147299110447054E+003 -0.147299110447054E+003
  0.136448207719746E+001  0.115654225432535E+001  0.905258026267036E+000  0.499145997049126E+000 -0.131028262406404E+000 -0.147298717524002E+003 -0.147298717524002E+003
  0.137528462632101E+001  0.118372317955881E+001  0.678896002209140E+000  0.499293870507683E+000 -0.131028262406404E+000 -0.147299001405368E+003 -0.147299001405368E+003
  0.140146599072491E+001  0.112946569099576E+001  0.768462100212420E+000  0.499862860277508E+000 -0.131028262406404E+000 -0.147297567673120E+003 -0.147297567673120E+003
  0.138658149395811E+001  0.114493587592834E+001  0.837957006808316E+000  0.498380087856239E+000 -0.131028262406404E+000 -0.147298998354070E+003 -0.147298998354070E+003
  0.135986645564491E+001  0.116015631680342E+001  0.511025460166130E+000  0.499726795869573E+000 -0.131028262406404E+000 -0.147298088134821E+003 -0.147298088134821E+003
  0.138286303650785E+001  0.117528907223891E+001  0.920351820984846E+000  0.498746566427362E+000 -0.131028262406404E+000 -0.147299066373071E+003 -0.147299066373071E+003
  0.137848841306727E+001  0.115763766860329E+001  0.352730964975771E+000  0.499397534013445E+000 -0.131028262406404E+000 -0.147297290462978E+003 -0.147297290462978E+003
  0.140396768304865E+001  0.113882693684947E+001  0.978916923720074E+000  0.499948589983937E+000 -0.131028262406404E+000 -0.147296922147779E+003 -0.147296922147779E+003
  0.138055887260770E+001  0.115781159269734E+001  0.350754171625939E+000  0.498477565004675E+000 -0.131028262406404E+000 -0.147298827103304E+003 -0.147298827103304E+003
  0.138661708563270E+001  0.115637017843890E+001  0.353029516546397E+000  0.498877605869259E+000 -0.131028262406404E+000 -0.147297982567035E+003 -0.147297982567035E+003
  0.135312505330780E+001  0.117370716274503E+001  0.498881113263196E+000  0.499785288094831E+000 -0.131028262406404E+000 -0.147299028603991E+003 -0.147299028603991E+003
  0.138997859669630E+001  0.115331863696731E+001  0.958417700350636E+000  0.498351546659704E+000 -0.131028262406404E+000 -0.147298841743141E+003 -0.147298841743141E+003
  0.140837430804708E+001  0.117338982570524E+001  0.722795424760274E+000  0.499910674912960E+000 -0.131028262406404E+000 -0.147298209592672E+003 -0.147298209592672E+003
  0.139052483999900E+001  0.116584876629673E+001  0.796905183759020E+000  0.498763626199409E+000 -0.131028262406404E+000 -0.147298456455726E+003 -0.147298456455726E+003
  0.137616787379236E+001  0.112295432281178E+001  0.940419677782871E+000  0.499637386300801E+000 -0.131028262406404E+000 -0.147299316737699E+003 -0.147299316737699E+003
  0.140496497874376E+001  0.113727134421548E+001  0.746415966890831E+000  0.498759527084709E+000 -0.131028262406404E+000 -0.147298886313893E+003 -0.147298886313893E+003
  0.137408848227344E+001  0.115289978571783E+001  0.624218697191172E+000  0.499471846500746E+000 -0.131028262406404E+000 -0.147297416893759E+003 -0.147297416893759E+003
  0.139034002677999E+001  0.117717852624316E+001  0.961291261320614E+000  0.499190657275020E+000 -0.131028262406404E+000 -0.147298544021025E+003 -0.147298544021025E+003
  0.141576401412386E+001  0.115755308576073E+001  0.474651555763729E+000  0.499057060850084E+000 -0.131028262406404E+000 -0.147299209340011E+003 -0.147299209340011E+003
  0.140802130277390E+001  0.113894745702676E+001  0.671394456281887E+000  0.498900968124076E+000 -0.131028262406404E+000 -0.147298752882947E+003 -0.147298752882947E+003
  0.138416535309717E+001  0.116041978282204E+001  0.913266132144646E+000  0.498696489730342E+000 -0.131028262406404E+000 -0.147298386816444E+003 -0.147298386816444E+003
  0.138241950807956E+001  0.113474442311919E+001  0.798431488146174E+000  0.499661855944379E+000 -0.131028262406404E+000 -0.147297584932316E+003 -0.147297584932316E+003
  0.141786149169271E+001  0.114003366425382E+001  0.927083586276884E+000  0.499354785664110E+000 -0.131028262406404E+000 -0.147298844757440E+003 -0.147298844757440E+003
  0.139446175603437E+001  0.115945201596974E+001  0.819115104465349E+000  0.498442141432160E+000 -0.131028262406404E+000 -0.147298819048873E+003 -0.147298819048873E+003
  0.140859316349536E+001  0.117788593082699E+001  0.997161167417136E+000  0.499939193117834E+000 -0.131028262406404E+000 -0.147298667304069E+003 -0.147298667304069E+003
  0.141680038476241E+001  0.116703569287967E+001  0.698427809412113E+000  0.499597209048514E+000 -0.131028262406404E+000 -0.147299110656511E+003 -0.147299110656511E+003
  0.138616850371184E+001  0.116762934130438E+001  0.565232275766289E+000  0.499096958639841E+000 -0.131028262406404E+000 -0.147297944558386E+003 -0.147297944558386E+003
  0.140901462605607E+001  0.116175241354061E+001  0.755321354515573E+000  0.499883898143735E+000 -0.131028262406404E+000 -0.147297450477071E+003 -0.147297450477071E+003
  0.136376645252397E+001  0.116669839002925E+001  0.749454174801027E+000  0.499418077807790E+000 -0.131028262406404E+000 -0.147298337965240E+003 -0.147298337965240E+003
  0.137370847850270E+001  0.114584549823041E+001  0.529463192585931E+000  0.499369338930983E+000 -0.131028262406404E+000 -0.147297861094561E+003 -0.147297861094561E+003
  0.140206480903875E+001  0.116767952176709E+001  0.519563045626701E+000  0.499462872333213E+000 -0.131028262406404E+000 -0.147297896653523E+003 -0.147297896653523E+003
  0.138931934199425E+001  0.118709740660605E+001  0.544212784774708E+000  0.499396899914995E+000 -0.131028262406404E+000 -0.147299287568655E+003 -0.147299287568655E+003
  0.137804685924114E+001  0.112916686597433E+001  0.893130809858343E+000  0.499749465080334E+000 -0.131028262406404E+000 -0.147298219575876E+003 -0.147298219575876E+003
  0.139570035418585E+001  0.112354172005479E+001  0.763638599678991E+000  0.499780828111515E+000 -0.131028262406404E+000 -0.147298203927185E+003 -0.147298203927185E+003
  0.141330191862760E+001  0.112507228676062E+001  0.521050951449223E+000  0.499960531182049E+000 -0.131028262406404E+000 -0.147298420322813E+003 -0.147298420322813E+003
  0.138764883437377E+001  0.115234666465312E+001  0.362248983004724E+000  0.498313973186881E+000 -0.131028262406404E+000 -0.147298928580595E+003 -0.147298928580595E+003
  0.141171304530746E+001  0.115640760968533E+001  0.607614459757390E+000  0.499274906339518E+000 -0.131028262406404E+000 -0.147298414719504E+003 -0.147298414719504E+003
  0.137766344820261E+001  0.116822705923942E+001  0.799110609528277E+000  0.498767970768865E+000 -0.131028262406404E+000 -0.147298698012027E+003 -0.147298698012027E+003
  0.135430021657059E+001  0.115631548350915E+001  0.990589721655275E+000  0.499898386119449E+000 -0.131028262406404E+000 -0.147298513348407E+003 -0.147298513348407E+003
  0.140574878473757E+001  0.114903917801594E+001  0.930125336247428E+000  0.499546593530987E+000 -0.131028262406404E+000 -0.147297401821094E+003 -0.147297401821094E+003
  0.140894139319676E+001  0.114926052368591E+001  0.611090494922194E+000  0.498904398526790E+000 -0.131028262406404E+000 -0.147298619268861E+003 -0.147298619268861E+003
  0.139819979067982E+001  0.113170075484164E+001  0.667252811851746E+000  0.499387339145871E+000 -0.131028262406404E+000 -0.147298054884088E+003 -0.147298054884088E+003
  0.142395392675250E+001  0.114907849702148E+001  0.995885187584266E+000  0.499883567095816E+000 -0.131028262406404E+000 -0.147298795681113E+003 -0.147298795681113E+003
  0.139924420503964E+001  0.114511871896636E+001  0.984282061169329E+000  0.499688430426792E+000 -0.131028262406404E+000 -0.147296904498494E+003 -0.147296904498494E+003
  0.141310996082198E+001  0.115668368307909E+001  0.824262423822564E+000  0.499409448154203E+000 -0.131028262406404E+000 -0.147298358542457E+003 -0.147298358542457E+003
  0.138437573788666E+001  0.113326567282012E+001  0.873460225631112E+000  0.499460868894831E+000 -0.131028262406404E+000 -0.147297968103331E+003 -0.147297968103331E+003
  0.139569567644994E+001  0.115989622652814E+001  0.968127946715360E+000  0.498647097266094E+000 -0.131028262406404E+000 -0.147298524264750E+003 -0.147298524264750E+003
  0.140122469825971E+001  0.115904265837264E+001  0.608931399896950E+000  0.499134338660880E+000 -0.131028262406404E+000 -0.147297934438768E+003 -0.147297934438768E+003
  0.140115231618267E+001  0.115741761682556E+001  0.475475885023900E+000  0.499737795839348E+000 -0.131028262406404E+000 -0.147296917880447E+003 -0.147296917880447E+003
  0.139440421473933E+001  0.115181540321835E+001  0.843083737601047E+000  0.499367365154559E+000 -0.131028262406404E+000 -0.147297192802384E+003 -0.147297192802384E+003
  0.141467176314976E+001  0.116286907722930E+001  0.524991814958949E+000  0.499206118001415E+000 -0.131028262406404E+000 -0.147299139730397E+003 -0.147299139730397E+003
  0.137333189410289E+001  0.114655388795261E+001  0.618374486812783E+000  0.498634556787268E+000 -0.131028262406404E+000 -0.147299162096854E+003 -0.147299162096854E+003
  0.137877426138373E+001  0.114671486353478E+001  0.468028512036063E+000  0.499388573549834E+000 -0.131028262406404E+000 -0.147297487070190E+003 -0.147297487070190E+003
  0.139471044177744E+001  0.116430000620617E+001  0.629614444934837E+000  0.499301603560899E+000 -0.131028262406404E+000 -0.147297584480467E+003 -0.147297584480467E+003
  0.138910397274105E+001  0.112419195450727E+001  0.437885860858758E+000  0.499217104749044E+000 -0.131028262406404E+000 -0.147299136419595E+003 -0.147299136419595E+003
  0.138491841758392E+001  0.117844905911099E+001  0.435179192304485E+000  0.499770726624610E+000 -0.131028262406404E+000 -0.147297563669688E+003 -0.147297563669688E+003
  0.138599042963579E+001  0.114361398388218E+001  0.717035913167464E+000  0.498612033544499E+000 -0.131028262406404E+000 -0.147298673015440E+003 -0.147298673015440E+003
  0.140747968261351E+001  0.116290153328270E+001  0.809557719675661E+000  0.499127424846621E+000 -0.131028262406404E+000 -0.147298548777113E+003 -0.147298548777113E+003
  0.141709353614542E+001  0.113358560454583E+001  0.785795865617901E+000  0.499919633239895E+000 -0.131028262406404E+000 -0.147298197599238E+003 -0.147298197599238E+003
  0.142185258804057E+001  0.116282833096206E+001  0.606110742160133E+000  0.499799846234079E+000 -0.131028262406404E+000 -0.147299199784151E+003 -0.147299199784151E+003
  0.141072956830721E+001  0.116060975341909E+001  0.639696355324640E+000  0.499820688046059E+000 -0.131028262406404E+000 -0.147297657316565E+003 -0.147297657316565E+003
  0.137280486117537E+001  0.114213064845426E+001  0.956387945063513E+000  0.499903692469008E+000 -0.131028262406404E+000 -0.147297191763739E+003 -0.147297191763739E+003
  0.139723102166946E+001  0.116437067434002E+001  0.962495731545764E+000  0.499832516147064E+000 -0.131028262406404E+000 -0.147296821668777E+003 -0.147296821668777E+003
  0.136557970034176E+001  0.113209532741925E+001  0.633169244768506E+000  0.499910030555763E+000 -0.131028262406404E+000 -0.147298742770253E+003 -0.147298742770253E+003
  0.138909544048541E+001  0.114063913760663E+001  0.962991339580603E+000  0.499499110366206E+000 -0.131028262406404E+000 -0.147297267202847E+003 -0.147297267202847E+003
  0.141761319946737E+001  0.113234343966484E+001  0.476655713989818E+000  0.499930621160686E+000 -0.131028262406404E+000 -0.147298301053261E+003 -0.147298301053261E+003
  0.140334818540172E+001  0.116359492795698E+001  0.544467231098356E+000  0.499179447722581E+000 -0.131028262406404E+000 -0.147298189391085E+003 -0.147298189391085E+003
  0.138147976556574E+001  0.113411424744510E+001  0.473214145162891E+000  0.499593141766563E+000 -0.131028262406404E+000 -0.147297798715947E+003 -0.147297798715947E+003
  0.139932525404043E+001  0.114488742567783E+001  0.484144317903861E+000  0.498729216097197E+000 -0.131028262406404E+000 -0.147298446506566E+003 -0.147298446506566E+003
  0.138257461295845E+001  0.114984081593718E+001  0.895049152129769E+000  0.498398016025732E+000 -0.131028262406404E+000 -0.147298947809917E+003 -0.147298947809917E+003
  0.138378054664165E+001  0.115133061881631E+001  0.922332577898778E+000  0.498802837009473E+000 -0.131028262406404E+000 -0.147298182837988E+003 -0.147298182837988E+003
  0.136745766903969E+001  0.116716622205366E+001  0.965978630978948E+000  0.498947882921124E+000 -0.131028262406404E+000 -0.147298911230502E+003 -0.147298911230502E+003
  0.142208611091735E+001  0.115039652972440E+001  0.519686899235501E+000  0.499835446559214E+000 -0.131028262406404E+000 -0.147298627873033E+003 -0.147298627873033E+003
  0.140286428011866E+001  0.114412501750522E+001  0.544790016258065E+000  0.498607861364964E+000 -0.131028262406404E+000 -0.147298784364955E+003 -0.147298784364955E+003
  0.141589592004743E+001  0.113613209745226E+001  0.854468606286455E+000  0.499094584296365E+000 -0.131028262406404E+000 -0.147299167200376E+003 -0.147299167200376E+003
  0.138595052933245E+001  0.113530274069726E+001  0.951771835856194E+000  0.499079577848298E+000 -0.131028262406404E+000 -0.147298383889208E+003 -0.147298383889208E+003
  0.141735901994538E+001  0.113350608164539E+001  0.995280865800060E+000  0.499544573561488E+000 -0.131028262406404E+000 -0.147298770446492E+003 -0.147298770446492E+003
  0.135459572626564E+001  0.114555675299505E+001  0.712921518619060E+000  0.499824609592340E+000 -0.131028262406404E+000 -0.147299119300946E+003 -0.147299119300946E+003
  0.138421247458577E+001  0.116759568301917E+001  0.818980278786026E+000  0.499907601137633E+000 -0.131028262406404E+000 -0.147296551969636E+003 -0.147296551969636E+003
  0.139823615005183E+001  0.118830166291829E+001  0.445322646393938E+000  0.499915818009377E+000 -0.131028262406404E+000 -0.147299096316933E+003 -0.147299096316933E+003
  0.141403421165950E+001  0.115573817819631E+001  0.536598262534175E+000  0.499370467848099E+000 -0.131028262406404E+000 -0.147298481032290E+003 -0.147298481032290E+003
  0.138417014821335E+001  0.116071662305491E+001  0.440620751296740E+000  0.498331388783127E+000 -0.131028262406404E+000 -0.147299026215845E+003 -0.147299026215845E+003
  0.137596112031776E+001  0.114791398124830E+001  0.625100358787120E+000  0.498516536300158E+000 -0.131028262406404E+000 -0.147299131731511E+003 -0.147299131731511E+003
  0.139459468321642E+001  0.112038334435394E+001  0.743525551683467E+000  0.499998822689800E+000 -0.131028262406404E+000 -0.147298248097758E+003 -0.147298248097758E+003
  0.137691213189547E+001  0.117412941934607E+001  0.799710578348250E+000  0.499728348835504E+000 -0.131028262406404E+000 -0.147297350504079E+003 -0.147297350504079E+003
  0.139581211236000E+001  0.114200650269294E+001  0.467186634042678E+000  0.499733531950253E+000 -0.131028262406404E+000 -0.147296842449358E+003 -0.147296842449358E+003
  0.136991268621106E+001  0.114907056807778E+001  0.426233758690894E+000  0.499140596414397E+000 -0.131028262406404E+000 -0.147298424809627E+003 -0.147298424809627E+003
  0.138589643151201E+001  0.115807668059381E+001  0.519818982263490E+000  0.498433876680956E+000 -0.131028262406404E+000 -0.147298770338994E+003 -0.147298770338994E+003
  0.138332917128366E+001  0.114519252201947E+001  0.747321858752146E+000  0.499176723544911E+000 -0.131028262406404E+000 -0.147297726180252E+003 -0.147297726180252E+003
  0.140954868764858E+001  0.114147125828484E+001  0.678091309282275E+000  0.499408501947434E+000 -0.131028262406404E+000 -0.147297992911482E+003 -0.147297992911482E+003
  0.138928611861670E+001  0.115579150363638E+001  0.398024273101667E+000  0.498451479879760E+000 -0.131028262406404E+000 -0.147298684992084E+003 -0.147298684992084E+003
  0.140760670224115E+001  0.118035693908138E+001  0.984168309116111E+000  0.499968368781011E+000 -0.131028262406404E+000 -0.147298810295183E+003 -0.147298810295183E+003
  0.138816691787344E+001  0.112228163284695E+001  0.732536224718451E+000  0.499662675906747E+000 -0.131028262406404E+000 -0.147298673253303E+003 -0.147298673253303E+003
  0.137645565455858E+001  0.112919734081597E+001  0.985297746425557E+000  0.499685276933434E+000 -0.131028262406404E+000 -0.147298438284633E+003 -0.147298438284633E+003
  0.139620639336512E+001  0.113894428117845E+001  0.928209207466885E+000  0.499587709846473E+000 -0.131028262406404E+000 -0.147297227257927E+003 -0.147297227257927E+003
  0.136851861555781E+001  0.115230882856294E+001  0.677775902241676E+000  0.499610367794302E+000 -0.131028262406404E+000 -0.147297587035896E+003 -0.147297587035896E+003
  0.136880322519881E+001  0.114572452711955E+001  0.995620725987846E+000  0.498828730613593E+000 -0.131028262406404E+000 -0.147299239420665E+003 -0.147299239420665E+003
  0.142085931611381E+001  0.116007458071613E+001  0.890288682901233E+000  0.499608432718247E+000 -0.131028262406404E+000 -0.147299160795757E+003 -0.147299160795757E+003
  0.141863538646574E+001  0.117203126837044E+001  0.680642841818110E+000  0.499957406149930E+000 -0.131028262406404E+000 -0.147299286981222E+003 -0.147299286981222E+003
  0.137802251014916E+001  0.113557889841939E+001  0.755449012286576E+000  0.499708720392944E+000 -0.131028262406404E+000 -0.147297665904140E+003 -0.147297665904140E+003
  0.140240582275838E+001  0.116707621561681E+001  0.629467094242538E+000  0.499613050524607E+000 -0.131028262406404E+000 -0.147297639967397E+003 -0.147297639967397E+003
  0.139025924444067E+001  0.115654421553468E+001  0.857097943457656E+000  0.499596852303163E+000 -0.131028262406404E+000 -0.147296769868623E+003 -0.147296769868623E+003
  0.137966898655932E+001  0.116733787995775E+001  0.647990064560294E+000  0.499621481601232E+000 -0.131028262406404E+000 -0.147297091922962E+003 -0.147297091922962E+003
  0.141687564282371E+001  0.114833527993173E+001  0.909267229831301E+000  0.499198460496203E+000 -0.131028262406404E+000 -0.147298893361501E+003 -0.147298893361501E+003
  0.139263595515875E+001  0.115217666559414E+001  0.607347856392167E+000  0.499560782047870E+000 -0.131028262406404E+000 -0.147296842512022E+003 -0.147296842512022E+003
  0.140971644268610E+001  0.117451629056289E+001  0.402712511998577E+000  0.499480734562777E+000 -0.131028262406404E+000 -0.147299133515882E+003 -0.147299133515882E+003
  0.141668766186678E+001  0.113577080071698E+001  0.845845698801325E+000  0.499943595505997E+000 -0.131028262406404E+000 -0.147298016966293E+003 -0.147298016966293E+003
  0.138565913413819E+001  0.115240293323438E+001  0.990041281629795E+000  0.499637046882561E+000 -0.131028262406404E+000 -0.147296707279183E+003 -0.147296707279183E+003
  0.138889725829279E+001  0.117012649958145E+001  0.581786746959082E+000  0.499658053308396E+000 -0.131028262406404E+000 -0.147297159654202E+003 -0.147297159654202E+003
  0.138402921190396E+001  0.115761546225294E+001  0.791700580958957E+000  0.499905358106544E+000 -0.131028262406404E+000 -0.147296268811093E+003 -0.147296268811093E+003
  0.140517562368131E+001  0.116378023079196E+001  0.946341515623949E+000  0.498679286961621E+000 -0.131028262406404E+000 -0.147299124307438E+003 -0.147299124307438E+003
  0.140681711292766E+001  0.113968277711895E+001  0.559036984959355E+000  0.499150420542093E+000 -0.131028262406404E+000 -0.147298270465395E+003 -0.147298270465395E+003
  0.138333331709813E+001  0.114459142110796E+001  0.392684713084617E+000  0.498620402474259E+000 -0.131028262406404E+000 -0.147298703363999E+003 -0.147298703363999E+003
  0.138573774021365E+001  0.113003473723128E+001  0.347502807450589E+000  0.499792697920909E+000 -0.131028262406404E+000 -0.147297665674573E+003 -0.147297665674573E+003
  0.136528948004601E+001  0.114610884839410E+001  0.837035332225007E+000  0.499435675621010E+000 -0.131028262406404E+000 -0.147298465179253E+003 -0.147298465179253E+003
  0.138014068060923E+001  0.115847664196357E+001  0.412445048878014E+000  0.498244050405619E+000 -0.131028262406404E+000 -0.147299259565289E+003 -0.147299259565289E+003
  0.135890319031244E+001  0.115990297873087E+001  0.914888705850068E+000  0.499767976997395E+000 -0.131028262406404E+000 -0.147298121317357E+003 -0.147298121317357E+003
  0.136751880540243E+001  0.116351096160742E+001  0.877591227912381E+000  0.499696238637027E+000 -0.131028262406404E+000 -0.147297446154754E+003 -0.147297446154754E+003
  0.138972065459958E+001  0.116681713762217E+001  0.611298517222119E+000  0.499575881971819E+000 -0.131028262406404E+000 -0.147297121447544E+003 -0.147297121447544E+003
  0.136879317072857E+001  0.116956309975701E+001  0.891727828508594E+000  0.499249397099345E+000 -0.131028262406404E+000 -0.147298347505903E+003 -0.147298347505903E+003
  0.139740788279917E+001  0.116504695839287E+001  0.693285686492317E+000  0.498657075904042E+000 -0.131028262406404E+000 -0.147298786947871E+003 -0.147298786947871E+003
  0.139760809020731E+001  0.116795433079039E+001  0.617601314000447E+000  0.499331836332848E+000 -0.131028262406404E+000 -0.147297861262471E+003 -0.147297861262471E+003
  0.139053068650056E+001  0.117576543004200E+001  0.469152702443010E+000  0.499696332786123E+000 -0.131028262406404E+000 -0.147297566065981E+003 -0.147297566065981E+003
  0.140972670455919E+001  0.114811919250663E+001  0.495457450999273E+000  0.499469857052608E+000 -0.131028262406404E+000 -0.147297811909628E+003 -0.147297811909628E+003
  0.142074440395499E+001  0.113380883670503E+001  0.755091704132254E+000  0.499940492076104E+000 -0.131028262406404E+000 -0.147298543162508E+003 -0.147298543162508E+003
  0.140901727374092E+001  0.115034346881364E+001  0.353614671229410E+000  0.499651180247849E+000 -0.131028262406404E+000 -0.147297482005931E+003 -0.147297482005931E+003
  0.140400816606333E+001  0.116664087746426E+001  0.615793487558302E+000  0.498989995757615E+000 -0.131028262406404E+000 -0.147298720617407E+003 -0.147298720617407E+003
  0.135236763860415E+001  0.117219217523443E+001  0.408833997570360E+000  0.499884973393088E+000 -0.131028262406404E+000 -0.147298873241614E+003 -0.147298873241614E+003
  0.135796287364575E+001  0.117738576119493E+001  0.451902967199929E+000  0.499828618916539E+000 -0.131028262406404E+000 -0.147298589987183E+003 -0.147298589987183E+003
  0.139191991035583E+001  0.115120174171581E+001  0.452900888220293E+000  0.499965703293063E+000 -0.131028262406404E+000 -0.147296171841755E+003 -0.147296171841755E+003
  0.137827336200620E+001  0.111879244429349E+001  0.655260510300132E+000  0.499943252561394E+000 -0.131028262406404E+000 -0.147299231415602E+003 -0.147299231415602E+003
  0.140335427009340E+001  0.116136659401521E+001  0.455125650005446E+000  0.499941604965653E+000 -0.131028262406404E+000 -0.147296872816309E+003 -0.147296872816309E+003
  0.140721343174655E+001  0.113570710657936E+001  0.979323347139681E+000  0.499461879928207E+000 -0.131028262406404E+000 -0.147297998351120E+003 -0.147297998351120E+003
  0.140013945490814E+001  0.112047237856465E+001  0.500562052360809E+000  0.499800372034477E+000 -0.131028262406404E+000 -0.147298567328821E+003 -0.147298567328821E+003
  0.140956614469978E+001  0.114621444925495E+001  0.563012451268901E+000  0.499576424421731E+000 -0.131028262406404E+000 -0.147297647939578E+003 -0.147297647939578E+003
  0.138571500387519E+001  0.113369250271502E+001  0.666387799322902E+000  0.499693640347414E+000 -0.131028262406404E+000 -0.147297495339273E+003 -0.147297495339273E+003
  0.141589566251548E+001  0.112966858976942E+001  0.657234350684820E+000  0.499759556925001E+000 -0.131028262406404E+000 -0.147298555997345E+003 -0.147298555997345E+003
  0.138293774206819E+001  0.114604021331441E+001  0.572961324791039E+000  0.499600553211653E+000 -0.131028262406404E+000 -0.147296982352757E+003 -0.147296982352757E+003
  0.139230101942555E+001  0.115720496575471E+001  0.917965513061870E+000  0.499336649740849E+000 -0.131028262406404E+000 -0.147297239602126E+003 -0.147297239602126E+003
  0.137909347615342E+001  0.118576848378330E+001  0.693587261366015E+000  0.499867812194975E+000 -0.131028262406404E+000 -0.147298145237371E+003 -0.147298145237371E+003
  0.137312984214905E+001  0.117315291566610E+001  0.934281774663718E+000  0.498962196873300E+000 -0.131028262406404E+000 -0.147298803353704E+003 -0.147298803353704E+003
  0.138023198871338E+001  0.113608583252443E+001  0.985252111266161E+000  0.499337130249203E+000 -0.131028262406404E+000 -0.147298134656386E+003 -0.147298134656386E+003
  0.140618568648002E+001  0.113700179492038E+001  0.407789070082810E+000  0.498592813514609E+000 -0.131028262406404E+000 -0.147299214834124E+003 -0.147299214834124E+003
  0.139393983249902E+001  0.115112682486462E+001  0.406101904954693E+000  0.499763689596553E+000 -0.131028262406404E+000 -0.147296538142442E+003 -0.147296538142442E+003
  0.138096795370754E+001  0.114021322379952E+001  0.332953134861855E+000  0.498741099733136E+000 -0.131028262406404E+000 -0.147298827355282E+003 -0.147298827355282E+003
  0.142267503689874E+001  0.113590314393141E+001  0.432440822399151E+000  0.499503265861540E+000 -0.131028262406404E+000 -0.147299300582798E+003 -0.147299300582798E+003
  0.140697254422764E+001  0.114320930487821E+001  0.709608281014583E+000  0.499403761075892E+000 -0.131028262406404E+000 -0.147297779811666E+003 -0.147297779811666E+003
  0.139111114985310E+001  0.115421708114454E+001  0.630821276409094E+000  0.499185164851177E+000 -0.131028262406404E+000 -0.147297447252161E+003 -0.147297447252161E+003
  0.141311223848018E+001  0.112454079723807E+001  0.693069030326821E+000  0.499491546025088E+000 -0.131028262406404E+000 -0.147299140212096E+003 -0.147299140212096E+003
  0.138023965171090E+001  0.114152891397652E+001  0.805987263284425E+000  0.499823229938031E+000 -0.131028262406404E+000 -0.147296923874612E+003 -0.147296923874612E+003
  0.139064648849784E+001  0.114291148999489E+001  0.337966947010295E+000  0.498872633174375E+000 -0.131028262406404E+000 -0.147298183683387E+003 -0.147298183683387E+003
  0.137861840667385E+001  0.114618162120053E+001  0.854879818895871E+000  0.499778868006118E+000 -0.131028262406404E+000 -0.147296839724167E+003 -0.147296839724167E+003
  0.138929424229572E+001  0.113332546248769E+001  0.340281201486791E+000  0.498744490533487E+000 -0.131028262406404E+000 -0.147299003357173E+003 -0.147299003357173E+003
  0.139732058916738E+001  0.115422588382048E+001  0.966222111394809E+000  0.499056179443425E+000 -0.131028262406404E+000 -0.147297786912017E+003 -0.147297786912017E+003
  0.141529404606771E+001  0.115355525751124E+001  0.712739497959763E+000  0.499052833023983E+000 -0.131028262406404E+000 -0.147299027282545E+003 -0.147299027282545E+003
  0.140135007845523E+001  0.118235172070914E+001  0.382737898439030E+000  0.499709774386268E+000 -0.131028262406404E+000 -0.147298870007035E+003 -0.147298870007035E+003
  0.138016133252221E+001  0.113437705038680E+001  0.997563179533801E+000  0.499878436926147E+000 -0.131028262406404E+000 -0.147297358280227E+003 -0.147297358280227E+003
  0.136439112167734E+001  0.116259849402475E+001  0.612922276547198E+000  0.499835098011943E+000 -0.131028262406404E+000 -0.147297438750508E+003 -0.147297438750508E+003
  0.140594756280126E+001  0.113019388858298E+001  0.837648211493249E+000  0.498909549318712E+000 -0.131028262406404E+000 -0.147299139313854E+003 -0.147299139313854E+003
  0.137499346124115E+001  0.115809426737124E+001  0.831670348170863E+000  0.499592313540157E+000 -0.131028262406404E+000 -0.147297106530483E+003 -0.147297106530483E+003
  0.138470357040247E+001  0.114847842254174E+001  0.951091043322095E+000  0.498858174344857E+000 -0.131028262406404E+000 -0.147298121173060E+003 -0.147298121173060E+003
  0.139364603324820E+001  0.114855426878378E+001  0.925696627676154E+000  0.498102601923568E+000 -0.131028262406404E+000 -0.147299299800896E+003 -0.147299299800896E+003
  0.139705902143358E+001  0.113164157155845E+001  0.797981096887700E+000  0.499886923639770E+000 -0.131028262406404E+000 -0.147297252562052E+003 -0.147297252562052E+003
  0.136342950513703E+001  0.115862151218456E+001  0.778363586837079E-001  0.499653906786909E+000 -0.131028262406404E+000 -0.147297860277771E+003 -0.147297860277771E+003
  0.142327317855484E+001  0.113028835506393E+001  0.260384681476403E+000  0.499844466874440E+000 -0.131028262406404E+000 -0.147299160822506E+003 -0.147299160822506E+003
  0.139554836697567E+001  0.117131467941425E+001  0.268115834006185E-001  0.499979084222238E+000 -0.131028262406404E+000 -0.147296933921442E+003 -0.147296933921442E+003
  0.137505953405025E+001  0.115910578735146E+001  0.846482312342330E-001  0.499744048216989E+000 -0.131028262406404E+000 -0.147296838253112E+003 -0.147296838253112E+003
  0.137365082437270E+001  0.118911205162910E+001  0.269048064386355E+000  0.499679119492573E+000 -0.131028262406404E+000 -0.147298969225574E+003 -0.147298969225574E+003
  0.136096984662872E+001  0.117324126357020E+001  0.144405971829043E-001  0.499643951519977E+000 -0.131028262406404E+000 -0.147298415727075E+003 -0.147298415727075E+003
  0.138339171273452E+001  0.112656346893412E+001  0.320765720565416E+000  0.499669609096058E+000 -0.131028262406404E+000 -0.147298338961231E+003 -0.147298338961231E+003
  0.139435612006890E+001  0.115750479495788E+001  0.107242741727872E+000  0.499624271195919E+000 -0.131028262406404E+000 -0.147296816366982E+003 -0.147296816366982E+003
  0.138968064098171E+001  0.114961561485173E+001  0.134720096406690E+000  0.499041526714726E+000 -0.131028262406404E+000 -0.147297713479573E+003 -0.147297713479573E+003
  0.139156030631356E+001  0.118116916652686E+001  0.533637586849867E-001  0.499714268227498E+000 -0.131028262406404E+000 -0.147298112809337E+003 -0.147298112809337E+003
  0.136601120877152E+001  0.114495503331676E+001  0.177558454817929E+000  0.499124736255267E+000 -0.131028262406404E+000 -0.147299022242745E+003 -0.147299022242745E+003
  0.135798422228536E+001  0.117306467630959E+001  0.669809424622030E-001  0.499847425577850E+000 -0.131028262406404E+000 -0.147298321127022E+003 -0.147298321127022E+003
  0.137710293155383E+001  0.112150573968059E+001  0.909472017284362E-001  0.499946711121294E+000 -0.131028262406404E+000 -0.147298917272473E+003 -0.147298917272473E+003
  0.139717658585051E+001  0.116720576962759E+001  0.177640257686445E+000  0.499735751275823E+000 -0.131028262406404E+000 -0.147297133043627E+003 -0.147297133043627E+003
  0.136168996253740E+001  0.114662387003639E+001  0.414225006273612E-001  0.499743926888943E+000 -0.131028262406404E+000 -0.147298269293271E+003 -0.147298269293271E+003
  0.138763484522547E+001  0.117383698846987E+001  0.136659879297542E+000  0.498807931725360E+000 -0.131028262406404E+000 -0.147298854610259E+003 -0.147298854610259E+003
  0.136875025150177E+001  0.115149127631740E+001  0.580159299503288E-001  0.498675606889344E+000 -0.131028262406404E+000 -0.147299286711528E+003 -0.147299286711528E+003
  0.140232680601704E+001  0.113181673130528E+001  0.300604942828593E+000  0.499667985430009E+000 -0.131028262406404E+000 -0.147297708903872E+003 -0.147297708903872E+003
  0.139797410204679E+001  0.112352739500585E+001  0.556417714651395E-001  0.499798631396167E+000 -0.131028262406404E+000 -0.147298186946294E+003 -0.147298186946294E+003
  0.138192051407024E+001  0.113915305169198E+001  0.296171463064051E+000  0.499420051204055E+000 -0.131028262406404E+000 -0.147297686904341E+003 -0.147297686904341E+003
  0.141360886159534E+001  0.114952189462476E+001  0.201295198982728E+000  0.499445212868368E+000 -0.131028262406404E+000 -0.147298198465975E+003 -0.147298198465975E+003
  0.137836984677412E+001  0.116617508318474E+001  0.498129501832392E-003  0.499576456872649E+000 -0.131028262406404E+000 -0.147297157710430E+003 -0.147297157710430E+003
  0.139611623404919E+001  0.112718485664024E+001  0.215572635712153E+000  0.498889708428150E+000 -0.131028262406404E+000 -0.147299231291928E+003 -0.147299231291928E+003
  0.140691317916388E+001  0.113365467429616E+001  0.113046736222307E+000  0.499169708036043E+000 -0.131028262406404E+000 -0.147298547163630E+003 -0.147298547163630E+003
  0.137730743105618E+001  0.117834910364777E+001  0.210551666272926E+000  0.499437615586576E+000 -0.131028262406404E+000 -0.147298181576326E+003 -0.147298181576326E+003
  0.139062317392759E+001  0.113074023565182E+001  0.204681189007730E+000  0.498875125369615E+000 -0.131028262406404E+000 -0.147298979131413E+003 -0.147298979131413E+003
  0.138029835744686E+001  0.118034518500270E+001  0.118201062018444E+000  0.499904369222784E+000 -0.131028262406404E+000 -0.147297496771112E+003 -0.147297496771112E+003
  0.139448261137177E+001  0.113226502209617E+001  0.278106782604908E+000  0.499540508747361E+000 -0.131028262406404E+000 -0.147297733641838E+003 -0.147297733641838E+003
  0.141687497320000E+001  0.113888464810780E+001  0.170461507241594E+000  0.499460241681116E+000 -0.131028262406404E+000 -0.147298622396425E+003 -0.147298622396425E+003
  0.140942437237883E+001  0.115492481973027E+001  0.830006001566056E-001  0.499221905230651E+000 -0.131028262406404E+000 -0.147298246258977E+003 -0.147298246258977E+003
  0.139454749820882E+001  0.114947069889829E+001  0.121426665242383E+000  0.499538695837471E+000 -0.131028262406404E+000 -0.147296933735702E+003 -0.147296933735702E+003
  0.138907298834188E+001  0.117021528219361E+001  0.135922021499280E+000  0.499052375342065E+000 -0.131028262406404E+000 -0.147298195597084E+003 -0.147298195597084E+003
  0.141718293417710E+001  0.116490625966494E+001  0.115639224259814E-001  0.499800274211864E+000 -0.131028262406404E+000 -0.147298694387428E+003 -0.147298694387428E+003
  0.140947731845475E+001  0.117759261582161E+001  0.177637919888685E+000  0.499569449996251E+000 -0.131028262406404E+000 -0.147299306504346E+003 -0.147299306504346E+003
  0.138116263352913E+001  0.118912228313116E+001  0.190320130662095E+000  0.499736790700487E+000 -0.131028262406404E+000 -0.147298796019094E+003 -0.147298796019094E+003
  0.140903553210221E+001  0.116697141672827E+001  0.304073272646631E-001  0.499459648768450E+000 -0.131028262406404E+000 -0.147298431756472E+003 -0.147298431756472E+003
  0.137414003757093E+001  0.114039853419604E+001  0.180412113574866E-001  0.499778842638405E+000 -0.131028262406404E+000 -0.147297429431364E+003 -0.147297429431364E+003
  0.138272052208589E+001  0.114566809313874E+001  0.831486470684318E-002  0.498662892755892E+000 -0.131028262406404E+000 -0.147298610266159E+003 -0.147298610266159E+003
  0.139114482572108E+001  0.117493823842996E+001  0.420089039343007E-001  0.499347077754066E+000 -0.131028262406404E+000 -0.147298101390710E+003 -0.147298101390710E+003
  0.138186594770559E+001  0.114740771476975E+001  0.175307569709689E+000  0.499455927817293E+000 -0.131028262406404E+000 -0.147297216061852E+003 -0.147297216061852E+003
  0.142367070872113E+001  0.114833081152642E+001  0.126664475942433E+000  0.499936966937038E+000 -0.131028262406404E+000 -0.147298668626367E+003 -0.147298668626367E+003
  0.141493512582624E+001  0.113752910043976E+001  0.175467637726231E+000  0.498935553813355E+000 -0.131028262406404E+000 -0.147299261295014E+003 -0.147299261295014E+003
  0.136086516543114E+001  0.117151342715151E+001  0.233732595558012E-001  0.499226197126319E+000 -0.131028262406404E+000 -0.147299134458487E+003 -0.147299134458487E+003
  0.140372506420979E+001  0.118049385929904E+001  0.200383263280248E+000  0.499718694039107E+000 -0.131028262406404E+000 -0.147298833108740E+003 -0.147298833108740E+003
  0.139135730893373E+001  0.112599908981201E+001  0.274439622395260E+000  0.499175149891729E+000 -0.131028262406404E+000 -0.147298943920854E+003 -0.147298943920854E+003
  0.140033402481176E+001  0.115980038094445E+001  0.109220753409048E-001  0.498689035008479E+000 -0.131028262406404E+000 -0.147298632453897E+003 -0.147298632453897E+003
  0.139882975409344E+001  0.117595128536073E+001  0.165324820946033E-001  0.499127490532535E+000 -0.131028262406404E+000 -0.147298915641488E+003 -0.147298915641488E+003
  0.138729154424012E+001  0.112876021434029E+001  0.220016822980721E+000  0.498995425827894E+000 -0.131028262406404E+000 -0.147299060791561E+003 -0.147299060791561E+003
  0.141830790360381E+001  0.113695669462695E+001  0.252517568519210E+000  0.499337682657505E+000 -0.131028262406404E+000 -0.147299011672586E+003 -0.147299011672586E+003
  0.135677097561738E+001  0.117772384216847E+001  0.308444686366441E+000  0.499662390953258E+000 -0.131028262406404E+000 -0.147299052072715E+003 -0.147299052072715E+003
  0.138740519787292E+001  0.117680751581460E+001  0.726410619183080E-001  0.499558774977985E+000 -0.131028262406404E+000 -0.147297814285346E+003 -0.147297814285346E+003
  0.138668293561130E+001  0.113184188766971E+001  0.194891904125362E+000  0.499170068852612E+000 -0.131028262406404E+000 -0.147298496983822E+003 -0.147298496983822E+003
  0.139201708955514E+001  0.114781673202031E+001  0.416898566393021E-001  0.499132279224353E+000 -0.131028262406404E+000 -0.147297597844658E+003 -0.147297597844658E+003
  0.139817741638114E+001  0.118028716764891E+001  0.675867759197434E-001  0.499245345594730E+000 -0.131028262406404E+000 -0.147299142922122E+003 -0.147299142922122E+003
  0.139865120347505E+001  0.113393605276021E+001  0.294562295932728E+000  0.499738329843973E+000 -0.131028262406404E+000 -0.147297342026806E+003 -0.147297342026806E+003
  0.137662634943928E+001  0.117731370397846E+001  0.269421241632068E-001  0.499285144961710E+000 -0.131028262406404E+000 -0.147298384456218E+003 -0.147298384456218E+003
  0.141043321918813E+001  0.117865093350987E+001  0.350704250041867E-001  0.499778934405443E+000 -0.131028262406404E+000 -0.147299215883173E+003 -0.147299215883173E+003
  0.136958043778175E+001  0.115429501367338E+001  0.222468392606500E+000  0.499252052781303E+000 -0.131028262406404E+000 -0.147298102870649E+003 -0.147298102870649E+003
  0.136550692453364E+001  0.119027054587340E+001  0.234275054168757E+000  0.499908559114978E+000 -0.131028262406404E+000 -0.147299025544464E+003 -0.147299025544464E+003
  0.141557461867967E+001  0.116493088695534E+001  0.142221593673901E+000  0.499328396064380E+000 -0.131028262406404E+000 -0.147299199473609E+003 -0.147299199473609E+003
  0.136578851112585E+001  0.114544004787657E+001  0.121347510896532E+000  0.499609890973818E+000 -0.131028262406404E+000 -0.147298134368105E+003 -0.147298134368105E+003
  0.138435095257516E+001  0.116694356567855E+001  0.197732834223886E+000  0.499682950235820E+000 -0.131028262406404E+000 -0.147296906271871E+003 -0.147296906271871E+003
  0.141775681770263E+001  0.116063264293171E+001  0.198887545940735E+000  0.499390450613307E+000 -0.131028262406404E+000 -0.147299101162616E+003 -0.147299101162616E+003
  0.141061780287194E+001  0.115971402452400E+001  0.248000051375247E+000  0.499466822289117E+000 -0.131028262406404E+000 -0.147298146023413E+003 -0.147298146023413E+003
  0.142179100573055E+001  0.114456366134466E+001  0.575739338552459E-001  0.499886053678108E+000 -0.131028262406404E+000 -0.147298469752886E+003 -0.147298469752886E+003
  0.139072041626375E+001  0.114628796089538E+001  0.179859219495903E+000  0.499543491706661E+000 -0.131028262406404E+000 -0.147296952522469E+003 -0.147296952522469E+003
  0.138130942075401E+001  0.115522813857743E+001  0.190859792908428E+000  0.499542696126359E+000 -0.131028262406404E+000 -0.147296941290178E+003 -0.147296941290178E+003
  0.142139720874108E+001  0.115105578605971E+001  0.137782856490836E+000  0.499686379595325E+000 -0.131028262406404E+000 -0.147298763492557E+003 -0.147298763492557E+003
  0.137205566505478E+001  0.115343948004961E+001  0.262253988110402E+000  0.498837079968875E+000 -0.131028262406404E+000 -0.147298677951647E+003 -0.147298677951647E+003
  0.139036506709570E+001  0.112425234145423E+001  0.299357258741799E+000  0.499472906401960E+000 -0.131028262406404E+000 -0.147298678917238E+003 -0.147298678917238E+003
  0.138311869260834E+001  0.113725897431215E+001  0.191790710347875E+000  0.499151300907052E+000 -0.131028262406404E+000 -0.147298223697291E+003 -0.147298223697291E+003
  0.140500612653077E+001  0.115143832036608E+001  0.925609481397820E-001  0.499479860484518E+000 -0.131028262406404E+000 -0.147297462085586E+003 -0.147297462085586E+003
  0.138672066855969E+001  0.116551164949153E+001  0.263762377433090E+000  0.499485959763129E+000 -0.131028262406404E+000 -0.147297179093022E+003 -0.147297179093022E+003
  0.139275223838882E+001  0.114211089505972E+001  0.268336639448564E+000  0.499039299963614E+000 -0.131028262406404E+000 -0.147297935930349E+003 -0.147297935930349E+003
  0.138296285280048E+001  0.116568218940423E+001  0.243512481933735E-001  0.499348434572475E+000 -0.131028262406404E+000 -0.147297439580654E+003 -0.147297439580654E+003
  0.138015241791459E+001  0.112755780006752E+001  0.183879012111193E+000  0.499411418255753E+000 -0.131028262406404E+000 -0.147298838816790E+003 -0.147298838816790E+003
  0.135672613197925E+001  0.114520249872147E+001  0.502831124580155E-001  0.499859165992985E+000 -0.131028262406404E+000 -0.147298775876471E+003 -0.147298775876471E+003
  0.139878186372232E+001  0.112290622033608E+001  0.304778284930425E+000  0.499169192157284E+000 -0.131028262406404E+000 -0.147299247978208E+003 -0.147299247978208E+003
  0.140709886388789E+001  0.113263645946175E+001  0.275479870615774E+000  0.499810312109916E+000 -0.131028262406404E+000 -0.147297647255014E+003 -0.147297647255014E+003
  0.142029503485543E+001  0.113791736894400E+001  0.597595824699208E-001  0.499670689736157E+000 -0.131028262406404E+000 -0.147298713774821E+003 -0.147298713774821E+003
  0.138510612548189E+001  0.113681834754892E+001  0.136122447062669E+000  0.499969527707978E+000 -0.131028262406404E+000 -0.147296807608169E+003 -0.147296807608169E+003
  0.137512694039114E+001  0.115649869574499E+001  0.507812257141490E-001  0.498800419836615E+000 -0.131028262406404E+000 -0.147298508773189E+003 -0.147298508773189E+003
  0.139395947430595E+001  0.117215880662003E+001  0.144225709559396E+000  0.498784036968290E+000 -0.131028262406404E+000 -0.147298911895438E+003 -0.147298911895438E+003
  0.139948607966348E+001  0.113411100330934E+001  0.225104220138248E+000  0.499558046767204E+000 -0.131028262406404E+000 -0.147297633273333E+003 -0.147297633273333E+003
  0.138716043248746E+001  0.116207641090303E+001  0.312741186028205E-001  0.499453875390634E+000 -0.131028262406404E+000 -0.147297107818045E+003 -0.147297107818045E+003
  0.140862128733050E+001  0.112045435356851E+001  0.182643331753180E+000  0.499532079130769E+000 -0.131028262406404E+000 -0.147299236902384E+003 -0.147299236902384E+003
  0.141062856447723E+001  0.117125547063999E+001  0.177169981845081E+000  0.499502174309708E+000 -0.131028262406404E+000 -0.147298881242486E+003 -0.147298881242486E+003
  0.137937309196514E+001  0.117278219915430E+001  0.216185141140028E-001  0.499600015273795E+000 -0.131028262406404E+000 -0.147297431912737E+003 -0.147297431912737E+003
  0.140074675870579E+001  0.114881440904718E+001  0.724425300059124E-001  0.499564374787505E+000 -0.131028262406404E+000 -0.147297099506286E+003 -0.147297099506286E+003
  0.140421224746712E+001  0.112162337836819E+001  0.836389949107831E-001  0.499638069631157E+000 -0.131028262406404E+000 -0.147298773211555E+003 -0.147298773211555E+003
  0.140009478789259E+001  0.116803849505737E+001  0.673077684501293E-001  0.498911547212427E+000 -0.131028262406404E+000 -0.147298685876262E+003 -0.147298685876262E+003
  0.135924237874640E+001  0.114630287716861E+001  0.296716145613995E+000  0.499857187147770E+000 -0.131028262406404E+000 -0.147298376345171E+003 -0.147298376345171E+003
  0.140577897916611E+001  0.114929043213620E+001  0.222115091535942E+000  0.499854057576686E+000 -0.131028262406404E+000 -0.147296926381006E+003 -0.147296926381006E+003
  0.140454809822608E+001  0.114345476919373E+001  0.151390674868783E-001  0.498858873090247E+000 -0.131028262406404E+000 -0.147298482738077E+003 -0.147298482738077E+003
  0.140592224931951E+001  0.112377621481373E+001  0.202023730740839E+000  0.499286915719979E+000 -0.131028262406404E+000 -0.147299133846083E+003 -0.147299133846083E+003
