  0.101699711430624E+000  0.621573825153788E+000  0.492756727490185E+000  0.100080812914510E+000 -0.131028262406404E+000 -0.149223768189823E+003 -0.149223768189823E+003
  0.100465870481195E+000  0.561180537198812E+000  0.190971362480141E+000  0.101996661692423E+000 -0.131028262406404E+000 -0.149223822825200E+003 -0.149223822825200E+003
  0.101208825569812E+000  0.187282426489645E+001  0.449365397754583E+000  0.100044269580640E+000 -0.131028262406404E+000 -0.149224011373233E+003 -0.149224011373233E+003
  0.100574365418174E+000  0.847760024178398E+000  0.725853201702430E+000  0.101582087661567E+000 -0.131028262406404E+000 -0.149224021684861E+003 -0.149224021684861E+003
  0.100486777290289E+000  0.121194450161746E+001  0.830425589854995E-001  0.100952060683362E+000 -0.131028262406404E+000 -0.149224063163663E+003 -0.149224063163663E+003
  0.101250744799302E+000  0.779404672287176E+000  0.145429627809494E+000  0.101348968435609E+000 -0.131028262406404E+000 -0.149224074434535E+003 -0.149224074434535E+003
  0.100491014866390E+000  0.954021148998119E+000  0.108391362882118E+000  0.100736190435913E+000 -0.131028262406404E+000 -0.149223894449351E+003 -0.149223894449351E+003
  0.101066475793378E+000  0.654586642277053E+000  0.215926641966170E+000  0.101342927090889E+000 -0.131028262406404E+000 -0.149223919836330E+003 -0.149223919836330E+003
  0.100822153511643E+000  0.576700223735202E+000  0.246465992735034E-001  0.101827984477682E+000 -0.131028262406404E+000 -0.149223886290581E+003 -0.149223886290581E+003
  0.100550174831938E+000  0.593302665755254E+000  0.855717274434306E+000  0.102141801060095E+000 -0.131028262406404E+000 -0.149223905722608E+003 -0.149223905722608E+003
  0.101309848254202E+000  0.622373283175470E+000  0.639434582187922E+000  0.101224824542870E+000 -0.131028262406404E+000 -0.149223919511555E+003 -0.149223919511555E+003
  0.100103507127471E+000  0.552887071458093E+000  0.671230380567679E+000  0.101983613140152E+000 -0.131028262406404E+000 -0.149223728317034E+003 -0.149223728317034E+003
  0.100708538603062E+000  0.924003970713143E+000  0.377967512652714E+000  0.101661911911500E+000 -0.131028262406404E+000 -0.149224123730252E+003 -0.149224123730252E+003
  0.100109400424602E+000  0.111977107059671E+001  0.645138501738119E+000  0.100841352476454E+000 -0.131028262406404E+000 -0.149223916244986E+003 -0.149223916244986E+003
  0.100459800514544E+000  0.156576831193662E+001  0.652755909108359E-001  0.100104626644041E+000 -0.131028262406404E+000 -0.149223920625750E+003 -0.149223920625750E+003
  0.101194790442796E+000  0.128551429809326E+001  0.194970706981405E+000  0.100207643078764E+000 -0.131028262406404E+000 -0.149224085154429E+003 -0.149224085154429E+003
  0.100411983586265E+000  0.973366473293143E+000  0.796752594258972E+000  0.100108370321855E+000 -0.131028262406404E+000 -0.149223753268514E+003 -0.149223753268514E+003
  0.100055118954878E+000  0.747691103247458E+000  0.318623827857500E+000  0.101793292046784E+000 -0.131028262406404E+000 -0.149223865931651E+003 -0.149223865931651E+003
  0.100117193505607E+000  0.196943611224296E+001  0.536052446997022E+000  0.101025497573780E+000 -0.131028262406404E+000 -0.149223930467382E+003 -0.149223930467382E+003
  0.100265083942588E+000  0.918749516046512E+000  0.266049884246266E+000  0.100282278298637E+000 -0.131028262406404E+000 -0.149223723438053E+003 -0.149223723438053E+003
  0.100413373744708E+000  0.819014915291962E+000  0.736704710579012E+000  0.102249701074542E+000 -0.131028262406404E+000 -0.149224103502568E+003 -0.149224103502568E+003
  0.100925113285538E+000  0.523135726768746E+000  0.611535199389637E+000  0.100816900826873E+000 -0.131028262406404E+000 -0.149223645378824E+003 -0.149223645378824E+003
  0.101267123399998E+000  0.997661020138370E+000  0.207436247666232E+000  0.100257668714559E+000 -0.131028262406404E+000 -0.149223995099206E+003 -0.149223995099206E+003
  0.100261975970410E+000  0.540783941721244E+000  0.157248531667865E+000  0.100199125002242E+000 -0.131028262406404E+000 -0.149223388291079E+003 -0.149223388291079E+003
  0.100625810799520E+000  0.801357721098322E+000  0.184344564938279E+000  0.102167759989766E+000 -0.131028262406404E+000 -0.149224121344664E+003 -0.149224121344664E+003
  0.100887119056733E+000  0.773960061334620E+000  0.210110718069605E+000  0.100579350714198E+000 -0.131028262406404E+000 -0.149223823601400E+003 -0.149223823601400E+003
  0.102466629526761E+000  0.704483067352509E+000  0.291144242603967E+000  0.100035498021884E+000 -0.131028262406404E+000 -0.149224008472498E+003 -0.149224008472498E+003
  0.100142497472437E+000  0.516919349539087E+000  0.462024201526357E+000  0.104057404341839E+000 -0.131028262406404E+000 -0.149224116356745E+003 -0.149224116356745E+003
  0.100822873439025E+000  0.837836006601015E+000  0.153443809645623E+000  0.101840863347767E+000 -0.131028262406404E+000 -0.149224126608538E+003 -0.149224126608538E+003
  0.100738229346640E+000  0.100996040171590E+001  0.589760297000500E+000  0.101392599267378E+000 -0.131028262406404E+000 -0.149224125782851E+003 -0.149224125782851E+003
  0.100810263883608E+000  0.140453562887866E+001  0.424450960660997E+000  0.100222958548291E+000 -0.131028262406404E+000 -0.149224022096670E+003 -0.149224022096670E+003
  0.100210881190889E+000  0.619812673175484E+000  0.458735254625128E+000  0.101032227776244E+000 -0.131028262406404E+000 -0.149223626687567E+003 -0.149223626687567E+003
  0.100908599417412E+000  0.171880187365491E+001  0.572631300861830E+000  0.100433019922900E+000 -0.131028262406404E+000 -0.149224075031566E+003 -0.149224075031566E+003
  0.100129056596220E+000  0.121597704673891E+001  0.669871534374210E+000  0.101307471477006E+000 -0.131028262406404E+000 -0.149224058815246E+003 -0.149224058815246E+003
  0.100156365820334E+000  0.832297314407010E+000  0.618346847325555E+000  0.102387917966419E+000 -0.131028262406404E+000 -0.149224083337613E+003 -0.149224083337613E+003
  0.101111645521162E+000  0.797185986846102E+000  0.143283482899146E+000  0.100388241114353E+000 -0.131028262406404E+000 -0.149223852712716E+003 -0.149223852712716E+003
  0.100106384479704E+000  0.106377084236565E+001  0.837280462027696E+000  0.100882751217121E+000 -0.131028262406404E+000 -0.149223898385205E+003 -0.149223898385205E+003
  0.100620864718714E+000  0.683731521536624E+000  0.699522249647433E+000  0.100913376929042E+000 -0.131028262406404E+000 -0.149223755623183E+003 -0.149223755623183E+003
  0.101208990812094E+000  0.637002544825937E+000  0.288243105474033E+000  0.101714338679832E+000 -0.131028262406404E+000 -0.149224012849504E+003 -0.149224012849504E+003
  0.100202753641247E+000  0.106074842773650E+001  0.607878585814832E+000  0.101877521217519E+000 -0.131028262406404E+000 -0.149224133310599E+003 -0.149224133310599E+003
  0.100618072459747E+000  0.137820153083816E+001  0.277548194489084E+000  0.100584063974234E+000 -0.131028262406404E+000 -0.149224053552536E+003 -0.149224053552536E+003
  0.100028764163807E+000  0.655985720769169E+000  0.716387029673431E+000  0.100240889782420E+000 -0.131028262406404E+000 -0.149223456327811E+003 -0.149223456327811E+003
  0.100556266291203E+000  0.893706011245457E+000  0.984799627088777E+000  0.100515404061763E+000 -0.131028262406404E+000 -0.149223823236568E+003 -0.149223823236568E+003
  0.100221806718275E+000  0.943169787617024E+000  0.923592665187520E+000  0.100817878329170E+000 -0.131028262406404E+000 -0.149223843306132E+003 -0.149223843306132E+003
  0.100021578279417E+000  0.664678859917265E+000  0.801483674320421E+000  0.100848961517781E+000 -0.131028262406404E+000 -0.149223588330884E+003 -0.149223588330884E+003
  0.101007919142992E+000  0.166885787170113E+001  0.409895920833294E+000  0.100467416980019E+000 -0.131028262406404E+000 -0.149224115370790E+003 -0.149224115370790E+003
  0.101852110431487E+000  0.838455223580926E+000  0.873793803091928E+000  0.100112202076490E+000 -0.131028262406404E+000 -0.149223993686699E+003 -0.149223993686699E+003
  0.100240237592924E+000  0.180929788358843E+001  0.240255926211830E+000  0.100715447986418E+000 -0.131028262406404E+000 -0.149223957735966E+003 -0.149223957735966E+003
  0.101176561547334E+000  0.841479484219074E+000  0.139848448307549E-001  0.101301440610682E+000 -0.131028262406404E+000 -0.149224096187217E+003 -0.149224096187217E+003
  0.100219371572602E+000  0.619551723038628E+000  0.263724980546141E+000  0.101314548954632E+000 -0.131028262406404E+000 -0.149223686453495E+003 -0.149223686453495E+003
  0.100714504146568E+000  0.547964160003356E+000  0.481141460669980E+000  0.103024505841486E+000 -0.131028262406404E+000 -0.149224075466719E+003 -0.149224075466719E+003
  0.101328374470848E+000  0.101154897993341E+001  0.946515610041303E+000  0.100048092669662E+000 -0.131028262406404E+000 -0.149223971311130E+003 -0.149223971311130E+003
  0.100481031818916E+000  0.726745202670526E+000  0.653904775067543E-001  0.101951154971838E+000 -0.131028262406404E+000 -0.149223978851313E+003 -0.149223978851313E+003
  0.100820250905346E+000  0.121389641217351E+001  0.691080631370432E+000  0.100538035703582E+000 -0.131028262406404E+000 -0.149224050495235E+003 -0.149224050495235E+003
  0.100367526944945E+000  0.171185157764401E+001  0.448385255423173E+000  0.101127341053821E+000 -0.131028262406404E+000 -0.149224103594387E+003 -0.149224103594387E+003
  0.100726354049759E+000  0.189765471799446E+001  0.105378185545748E+000  0.100789610468491E+000 -0.131028262406404E+000 -0.149224053260536E+003 -0.149224053260536E+003
  0.102787273870111E+000  0.564824282793871E+000  0.427487929719872E-002  0.100853697782941E+000 -0.131028262406404E+000 -0.149224119431794E+003 -0.149224119431794E+003
  0.101049790688993E+000  0.113281082285626E+001  0.631436829662938E-001  0.100784706575154E+000 -0.131028262406404E+000 -0.149224126796545E+003 -0.149224126796545E+003
  0.100399586017354E+000  0.604319952003037E+000  0.164916568211118E+000  0.100246366806645E+000 -0.131028262406404E+000 -0.149223492547473E+003 -0.149223492547473E+003
  0.100191715496756E+000  0.978592739512445E+000  0.287654469121180E+000  0.100163063495753E+000 -0.131028262406404E+000 -0.149223717695127E+003 -0.149223717695127E+003
  0.100203969299087E+000  0.174477718326496E+001  0.871905969375313E+000  0.101269352245938E+000 -0.131028262406404E+000 -0.149224088760156E+003 -0.149224088760156E+003
  0.101264419055950E+000  0.714613566811097E+000  0.643976526617682E-001  0.100476836121881E+000 -0.131028262406404E+000 -0.149223838092399E+003 -0.149223838092399E+003
  0.100385804913042E+000  0.197198491295727E+001  0.730954938663839E+000  0.100054995973026E+000 -0.131028262406404E+000 -0.149223781397022E+003 -0.149223781397022E+003
  0.100425682688556E+000  0.155862755785632E+001  0.423565298751324E+000  0.100696257218461E+000 -0.131028262406404E+000 -0.149224042998978E+003 -0.149224042998978E+003
  0.101810968264740E+000  0.780442827616285E+000  0.772870119413752E+000  0.100643459971268E+000 -0.131028262406404E+000 -0.149224053450229E+003 -0.149224053450229E+003
  0.100358523865962E+000  0.730250377127623E+000  0.204146987885074E+000  0.101664127797997E+000 -0.131028262406404E+000 -0.149223893735226E+003 -0.149223893735226E+003
  0.100040719200140E+000  0.123866075565780E+001  0.250147149626436E+000  0.100826639497302E+000 -0.131028262406404E+000 -0.149223941163591E+003 -0.149223941163591E+003
  0.101948553682812E+000  0.608394248986784E+000  0.220669200528143E+000  0.100591730670265E+000 -0.131028262406404E+000 -0.149223918700673E+003 -0.149223918700673E+003
  0.100152170618473E+000  0.141482285646046E+001  0.805880547886370E+000  0.100061149095831E+000 -0.131028262406404E+000 -0.149223836259513E+003 -0.149223836259513E+003
  0.100883622583305E+000  0.511155875239482E+000  0.698482263631032E+000  0.103001685243617E+000 -0.131028262406404E+000 -0.149224068035300E+003 -0.149224068035300E+003
  0.100115655605074E+000  0.506201439781230E+000  0.542127531013931E+000  0.102650608750460E+000 -0.131028262406404E+000 -0.149223814404362E+003 -0.149223814404362E+003
  0.101574234885312E+000  0.107906471643103E+001  0.148722405601026E+000  0.100378450167240E+000 -0.131028262406404E+000 -0.149224134509554E+003 -0.149224134509554E+003
  0.100657317059002E+000  0.106295093823065E+001  0.621352764724847E+000  0.101087875527746E+000 -0.131028262406404E+000 -0.149224069553903E+003 -0.149224069553903E+003
  0.100323936061298E+000  0.146163530314310E+001  0.217832036604874E+000  0.100973108619592E+000 -0.131028262406404E+000 -0.149224079544173E+003 -0.149224079544173E+003
  0.101242836675784E+000  0.596476279831642E+000  0.641693811435668E+000  0.100745674939239E+000 -0.131028262406404E+000 -0.149223778850832E+003 -0.149223778850832E+003
  0.100281920519241E+000  0.112451086636310E+001  0.436732927165634E+000  0.100635873602605E+000 -0.131028262406404E+000 -0.149223913656699E+003 -0.149223913656699E+003
  0.101108167030475E+000  0.810692822717764E+000  0.631261386708119E+000  0.100604613519027E+000 -0.131028262406404E+000 -0.149223908431828E+003 -0.149223908431828E+003
  0.100211074523865E+000  0.951736954370690E+000  0.807018618076353E+000  0.101034128399750E+000 -0.131028262406404E+000 -0.149223892359536E+003 -0.149223892359536E+003
  0.101455136877864E+000  0.821718681701908E+000  0.737978693975047E-001  0.100049698747759E+000 -0.131028262406404E+000 -0.149223877460271E+003 -0.149223877460271E+003
  0.100673379545598E+000  0.103889132464544E+001  0.930463385568390E+000  0.100248748255159E+000 -0.131028262406404E+000 -0.149223879383490E+003 -0.149223879383490E+003
  0.101073779569741E+000  0.857022813008719E+000  0.164988495689422E-001  0.100079488681942E+000 -0.131028262406404E+000 -0.149223822812348E+003 -0.149223822812348E+003
  0.101276550320161E+000  0.511926085849680E+000  0.377426913626715E+000  0.101966348011543E+000 -0.131028262406404E+000 -0.149223948096848E+003 -0.149223948096848E+003
  0.100187942233324E+000  0.103964696738038E+001  0.185332972175060E+000  0.101110211839621E+000 -0.131028262406404E+000 -0.149223953807912E+003 -0.149223953807912E+003
  0.102409638318618E+000  0.817303125152932E+000  0.412873371962634E+000  0.100085582600421E+000 -0.131028262406404E+000 -0.149224099077196E+003 -0.149224099077196E+003
  0.101474169524300E+000  0.945722931588261E+000  0.563524450283855E-001  0.100500774282732E+000 -0.131028262406404E+000 -0.149224064344578E+003 -0.149224064344578E+003
  0.101805989641980E+000  0.714301523366412E+000  0.468381372251269E+000  0.100554419952995E+000 -0.131028262406404E+000 -0.149223977499201E+003 -0.149223977499201E+003
  0.100140371190813E+000  0.193113170080141E+001  0.718686687962966E+000  0.100864820410157E+000 -0.131028262406404E+000 -0.149223919507762E+003 -0.149223919507762E+003
  0.100978122797213E+000  0.955332244948281E+000  0.435096983533916E+000  0.101049289072151E+000 -0.131028262406404E+000 -0.149224074709668E+003 -0.149224074709668E+003
  0.100537602295503E+000  0.151371902784597E+001  0.691702413665509E+000  0.100540860592892E+000 -0.131028262406404E+000 -0.149224035802895E+003 -0.149224035802895E+003
  0.102030172738045E+000  0.730980019512250E+000  0.485317443074644E+000  0.100874216236009E+000 -0.131028262406404E+000 -0.149224111246100E+003 -0.149224111246100E+003
  0.100070590557184E+000  0.597473938660872E+000  0.622560474047916E+000  0.103540608675398E+000 -0.131028262406404E+000 -0.149224085403345E+003 -0.149224085403345E+003
  0.100856425487426E+000  0.648945950700342E+000  0.830473834604775E+000  0.100167284815274E+000 -0.131028262406404E+000 -0.149223621642054E+003 -0.149223621642054E+003
  0.101631257683198E+000  0.846174945720685E+000  0.973798184719598E+000  0.100683234922696E+000 -0.131028262406404E+000 -0.149224071763492E+003 -0.149224071763492E+003
  0.100203523143459E+000  0.193125338103499E+001  0.288142214441558E+000  0.100214116353871E+000 -0.131028262406404E+000 -0.149223793251134E+003 -0.149223793251134E+003
  0.100104129188282E+000  0.531553850132569E+000  0.273774899089157E+000  0.103451986138500E+000 -0.131028262406404E+000 -0.149224002331655E+003 -0.149224002331655E+003
  0.101419102655348E+000  0.738801176252152E+000  0.608535292523714E+000  0.100008617363498E+000 -0.131028262406404E+000 -0.149223794809050E+003 -0.149223794809050E+003
  0.100518209684488E+000  0.971312805811633E+000  0.659941661736706E-001  0.101371402073784E+000 -0.131028262406404E+000 -0.149224047535905E+003 -0.149224047535905E+003
  0.100542230907491E+000  0.148754861785837E+001  0.833359526327107E-001  0.100769619046829E+000 -0.131028262406404E+000 -0.149224086718541E+003 -0.149224086718541E+003
  0.101195159353574E+000  0.119485149716582E+001  0.287265619598994E+000  0.100245883522526E+000 -0.131028262406404E+000 -0.149224066338787E+003 -0.149224066338787E+003
  0.100326037063660E+000  0.615185340693982E+000  0.828596722992871E+000  0.103072465620685E+000 -0.131028262406404E+000 -0.149224067738632E+003 -0.149224067738632E+003
  0.100182760228769E+000  0.111061976186762E+001  0.155068419799900E+000  0.101166810079042E+000 -0.131028262406404E+000 -0.149223999471214E+003 -0.149223999471214E+003
  0.100265384679727E+000  0.646523709097231E+000  0.981781929167084E+000  0.100890693854823E+000 -0.131028262406404E+000 -0.149223635504638E+003 -0.149223635504638E+003
  0.101062959496046E+000  0.176328164482108E+001  0.180950843214954E+000  0.100240672334278E+000 -0.131028262406404E+000 -0.149224057255123E+003 -0.149224057255123E+003
  0.101259306612374E+000  0.129108376433924E+001  0.159333912277899E+000  0.100188455897357E+000 -0.131028262406404E+000 -0.149224097165358E+003 -0.149224097165358E+003
  0.100259157725019E+000  0.619653476749800E+000  0.476173455176732E-001  0.100913959819150E+000 -0.131028262406404E+000 -0.149223613162664E+003 -0.149223613162664E+003
  0.100028885560800E+000  0.861726862557268E+000  0.856856002402333E-001  0.101312317050107E+000 -0.131028262406404E+000 -0.149223848981372E+003 -0.149223848981372E+003
  0.100207155609027E+000  0.151248905606996E+001  0.662582684310881E+000  0.100308941555838E+000 -0.131028262406404E+000 -0.149223908606456E+003 -0.149223908606456E+003
  0.100862400409685E+000  0.519420792798403E+000  0.622848846408303E+000  0.102264332600725E+000 -0.131028262406404E+000 -0.149223922548522E+003 -0.149223922548522E+003
  0.100807983706748E+000  0.125953563764049E+001  0.721966699618810E+000  0.100686981514591E+000 -0.131028262406404E+000 -0.149224094318871E+003 -0.149224094318871E+003
  0.100147302118159E+000  0.948907896341740E+000  0.238067843955032E+000  0.101995680866356E+000 -0.131028262406404E+000 -0.149224080975674E+003 -0.149224080975674E+003
  0.100316096027916E+000  0.785619629428767E+000  0.213818972286114E+000  0.102055737862080E+000 -0.131028262406404E+000 -0.149224013074227E+003 -0.149224013074227E+003
  0.101242085635358E+000  0.762565225508643E+000  0.954602230906083E+000  0.101281108913833E+000 -0.131028262406404E+000 -0.149224044049304E+003 -0.149224044049304E+003
  0.101173353449398E+000  0.183235805145810E+001  0.193153473797252E+000  0.100542693280563E+000 -0.131028262406404E+000 -0.149224127677567E+003 -0.149224127677567E+003
  0.100378045745532E+000  0.134526535951699E+001  0.776708698652899E+000  0.100485164350920E+000 -0.131028262406404E+000 -0.149223970842411E+003 -0.149223970842411E+003
  0.100264450452967E+000  0.138948935565878E+001  0.470384187870861E+000  0.101117462495132E+000 -0.131028262406404E+000 -0.149224090100530E+003 -0.149224090100530E+003
  0.101052628669755E+000  0.782184852369438E+000  0.901476672436140E+000  0.101793695475026E+000 -0.131028262406404E+000 -0.149224125341228E+003 -0.149224125341228E+003
  0.100037266405424E+000  0.134759641185670E+001  0.882040033071510E+000  0.100128151290801E+000 -0.131028262406404E+000 -0.149223814742345E+003 -0.149223814742345E+003
  0.101295912171881E+000  0.158049573808103E+001  0.372365930096361E+000  0.100157680181218E+000 -0.131028262406404E+000 -0.149224123985137E+003 -0.149224123985137E+003
  0.101153678402886E+000  0.729233746630209E+000  0.613805471167601E+000  0.101866549369934E+000 -0.131028262406404E+000 -0.149224118550453E+003 -0.149224118550453E+003
  0.100474933620707E+000  0.104954361122525E+001  0.149557115390215E+000  0.101249788722707E+000 -0.131028262406404E+000 -0.149224055467920E+003 -0.149224055467920E+003
  0.100529595494410E+000  0.127115870956443E+001  0.151948984533896E+000  0.100243145016828E+000 -0.131028262406404E+000 -0.149223936076069E+003 -0.149223936076069E+003
  0.102421785608759E+000  0.685646407346661E+000  0.589984083595776E+000  0.100214938283713E+000 -0.131028262406404E+000 -0.149224019745186E+003 -0.149224019745186E+003
  0.100753114576284E+000  0.535529217638353E+000  0.276657477931425E+000  0.100466557460646E+000 -0.131028262406404E+000 -0.149223548016164E+003 -0.149223548016164E+003
  0.100695793889609E+000  0.865657948915892E+000  0.409654916280984E+000  0.101195830820863E+000 -0.131028262406404E+000 -0.149223980732674E+003 -0.149223980732674E+003
  0.101426833567318E+000  0.803673693482151E+000  0.963579997822018E+000  0.101169483680874E+000 -0.131028262406404E+000 -0.149224096367593E+003 -0.149224096367593E+003
  0.100678963317858E+000  0.867692973157037E+000  0.859287185602519E+000  0.101169284789768E+000 -0.131028262406404E+000 -0.149223972668295E+003 -0.149223972668295E+003
  0.100471041877562E+000  0.185512811585913E+001  0.216172573503604E+000  0.100787472231657E+000 -0.131028262406404E+000 -0.149224010765076E+003 -0.149224010765076E+003
  0.100983882191546E+000  0.104931637123499E+001  0.934445389500502E+000  0.101041272776827E+000 -0.131028262406404E+000 -0.149224128016235E+003 -0.149224128016235E+003
  0.100002126045527E+000  0.613813730204878E+000  0.215376958240503E+000  0.100110000590324E+000 -0.131028262406404E+000 -0.149223384004718E+003 -0.149223384004718E+003
  0.100751486331338E+000  0.960228737344575E+000  0.120745354717848E+000  0.101163109380548E+000 -0.131028262406404E+000 -0.149224049932858E+003 -0.149224049932858E+003
  0.100672944148293E+000  0.169296233819432E+001  0.936742935074648E-001  0.100189452256418E+000 -0.131028262406404E+000 -0.149223972534933E+003 -0.149223972534933E+003
  0.101720177513169E+000  0.704648479396171E+000  0.900881865295487E+000  0.100013265786480E+000 -0.131028262406404E+000 -0.149223834809591E+003 -0.149223834809591E+003
  0.101888074459333E+000  0.584311108865758E+000  0.900375661656180E+000  0.100447128379204E+000 -0.131028262406404E+000 -0.149223850609493E+003 -0.149223850609493E+003
  0.100298222265572E+000  0.122300179499518E+001  0.468524089107625E+000  0.100969066685718E+000 -0.131028262406404E+000 -0.149224026831766E+003 -0.149224026831766E+003
  0.100061695956015E+000  0.133889478738487E+001  0.285149740844593E+000  0.100009228894672E+000 -0.131028262406404E+000 -0.149223792808069E+003 -0.149223792808069E+003
  0.100157178452078E+000  0.101652630623677E+001  0.964598838952881E+000  0.101472414167621E+000 -0.131028262406404E+000 -0.149224011929181E+003 -0.149224011929181E+003
  0.103377917077147E+000  0.540334361323788E+000  0.541677390380559E+000  0.100118970589416E+000 -0.131028262406404E+000 -0.149224072392937E+003 -0.149224072392937E+003
  0.100123868588558E+000  0.739316356227985E+000  0.816565245871849E+000  0.100166719057196E+000 -0.131028262406404E+000 -0.149223534946205E+003 -0.149223534946205E+003
  0.101518605843129E+000  0.199741843252177E+001  0.950041410087540E-001  0.100383570293627E+000 -0.131028262406404E+000 -0.149224099548866E+003 -0.149224099548866E+003
  0.100943257569647E+000  0.587495434499869E+000  0.762698341822789E+000  0.102267436641146E+000 -0.131028262406404E+000 -0.149224015899105E+003 -0.149224015899105E+003
  0.101281785526684E+000  0.680959010615608E+000  0.173499122353069E+000  0.100301991043822E+000 -0.131028262406404E+000 -0.149223775389973E+003 -0.149223775389973E+003
  0.100278709504089E+000  0.537812397436727E+000  0.209315867093179E+000  0.101274740119987E+000 -0.131028262406404E+000 -0.149223608019445E+003 -0.149223608019445E+003
  0.100303833174113E+000  0.148260609856852E+001  0.171834370455546E+000  0.100345935037788E+000 -0.131028262406404E+000 -0.149223938435688E+003 -0.149223938435688E+003
  0.101927210260806E+000  0.833721998599608E+000  0.640544448379337E-001  0.100080234572826E+000 -0.131028262406404E+000 -0.149224000408818E+003 -0.149224000408818E+003
  0.101997945492361E+000  0.658328552267678E+000  0.450236906835343E+000  0.100001152798019E+000 -0.131028262406404E+000 -0.149223853434253E+003 -0.149223853434253E+003
  0.100861272810522E+000  0.161424620477705E+001  0.830543800510408E+000  0.100224481227222E+000 -0.131028262406404E+000 -0.149224035525085E+003 -0.149224035525085E+003
  0.100837719046779E+000  0.167665764798338E+001  0.734438013797827E+000  0.100218200196468E+000 -0.131028262406404E+000 -0.149224019827356E+003 -0.149224019827356E+003
  0.100037508323517E+000  0.156077913739601E+001  0.181362668446370E+000  0.100456984071712E+000 -0.131028262406404E+000 -0.149223900719331E+003 -0.149223900719331E+003
  0.101869616876558E+000  0.820968269137863E+000  0.859033753920784E+000  0.100412046819782E+000 -0.131028262406404E+000 -0.149224049094934E+003 -0.149224049094934E+003
  0.100485603717211E+000  0.666964677785146E+000  0.979326857419399E-001  0.102402199651675E+000 -0.131028262406404E+000 -0.149224018386896E+003 -0.149224018386896E+003
  0.101570288719900E+000  0.582156208602362E+000  0.594072386335081E+000  0.100110694944381E+000 -0.131028262406404E+000 -0.149223706559489E+003 -0.149223706559489E+003
  0.102152022309383E+000  0.522839224052193E+000  0.526054261828131E+000  0.101682498333717E+000 -0.131028262406404E+000 -0.149224101987202E+003 -0.149224101987202E+003
  0.100229018947729E+000  0.504318798893032E+000  0.934732387458303E+000  0.102142513927507E+000 -0.131028262406404E+000 -0.149223735778036E+003 -0.149223735778036E+003
  0.101359882670037E+000  0.101705881669681E+001  0.139383405211126E+000  0.100539711036478E+000 -0.131028262406404E+000 -0.149224088490072E+003 -0.149224088490072E+003
  0.101595827325378E+000  0.534767227095465E+000  0.104234420670938E+000  0.101663356541072E+000 -0.131028262406404E+000 -0.149223984257335E+003 -0.149223984257335E+003
  0.100955216572200E+000  0.191330805197230E+001  0.289973916420829E+000  0.100220106043070E+000 -0.131028262406404E+000 -0.149223974991996E+003 -0.149223974991996E+003
  0.101111951526498E+000  0.541029611162517E+000  0.651887596531863E+000  0.101435640722737E+000 -0.131028262406404E+000 -0.149223833883627E+003 -0.149223833883627E+003
  0.100368097029329E+000  0.997684751657204E+000  0.605526198396979E+000  0.101182867232416E+000 -0.131028262406404E+000 -0.149223987945414E+003 -0.149223987945414E+003
  0.100163367077087E+000  0.740241872084050E+000  0.198243346384172E+000  0.102900123901013E+000 -0.131028262406404E+000 -0.149224115227950E+003 -0.149224115227950E+003
  0.100964290580318E+000  0.877602974256100E+000  0.212479538482089E+000  0.101350208912740E+000 -0.131028262406404E+000 -0.149224084159031E+003 -0.149224084159031E+003
  0.101257081436121E+000  0.660910576482189E+000  0.297967400100274E+000  0.101952902397971E+000 -0.131028262406404E+000 -0.149224097048169E+003 -0.149224097048169E+003
  0.100972487913263E+000  0.184482601704717E+001  0.957140025760340E+000  0.100748816026602E+000 -0.131028262406404E+000 -0.149224122055600E+003 -0.149224122055600E+003
  0.101134320506177E+000  0.174742573349926E+001  0.625939737167277E+000  0.100084311186565E+000 -0.131028262406404E+000 -0.149224043388964E+003 -0.149224043388964E+003
  0.101277085027214E+000  0.669947316032741E+000  0.433113981559423E+000  0.100184291998447E+000 -0.131028262406404E+000 -0.149223739628712E+003 -0.149223739628712E+003
  0.101214409636167E+000  0.178233176502620E+001  0.298739001196609E+000  0.100343470295136E+000 -0.131028262406404E+000 -0.149224109409402E+003 -0.149224109409402E+003
  0.102644001777532E+000  0.569262080992251E+000  0.328859640350278E+000  0.100506212638420E+000 -0.131028262406404E+000 -0.149224018595637E+003 -0.149224018595637E+003
  0.102298558593243E+000  0.596320014614875E+000  0.643232903966615E+000  0.100875659925971E+000 -0.131028262406404E+000 -0.149224045614084E+003 -0.149224045614084E+003
  0.100283364606383E+000  0.791748721547621E+000  0.187430217726832E+000  0.102481073478545E+000 -0.131028262406404E+000 -0.149224099877706E+003 -0.149224099877706E+003
  0.102079929210449E+000  0.759880408346551E+000  0.959724802935670E+000  0.100412962655887E+000 -0.131028262406404E+000 -0.149224048680901E+003 -0.149224048680901E+003
  0.100057220331030E+000  0.178757534553353E+001  0.616088687755928E+000  0.101261882303146E+000 -0.131028262406404E+000 -0.149224041031697E+003 -0.149224041031697E+003
  0.101147386616073E+000  0.124403359447777E+001  0.410626157856365E+000  0.100099785942731E+000 -0.131028262406404E+000 -0.149224039137200E+003 -0.149224039137200E+003
  0.100213870591962E+000  0.185742126234707E+001  0.966179242049240E+000  0.100642407075303E+000 -0.131028262406404E+000 -0.149223918958531E+003 -0.149223918958531E+003
  0.100520624793932E+000  0.143867893632108E+001  0.392095931235968E+000  0.100272335025257E+000 -0.131028262406404E+000 -0.149223969673952E+003 -0.149223969673952E+003
  0.100409154807385E+000  0.549475409095262E+000  0.217794499017852E+000  0.102796200067263E+000 -0.131028262406404E+000 -0.149223960081236E+003 -0.149223960081236E+003
  0.100335848761479E+000  0.506985386952058E+000  0.496439291875281E+000  0.102677814791254E+000 -0.131028262406404E+000 -0.149223871407836E+003 -0.149223871407836E+003
  0.101047107339915E+000  0.711095536675997E+000  0.296188591627277E+000  0.101652309881569E+000 -0.131028262406404E+000 -0.149224032671382E+003 -0.149224032671382E+003
  0.100937551723067E+000  0.863094586656956E+000  0.170768390516730E+000  0.101234093241733E+000 -0.131028262406404E+000 -0.149224042730326E+003 -0.149224042730326E+003
  0.100278015759665E+000  0.192753966534875E+001  0.338600841277003E+000  0.100421814495865E+000 -0.131028262406404E+000 -0.149223856990522E+003 -0.149223856990522E+003
  0.100755210848494E+000  0.154233398746156E+001  0.968089231631014E+000  0.100294632516106E+000 -0.131028262406404E+000 -0.149224031488137E+003 -0.149224031488137E+003
  0.100061938361293E+000  0.946756012496616E+000  0.633821571895523E+000  0.101612245274225E+000 -0.131028262406404E+000 -0.149223978070865E+003 -0.149223978070865E+003
  0.100144813262023E+000  0.127834365905848E+001  0.141589898200166E+000  0.101149068401137E+000 -0.131028262406404E+000 -0.149224046703271E+003 -0.149224046703271E+003
  0.100295353399076E+000  0.160257990164756E+001  0.287854536161165E+000  0.101081568408306E+000 -0.131028262406404E+000 -0.149224094063473E+003 -0.149224094063473E+003
  0.100641115132870E+000  0.947714260740771E+000  0.842482995687501E+000  0.101033428360911E+000 -0.131028262406404E+000 -0.149223988813784E+003 -0.149223988813784E+003
  0.100537662747516E+000  0.173976531045296E+001  0.596973978303621E-001  0.100840781439126E+000 -0.131028262406404E+000 -0.149224073820949E+003 -0.149224073820949E+003
  0.100140634652326E+000  0.102856178895899E+001  0.256655164776103E+000  0.100178275467036E+000 -0.131028262406404E+000 -0.149223736781864E+003 -0.149223736781864E+003
  0.100078349735351E+000  0.120921513407952E+001  0.101380510074117E-001  0.101193276010059E+000 -0.131028262406404E+000 -0.149224019967261E+003 -0.149224019967261E+003
  0.101100322693216E+000  0.743258105066781E+000  0.105124711230376E+000  0.101257514853164E+000 -0.131028262406404E+000 -0.149223990110074E+003 -0.149223990110074E+003
  0.101452771290507E+000  0.189144915321418E+001  0.289973427610788E+000  0.100257429408039E+000 -0.131028262406404E+000 -0.149224106767519E+003 -0.149224106767519E+003
  0.100206651247076E+000  0.160556168477951E+001  0.156959428980045E+000  0.100809453001451E+000 -0.131028262406404E+000 -0.149224013602374E+003 -0.149224013602374E+003
  0.100649779870257E+000  0.852817658961328E+000  0.539825483982665E-001  0.100605544460900E+000 -0.131028262406404E+000 -0.149223835250860E+003 -0.149223835250860E+003
  0.101314872778137E+000  0.171667452554506E+001  0.203071642043384E+000  0.100025615208523E+000 -0.131028262406404E+000 -0.149224079230688E+003 -0.149224079230688E+003
  0.101570056857946E+000  0.193379417905574E+001  0.287148976201700E+000  0.100217938386396E+000 -0.131028262406404E+000 -0.149224106566569E+003 -0.149224106566569E+003
  0.100768823852165E+000  0.124481583497983E+001  0.811619385920531E+000  0.100601290840129E+000 -0.131028262406404E+000 -0.149224062210213E+003 -0.149224062210213E+003
  0.100512311499600E+000  0.654621878829543E+000  0.948158610723240E-001  0.101516231459453E+000 -0.131028262406404E+000 -0.149223829042486E+003 -0.149223829042486E+003
  0.100387488460025E+000  0.704833157751263E+000  0.456286818259675E-001  0.100315767512696E+000 -0.131028262406404E+000 -0.149223596622299E+003 -0.149223596622299E+003
  0.100946010809146E+000  0.143101572535884E+001  0.943773574859921E+000  0.100028727772654E+000 -0.131028262406404E+000 -0.149224013353521E+003 -0.149224013353521E+003
  0.100067664353629E+000  0.190967757068664E+001  0.732732936876367E+000  0.101346493108477E+000 -0.131028262406404E+000 -0.149224016429464E+003 -0.149224016429464E+003
  0.100788026079412E+000  0.546478855640986E+000  0.139219480693834E+000  0.102110192094943E+000 -0.131028262406404E+000 -0.149223904002656E+003 -0.149223904002656E+003
  0.100510315241209E+000  0.128223850334541E+001  0.247738454383340E+000  0.100180886738444E+000 -0.131028262406404E+000 -0.149223920894010E+003 -0.149223920894010E+003
  0.100261245967897E+000  0.138254601419480E+001  0.116832300206488E+000  0.100912384317542E+000 -0.131028262406404E+000 -0.149224043500380E+003 -0.149224043500380E+003
  0.100093365924033E+000  0.632374003981159E+000  0.714038368190589E+000  0.103457140136640E+000 -0.131028262406404E+000 -0.149224110287302E+003 -0.149224110287302E+003
  0.101322440401077E+000  0.752868504669438E+000  0.501057352648493E+000  0.101542027592254E+000 -0.131028262406404E+000 -0.149224109568949E+003 -0.149224109568949E+003
  0.100232931589147E+000  0.194620450356785E+001  0.246288909099943E+000  0.100904980698509E+000 -0.131028262406404E+000 -0.149223942532481E+003 -0.149223942532481E+003
  0.101000452156897E+000  0.750415501743640E+000  0.754393713195334E+000  0.100830992044767E+000 -0.131028262406404E+000 -0.149223883273387E+003 -0.149223883273387E+003
  0.101128466307666E+000  0.159433959154872E+001  0.431390208717813E+000  0.100363517494119E+000 -0.131028262406404E+000 -0.149224129821702E+003 -0.149224129821702E+003
  0.100534263136013E+000  0.177318153920859E+001  0.122208080588584E+000  0.100169725300050E+000 -0.131028262406404E+000 -0.149223917281000E+003 -0.149223917281000E+003
  0.100435510793538E+000  0.512105325062207E+000  0.355552400873061E+000  0.100966628907330E+000 -0.131028262406404E+000 -0.149223553252553E+003 -0.149223553252553E+003
  0.101591279774412E+000  0.856540463694297E+000  0.711014945445069E+000  0.100878199590356E+000 -0.131028262406404E+000 -0.149224112116424E+003 -0.149224112116424E+003
  0.101376789321274E+000  0.782485751897220E+000  0.782155906606138E+000  0.100808591007329E+000 -0.131028262406404E+000 -0.149223991018961E+003 -0.149223991018961E+003
  0.100001670084139E+000  0.112096623015618E+001  0.905752423177768E-001  0.101296086997469E+000 -0.131028262406404E+000 -0.149223989990119E+003 -0.149223989990119E+003
  0.100838777672517E+000  0.645668727327899E+000  0.544144841372715E+000  0.101023428136613E+000 -0.131028262406404E+000 -0.149223792777846E+003 -0.149223792777846E+003
  0.100247273278800E+000  0.119044481181169E+001  0.378989354471486E+000  0.100308381545083E+000 -0.131028262406404E+000 -0.149223860376295E+003 -0.149223860376295E+003
  0.101277117661775E+000  0.500027153912013E+000  0.358984160693085E+000  0.102763528230913E+000 -0.131028262406404E+000 -0.149224097352091E+003 -0.149224097352091E+003
  0.100130211769461E+000  0.814569247186042E+000  0.128795000716048E+000  0.100679869247784E+000 -0.131028262406404E+000 -0.149223703813935E+003 -0.149223703813935E+003
  0.100442939419349E+000  0.193786117128167E+001  0.445918250163243E+000  0.100466371803836E+000 -0.131028262406404E+000 -0.149223899871211E+003 -0.149223899871211E+003
  0.100877140830327E+000  0.176170976758160E+001  0.987550965128959E+000  0.100291401067014E+000 -0.131028262406404E+000 -0.149224026038459E+003 -0.149224026038459E+003
  0.100483551710215E+000  0.175104441778151E+001  0.159032291403627E+000  0.100900327558999E+000 -0.131028262406404E+000 -0.149224071440084E+003 -0.149224071440084E+003
  0.100418460138939E+000  0.137425973159186E+001  0.400814598491648E+000  0.100827367047004E+000 -0.131028262406404E+000 -0.149224060091526E+003 -0.149224060091526E+003
  0.100187830299872E+000  0.503970439839961E+000  0.196480213647209E+000  0.100979161832837E+000 -0.131028262406404E+000 -0.149223490925384E+003 -0.149223490925384E+003
  0.100335230630992E+000  0.902182103351645E+000  0.138237671614973E+000  0.101586483829180E+000 -0.131028262406404E+000 -0.149224006379459E+003 -0.149224006379459E+003
  0.102813908949256E+000  0.614321088316347E+000  0.452443030829275E-001  0.100271509048502E+000 -0.131028262406404E+000 -0.149224053151242E+003 -0.149224053151242E+003
  0.100489009372440E+000  0.188890455547687E+001  0.145025290723592E+000  0.101353665060826E+000 -0.131028262406404E+000 -0.149224124760662E+003 -0.149224124760662E+003
  0.101969474557452E+000  0.648962582106838E+000  0.924435440336009E+000  0.100579754264329E+000 -0.131028262406404E+000 -0.149223960325399E+003 -0.149223960325399E+003
  0.102035617809705E+000  0.799335735195058E+000  0.998111880463702E+000  0.100277261681493E+000 -0.131028262406404E+000 -0.149224041287548E+003 -0.149224041287548E+003
  0.100260029874131E+000  0.687611960986818E+000  0.161961883784559E+000  0.101184029993335E+000 -0.131028262406404E+000 -0.149223733100528E+003 -0.149223733100528E+003
  0.100933564406899E+000  0.654914898026312E+000  0.787954420844178E+000  0.102153116400345E+000 -0.131028262406404E+000 -0.149224058408743E+003 -0.149224058408743E+003
  0.100860151993413E+000  0.178812386872440E+001  0.117416395246486E+000  0.100225836020183E+000 -0.131028262406404E+000 -0.149224000227909E+003 -0.149224000227909E+003
  0.101804702926493E+000  0.952538223848125E+000  0.295677202619093E+000  0.100416134179438E+000 -0.131028262406404E+000 -0.149224126052235E+003 -0.149224126052235E+003
  0.102531060400248E+000  0.508472897843232E+000  0.385991305377751E+000  0.100207699887825E+000 -0.131028262406404E+000 -0.149223865988931E+003 -0.149223865988931E+003
  0.100809382189649E+000  0.198549690016261E+001  0.447819205856660E+000  0.100011456511313E+000 -0.131028262406404E+000 -0.149223862100307E+003 -0.149223862100307E+003
  0.100273450055799E+000  0.136865477223460E+001  0.781485540981281E+000  0.101092456167273E+000 -0.131028262406404E+000 -0.149224083554845E+003 -0.149224083554845E+003
  0.100811679092149E+000  0.658854598996870E+000  0.119637202952388E+000  0.100734277829557E+000 -0.131028262406404E+000 -0.149223738849833E+003 -0.149223738849833E+003
  0.100222299401347E+000  0.794809216167079E+000  0.868458919788690E+000  0.101838778050403E+000 -0.131028262406404E+000 -0.149223953304386E+003 -0.149223953304386E+003
  0.100634841971230E+000  0.188276968404132E+001  0.608188382970769E-001  0.100481545981396E+000 -0.131028262406404E+000 -0.149223971140081E+003 -0.149223971140081E+003
  0.100137062753960E+000  0.135642369863608E+001  0.874001956007094E-001  0.101372136384529E+000 -0.131028262406404E+000 -0.149224110817285E+003 -0.149224110817285E+003
  0.100811272144462E+000  0.111074729433097E+001  0.195249773357047E+000  0.100464763354176E+000 -0.131028262406404E+000 -0.149223992446337E+003 -0.149223992446337E+003
  0.100182772765735E+000  0.176180939671687E+001  0.486190130912090E+000  0.100465919077166E+000 -0.131028262406404E+000 -0.149223904158820E+003 -0.149223904158820E+003
  0.100075987233044E+000  0.189478814034655E+001  0.474975243015161E+000  0.100413471536330E+000 -0.131028262406404E+000 -0.149223822833918E+003 -0.149223822833918E+003
  0.100580714398348E+000  0.563833352990865E+000  0.878542019903137E+000  0.100964873743426E+000 -0.131028262406404E+000 -0.149223640638544E+003 -0.149223640638544E+003
  0.101142237646456E+000  0.584946201113252E+000  0.397872914857584E+000  0.102282172842944E+000 -0.131028262406404E+000 -0.149224062046146E+003 -0.149224062046146E+003
  0.100590796052715E+000  0.870568366663034E+000  0.618523427563512E+000  0.100033821903822E+000 -0.131028262406404E+000 -0.149223712598665E+003 -0.149223712598665E+003
  0.100814460134760E+000  0.177310129629761E+001  0.332264571393747E+000  0.100025828392156E+000 -0.131028262406404E+000 -0.149223950159506E+003 -0.149223950159506E+003
  0.100225413153558E+000  0.105570234412620E+001  0.214148563307894E+000  0.101118113359699E+000 -0.131028262406404E+000 -0.149223972494148E+003 -0.149223972494148E+003
  0.101368733203386E+000  0.907969260816354E+000  0.387399254273837E+000  0.101063350079493E+000 -0.131028262406404E+000 -0.149224137006424E+003 -0.149224137006424E+003
  0.100326250185172E+000  0.606849406610395E+000  0.876407402047949E-001  0.100494388487763E+000 -0.131028262406404E+000 -0.149223529525238E+003 -0.149223529525238E+003
  0.100473212762377E+000  0.682924502131691E+000  0.827193258565554E+000  0.100533875399047E+000 -0.131028262406404E+000 -0.149223642205021E+003 -0.149223642205021E+003
  0.100026755563483E+000  0.715624408237750E+000  0.939724905698586E+000  0.100667488996788E+000 -0.131028262406404E+000 -0.149223597307641E+003 -0.149223597307641E+003
  0.100017241132321E+000  0.860919261055842E+000  0.747090770375934E+000  0.101948823173520E+000 -0.131028262406404E+000 -0.149223980129525E+003 -0.149223980129525E+003
  0.100359299181397E+000  0.584169544031507E+000  0.500775691712740E+000  0.101441751767982E+000 -0.131028262406404E+000 -0.149223708971459E+003 -0.149223708971459E+003
  0.100362378967325E+000  0.187541733323492E+001  0.244303040076200E+000  0.100370876156011E+000 -0.131028262406404E+000 -0.149223887254471E+003 -0.149223887254471E+003
  0.100541218350563E+000  0.179095958083519E+001  0.298173394996760E+000  0.100309748857966E+000 -0.131028262406404E+000 -0.149223944349078E+003 -0.149223944349078E+003
  0.100482296419692E+000  0.108179781921951E+001  0.937203936086618E+000  0.100264081144495E+000 -0.131028262406404E+000 -0.149223860055695E+003 -0.149223860055695E+003
  0.100852132777735E+000  0.503164806994336E+000  0.157696220991125E-001  0.101994937376412E+000 -0.131028262406404E+000 -0.149223847010474E+003 -0.149223847010474E+003
  0.100247057267294E+000  0.148795356715227E+001  0.139976211935262E+000  0.100175246802526E+000 -0.131028262406404E+000 -0.149223888118622E+003 -0.149223888118622E+003
  0.100251832998974E+000  0.183533283085766E+001  0.707124675992563E+000  0.100429676811680E+000 -0.131028262406404E+000 -0.149223889456136E+003 -0.149223889456136E+003
  0.100587165658874E+000  0.567946443146119E+000  0.912932868474876E+000  0.100050100062184E+000 -0.131028262406404E+000 -0.149223458514353E+003 -0.149223458514353E+003
  0.101330681475122E+000  0.910061147189991E+000  0.999554328822180E+000  0.100648758425674E+000 -0.131028262406404E+000 -0.149224040319393E+003 -0.149224040319393E+003
  0.100425473593310E+000  0.687216682974088E+000  0.881636703667721E+000  0.102956967760977E+000 -0.131028262406404E+000 -0.149224138967081E+003 -0.149224138967081E+003
  0.101295930929349E+000  0.112165639231240E+001  0.754340754745377E+000  0.100088962037232E+000 -0.131028262406404E+000 -0.149224026533054E+003 -0.149224026533054E+003
  0.100059994073085E+000  0.763948793059412E+000  0.713771413716348E+000  0.102700442225738E+000 -0.131028262406404E+000 -0.149224070336263E+003 -0.149224070336263E+003
  0.100819406495051E+000  0.185234309119207E+001  0.363100890014969E+000  0.100416859413934E+000 -0.131028262406404E+000 -0.149224011274499E+003 -0.149224011274499E+003
  0.100685766873934E+000  0.122303416453604E+001  0.120102105141620E+000  0.100675447042870E+000 -0.131028262406404E+000 -0.149224052482993E+003 -0.149224052482993E+003
  0.100136272756388E+000  0.908357517975906E+000  0.279530906030965E+000  0.100752877876748E+000 -0.131028262406404E+000 -0.149223787375427E+003 -0.149223787375427E+003
  0.101128557147192E+000  0.593733018309447E+000  0.972722492582100E+000  0.100304092970580E+000 -0.131028262406404E+000 -0.149223658631895E+003 -0.149223658631895E+003
  0.100473886679753E+000  0.520311835762156E+000  0.448463430196161E+000  0.102602778051904E+000 -0.131028262406404E+000 -0.149223903126141E+003 -0.149223903126141E+003
  0.101391097351919E+000  0.100793331874841E+001  0.223807948867288E+000  0.100460310180648E+000 -0.131028262406404E+000 -0.149224073341390E+003 -0.149224073341390E+003
  0.100373803237112E+000  0.128318499744809E+001  0.562748257140407E+000  0.100323252648332E+000 -0.131028262406404E+000 -0.149223920827346E+003 -0.149223920827346E+003
  0.100367809660838E+000  0.610487905104001E+000  0.392581943098775E+000  0.101921238529586E+000 -0.131028262406404E+000 -0.149223836136201E+003 -0.149223836136201E+003
  0.101833810283217E+000  0.828185074946313E+000  0.653180373685303E-001  0.100265589328244E+000 -0.131028262406404E+000 -0.149224014890407E+003 -0.149224014890407E+003
  0.100521309617164E+000  0.592449999190360E+000  0.723986828063067E+000  0.101290002202571E+000 -0.131028262406404E+000 -0.149223723197493E+003 -0.149223723197493E+003
  0.100826198575620E+000  0.959040895269982E+000  0.887558916107617E+000  0.100214745653537E+000 -0.131028262406404E+000 -0.149223862324198E+003 -0.149223862324198E+003
  0.101271037876903E+000  0.564946850653704E+000  0.987369374664982E+000  0.100332733908421E+000 -0.131028262406404E+000 -0.149223667753229E+003 -0.149223667753229E+003
  0.100004451352048E+000  0.662397198711207E+000  0.518594914703295E+000  0.102612228472327E+000 -0.131028262406404E+000 -0.149223946031831E+003 -0.149223946031831E+003
  0.100736805042748E+000  0.115586950667470E+001  0.644554745172932E+000  0.100060137424110E+000 -0.131028262406404E+000 -0.149223905955007E+003 -0.149223905955007E+003
  0.100374985058635E+000  0.134991628188415E+001  0.590602244066114E+000  0.100087489016055E+000 -0.131028262406404E+000 -0.149223883941144E+003 -0.149223883941144E+003
  0.100534664468986E+000  0.625181537291462E+000  0.980288881048710E-002  0.102504190119736E+000 -0.131028262406404E+000 -0.149224009443064E+003 -0.149224009443064E+003
  0.100963683617181E+000  0.143612836697337E+001  0.858621306620633E+000  0.100379221449008E+000 -0.131028262406404E+000 -0.149224095229516E+003 -0.149224095229516E+003
  0.102384324636522E+000  0.817245786001301E+000  0.843967159627233E+000  0.100138510925501E+000 -0.131028262406404E+000 -0.149224104709616E+003 -0.149224104709616E+003
  0.101261695579396E+000  0.689674894390017E+000  0.912984127939515E+000  0.100530076314785E+000 -0.131028262406404E+000 -0.149223826624490E+003 -0.149223826624490E+003
  0.100238584480218E+000  0.637380543332807E+000  0.494624403097012E+000  0.101847092504737E+000 -0.131028262406404E+000 -0.149223817983379E+003 -0.149223817983379E+003
  0.100729959418581E+000  0.190429989169069E+001  0.418719083857909E+000  0.100605176944681E+000 -0.131028262406404E+000 -0.149224011064050E+003 -0.149224011064050E+003
  0.101840193444633E+000  0.647226856026466E+000  0.909727743699818E+000  0.100742908227843E+000 -0.131028262406404E+000 -0.149223963637203E+003 -0.149223963637203E+003
  0.100340620555786E+000  0.568026556339686E+000  0.498366565201305E+000  0.101358312406873E+000 -0.131028262406404E+000 -0.149223670971476E+003 -0.149223670971476E+003
  0.100618287022267E+000  0.549892845698647E+000  0.925586970911286E+000  0.102782081256062E+000 -0.131028262406404E+000 -0.149224005927439E+003 -0.149224005927439E+003
  0.100004874595619E+000  0.134651575310122E+001  0.177625718549087E-001  0.100410092575401E+000 -0.131028262406404E+000 -0.149223868554610E+003 -0.149223868554610E+003
  0.100534266466261E+000  0.113937991953578E+001  0.783721521798272E-001  0.100968493142130E+000 -0.131028262406404E+000 -0.149224050374251E+003 -0.149224050374251E+003
