  0.100263610120959E+000  0.195527618676158E+001  0.986070569097480E+000  0.101593824753198E+000 -0.131028262406404E+000 -0.149224094103661E+003 -0.149224094103661E+003
  0.100351306477108E+000  0.196208341286374E+001  0.938964797741002E+000  0.100210035821435E+000 -0.131028262406404E+000 -0.149223811866157E+003 -0.149223811866157E+003
  0.100655616930043E+000  0.197313749500664E+001  0.921918365761035E+000  0.100323567321058E+000 -0.131028262406404E+000 -0.149223900827486E+003 -0.149223900827486E+003
  0.100641469638236E+000  0.195262787564782E+001  0.918049316125897E+000  0.100341684600337E+000 -0.131028262406404E+000 -0.149223911513100E+003 -0.149223911513100E+003
  0.100030568867712E+000  0.192950988285567E+001  0.833915249393818E+000  0.101321271343077E+000 -0.131028262406404E+000 -0.149223993437514E+003 -0.149223993437514E+003
  0.100528139940294E+000  0.192766151480950E+001  0.891319987983735E+000  0.100608262830575E+000 -0.131028262406404E+000 -0.149223954935922E+003 -0.149223954935922E+003
  0.100250103130382E+000  0.191446885970199E+001  0.929353520556010E+000  0.101377755902424E+000 -0.131028262406404E+000 -0.149224063430735E+003 -0.149224063430735E+003
  0.100224584495473E+000  0.191177776469776E+001  0.901793502070436E+000  0.101630823132498E+000 -0.131028262406404E+000 -0.149224113495274E+003 -0.149224113495274E+003
  0.101276881786614E+000  0.194779341166936E+001  0.971318811344861E+000  0.100498234754672E+000 -0.131028262406404E+000 -0.149224094035482E+003 -0.149224094035482E+003
  0.100004134045940E+000  0.197931243224050E+001  0.976220685344050E+000  0.100139588269858E+000 -0.131028262406404E+000 -0.149223708681815E+003 -0.149223708681815E+003
  0.100597541441582E+000  0.195414389649239E+001  0.976796529971345E+000  0.100190627477786E+000 -0.131028262406404E+000 -0.149223867917033E+003 -0.149223867917033E+003
  0.100181812653425E+000  0.195863158340270E+001  0.912350757729937E+000  0.100902675606647E+000 -0.131028262406404E+000 -0.149223924244340E+003 -0.149223924244340E+003
  0.100445817820886E+000  0.194680827201649E+001  0.857221820301291E+000  0.100062601643622E+000 -0.131028262406404E+000 -0.149223808836760E+003 -0.149223808836760E+003
