  0.126449196252589E+001  0.527113778278329E+000  0.602329174162497E+000  0.498413247382126E+000 -0.131028262406404E+000 -0.154560335457686E+003 -0.154560335457686E+003
  0.126489332763358E+001  0.521976315484711E+000  0.176609461513521E+000  0.498700953912173E+000 -0.131028262406404E+000 -0.154560031506793E+003 -0.154560031506793E+003
  0.124635116840715E+001  0.537242907505300E+000  0.305462839384125E+000  0.498856362390562E+000 -0.131028262406404E+000 -0.154560689255188E+003 -0.154560689255188E+003
  0.126250225191776E+001  0.531527859172790E+000  0.129432551042209E+000  0.498094725673482E+000 -0.131028262406404E+000 -0.154560607012645E+003 -0.154560607012645E+003
  0.126993555776785E+001  0.519876459176764E+000  0.465899551500178E+000  0.494812613239238E+000 -0.131028262406404E+000 -0.154560450466332E+003 -0.154560450466332E+003
  0.127605722664356E+001  0.509956936734598E+000  0.334932610518631E+000  0.492252823108953E+000 -0.131028262406404E+000 -0.154560376664783E+003 -0.154560376664783E+003
  0.126855678039970E+001  0.512739463398097E+000  0.463788139765998E+000  0.495352571575457E+000 -0.131028262406404E+000 -0.154560102872522E+003 -0.154560102872522E+003
  0.125689695100048E+001  0.509742058748476E+000  0.666653692355717E+000  0.497211746860740E+000 -0.131028262406404E+000 -0.154560038597256E+003 -0.154560038597256E+003
  0.128291353623343E+001  0.521353713622921E+000  0.237794709410058E+000  0.497735922814649E+000 -0.131028262406404E+000 -0.154560670190493E+003 -0.154560670190493E+003
  0.128868919310872E+001  0.512948148895506E+000  0.304503596703624E-001  0.490610650186172E+000 -0.131028262406404E+000 -0.154560848676471E+003 -0.154560848676471E+003
  0.124185340392631E+001  0.535677953605539E+000  0.232078071750262E+000  0.499615136326572E+000 -0.131028262406404E+000 -0.154560545813880E+003 -0.154560545813880E+003
  0.125953908721678E+001  0.505008654933558E+000  0.695277994542924E+000  0.495324502806651E+000 -0.131028262406404E+000 -0.154560258116488E+003 -0.154560258116488E+003
  0.125698519554935E+001  0.520183763109201E+000  0.273693323804227E+000  0.497758022460895E+000 -0.131028262406404E+000 -0.154560101153927E+003 -0.154560101153927E+003
  0.127704998218188E+001  0.514378062791807E+000  0.260111979017118E+000  0.497589039286631E+000 -0.131028262406404E+000 -0.154559987258353E+003 -0.154559987258353E+003
  0.129123287833046E+001  0.514463845362508E+000  0.323431698031823E+000  0.499624445720847E+000 -0.131028262406404E+000 -0.154560513860679E+003 -0.154560513860679E+003
  0.126852856360602E+001  0.502006526466222E+000  0.611073077638446E+000  0.496347610076954E+000 -0.131028262406404E+000 -0.154559787219693E+003 -0.154559787219693E+003
  0.128059527074877E+001  0.504823786002075E+000  0.427113443925334E+000  0.495571003397160E+000 -0.131028262406404E+000 -0.154559828122176E+003 -0.154559828122176E+003
  0.125421216940503E+001  0.524968737672560E+000  0.337591676914852E+000  0.497678555858097E+000 -0.131028262406404E+000 -0.154560297316340E+003 -0.154560297316340E+003
  0.129548164128772E+001  0.512388653813182E+000  0.216030541028991E+000  0.499778770557833E+000 -0.131028262406404E+000 -0.154560632999007E+003 -0.154560632999007E+003
  0.126847380881928E+001  0.526484403654484E+000  0.345779643431174E+000  0.495128223331675E+000 -0.131028262406404E+000 -0.154560758090872E+003 -0.154560758090872E+003
  0.126455198305918E+001  0.522918293582662E+000  0.344531067424081E+000  0.497470856312532E+000 -0.131028262406404E+000 -0.154560222456002E+003 -0.154560222456002E+003
  0.125673580614784E+001  0.500955626732448E+000  0.315952449159454E-001  0.495092291290581E+000 -0.131028262406404E+000 -0.154560504617339E+003 -0.154560504617339E+003
  0.130279792597436E+001  0.500230678554307E+000  0.190622871699178E+000  0.498933648413981E+000 -0.131028262406404E+000 -0.154560197431456E+003 -0.154560197431456E+003
  0.128351025833918E+001  0.513799075418150E+000  0.381701902871342E+000  0.490631111660230E+000 -0.131028262406404E+000 -0.154560784598694E+003 -0.154560784598694E+003
  0.125115992301638E+001  0.513909939388891E+000  0.352485126412921E-001  0.495269019836266E+000 -0.131028262406404E+000 -0.154560629654829E+003 -0.154560629654829E+003
  0.124604346436260E+001  0.522452780819560E+000  0.229985718752098E+000  0.498157036690965E+000 -0.131028262406404E+000 -0.154560362345851E+003 -0.154560362345851E+003
  0.126333643232225E+001  0.503121987765413E+000  0.410527322066489E+000  0.494443367963888E+000 -0.131028262406404E+000 -0.154560250858089E+003 -0.154560250858089E+003
  0.127227380644136E+001  0.506125241938980E+000  0.198503915967769E+000  0.489458369484723E+000 -0.131028262406404E+000 -0.154560754184697E+003 -0.154560754184697E+003
  0.127247300656786E+001  0.519759465632236E+000  0.510087932453517E+000  0.491887074374000E+000 -0.131028262406404E+000 -0.154560834162567E+003 -0.154560834162567E+003
  0.126646093012919E+001  0.516915376340947E+000  0.561184574244069E+000  0.491665867953471E+000 -0.131028262406404E+000 -0.154560789134344E+003 -0.154560789134344E+003
  0.125651503382782E+001  0.517946119153211E+000  0.163054698138660E+000  0.493254219155700E+000 -0.131028262406404E+000 -0.154560805655640E+003 -0.154560805655640E+003
  0.126496864677557E+001  0.504449076554361E+000  0.413402962282423E-001  0.498354105734430E+000 -0.131028262406404E+000 -0.154559607379380E+003 -0.154559607379380E+003
  0.125631791388176E+001  0.507251967652209E+000  0.269691803437486E+000  0.497271693457521E+000 -0.131028262406404E+000 -0.154560056718030E+003 -0.154560056718030E+003
  0.124983886977458E+001  0.527642140245034E+000  0.305128498801432E+000  0.499183699935574E+000 -0.131028262406404E+000 -0.154560208219668E+003 -0.154560208219668E+003
  0.127184179361870E+001  0.507711411638874E+000  0.690390723328377E+000  0.493577919858318E+000 -0.131028262406404E+000 -0.154560178456464E+003 -0.154560178456464E+003
  0.129779869888651E+001  0.501557311698858E+000  0.465043228240367E+000  0.499603325546135E+000 -0.131028262406404E+000 -0.154559967427435E+003 -0.154559967427435E+003
  0.129014697190363E+001  0.508562952739894E+000  0.602772737034997E+000  0.488403554659764E+000 -0.131028262406404E+000 -0.154560842365369E+003 -0.154560842365369E+003
  0.128363484459467E+001  0.502289810386178E+000  0.209987798628476E+000  0.498829087324935E+000 -0.131028262406404E+000 -0.154559491021848E+003 -0.154559491021848E+003
  0.128937665883741E+001  0.514105015739491E+000  0.200870910195818E+000  0.495406338724601E+000 -0.131028262406404E+000 -0.154560581264632E+003 -0.154560581264632E+003
  0.125967057804008E+001  0.522389215897509E+000  0.596295457993031E+000  0.498502829134592E+000 -0.131028262406404E+000 -0.154560046049015E+003 -0.154560046049015E+003
  0.128876900601630E+001  0.501299122876551E+000  0.517359171433264E+000  0.491077155809837E+000 -0.131028262406404E+000 -0.154560223295175E+003 -0.154560223295175E+003
  0.126329735570939E+001  0.526731480313625E+000  0.583599869179555E+000  0.496780331179680E+000 -0.131028262406404E+000 -0.154560493207933E+003 -0.154560493207933E+003
  0.126528771649507E+001  0.505297841217553E+000  0.214196615240745E+000  0.496150041089043E+000 -0.131028262406404E+000 -0.154559917777046E+003 -0.154559917777046E+003
  0.128225231588225E+001  0.507117985458399E+000  0.647400459573079E+000  0.497428679752611E+000 -0.131028262406404E+000 -0.154559770633156E+003 -0.154559770633156E+003
  0.128318991285336E+001  0.507652218224041E+000  0.549116133167008E-001  0.488616954188685E+000 -0.131028262406404E+000 -0.154560734369714E+003 -0.154560734369714E+003
  0.126308714862077E+001  0.520066348699646E+000  0.239219784575204E+000  0.492481026138754E+000 -0.131028262406404E+000 -0.154560819336168E+003 -0.154560819336168E+003
  0.128771108333090E+001  0.510692388877318E+000  0.649806457424986E-001  0.497054306785761E+000 -0.131028262406404E+000 -0.154560168014932E+003 -0.154560168014932E+003
  0.126712586340879E+001  0.515701847740065E+000  0.409329675624172E+000  0.495093384955260E+000 -0.131028262406404E+000 -0.154560240874450E+003 -0.154560240874450E+003
  0.128191428632372E+001  0.515030272587271E+000  0.140194739784435E-001  0.494170193754578E+000 -0.131028262406404E+000 -0.154560463768040E+003 -0.154560463768040E+003
  0.129789326567062E+001  0.506185000508190E+000  0.573835341411492E+000  0.488712288798474E+000 -0.131028262406404E+000 -0.154560852329445E+003 -0.154560852329445E+003
  0.125724326953971E+001  0.510242080050851E+000  0.236372869422669E+000  0.499087488310928E+000 -0.131028262406404E+000 -0.154559731494607E+003 -0.154559731494607E+003
  0.125438507397610E+001  0.517328917544035E+000  0.672126495049287E+000  0.498546078495238E+000 -0.131028262406404E+000 -0.154559967637820E+003 -0.154559967637820E+003
  0.126608607591622E+001  0.518856716812943E+000  0.530421924993919E+000  0.492276312599022E+000 -0.131028262406404E+000 -0.154560765876768E+003 -0.154560765876768E+003
  0.126373054578271E+001  0.517768543580161E+000  0.462381579850998E+000  0.495876714735113E+000 -0.131028262406404E+000 -0.154560225470303E+003 -0.154560225470303E+003
  0.125392135832385E+001  0.507390043899637E+000  0.675296252381003E+000  0.494281023655958E+000 -0.131028262406404E+000 -0.154560713443990E+003 -0.154560713443990E+003
  0.128682087461437E+001  0.511117756838345E+000  0.246916563975190E+000  0.492070564826022E+000 -0.131028262406404E+000 -0.154560554728423E+003 -0.154560554728423E+003
  0.124864256657090E+001  0.537810486165955E+000  0.331035365755882E+000  0.499221459427499E+000 -0.131028262406404E+000 -0.154560658750536E+003 -0.154560658750536E+003
  0.126515442914270E+001  0.509767538962311E+000  0.535718742186855E+000  0.499243973316146E+000 -0.131028262406404E+000 -0.154559552067860E+003 -0.154559552067860E+003
  0.126875024303783E+001  0.506390289134098E+000  0.209558332526521E+000  0.496518547700040E+000 -0.131028262406404E+000 -0.154559802617681E+003 -0.154559802617681E+003
  0.125841719713295E+001  0.503000895406787E+000  0.693950691910063E+000  0.496535693602779E+000 -0.131028262406404E+000 -0.154560123971747E+003 -0.154560123971747E+003
  0.128598226002806E+001  0.515363481768910E+000  0.113284544385296E+000  0.492163322302149E+000 -0.131028262406404E+000 -0.154560784632626E+003 -0.154560784632626E+003
  0.129626503033478E+001  0.502143953561674E+000  0.283993618232655E+000  0.499863091182464E+000 -0.131028262406404E+000 -0.154559910941951E+003 -0.154559910941951E+003
  0.129070586607385E+001  0.515670273209872E+000  0.131591871482616E+000  0.497237673841667E+000 -0.131028262406404E+000 -0.154560675142545E+003 -0.154560675142545E+003
  0.128556908360313E+001  0.504380138904488E+000  0.252798561051641E-001  0.490297144059198E+000 -0.131028262406404E+000 -0.154560407161910E+003 -0.154560407161910E+003
  0.128800612774830E+001  0.514469929679774E+000  0.432634944398853E+000  0.499272272471662E+000 -0.131028262406404E+000 -0.154560326530038E+003 -0.154560326530038E+003
  0.130521843001426E+001  0.500703625460409E+000  0.154473442258557E+000  0.497984602391973E+000 -0.131028262406404E+000 -0.154560406620206E+003 -0.154560406620206E+003
  0.129834747783351E+001  0.504926246955585E+000  0.556354932804187E+000  0.493351717195289E+000 -0.131028262406404E+000 -0.154560472716573E+003 -0.154560472716573E+003
  0.129047357002936E+001  0.508590252121559E+000  0.265305988518368E+000  0.497549462518660E+000 -0.131028262406404E+000 -0.154560125625003E+003 -0.154560125625003E+003
  0.128450490270225E+001  0.510690494348234E+000  0.287344729582220E+000  0.493234376594001E+000 -0.131028262406404E+000 -0.154560369367417E+003 -0.154560369367417E+003
  0.129168376616231E+001  0.500598315259383E+000  0.220031828788227E-001  0.499636281792421E+000 -0.131028262406404E+000 -0.154559613215078E+003 -0.154559613215078E+003
  0.129755414513808E+001  0.504094257996598E+000  0.578561598649845E+000  0.491516781794280E+000 -0.131028262406404E+000 -0.154560502145916E+003 -0.154560502145916E+003
  0.127406783954158E+001  0.520683328589987E+000  0.482853419313956E+000  0.496764688416809E+000 -0.131028262406404E+000 -0.154560347513323E+003 -0.154560347513323E+003
  0.125638460944211E+001  0.500096713099973E+000  0.181873283091709E+000  0.497048331156022E+000 -0.131028262406404E+000 -0.154560193690190E+003 -0.154560193690190E+003
  0.126657997127600E+001  0.522389273756824E+000  0.461401641484793E+000  0.495546872700120E+000 -0.131028262406404E+000 -0.154560455841074E+003 -0.154560455841074E+003
  0.126827001514588E+001  0.506283108276873E+000  0.319815254380063E+000  0.497560043556783E+000 -0.131028262406404E+000 -0.154559671278587E+003 -0.154559671278587E+003
  0.127709997718776E+001  0.519538254062401E+000  0.930194041327742E-001  0.493602691643246E+000 -0.131028262406404E+000 -0.154560676069794E+003 -0.154560676069794E+003
  0.125025119441666E+001  0.525419463154784E+000  0.639978247548773E+000  0.496399739252344E+000 -0.131028262406404E+000 -0.154560599111517E+003 -0.154560599111517E+003
  0.125568872503569E+001  0.530950286795732E+000  0.410155910262743E-001  0.496810769392580E+000 -0.131028262406404E+000 -0.154560668503314E+003 -0.154560668503314E+003
  0.124744135357139E+001  0.535124354727186E+000  0.674742170568504E+000  0.497884680710548E+000 -0.131028262406404E+000 -0.154560740169238E+003 -0.154560740169238E+003
  0.124548697371927E+001  0.511735936877641E+000  0.569554689100587E+000  0.499065183009616E+000 -0.131028262406404E+000 -0.154560227112477E+003 -0.154560227112477E+003
  0.130187874515404E+001  0.503834526799896E+000  0.482635726388007E+000  0.496723242431160E+000 -0.131028262406404E+000 -0.154560447433541E+003 -0.154560447433541E+003
  0.124186908661820E+001  0.522191722136094E+000  0.265760801953554E-002  0.499499192321812E+000 -0.131028262406404E+000 -0.154560279754054E+003 -0.154560279754054E+003
  0.125489319604683E+001  0.508408368552585E+000  0.556294620342011E+000  0.494560269608309E+000 -0.131028262406404E+000 -0.154560596747392E+003 -0.154560596747392E+003
  0.124961405384485E+001  0.524533853547162E+000  0.171444030543855E-001  0.499486078009573E+000 -0.131028262406404E+000 -0.154560072420964E+003 -0.154560072420964E+003
  0.126692493753654E+001  0.511012307080828E+000  0.567771025953855E+000  0.497119636019093E+000 -0.131028262406404E+000 -0.154559836766840E+003 -0.154559836766840E+003
  0.126255860705359E+001  0.507755500673777E+000  0.444819283131771E+000  0.498903125431142E+000 -0.131028262406404E+000 -0.154559608145608E+003 -0.154559608145608E+003
  0.130078432579756E+001  0.501106451987763E+000  0.503891947278400E+000  0.486944706848060E+000 -0.131028262406404E+000 -0.154560779048311E+003 -0.154560779048311E+003
  0.128569244976269E+001  0.519783560513858E+000  0.305827927009892E+000  0.497134994699393E+000 -0.131028262406404E+000 -0.154560729599895E+003 -0.154560729599895E+003
  0.128409027618084E+001  0.513759673337194E+000  0.692622388659684E+000  0.499259119890921E+000 -0.131028262406404E+000 -0.154560072149438E+003 -0.154560072149438E+003
  0.130007834159832E+001  0.500575795326347E+000  0.438366684415798E+000  0.487905132674507E+000 -0.131028262406404E+000 -0.154560652418863E+003 -0.154560652418863E+003
  0.126189859825499E+001  0.522661415025387E+000  0.158054062497813E+000  0.493488738333465E+000 -0.131028262406404E+000 -0.154560770644203E+003 -0.154560770644203E+003
  0.126901229191704E+001  0.500284422696362E+000  0.491001165058925E+000  0.499064426877607E+000 -0.131028262406404E+000 -0.154559411827628E+003 -0.154559411827628E+003
  0.128757074534145E+001  0.512928105170377E+000  0.895194053932603E-002  0.497410141582421E+000 -0.131028262406404E+000 -0.154560289080881E+003 -0.154560289080881E+003
  0.125808755356273E+001  0.537308686036592E+000  0.618796481648597E+000  0.499890816110284E+000 -0.131028262406404E+000 -0.154560686268661E+003 -0.154560686268661E+003
  0.126279523166188E+001  0.509109374712221E+000  0.778757067229356E-001  0.491164525457870E+000 -0.131028262406404E+000 -0.154560838809929E+003 -0.154560838809929E+003
  0.124772459612324E+001  0.513867412078861E+000  0.177010457683749E+000  0.499553407874248E+000 -0.131028262406404E+000 -0.154560006499059E+003 -0.154560006499059E+003
  0.129249116234574E+001  0.502468252133182E+000  0.343229311246555E+000  0.494760064240208E+000 -0.131028262406404E+000 -0.154560022497923E+003 -0.154560022497923E+003
  0.128569061443414E+001  0.516079182992029E+000  0.610496092991937E+000  0.499145207143604E+000 -0.131028262406404E+000 -0.154560324945106E+003 -0.154560324945106E+003
  0.126384301106976E+001  0.509425684213619E+000  0.442337678583808E+000  0.496315032200196E+000 -0.131028262406404E+000 -0.154559969151024E+003 -0.154559969151024E+003
  0.125870527500168E+001  0.519499642330791E+000  0.379437354565401E-001  0.493908316836332E+000 -0.131028262406404E+000 -0.154560660407912E+003 -0.154560660407912E+003
  0.127700540869132E+001  0.511306605182787E+000  0.581392362440730E+000  0.491593229771803E+000 -0.131028262406404E+000 -0.154560506966562E+003 -0.154560506966562E+003
  0.129284201650053E+001  0.505727384697352E+000  0.673847839843056E+000  0.496655472426632E+000 -0.131028262406404E+000 -0.154560099946195E+003 -0.154560099946195E+003
  0.128087681140624E+001  0.523587070609973E+000  0.214137336693651E+000  0.498845170099418E+000 -0.131028262406404E+000 -0.154560674129826E+003 -0.154560674129826E+003
  0.126034113261486E+001  0.520921245366383E+000  0.412823539941376E+000  0.499529066252294E+000 -0.131028262406404E+000 -0.154559853720370E+003 -0.154559853720370E+003
  0.128193966641386E+001  0.506347719797880E+000  0.372566909439832E+000  0.492094660426066E+000 -0.131028262406404E+000 -0.154560264369733E+003 -0.154560264369733E+003
  0.125771712845731E+001  0.505745245574685E+000  0.623019360022447E+000  0.492940754847107E+000 -0.131028262406404E+000 -0.154560770724755E+003 -0.154560770724755E+003
  0.129228790287960E+001  0.510758754314742E+000  0.689220757891761E+000  0.491720386444311E+000 -0.131028262406404E+000 -0.154560725438290E+003 -0.154560725438290E+003
  0.130287175500636E+001  0.503467357056576E+000  0.516577337404919E+000  0.498407540725790E+000 -0.131028262406404E+000 -0.154560451062047E+003 -0.154560451062047E+003
  0.128568144894383E+001  0.515438198190530E+000  0.686110863430419E+000  0.496761261401619E+000 -0.131028262406404E+000 -0.154560418869414E+003 -0.154560418869414E+003
  0.125810017395319E+001  0.519204469203486E+000  0.101406872567408E+000  0.499804638915100E+000 -0.131028262406404E+000 -0.154559766114139E+003 -0.154559766114139E+003
  0.128985197037737E+001  0.511099457729665E+000  0.589546405552899E+000  0.496919932880104E+000 -0.131028262406404E+000 -0.154560299216545E+003 -0.154560299216545E+003
  0.127229995471730E+001  0.516365457461615E+000  0.414581824089988E+000  0.495762811879573E+000 -0.131028262406404E+000 -0.154560192324583E+003 -0.154560192324583E+003
  0.126168005723603E+001  0.534715578050972E+000  0.376624400015401E+000  0.499571414288437E+000 -0.131028262406404E+000 -0.154560640145365E+003 -0.154560640145365E+003
  0.125379939772116E+001  0.515820477264159E+000  0.477707684467449E-001  0.496368632350514E+000 -0.131028262406404E+000 -0.154560326199118E+003 -0.154560326199118E+003
  0.126064883153056E+001  0.507600769917763E+000  0.249610089945704E+000  0.494310660012953E+000 -0.131028262406404E+000 -0.154560375456257E+003 -0.154560375456257E+003
  0.125745190958297E+001  0.510558181929658E+000  0.933291690796389E-001  0.494559201251590E+000 -0.131028262406404E+000 -0.154560469249673E+003 -0.154560469249673E+003
  0.127346321216496E+001  0.518460388259207E+000  0.628378490824570E+000  0.492270201046500E+000 -0.131028262406404E+000 -0.154560725137362E+003 -0.154560725137362E+003
  0.126040324993200E+001  0.519703730489779E+000  0.536764857807445E+000  0.497176150604072E+000 -0.131028262406404E+000 -0.154560132127856E+003 -0.154560132127856E+003
  0.127760517853177E+001  0.523906509928850E+000  0.190148431491467E-001  0.499283356813383E+000 -0.131028262406404E+000 -0.154560496409541E+003 -0.154560496409541E+003
  0.128772519057881E+001  0.503980954965639E+000  0.257618707900684E-001  0.497483658227033E+000 -0.131028262406404E+000 -0.154559765027998E+003 -0.154559765027998E+003
  0.125865831346149E+001  0.516261117059888E+000  0.596824852160568E+000  0.494266855283123E+000 -0.131028262406404E+000 -0.154560532558165E+003 -0.154560532558165E+003
  0.125645333319015E+001  0.539708846070945E+000  0.223001981699798E+000  0.499897095876178E+000 -0.131028262406404E+000 -0.154560817562469E+003 -0.154560817562469E+003
  0.128171946708498E+001  0.514362649429430E+000  0.185993100113950E+000  0.490602877455043E+000 -0.131028262406404E+000 -0.154560792538682E+003 -0.154560792538682E+003
  0.128268229267365E+001  0.505315937357760E+000  0.557786293261097E+000  0.499589549727666E+000 -0.131028262406404E+000 -0.154559532870562E+003 -0.154559532870562E+003
  0.124644307164797E+001  0.535433130338096E+000  0.192384611118962E+000  0.497662571462578E+000 -0.131028262406404E+000 -0.154560802401391E+003 -0.154560802401391E+003
  0.128262041583401E+001  0.507469008850149E+000  0.181211739408937E-001  0.492115255886504E+000 -0.131028262406404E+000 -0.154560308140870E+003 -0.154560308140870E+003
  0.125864802693380E+001  0.522783685098930E+000  0.210821223366020E-001  0.496045554692803E+000 -0.131028262406404E+000 -0.154560420098081E+003 -0.154560420098081E+003
  0.127345274480673E+001  0.526494522321246E+000  0.692957255267333E+000  0.497157469263046E+000 -0.131028262406404E+000 -0.154560683101733E+003 -0.154560683101733E+003
  0.123599732188128E+001  0.525347388061449E+000  0.342462299124256E+000  0.498261489156638E+000 -0.131028262406404E+000 -0.154560831175787E+003 -0.154560831175787E+003
  0.125027999564118E+001  0.515170373418680E+000  0.432212426987747E+000  0.494878895737141E+000 -0.131028262406404E+000 -0.154560747246670E+003 -0.154560747246670E+003
  0.129708858181027E+001  0.507910815955197E+000  0.846064544811364E-001  0.496621530352220E+000 -0.131028262406404E+000 -0.154560467477698E+003 -0.154560467477698E+003
  0.124955029167164E+001  0.518712337626499E+000  0.309193055459434E+000  0.497612835458906E+000 -0.131028262406404E+000 -0.154560289868989E+003 -0.154560289868989E+003
  0.126695556265484E+001  0.519096243641598E+000  0.506798675583115E+000  0.495775880622680E+000 -0.131028262406404E+000 -0.154560278236760E+003 -0.154560278236760E+003
  0.127147160658971E+001  0.500789744450790E+000  0.566809828152395E-001  0.495636229361480E+000 -0.131028262406404E+000 -0.154559807822197E+003 -0.154559807822197E+003
  0.128895658665632E+001  0.501781337922523E+000  0.110065847374977E+000  0.488506074614119E+000 -0.131028262406404E+000 -0.154560523678409E+003 -0.154560523678409E+003
  0.127826825030943E+001  0.511571811917747E+000  0.655292656351171E+000  0.491497133516676E+000 -0.131028262406404E+000 -0.154560529581991E+003 -0.154560529581991E+003
  0.129325043408554E+001  0.511128764898560E+000  0.317016544840940E+000  0.498989369842191E+000 -0.131028262406404E+000 -0.154560396482690E+003 -0.154560396482690E+003
  0.128173365625563E+001  0.506200481484900E+000  0.529913558159244E+000  0.489671131645191E+000 -0.131028262406404E+000 -0.154560554304885E+003 -0.154560554304885E+003
  0.127031814543664E+001  0.511483951221217E+000  0.601147988841520E+000  0.499622848705404E+000 -0.131028262406404E+000 -0.154559550708835E+003 -0.154559550708835E+003
  0.125324643504469E+001  0.513853841197409E+000  0.407038200493330E-001  0.496707407927309E+000 -0.131028262406404E+000 -0.154560274937945E+003 -0.154560274937945E+003
  0.127611432561124E+001  0.515028244880516E+000  0.324524961094100E+000  0.499618332311393E+000 -0.131028262406404E+000 -0.154559818668953E+003 -0.154559818668953E+003
  0.125737855153059E+001  0.514389896792844E+000  0.104646317146473E+000  0.495731115397600E+000 -0.131028262406404E+000 -0.154560298804725E+003 -0.154560298804725E+003
  0.125492095584339E+001  0.525654231706076E+000  0.163435697476883E+000  0.495586312492284E+000 -0.131028262406404E+000 -0.154560643503282E+003 -0.154560643503282E+003
  0.128461376861026E+001  0.507307425779667E+000  0.539043770181318E-001  0.498223496005662E+000 -0.131028262406404E+000 -0.154559781442777E+003 -0.154559781442777E+003
  0.125294324539638E+001  0.509807386349866E+000  0.851179394055681E-001  0.493897109329303E+000 -0.131028262406404E+000 -0.154560818098912E+003 -0.154560818098912E+003
  0.127013564401604E+001  0.501389491735397E+000  0.517449004432418E+000  0.493295605235393E+000 -0.131028262406404E+000 -0.154560181453905E+003 -0.154560181453905E+003
  0.128545146393475E+001  0.503748141554140E+000  0.265662798534459E+000  0.494427540985823E+000 -0.131028262406404E+000 -0.154559952762479E+003 -0.154559952762479E+003
  0.129363622083608E+001  0.509218590181639E+000  0.180115645393163E+000  0.493496846677400E+000 -0.131028262406404E+000 -0.154560548110217E+003 -0.154560548110217E+003
  0.126003464211426E+001  0.515134502133735E+000  0.354040731992992E+000  0.494271728110408E+000 -0.131028262406404E+000 -0.154560472420120E+003 -0.154560472420120E+003
  0.125232092715010E+001  0.529273849744777E+000  0.254445522076279E+000  0.497387812419558E+000 -0.131028262406404E+000 -0.154560522826895E+003 -0.154560522826895E+003
  0.124291354682093E+001  0.515560172365756E+000  0.662464492676173E+000  0.497040307716733E+000 -0.131028262406404E+000 -0.154560728592385E+003 -0.154560728592385E+003
  0.129000647237848E+001  0.500586006796739E+000  0.264416473736619E+000  0.499871805736345E+000 -0.131028262406404E+000 -0.154559536235145E+003 -0.154559536235145E+003
  0.127308743038339E+001  0.509071845958050E+000  0.553496646764183E+000  0.493861850383576E+000 -0.131028262406404E+000 -0.154560159389363E+003 -0.154560159389363E+003
  0.124741683784087E+001  0.535831837556629E+000  0.388044891520909E+000  0.499253217111013E+000 -0.131028262406404E+000 -0.154560552146783E+003 -0.154560552146783E+003
  0.126115526534414E+001  0.520707861606170E+000  0.475104730808918E+000  0.493862842212661E+000 -0.131028262406404E+000 -0.154560653374018E+003 -0.154560653374018E+003
  0.128161397551765E+001  0.502388045768363E+000  0.697309598311269E-001  0.496925532841592E+000 -0.131028262406404E+000 -0.154559625663638E+003 -0.154559625663638E+003
  0.125328455557615E+001  0.525842165561440E+000  0.230202823787465E+000  0.497848523824719E+000 -0.131028262406404E+000 -0.154560312244750E+003 -0.154560312244750E+003
  0.125529850264214E+001  0.513798770578849E+000  0.299897801157706E-001  0.496186334965869E+000 -0.131028262406404E+000 -0.154560286724746E+003 -0.154560286724746E+003
  0.125778974140036E+001  0.503559310573618E+000  0.665473403522907E+000  0.496024740456589E+000 -0.131028262406404E+000 -0.154560235068925E+003 -0.154560235068925E+003
  0.126589757940356E+001  0.510211923700388E+000  0.213195689245705E+000  0.492433406906727E+000 -0.131028262406404E+000 -0.154560524739670E+003 -0.154560524739670E+003
  0.128453187120311E+001  0.513087941360670E+000  0.540755626353811E+000  0.489905624743731E+000 -0.131028262406404E+000 -0.154560840695683E+003 -0.154560840695683E+003
  0.126992106930625E+001  0.517440207491351E+000  0.481520363253468E-001  0.494739315114314E+000 -0.131028262406404E+000 -0.154560348599588E+003 -0.154560348599588E+003
  0.125792752037105E+001  0.510623306003038E+000  0.204182809717179E+000  0.497702298887963E+000 -0.131028262406404E+000 -0.154559928111404E+003 -0.154559928111404E+003
  0.129045071353986E+001  0.515814036560463E+000  0.527449019188705E-001  0.499718221618531E+000 -0.131028262406404E+000 -0.154560571872778E+003 -0.154560571872778E+003
  0.124341243160409E+001  0.514381476294680E+000  0.676223074168022E+000  0.499861608941028E+000 -0.131028262406404E+000 -0.154560157946612E+003 -0.154560157946612E+003
  0.126016450709881E+001  0.522005656772110E+000  0.509641838739331E-001  0.493213566829716E+000 -0.131028262406404E+000 -0.154560816631221E+003 -0.154560816631221E+003
  0.127698873325586E+001  0.524757626246141E+000  0.595375355745906E+000  0.496401060640412E+000 -0.131028262406404E+000 -0.154560758267801E+003 -0.154560758267801E+003
  0.123538510692773E+001  0.536772301429535E+000  0.175449775815446E-001  0.499611749925973E+000 -0.131028262406404E+000 -0.154560743916011E+003 -0.154560743916011E+003
  0.124286546707141E+001  0.523055564322133E+000  0.506530535496839E+000  0.497340092294587E+000 -0.131028262406404E+000 -0.154560655366726E+003 -0.154560655366726E+003
  0.130780732000193E+001  0.503242484568703E+000  0.773169105550526E-001  0.498251829549888E+000 -0.131028262406404E+000 -0.154560806390224E+003 -0.154560806390224E+003
  0.126882776924869E+001  0.511162873398512E+000  0.515703545716903E-001  0.496057427887027E+000 -0.131028262406404E+000 -0.154559963400967E+003 -0.154559963400967E+003
  0.126429491909611E+001  0.514444694123499E+000  0.144880585747988E+000  0.494880859764349E+000 -0.131028262406404E+000 -0.154560267333931E+003 -0.154560267333931E+003
  0.125938728991933E+001  0.510279426227873E+000  0.140094909287256E+000  0.495983395503667E+000 -0.131028262406404E+000 -0.154560154018222E+003 -0.154560154018222E+003
  0.126633471578023E+001  0.514616422581574E+000  0.364348475682691E+000  0.497392861311925E+000 -0.131028262406404E+000 -0.154559904952213E+003 -0.154559904952213E+003
  0.124761229770866E+001  0.526281953555561E+000  0.147214256002800E+000  0.499553190631153E+000 -0.131028262406404E+000 -0.154560146966969E+003 -0.154560146966969E+003
  0.130991014498163E+001  0.500700005761032E+000  0.640124518042430E+000  0.495589344917911E+000 -0.131028262406404E+000 -0.154560762551835E+003 -0.154560762551835E+003
  0.129009369966971E+001  0.501257150558079E+000  0.588252904137622E+000  0.488260280140069E+000 -0.131028262406404E+000 -0.154560533546915E+003 -0.154560533546915E+003
  0.125122236767904E+001  0.528177165104889E+000  0.239231667721540E+000  0.499788324761579E+000 -0.131028262406404E+000 -0.154560118850987E+003 -0.154560118850987E+003
  0.126038885357157E+001  0.513531073885429E+000  0.695222816755267E+000  0.498425592830080E+000 -0.131028262406404E+000 -0.154559796419925E+003 -0.154559796419925E+003
  0.124027168491181E+001  0.509067912244619E+000  0.484293543052420E+000  0.499609815728050E+000 -0.131028262406404E+000 -0.154560512117897E+003 -0.154560512117897E+003
  0.127666835176406E+001  0.513807922164573E+000  0.285385004367069E-001  0.493587295090008E+000 -0.131028262406404E+000 -0.154560367814138E+003 -0.154560367814138E+003
  0.124746819382039E+001  0.516929004284985E+000  0.827382309473291E-001  0.496703746957259E+000 -0.131028262406404E+000 -0.154560537131524E+003 -0.154560537131524E+003
  0.127347053382635E+001  0.506059349752497E+000  0.824828957746057E-001  0.497283789183450E+000 -0.131028262406404E+000 -0.154559659171143E+003 -0.154559659171143E+003
  0.123557038794730E+001  0.525357192313719E+000  0.556244932395200E+000  0.499849748478155E+000 -0.131028262406404E+000 -0.154560524661649E+003 -0.154560524661649E+003
  0.129947745131144E+001  0.507614698038510E+000  0.151654727870006E+000  0.499893756274112E+000 -0.131028262406404E+000 -0.154560521276969E+003 -0.154560521276969E+003
  0.124983713451697E+001  0.510267790510577E+000  0.297330654531420E+000  0.495116832928803E+000 -0.131028262406404E+000 -0.154560756239184E+003 -0.154560756239184E+003
  0.126511232970193E+001  0.516176223697473E+000  0.636228942958983E+000  0.493532630461612E+000 -0.131028262406404E+000 -0.154560502411492E+003 -0.154560502411492E+003
  0.130047197751910E+001  0.501507744706805E+000  0.560591204674368E+000  0.488607763527758E+000 -0.131028262406404E+000 -0.154560655789522E+003 -0.154560655789522E+003
  0.128569461249257E+001  0.519271102718693E+000  0.189533581509553E+000  0.499821866651546E+000 -0.131028262406404E+000 -0.154560548023091E+003 -0.154560548023091E+003
  0.126995482455188E+001  0.513885816520473E+000  0.325761954068924E+000  0.494873077011067E+000 -0.131028262406404E+000 -0.154560194777944E+003 -0.154560194777944E+003
  0.130471335509044E+001  0.503557658321537E+000  0.259246214399230E+000  0.496771408201938E+000 -0.131028262406404E+000 -0.154560611532946E+003 -0.154560611532946E+003
  0.124243663815874E+001  0.521968804040076E+000  0.146032695496017E+000  0.499968218479952E+000 -0.131028262406404E+000 -0.154560166771996E+003 -0.154560166771996E+003
  0.127831214372574E+001  0.502633800532137E+000  0.309427879371391E+000  0.492707247137037E+000 -0.131028262406404E+000 -0.154560099936907E+003 -0.154560099936907E+003
  0.128224485938941E+001  0.504430028669966E+000  0.433690776005666E-001  0.496190354630365E+000 -0.131028262406404E+000 -0.154559770941748E+003 -0.154559770941748E+003
  0.127316943345184E+001  0.511555377725986E+000  0.604744550699205E+000  0.496359335376919E+000 -0.131028262406404E+000 -0.154559932455522E+003 -0.154559932455522E+003
  0.126503046719059E+001  0.521266493985033E+000  0.249924605432122E+000  0.493341829589791E+000 -0.131028262406404E+000 -0.154560709130827E+003 -0.154560709130827E+003
  0.127760733128655E+001  0.510101479083310E+000  0.371816277131693E+000  0.497590788393531E+000 -0.131028262406404E+000 -0.154559794773561E+003 -0.154559794773561E+003
  0.126317251441839E+001  0.535766078060134E+000  0.119856951085186E+000  0.499793937677531E+000 -0.131028262406404E+000 -0.154560750118035E+003 -0.154560750118035E+003
  0.129748202035584E+001  0.500439741566324E+000  0.414060737399068E+000  0.488444461623166E+000 -0.131028262406404E+000 -0.154560546636936E+003 -0.154560546636936E+003
  0.126397491524748E+001  0.500159453565788E+000  0.615168116434681E+000  0.490984852744247E+000 -0.131028262406404E+000 -0.154560849142608E+003 -0.154560849142608E+003
  0.127439360636177E+001  0.510209950779867E+000  0.672019388778479E+000  0.497791996153231E+000 -0.131028262406404E+000 -0.154559735353109E+003 -0.154559735353109E+003
