  0.124359462624235E+001  0.525039353476462E+000  0.821506880934818E+000  0.496768241603717E+000 -0.131028262406404E+000 -0.154560753762090E+003 -0.154560753762090E+003
  0.124107678160129E+001  0.517538444057587E+000  0.828944995003049E+000  0.498268369024535E+000 -0.131028262406404E+000 -0.154560569733607E+003 -0.154560569733607E+003
  0.127040206704623E+001  0.527436649689224E+000  0.911479248418030E+000  0.495363884179429E+000 -0.131028262406404E+000 -0.154560835077913E+003 -0.154560835077913E+003
  0.126110012405439E+001  0.508438049808570E+000  0.809377747729308E+000  0.496858128149378E+000 -0.131028262406404E+000 -0.154559950036539E+003 -0.154559950036539E+003
  0.125741947136023E+001  0.506439542104176E+000  0.973110162122217E+000  0.497576871044729E+000 -0.131028262406404E+000 -0.154559964565070E+003 -0.154559964565070E+003
  0.128436315128831E+001  0.514694105410642E+000  0.809285249583932E+000  0.493196645945367E+000 -0.131028262406404E+000 -0.154560600302216E+003 -0.154560600302216E+003
  0.124256582915748E+001  0.529559110109180E+000  0.801716994669005E+000  0.499635686768328E+000 -0.131028262406404E+000 -0.154560337341485E+003 -0.154560337341485E+003
  0.129973503128944E+001  0.502306226095442E+000  0.797819562166327E+000  0.487332109933919E+000 -0.131028262406404E+000 -0.154560787658414E+003 -0.154560787658414E+003
  0.126901979370127E+001  0.506365007035471E+000  0.989164111818794E+000  0.494946609109795E+000 -0.131028262406404E+000 -0.154560012889238E+003 -0.154560012889238E+003
  0.126566181748357E+001  0.506815629641544E+000  0.797843342974501E+000  0.499614659385694E+000 -0.131028262406404E+000 -0.154559450882936E+003 -0.154559450882936E+003
  0.128690493750198E+001  0.509308349874732E+000  0.762659559202993E+000  0.499652519715045E+000 -0.131028262406404E+000 -0.154559892945155E+003 -0.154559892945155E+003
  0.127749977533237E+001  0.522329401658102E+000  0.815720757972596E+000  0.494921072779643E+000 -0.131028262406404E+000 -0.154560734261234E+003 -0.154560734261234E+003
  0.125371781922734E+001  0.504103422580977E+000  0.857525949115348E+000  0.499939149097009E+000 -0.131028262406404E+000 -0.154559763146445E+003 -0.154559763146445E+003
  0.126210899672130E+001  0.530142410621618E+000  0.977098655454961E+000  0.497205667026227E+000 -0.131028262406404E+000 -0.154560619804430E+003 -0.154560619804430E+003
  0.126167532113423E+001  0.505274500165113E+000  0.979517817979114E+000  0.492795457995002E+000 -0.131028262406404E+000 -0.154560596816577E+003 -0.154560596816577E+003
  0.125147719598068E+001  0.504558800446233E+000  0.827388994634834E+000  0.498794516414120E+000 -0.131028262406404E+000 -0.154560065203608E+003 -0.154560065203608E+003
  0.128223231120471E+001  0.500052361101001E+000  0.998881667863496E+000  0.496539126156859E+000 -0.131028262406404E+000 -0.154559600005026E+003 -0.154559600005026E+003
  0.127407604180572E+001  0.501228236581395E+000  0.780451227633904E+000  0.497940945929264E+000 -0.131028262406404E+000 -0.154559486550635E+003 -0.154559486550635E+003
  0.127557578586648E+001  0.507718439314132E+000  0.855171282410254E+000  0.490374617417245E+000 -0.131028262406404E+000 -0.154560570804504E+003 -0.154560570804504E+003
  0.130366636654330E+001  0.504951324922781E+000  0.836334981738966E+000  0.496885679883805E+000 -0.131028262406404E+000 -0.154560649607720E+003 -0.154560649607720E+003
  0.123610543228685E+001  0.511262908854771E+000  0.796438559694602E+000  0.499546792396363E+000 -0.131028262406404E+000 -0.154560772728626E+003 -0.154560772728626E+003
  0.129746750033156E+001  0.501304261600131E+000  0.951325486359741E+000  0.499592658333945E+000 -0.131028262406404E+000 -0.154559932808276E+003 -0.154559932808276E+003
  0.126123037621952E+001  0.507570001793243E+000  0.763887252990047E+000  0.493314019969345E+000 -0.131028262406404E+000 -0.154560522248623E+003 -0.154560522248623E+003
  0.128795691615972E+001  0.509305490930588E+000  0.812591217942508E+000  0.498436535741379E+000 -0.131028262406404E+000 -0.154560007640917E+003 -0.154560007640917E+003
  0.128194188446920E+001  0.519826429931941E+000  0.880493927434552E+000  0.498049186442082E+000 -0.131028262406404E+000 -0.154560479833178E+003 -0.154560479833178E+003
  0.124993197810349E+001  0.525349914092197E+000  0.811970922312290E+000  0.495178413222360E+000 -0.131028262406404E+000 -0.154560824481345E+003 -0.154560824481345E+003
  0.126411607391537E+001  0.513447657573292E+000  0.733931634234984E+000  0.495653281789185E+000 -0.131028262406404E+000 -0.154560133048848E+003 -0.154560133048848E+003
  0.126588160100005E+001  0.519362925223998E+000  0.897424362672582E+000  0.496246740634324E+000 -0.131028262406404E+000 -0.154560226255661E+003 -0.154560226255661E+003
  0.128507338244112E+001  0.519371641845905E+000  0.991236007025189E+000  0.497761849632377E+000 -0.131028262406404E+000 -0.154560625237670E+003 -0.154560625237670E+003
  0.126062518453042E+001  0.505310889256456E+000  0.892266163982774E+000  0.494342811483812E+000 -0.131028262406404E+000 -0.154560375387593E+003 -0.154560375387593E+003
  0.127160009388375E+001  0.502994033488769E+000  0.926445006344065E+000  0.499545845595226E+000 -0.131028262406404E+000 -0.154559349398675E+003 -0.154559349398675E+003
  0.129410995428938E+001  0.506290852517887E+000  0.918569689124459E+000  0.492640204442983E+000 -0.131028262406404E+000 -0.154560436819219E+003 -0.154560436819219E+003
  0.124880304759263E+001  0.532533919708620E+000  0.903663287219671E+000  0.496949651286370E+000 -0.131028262406404E+000 -0.154560769153229E+003 -0.154560769153229E+003
  0.125707083799394E+001  0.507365158943713E+000  0.978754683317104E+000  0.499947772703944E+000 -0.131028262406404E+000 -0.154559600710141E+003 -0.154559600710141E+003
  0.126905456163921E+001  0.516459332778032E+000  0.793500237726246E+000  0.498492889766749E+000 -0.131028262406404E+000 -0.154559852812175E+003 -0.154559852812175E+003
  0.127221583101254E+001  0.512955389002238E+000  0.944594602110539E+000  0.497708965157987E+000 -0.131028262406404E+000 -0.154559827964786E+003 -0.154559827964786E+003
  0.127318495255767E+001  0.525972982070942E+000  0.808019793510638E+000  0.497621068830397E+000 -0.131028262406404E+000 -0.154560592279666E+003 -0.154560592279666E+003
  0.130812898516315E+001  0.501799530942175E+000  0.895754176319593E+000  0.496915219451917E+000 -0.131028262406404E+000 -0.154560711910557E+003 -0.154560711910557E+003
  0.127238598941676E+001  0.526581535270093E+000  0.835080036102351E+000  0.497629033161232E+000 -0.131028262406404E+000 -0.154560606305969E+003 -0.154560606305969E+003
  0.129263127708897E+001  0.508981466839656E+000  0.944880824610041E+000  0.492839705295719E+000 -0.131028262406404E+000 -0.154560537876118E+003 -0.154560537876118E+003
  0.130370951179195E+001  0.500672203025803E+000  0.718785615785777E+000  0.489165199790348E+000 -0.131028262406404E+000 -0.154560667978672E+003 -0.154560667978672E+003
  0.126482956252820E+001  0.516878554828553E+000  0.928335256768833E+000  0.493079117802183E+000 -0.131028262406404E+000 -0.154560596637873E+003 -0.154560596637873E+003
  0.129139581655976E+001  0.512846891062827E+000  0.840934271599326E+000  0.496642984523398E+000 -0.131028262406404E+000 -0.154560519607838E+003 -0.154560519607838E+003
  0.129907229953247E+001  0.502676739745435E+000  0.993888524418744E+000  0.498048136666029E+000 -0.131028262406404E+000 -0.154560158915893E+003 -0.154560158915893E+003
  0.124823089986083E+001  0.502634968459193E+000  0.806801318069762E+000  0.498675255243352E+000 -0.131028262406404E+000 -0.154560335033627E+003 -0.154560335033627E+003
  0.124932929355814E+001  0.535389008305877E+000  0.973204429972152E+000  0.497539362438859E+000 -0.131028262406404E+000 -0.154560794100360E+003 -0.154560794100360E+003
  0.127401395540505E+001  0.510994158084066E+000  0.836636290877937E+000  0.490981236479829E+000 -0.131028262406404E+000 -0.154560598542028E+003 -0.154560598542028E+003
  0.127811444101752E+001  0.501535846990726E+000  0.837990612102636E+000  0.492991757181043E+000 -0.131028262406404E+000 -0.154560044656759E+003 -0.154560044656759E+003
  0.128314766113276E+001  0.501358146811183E+000  0.907408297529809E+000  0.495110318288853E+000 -0.131028262406404E+000 -0.154559781596768E+003 -0.154559781596768E+003
  0.129987571338151E+001  0.501881621613606E+000  0.821803527775702E+000  0.495304355108827E+000 -0.131028262406404E+000 -0.154560248929232E+003 -0.154560248929232E+003
  0.129355397021524E+001  0.512478512614417E+000  0.991833731386587E+000  0.496002151980121E+000 -0.131028262406404E+000 -0.154560642223153E+003 -0.154560642223153E+003
  0.124145718358817E+001  0.526466662528463E+000  0.765155604606955E+000  0.499900307555920E+000 -0.131028262406404E+000 -0.154560263799258E+003 -0.154560263799258E+003
  0.125993823916659E+001  0.503083415675146E+000  0.925956612690424E+000  0.497314846301034E+000 -0.131028262406404E+000 -0.154559926898309E+003 -0.154559926898309E+003
  0.123853381330064E+001  0.521861884949993E+000  0.927290482736830E+000  0.497845041997952E+000 -0.131028262406404E+000 -0.154560778333364E+003 -0.154560778333364E+003
  0.125942717858589E+001  0.509585565792316E+000  0.771345560204543E+000  0.492586892151902E+000 -0.131028262406404E+000 -0.154560732829527E+003 -0.154560732829527E+003
  0.129082606806219E+001  0.501276281878607E+000  0.715738416923294E+000  0.490629813009633E+000 -0.131028262406404E+000 -0.154560284614820E+003 -0.154560284614820E+003
  0.124981965149678E+001  0.534767944082071E+000  0.863573310505360E+000  0.498421726267249E+000 -0.131028262406404E+000 -0.154560622159671E+003 -0.154560622159671E+003
  0.126847041242407E+001  0.510112479944271E+000  0.920096385232031E+000  0.499579994949182E+000 -0.131028262406404E+000 -0.154559505154623E+003 -0.154559505154623E+003
  0.123863159730404E+001  0.531923350371440E+000  0.831155527671644E+000  0.498874967921840E+000 -0.131028262406404E+000 -0.154560656979766E+003 -0.154560656979766E+003
  0.125370398289912E+001  0.516920875251336E+000  0.992924268953721E+000  0.499975742684208E+000 -0.131028262406404E+000 -0.154559754475238E+003 -0.154559754475238E+003
  0.125178953213033E+001  0.505419041653976E+000  0.819877253669786E+000  0.497587517126483E+000 -0.131028262406404E+000 -0.154560248225834E+003 -0.154560248225834E+003
  0.128738434270249E+001  0.509903587935789E+000  0.879544576910303E+000  0.489229538897923E+000 -0.131028262406404E+000 -0.154560785079463E+003 -0.154560785079463E+003
  0.127107941933727E+001  0.504291772412603E+000  0.757050548684830E+000  0.495131866712997E+000 -0.131028262406404E+000 -0.154559918655523E+003 -0.154559918655523E+003
  0.129188979471445E+001  0.507880941014780E+000  0.917495185586815E+000  0.489069677371684E+000 -0.131028262406404E+000 -0.154560768755278E+003 -0.154560768755278E+003
  0.126883353551807E+001  0.510427188766373E+000  0.860664857732147E+000  0.490457626385281E+000 -0.131028262406404E+000 -0.154560764642145E+003 -0.154560764642145E+003
  0.128989347209451E+001  0.516278895876558E+000  0.878965676913617E+000  0.499118753321662E+000 -0.131028262406404E+000 -0.154560595542682E+003 -0.154560595542682E+003
  0.128081415517336E+001  0.517076421902751E+000  0.964708929242684E+000  0.496852975558595E+000 -0.131028262406404E+000 -0.154560324410294E+003 -0.154560324410294E+003
  0.128671182730227E+001  0.501801495249471E+000  0.913736586353283E+000  0.496704733372640E+000 -0.131028262406404E+000 -0.154559701695948E+003 -0.154559701695948E+003
  0.125583457917465E+001  0.505948767076122E+000  0.809929730195651E+000  0.493145700550764E+000 -0.131028262406404E+000 -0.154560837659617E+003 -0.154560837659617E+003
  0.127375353943560E+001  0.526291286601597E+000  0.955442177649871E+000  0.495435669513901E+000 -0.131028262406404E+000 -0.154560843957256E+003 -0.154560843957256E+003
  0.128275410429738E+001  0.517352510945830E+000  0.850626304726917E+000  0.496647499416423E+000 -0.131028262406404E+000 -0.154560434741752E+003 -0.154560434741752E+003
  0.130258848100495E+001  0.503315781122308E+000  0.983681721165883E+000  0.495983726362784E+000 -0.131028262406404E+000 -0.154560472678158E+003 -0.154560472678158E+003
  0.124071559359484E+001  0.517224470856077E+000  0.911498689626626E+000  0.497648250737824E+000 -0.131028262406404E+000 -0.154560721263616E+003 -0.154560721263616E+003
  0.127287024846771E+001  0.517428565521923E+000  0.994462121575658E+000  0.495818773261616E+000 -0.131028262406404E+000 -0.154560243455762E+003 -0.154560243455762E+003
  0.125149185584678E+001  0.500698196515044E+000  0.884340530903592E+000  0.499296132232165E+000 -0.131028262406404E+000 -0.154560069851968E+003 -0.154560069851968E+003
  0.129092760779252E+001  0.509381506638899E+000  0.893278498322882E+000  0.489168821639149E+000 -0.131028262406404E+000 -0.154560824196639E+003 -0.154560824196639E+003
  0.126569383258106E+001  0.526518840182041E+000  0.930097811341739E+000  0.499882384222213E+000 -0.131028262406404E+000 -0.154560167203321E+003 -0.154560167203321E+003
  0.127202304326044E+001  0.504038341843702E+000  0.885835049735123E+000  0.491016090327456E+000 -0.131028262406404E+000 -0.154560489837611E+003 -0.154560489837611E+003
  0.126671678483937E+001  0.526298737783768E+000  0.978174233367810E+000  0.498849948337979E+000 -0.131028262406404E+000 -0.154560288644632E+003 -0.154560288644632E+003
  0.127820321235411E+001  0.518214480322791E+000  0.762414049852205E+000  0.491632599754777E+000 -0.131028262406404E+000 -0.154560837902626E+003 -0.154560837902626E+003
  0.129047056787747E+001  0.503534944537981E+000  0.841093800103415E+000  0.488304354906578E+000 -0.131028262406404E+000 -0.154560617849378E+003 -0.154560617849378E+003
  0.128843488410130E+001  0.519283098787992E+000  0.818005408205399E+000  0.498253876029041E+000 -0.131028262406404E+000 -0.154560795054641E+003 -0.154560795054641E+003
  0.128754756790019E+001  0.506617859426057E+000  0.811169483460822E+000  0.491344937272448E+000 -0.131028262406404E+000 -0.154560404489418E+003 -0.154560404489418E+003
  0.127488015517914E+001  0.501609889642030E+000  0.770705481977823E+000  0.489711400288063E+000 -0.131028262406404E+000 -0.154560580787932E+003 -0.154560580787932E+003
  0.124774872378953E+001  0.521162962632528E+000  0.757556234801618E+000  0.496606934849992E+000 -0.131028262406404E+000 -0.154560566952126E+003 -0.154560566952126E+003
  0.126220592963894E+001  0.500293484163913E+000  0.845459560882829E+000  0.493100125566554E+000 -0.131028262406404E+000 -0.154560562958821E+003 -0.154560562958821E+003
  0.129061934482761E+001  0.502140805104523E+000  0.789129378542223E+000  0.489043976980762E+000 -0.131028262406404E+000 -0.154560481287938E+003 -0.154560481287938E+003
  0.128764598894254E+001  0.507219617315170E+000  0.816126783483272E+000  0.498268495810861E+000 -0.131028262406404E+000 -0.154559880279719E+003 -0.154559880279719E+003
  0.127337899512963E+001  0.500590572666634E+000  0.999292041516131E+000  0.490876104147736E+000 -0.131028262406404E+000 -0.154560441814039E+003 -0.154560441814039E+003
  0.127760204296577E+001  0.521901093770875E+000  0.804983669933258E+000  0.494165931041921E+000 -0.131028262406404E+000 -0.154560781557961E+003 -0.154560781557961E+003
  0.127346236132235E+001  0.525143561646098E+000  0.896275618185885E+000  0.499517846774446E+000 -0.131028262406404E+000 -0.154560379673993E+003 -0.154560379673993E+003
  0.126573839676651E+001  0.525606348268517E+000  0.842760724111796E+000  0.497750728650221E+000 -0.131028262406404E+000 -0.154560347422535E+003 -0.154560347422535E+003
  0.127565626003366E+001  0.510582298902498E+000  0.970597723476595E+000  0.498820450116126E+000 -0.131028262406404E+000 -0.154559665196250E+003 -0.154559665196250E+003
  0.128431428179878E+001  0.502412045868916E+000  0.753407287324159E+000  0.498942524628698E+000 -0.131028262406404E+000 -0.154559502057497E+003 -0.154559502057497E+003
  0.127576701065813E+001  0.517818351140936E+000  0.802445906831194E+000  0.492399262080861E+000 -0.131028262406404E+000 -0.154560695095787E+003 -0.154560695095787E+003
  0.124834483410135E+001  0.512938411745727E+000  0.774859496412787E+000  0.496591762763644E+000 -0.131028262406404E+000 -0.154560527861449E+003 -0.154560527861449E+003
  0.129374966382273E+001  0.514798751175971E+000  0.927907191775923E+000  0.498121218275677E+000 -0.131028262406404E+000 -0.154560763194923E+003 -0.154560763194923E+003
  0.127914024902693E+001  0.505887788418177E+000  0.924446971744784E+000  0.488032189233683E+000 -0.131028262406404E+000 -0.154560802080655E+003 -0.154560802080655E+003
  0.126486867781032E+001  0.501970406527332E+000  0.735626658617337E+000  0.492525750559853E+000 -0.131028262406404E+000 -0.154560511408515E+003 -0.154560511408515E+003
