  0.493167781539311E+000  0.516927711326389E+000  0.278308151177599E+000  0.498469141190163E+000 -0.131028262406404E+000 -0.151491842369217E+003 -0.151491842369217E+003
  0.486127750750025E+000  0.506751729168275E+000  0.425289812010390E+000  0.499153829028552E+000 -0.131028262406404E+000 -0.151489113588103E+003 -0.151489113588103E+003
  0.501645955440312E+000  0.501612888307563E+000  0.195222043642941E+000  0.495464719240915E+000 -0.131028262406404E+000 -0.151491114588777E+003 -0.151491114588777E+003
  0.534527299139306E+000  0.508917315989099E+000  0.388427230052616E+000  0.499742161186852E+000 -0.131028262406404E+000 -0.151488584603426E+003 -0.151488584603426E+003
  0.504293562736344E+000  0.514034607710139E+000  0.123171033482704E+000  0.497787764134561E+000 -0.131028262406404E+000 -0.151491564267732E+003 -0.151491564267732E+003
  0.530590599811462E+000  0.500257903332101E+000  0.194474962672501E+000  0.495847047937579E+000 -0.131028262406404E+000 -0.151490332470002E+003 -0.151490332470002E+003
  0.474865270121794E+000  0.515750331272807E+000  0.602026076804396E+000  0.499207884262039E+000 -0.131028262406404E+000 -0.151491948239831E+003 -0.151491948239831E+003
  0.537568362914537E+000  0.500836772228426E+000  0.440680938905395E+000  0.496097195474869E+000 -0.131028262406404E+000 -0.151490516967472E+003 -0.151490516967472E+003
  0.530741977328730E+000  0.510377926543597E+000  0.485982486317909E+000  0.499838590450516E+000 -0.131028262406404E+000 -0.151488707919503E+003 -0.151488707919503E+003
  0.490819438427714E+000  0.515274922983620E+000  0.128393392350470E-001  0.499015603272314E+000 -0.131028262406404E+000 -0.151490952213581E+003 -0.151490952213581E+003
  0.514473915436029E+000  0.511231324446094E+000  0.462481736161528E+000  0.496777655796375E+000 -0.131028262406404E+000 -0.151491918453295E+003 -0.151491918453295E+003
  0.455412619081929E+000  0.503129072890866E+000  0.489122842971530E+000  0.499478855734374E+000 -0.131028262406404E+000 -0.151491463370955E+003 -0.151491463370955E+003
  0.501890176974507E+000  0.511549126004018E+000  0.446497530474100E+000  0.498279636267671E+000 -0.131028262406404E+000 -0.151490444634440E+003 -0.151490444634440E+003
  0.521786376605809E+000  0.510454741501753E+000  0.133579442376280E+000  0.499397513651429E+000 -0.131028262406404E+000 -0.151488912057473E+003 -0.151488912057473E+003
  0.563358454505688E+000  0.501207678108207E+000  0.381958314427761E+000  0.497126178186556E+000 -0.131028262406404E+000 -0.151491637667749E+003 -0.151491637667749E+003
  0.507505456937500E+000  0.501341505995306E+000  0.220306026484890E+000  0.494687668132248E+000 -0.131028262406404E+000 -0.151491742660791E+003 -0.151491742660791E+003
  0.560641482168263E+000  0.501053027306801E+000  0.410193535747174E-001  0.499483542359685E+000 -0.131028262406404E+000 -0.151488610378994E+003 -0.151488610378994E+003
  0.510951082011379E+000  0.519041632875947E+000  0.481005244327145E+000  0.498933311984538E+000 -0.131028262406404E+000 -0.151491580692357E+003 -0.151491580692357E+003
  0.526969238557614E+000  0.502591650047344E+000  0.124742178015758E+000  0.498005413325999E+000 -0.131028262406404E+000 -0.151488449499352E+003 -0.151488449499352E+003
  0.484228200106155E+000  0.503583132504015E+000  0.188637401633202E+000  0.498878052660756E+000 -0.131028262406404E+000 -0.151488852183778E+003 -0.151488852183778E+003
  0.532154182818538E+000  0.503825786478428E+000  0.202072617712697E+000  0.499011657010650E+000 -0.131028262406404E+000 -0.151487844627661E+003 -0.151487844627661E+003
  0.577423598287000E+000  0.500079921831050E+000  0.548115163373246E+000  0.499535273257823E+000 -0.131028262406404E+000 -0.151490384015427E+003 -0.151490384015427E+003
  0.555518171281601E+000  0.500242230480355E+000  0.888446761947241E-001  0.497616394929348E+000 -0.131028262406404E+000 -0.151489949071929E+003 -0.151489949071929E+003
  0.496443484093978E+000  0.502626813469591E+000  0.420239231364932E-001  0.495581301934060E+000 -0.131028262406404E+000 -0.151491440814863E+003 -0.151491440814863E+003
  0.462689322479685E+000  0.505434835653560E+000  0.286722826017843E+000  0.498639459978556E+000 -0.131028262406404E+000 -0.151491751225165E+003 -0.151491751225165E+003
  0.500827158949209E+000  0.517493497418100E+000  0.479178896331312E+000  0.498747119810924E+000 -0.131028262406404E+000 -0.151491447261732E+003 -0.151491447261732E+003
  0.555031943388513E+000  0.504456253431507E+000  0.616367785970426E+000  0.498724163947632E+000 -0.131028262406404E+000 -0.151489954747385E+003 -0.151489954747385E+003
  0.497515464502702E+000  0.500107135956546E+000  0.366497108216566E+000  0.498731417548276E+000 -0.131028262406404E+000 -0.151487369339527E+003 -0.151487369339527E+003
  0.510724452182613E+000  0.512817080456104E+000  0.360862193838205E+000  0.499210847123659E+000 -0.131028262406404E+000 -0.151489627529482E+003 -0.151489627529482E+003
  0.516693151923692E+000  0.502816568473997E+000  0.581020478937223E+000  0.497526060219189E+000 -0.131028262406404E+000 -0.151488892175988E+003 -0.151488892175988E+003
  0.491436838281520E+000  0.503815145147028E+000  0.564381967067680E-001  0.499902824419992E+000 -0.131028262406404E+000 -0.151487291679634E+003 -0.151487291679634E+003
  0.492834905171214E+000  0.507350929524332E+000  0.451188483027216E-001  0.496790659668442E+000 -0.131028262406404E+000 -0.151491404125565E+003 -0.151491404125565E+003
  0.505626261659557E+000  0.500783294104882E+000  0.391409785276766E+000  0.496376674960659E+000 -0.131028262406404E+000 -0.151489787905022E+003 -0.151489787905022E+003
  0.520241864004436E+000  0.517951717906741E+000  0.254747237858621E-001  0.499934130163034E+000 -0.131028262406404E+000 -0.151490340639042E+003 -0.151490340639042E+003
  0.517781172513340E+000  0.505041477570915E+000  0.890257416557296E-001  0.495530718597948E+000 -0.131028262406404E+000 -0.151491696111292E+003 -0.151491696111292E+003
  0.474510733132009E+000  0.500526504002144E+000  0.477680662832833E-001  0.498478654991788E+000 -0.131028262406404E+000 -0.151489536554287E+003 -0.151489536554287E+003
  0.536843104283059E+000  0.500780987959593E+000  0.485727966192556E+000  0.494738600393726E+000 -0.131028262406404E+000 -0.151491994421325E+003 -0.151491994421325E+003
  0.548611899700890E+000  0.501556859295262E+000  0.533666169931713E+000  0.495735845307673E+000 -0.131028262406404E+000 -0.151491872652793E+003 -0.151491872652793E+003
  0.506744346595183E+000  0.508041939075899E+000  0.411404189792787E+000  0.497279539499406E+000 -0.131028262406404E+000 -0.151490568484381E+003 -0.151490568484381E+003
  0.463753150475785E+000  0.504777216379032E+000  0.214057326481221E+000  0.499175644653761E+000 -0.131028262406404E+000 -0.151490918853959E+003 -0.151490918853959E+003
  0.515325882158088E+000  0.504381453125435E+000  0.282852107999437E+000  0.499698192598153E+000 -0.131028262406404E+000 -0.151486898975581E+003 -0.151486898975581E+003
  0.534789111347968E+000  0.508529241492064E+000  0.259480991875647E+000  0.498407944794462E+000 -0.131028262406404E+000 -0.151489980191075E+003 -0.151489980191075E+003
  0.500230934763248E+000  0.506945628326463E+000  0.391361277694369E+000  0.498198138472780E+000 -0.131028262406404E+000 -0.151489453211451E+003 -0.151489453211451E+003
  0.516972416621874E+000  0.505503868299806E+000  0.176850511159303E+000  0.498725495799782E+000 -0.131028262406404E+000 -0.151488266057250E+003 -0.151488266057250E+003
  0.535963192451838E+000  0.500705757024574E+000  0.547938018418541E+000  0.497058825850773E+000 -0.131028262406404E+000 -0.151489319576259E+003 -0.151489319576259E+003
  0.502003722727854E+000  0.508680074392694E+000  0.101588766793506E+000  0.499004500888492E+000 -0.131028262406404E+000 -0.151488938054500E+003 -0.151488938054500E+003
  0.520639002582446E+000  0.508650473103439E+000  0.300337752718670E+000  0.496703905212832E+000 -0.131028262406404E+000 -0.151491394896907E+003 -0.151491394896907E+003
  0.520961520941953E+000  0.508753164945416E+000  0.133474286445412E+000  0.498245886134486E+000 -0.131028262406404E+000 -0.151489711685304E+003 -0.151489711685304E+003
  0.531218797298265E+000  0.504679519115875E+000  0.186781208803002E-001  0.497774168488369E+000 -0.131028262406404E+000 -0.151489426751736E+003 -0.151489426751736E+003
  0.553363596514787E+000  0.505630962236246E+000  0.513360658864583E+000  0.497986673098722E+000 -0.131028262406404E+000 -0.151490991595880E+003 -0.151490991595880E+003
  0.514261389084345E+000  0.507799605455071E+000  0.305674845339015E+000  0.498276629374997E+000 -0.131028262406404E+000 -0.151489351995428E+003 -0.151489351995428E+003
  0.514919320605561E+000  0.510616358319597E+000  0.335409935398956E+000  0.499826249558205E+000 -0.131028262406404E+000 -0.151488380680505E+003 -0.151488380680505E+003
  0.469149716482934E+000  0.509105611033640E+000  0.605282121661731E+000  0.498536269969882E+000 -0.131028262406404E+000 -0.151491819951468E+003 -0.151491819951468E+003
  0.528620776661185E+000  0.502625098207080E+000  0.426301541617958E+000  0.499353065789132E+000 -0.131028262406404E+000 -0.151487007792197E+003 -0.151487007792197E+003
  0.509223325336447E+000  0.515281516615880E+000  0.137143051789299E+000  0.499345485179105E+000 -0.131028262406404E+000 -0.151490125087046E+003 -0.151490125087046E+003
  0.517588685521538E+000  0.501921104086734E+000  0.155777052174713E-003  0.497606191799268E+000 -0.131028262406404E+000 -0.151488573811207E+003 -0.151488573811207E+003
  0.506570211276121E+000  0.518341065856196E+000  0.603366360266029E+000  0.498616538178307E+000 -0.131028262406404E+000 -0.151491739101540E+003 -0.151491739101540E+003
  0.542971321537947E+000  0.517184915609042E+000  0.342548413633612E+000  0.499438938888809E+000 -0.131028262406404E+000 -0.151491978770569E+003 -0.151491978770569E+003
  0.486949645149743E+000  0.507796649529980E+000  0.462655270893032E+000  0.497976139172295E+000 -0.131028262406404E+000 -0.151490564800900E+003 -0.151490564800900E+003
  0.499303553775619E+000  0.507602524229307E+000  0.181419210497542E+000  0.498729526329691E+000 -0.131028262406404E+000 -0.151489064135152E+003 -0.151489064135152E+003
  0.477330967837601E+000  0.503663925743971E+000  0.938708833932641E-001  0.497775865557051E+000 -0.131028262406404E+000 -0.151490653959438E+003 -0.151490653959438E+003
  0.495754234632642E+000  0.502500423869424E+000  0.177333146454556E+000  0.497704229588992E+000 -0.131028262406404E+000 -0.151489128583055E+003 -0.151489128583055E+003
  0.514673060458807E+000  0.510402465065740E+000  0.257284580437109E+000  0.497477005802027E+000 -0.131028262406404E+000 -0.151490923106361E+003 -0.151490923106361E+003
  0.555458382286099E+000  0.501479918840978E+000  0.411544576111532E+000  0.497724483309067E+000 -0.131028262406404E+000 -0.151490203246462E+003 -0.151490203246462E+003
  0.485032262986937E+000  0.508219649130484E+000  0.234273797181617E+000  0.498535309761160E+000 -0.131028262406404E+000 -0.151490187858116E+003 -0.151490187858116E+003
  0.488479620019735E+000  0.501253804709673E+000  0.797123394402837E-001  0.496595254148108E+000 -0.131028262406404E+000 -0.151490485046707E+003 -0.151490485046707E+003
  0.552746588990799E+000  0.501039099254215E+000  0.498606917927742E+000  0.497768232999300E+000 -0.131028262406404E+000 -0.151489766283019E+003 -0.151489766283019E+003
  0.515868503480010E+000  0.512885406465044E+000  0.201242555419464E+000  0.497442991021234E+000 -0.131028262406404E+000 -0.151491634708367E+003 -0.151491634708367E+003
  0.560931290663662E+000  0.504268153460817E+000  0.536067886637750E+000  0.497722071251916E+000 -0.131028262406404E+000 -0.151491661013511E+003 -0.151491661013511E+003
  0.516335816801081E+000  0.508082142612571E+000  0.250342005587885E+000  0.496901549685543E+000 -0.131028262406404E+000 -0.151490961243415E+003 -0.151490961243415E+003
  0.495076485820500E+000  0.506745266906747E+000  0.385502400749813E-001  0.499676892069082E+000 -0.131028262406404E+000 -0.151488009803319E+003 -0.151488009803319E+003
  0.543902742423214E+000  0.500512429628559E+000  0.142150373203670E+000  0.499947212846675E+000 -0.131028262406404E+000 -0.151486477842005E+003 -0.151486477842005E+003
  0.520019908069358E+000  0.514466936241849E+000  0.550541648663739E+000  0.498110366847119E+000 -0.131028262406404E+000 -0.151491400806949E+003 -0.151491400806949E+003
  0.499277663196827E+000  0.508754285282913E+000  0.269507328957204E+000  0.498929171621362E+000 -0.131028262406404E+000 -0.151489125418585E+003 -0.151489125418585E+003
  0.498833657963684E+000  0.523207825799693E+000  0.535829004576634E+000  0.499701009788800E+000 -0.131028262406404E+000 -0.151491893123251E+003 -0.151491893123251E+003
  0.570683102727666E+000  0.503126619486998E+000  0.297462000114989E+000  0.499125460460887E+000 -0.131028262406404E+000 -0.151490912991979E+003 -0.151490912991979E+003
  0.501580068189809E+000  0.512579750244855E+000  0.123019488718421E+000  0.497691606026753E+000 -0.131028262406404E+000 -0.151491355346010E+003 -0.151491355346010E+003
  0.583319994733519E+000  0.500875384458409E+000  0.607490407668829E+000  0.499826116177410E+000 -0.131028262406404E+000 -0.151491246790063E+003 -0.151491246790063E+003
  0.470449484258569E+000  0.511735868736028E+000  0.197827814545124E+000  0.499322711414455E+000 -0.131028262406404E+000 -0.151491390574041E+003 -0.151491390574041E+003
  0.536519752818004E+000  0.503434215701917E+000  0.317057062034679E+000  0.498029924135925E+000 -0.131028262406404E+000 -0.151489033505847E+003 -0.151489033505847E+003
  0.487672337024094E+000  0.503203996586032E+000  0.222999228789248E+000  0.496276212935155E+000 -0.131028262406404E+000 -0.151491322599233E+003 -0.151491322599233E+003
  0.481922231203121E+000  0.503757292022900E+000  0.335336137568954E+000  0.496716112012118E+000 -0.131028262406404E+000 -0.151491404118936E+003 -0.151491404118936E+003
  0.483602081471628E+000  0.504768209870342E+000  0.289883688091677E+000  0.497501907294369E+000 -0.131028262406404E+000 -0.151490642852476E+003 -0.151490642852476E+003
  0.473072421919428E+000  0.502324222235738E+000  0.529758315463561E+000  0.497962092752638E+000 -0.131028262406404E+000 -0.151490608482371E+003 -0.151490608482371E+003
  0.532519284374012E+000  0.505402592805668E+000  0.427910919393690E+000  0.495818063128976E+000 -0.131028262406404E+000 -0.151491880980891E+003 -0.151491880980891E+003
  0.498901321639577E+000  0.516370491255762E+000  0.356064655223201E+000  0.498083354878843E+000 -0.131028262406404E+000 -0.151491938660960E+003 -0.151491938660960E+003
  0.527253355532986E+000  0.500569614385177E+000  0.624140908877060E+000  0.494879397319807E+000 -0.131028262406404E+000 -0.151491399000090E+003 -0.151491399000090E+003
  0.495731722190097E+000  0.504519545062743E+000  0.240477268267187E-001  0.499160152692622E+000 -0.131028262406404E+000 -0.151488017793960E+003 -0.151488017793960E+003
  0.556095835146834E+000  0.512232842133258E+000  0.553341223454860E+000  0.499945180906848E+000 -0.131028262406404E+000 -0.151491147414199E+003 -0.151491147414199E+003
  0.509889063398971E+000  0.507013203231095E+000  0.479592463242855E+000  0.496662554531308E+000 -0.131028262406404E+000 -0.151490949910392E+003 -0.151490949910392E+003
  0.513393330796652E+000  0.510850384864056E+000  0.339693242917039E+000  0.496827918531908E+000 -0.131028262406404E+000 -0.151491754939467E+003 -0.151491754939467E+003
  0.485956777205651E+000  0.512491014512785E+000  0.136356794261670E+000  0.498271318358273E+000 -0.131028262406404E+000 -0.151491381821157E+003 -0.151491381821157E+003
  0.507398242672658E+000  0.517204124711507E+000  0.448323247974369E+000  0.499749821581927E+000 -0.131028262406404E+000 -0.151490187315650E+003 -0.151490187315650E+003
  0.521503993509744E+000  0.504652436729302E+000  0.100093695246536E+000  0.498110646634219E+000 -0.131028262406404E+000 -0.151488770160480E+003 -0.151488770160480E+003
  0.531099346486624E+000  0.509299961120299E+000  0.264924424503274E+000  0.499141492910803E+000 -0.131028262406404E+000 -0.151489196039317E+003 -0.151489196039317E+003
  0.516391555853445E+000  0.511352034389508E+000  0.400150916064650E+000  0.498524725356279E+000 -0.131028262406404E+000 -0.151490028673398E+003 -0.151490028673398E+003
  0.517203869162281E+000  0.506788912906958E+000  0.439766599836458E+000  0.496595157417828E+000 -0.131028262406404E+000 -0.151490967475538E+003 -0.151490967475538E+003
  0.480936787212448E+000  0.504989654396532E+000  0.291030120055337E+000  0.499225071685671E+000 -0.131028262406404E+000 -0.151489057548633E+003 -0.151489057548633E+003
  0.515023223274447E+000  0.519575117252920E+000  0.800464368730229E-001  0.499501820898750E+000 -0.131028262406404E+000 -0.151491146296733E+003 -0.151491146296733E+003
  0.523927274317064E+000  0.501622290460670E+000  0.521108496030661E+000  0.497173117830828E+000 -0.131028262406404E+000 -0.151489044728302E+003 -0.151489044728302E+003
  0.528770296348720E+000  0.511140478942551E+000  0.537317932507139E+000  0.498270742230969E+000 -0.131028262406404E+000 -0.151490588964995E+003 -0.151490588964995E+003
  0.514164099852137E+000  0.501997966439380E+000  0.105867444195615E+000  0.499431526952233E+000 -0.131028262406404E+000 -0.151486587867418E+003 -0.151486587867418E+003
  0.481676347164464E+000  0.509799391022146E+000  0.313272263815202E+000  0.498164091327733E+000 -0.131028262406404E+000 -0.151491191192531E+003 -0.151491191192531E+003
  0.490166636135870E+000  0.511201199643025E+000  0.126965363610730E+000  0.499355191743530E+000 -0.131028262406404E+000 -0.151489656884758E+003 -0.151489656884758E+003
  0.511168063115504E+000  0.509524564946041E+000  0.483710151177369E+000  0.498596499467094E+000 -0.131028262406404E+000 -0.151489449747615E+003 -0.151489449747615E+003
  0.475704390901876E+000  0.514418153016503E+000  0.256143532900496E-001  0.499156581108667E+000 -0.131028262406404E+000 -0.151491637095146E+003 -0.151491637095146E+003
  0.572851438543055E+000  0.500540885960288E+000  0.922013564551638E-001  0.498663513706193E+000 -0.131028262406404E+000 -0.151490876171373E+003 -0.151490876171373E+003
  0.531173270540323E+000  0.500956524388114E+000  0.122496659690354E+000  0.496167986140451E+000 -0.131028262406404E+000 -0.151490186515636E+003 -0.151490186515636E+003
  0.497878868155324E+000  0.502648447965138E+000  0.844110697459033E-001  0.496065335064123E+000 -0.131028262406404E+000 -0.151490851146240E+003 -0.151490851146240E+003
  0.510272207331787E+000  0.505340675855762E+000  0.483546688306496E+000  0.497569152912372E+000 -0.131028262406404E+000 -0.151489519354382E+003 -0.151489519354382E+003
  0.480904206604127E+000  0.515071567875046E+000  0.382060348809706E+000  0.499377020632678E+000 -0.131028262406404E+000 -0.151491122875487E+003 -0.151491122875487E+003
  0.514509082937300E+000  0.501834074996425E+000  0.316977142832696E+000  0.496583815666286E+000 -0.131028262406404E+000 -0.151489684077600E+003 -0.151489684077600E+003
  0.564746357861501E+000  0.507990612066011E+000  0.254153577705765E+000  0.499498989897866E+000 -0.131028262406404E+000 -0.151491312724543E+003 -0.151491312724543E+003
  0.496816819621051E+000  0.504644899464250E+000  0.333667807319453E+000  0.496808167056861E+000 -0.131028262406404E+000 -0.151490557432224E+003 -0.151490557432224E+003
  0.502178424231997E+000  0.501039038841515E+000  0.460910244831348E+000  0.499356422456059E+000 -0.131028262406404E+000 -0.151486703286196E+003 -0.151486703286196E+003
  0.490916131253560E+000  0.517376803771566E+000  0.472417479025648E+000  0.499823924696402E+000 -0.131028262406404E+000 -0.151490570611920E+003 -0.151490570611920E+003
  0.503888069079112E+000  0.508275857139942E+000  0.599952419340162E+000  0.498987301496507E+000 -0.131028262406404E+000 -0.151488807496574E+003 -0.151488807496574E+003
  0.517014040235172E+000  0.516937264032951E+000  0.609445538808481E-001  0.499063733760027E+000 -0.131028262406404E+000 -0.151490949561540E+003 -0.151490949561540E+003
  0.490347654500797E+000  0.509794039262569E+000  0.489592034210242E+000  0.498121669648332E+000 -0.131028262406404E+000 -0.151490658169080E+003 -0.151490658169080E+003
  0.503990468459199E+000  0.507556728698249E+000  0.426619321002217E-002  0.497586980762701E+000 -0.131028262406404E+000 -0.151490163486119E+003 -0.151490163486119E+003
  0.540486654445866E+000  0.508325639664031E+000  0.215402743442632E+000  0.499923798771341E+000 -0.131028262406404E+000 -0.151488567665264E+003 -0.151488567665264E+003
  0.504573991004665E+000  0.502542654968843E+000  0.201819459925107E+000  0.497044175854873E+000 -0.131028262406404E+000 -0.151489512468133E+003 -0.151489512468133E+003
  0.517036377673482E+000  0.501874058191107E+000  0.359256956233052E+000  0.497655878644415E+000 -0.131028262406404E+000 -0.151488505410980E+003 -0.151488505410980E+003
  0.491383677859102E+000  0.518644957710308E+000  0.439328867658038E+000  0.498921471506144E+000 -0.131028262406404E+000 -0.151491839375319E+003 -0.151491839375319E+003
  0.512379347894318E+000  0.503904914012115E+000  0.170664127409707E+000  0.496052607934760E+000 -0.131028262406404E+000 -0.151490812484875E+003 -0.151490812484875E+003
  0.557661956090090E+000  0.509107686988819E+000  0.449533052531441E-001  0.499078924917947E+000 -0.131028262406404E+000 -0.151491301313494E+003 -0.151491301313494E+003
  0.483188478964130E+000  0.520090783725825E+000  0.138137007056129E+000  0.499835462551089E+000 -0.131028262406404E+000 -0.151491622866383E+003 -0.151491622866383E+003
  0.525301894273949E+000  0.507279967376770E+000  0.493834972333250E+000  0.498384089692834E+000 -0.131028262406404E+000 -0.151489261989380E+003 -0.151489261989380E+003
  0.472651173952407E+000  0.505083390696232E+000  0.331535585749207E+000  0.499631744243311E+000 -0.131028262406404E+000 -0.151489444696211E+003 -0.151489444696211E+003
  0.517727024912100E+000  0.512480868321344E+000  0.748304599942554E-001  0.498406620824442E+000 -0.131028262406404E+000 -0.151490481655712E+003 -0.151490481655712E+003
  0.524140892803383E+000  0.500244516222039E+000  0.580996402957864E+000  0.494762462673014E+000 -0.131028262406404E+000 -0.151491369433315E+003 -0.151491369433315E+003
  0.526292341855460E+000  0.511231019205349E+000  0.173209622611698E+000  0.499982900638915E+000 -0.131028262406404E+000 -0.151488607661265E+003 -0.151488607661265E+003
  0.513131419366591E+000  0.505207230806881E+000  0.381861330155278E+000  0.496445838508368E+000 -0.131028262406404E+000 -0.151490707577446E+003 -0.151490707577446E+003
  0.501006790708108E+000  0.504627080965249E+000  0.767008307493011E-001  0.498998748929276E+000 -0.131028262406404E+000 -0.151487992781062E+003 -0.151487992781062E+003
  0.579158946028419E+000  0.501172734230398E+000  0.588488127506590E+000  0.498914152829030E+000 -0.131028262406404E+000 -0.151491726649362E+003 -0.151491726649362E+003
  0.517933021751748E+000  0.512216451766706E+000  0.191855610822438E+000  0.499020879581509E+000 -0.131028262406404E+000 -0.151489731628348E+003 -0.151489731628348E+003
  0.521273145734644E+000  0.500988777067504E+000  0.449776804747469E+000  0.498528963978108E+000 -0.131028262406404E+000 -0.151487334560273E+003 -0.151487334560273E+003
  0.517226257883314E+000  0.515983204594237E+000  0.942968964137076E-001  0.498174373778140E+000 -0.131028262406404E+000 -0.151491682501139E+003 -0.151491682501139E+003
  0.499994351785037E+000  0.508178864720447E+000  0.356960988455130E+000  0.499946171358600E+000 -0.131028262406404E+000 -0.151487851747957E+003 -0.151487851747957E+003
  0.509200164889271E+000  0.501235032734401E+000  0.115375290059436E+000  0.497426288334990E+000 -0.131028262406404E+000 -0.151488663461717E+003 -0.151488663461717E+003
  0.560806631587435E+000  0.504482180976486E+000  0.160695074990059E-001  0.498455988051022E+000 -0.131028262406404E+000 -0.151490881535940E+003 -0.151490881535940E+003
  0.549226930897623E+000  0.512970961840243E+000  0.161405696118408E-001  0.499150255998611E+000 -0.131028262406404E+000 -0.151491565308074E+003 -0.151491565308074E+003
  0.532974388168345E+000  0.509823277146126E+000  0.536509239740185E+000  0.496970957985309E+000 -0.131028262406404E+000 -0.151491870600006E+003 -0.151491870600006E+003
  0.546025759751698E+000  0.508047541348563E+000  0.588027792424268E+000  0.498808271507651E+000 -0.131028262406404E+000 -0.151490150142125E+003 -0.151490150142125E+003
  0.509752186151206E+000  0.506220125640302E+000  0.386848817999897E+000  0.496024292111986E+000 -0.131028262406404E+000 -0.151491455364059E+003 -0.151491455364059E+003
  0.556018306178898E+000  0.502197515486478E+000  0.324275206150236E+000  0.498605043802219E+000 -0.131028262406404E+000 -0.151489484112990E+003 -0.151489484112990E+003
  0.530358484062061E+000  0.501829856047860E+000  0.152697870710560E-001  0.497077011480983E+000 -0.131028262406404E+000 -0.151489381468479E+003 -0.151489381468479E+003
  0.480005420067485E+000  0.507406794122501E+000  0.570513766184827E+000  0.498453107980562E+000 -0.131028262406404E+000 -0.151490489426003E+003 -0.151490489426003E+003
  0.508924502092104E+000  0.522469206643439E+000  0.117275536147333E+000  0.499389571139292E+000 -0.131028262406404E+000 -0.151491980537880E+003 -0.151491980537880E+003
  0.501041296107997E+000  0.514304863331501E+000  0.836398434946593E-001  0.499319473672051E+000 -0.131028262406404E+000 -0.151490011665632E+003 -0.151490011665632E+003
  0.470576575174398E+000  0.504296120091260E+000  0.655523277679763E-001  0.499326886237265E+000 -0.131028262406404E+000 -0.151489835806071E+003 -0.151489835806071E+003
  0.499953425017533E+000  0.514922961912488E+000  0.575444477171909E+000  0.497702526926892E+000 -0.131028262406404E+000 -0.151491968596045E+003 -0.151491968596045E+003
  0.488288568922004E+000  0.512923564319655E+000  0.421347220656619E-001  0.499459858489775E+000 -0.131028262406404E+000 -0.151490051378593E+003 -0.151490051378593E+003
  0.567308291657232E+000  0.500896357583210E+000  0.594773251381945E+000  0.499852464208004E+000 -0.131028262406404E+000 -0.151488916494405E+003 -0.151488916494405E+003
  0.569860555955218E+000  0.500013768546471E+000  0.856211003763489E-001  0.497878425943348E+000 -0.131028262406404E+000 -0.151491194868442E+003 -0.151491194868442E+003
  0.519597041913990E+000  0.514612636847754E+000  0.380257849081911E+000  0.499991042923634E+000 -0.131028262406404E+000 -0.151489338833139E+003 -0.151489338833139E+003
  0.479568310466165E+000  0.505232227858653E+000  0.540861636890809E+000  0.497951424559439E+000 -0.131028262406404E+000 -0.151490595191077E+003 -0.151490595191077E+003
  0.529040173739292E+000  0.515753354650166E+000  0.216123423514991E+000  0.498527098106330E+000 -0.131028262406404E+000 -0.151491633470859E+003 -0.151491633470859E+003
  0.546372053732085E+000  0.504216206821571E+000  0.210521122933581E+000  0.497052361893647E+000 -0.131028262406404E+000 -0.151491003696551E+003 -0.151491003696551E+003
  0.534321316856708E+000  0.505694388826582E+000  0.581950387729231E+000  0.496604876221134E+000 -0.131028262406404E+000 -0.151491166082607E+003 -0.151491166082607E+003
  0.532737635053888E+000  0.508892258498010E+000  0.596382839265510E+000  0.497183627004941E+000 -0.131028262406404E+000 -0.151491351537787E+003 -0.151491351537787E+003
  0.476096388926767E+000  0.504974010638855E+000  0.600590967127768E+000  0.499975953172501E+000 -0.131028262406404E+000 -0.151488700528545E+003 -0.151488700528545E+003
  0.521123282638373E+000  0.519405326659064E+000  0.440564402695946E+000  0.499469965091812E+000 -0.131028262406404E+000 -0.151491291914223E+003 -0.151491291914223E+003
  0.503914011682183E+000  0.500963144737958E+000  0.568611306103846E+000  0.494702199510394E+000 -0.131028262406404E+000 -0.151491723440042E+003 -0.151491723440042E+003
  0.527291404723945E+000  0.500433439381034E+000  0.158619941014903E+000  0.497190316159979E+000 -0.131028262406404E+000 -0.151488780473083E+003 -0.151488780473083E+003
  0.522570741297274E+000  0.501160772245358E+000  0.136859135765541E+000  0.498586826926520E+000 -0.131028262406404E+000 -0.151487331357406E+003 -0.151487331357406E+003
  0.530170815419639E+000  0.508720939296935E+000  0.222581915855435E+000  0.497572358057675E+000 -0.131028262406404E+000 -0.151490746096427E+003 -0.151490746096427E+003
  0.527939858069771E+000  0.507337209347515E+000  0.463577391670181E+000  0.497379425293667E+000 -0.131028262406404E+000 -0.151490484706321E+003 -0.151490484706321E+003
  0.484633668763532E+000  0.505125790716381E+000  0.353391097143855E+000  0.496421412465050E+000 -0.131028262406404E+000 -0.151491811136367E+003 -0.151491811136367E+003
  0.552329402246090E+000  0.503045831086395E+000  0.478073037755594E+000  0.496876175782411E+000 -0.131028262406404E+000 -0.151491353173573E+003 -0.151491353173573E+003
  0.475441644882301E+000  0.505309588474205E+000  0.407133042475471E+000  0.497324388590210E+000 -0.131028262406404E+000 -0.151491667394837E+003 -0.151491667394837E+003
  0.476789735104531E+000  0.500320938560517E+000  0.298406302565898E+000  0.496913014215327E+000 -0.131028262406404E+000 -0.151490929333330E+003 -0.151490929333330E+003
  0.578357795425480E+000  0.500221011693816E+000  0.109411288299364E+000  0.498320197622604E+000 -0.131028262406404E+000 -0.151491957109984E+003 -0.151491957109984E+003
  0.484273840007694E+000  0.514184841209896E+000  0.190534312410825E+000  0.498247473137691E+000 -0.131028262406404E+000 -0.151491906014963E+003 -0.151491906014963E+003
  0.486531527043658E+000  0.516229743185802E+000  0.413139635437878E+000  0.499472828213286E+000 -0.131028262406404E+000 -0.151490910903912E+003 -0.151490910903912E+003
  0.522461218041524E+000  0.508598678762340E+000  0.608164170103351E+000  0.499860705282097E+000 -0.131028262406404E+000 -0.151487909053575E+003 -0.151487909053575E+003
  0.471638550527548E+000  0.501116012657609E+000  0.673158495070317E-001  0.498886836424027E+000 -0.131028262406404E+000 -0.151489539085408E+003 -0.151489539085408E+003
  0.489318010571888E+000  0.501006891869651E+000  0.154116891190773E+000  0.496390707825265E+000 -0.131028262406404E+000 -0.151490594316577E+003 -0.151490594316577E+003
  0.492671977229530E+000  0.511628742459368E+000  0.355715835741421E+000  0.498475672963621E+000 -0.131028262406404E+000 -0.151490583739392E+003 -0.151490583739392E+003
  0.515883761263449E+000  0.514165746669905E+000  0.253680960032501E+000  0.499939696132371E+000 -0.131028262406404E+000 -0.151489208370687E+003 -0.151489208370687E+003
  0.551029275540069E+000  0.500103342990604E+000  0.433212171986744E+000  0.499384536782394E+000 -0.131028262406404E+000 -0.151487513735159E+003 -0.151487513735159E+003
  0.468533998772684E+000  0.502483160888278E+000  0.127166242008735E+000  0.499180105083543E+000 -0.131028262406404E+000 -0.151489865005698E+003 -0.151489865005698E+003
  0.554154194908752E+000  0.500659269831291E+000  0.456138738577167E+000  0.499227746447979E+000 -0.131028262406404E+000 -0.151488130502010E+003 -0.151488130502010E+003
  0.495727155531187E+000  0.511730942434615E+000  0.845361244185174E-001  0.499306292589923E+000 -0.131028262406404E+000 -0.151489567512809E+003 -0.151489567512809E+003
  0.500364960615876E+000  0.509095395249116E+000  0.480859704314536E+000  0.498429122553806E+000 -0.131028262406404E+000 -0.151489718724198E+003 -0.151489718724198E+003
  0.528423510084015E+000  0.511599335420296E+000  0.484222594898329E+000  0.497636989479210E+000 -0.131028262406404E+000 -0.151491414013583E+003 -0.151491414013583E+003
  0.522105034581978E+000  0.502006832124780E+000  0.279046461473564E+000  0.499572312369266E+000 -0.131028262406404E+000 -0.151486458946196E+003 -0.151486458946196E+003
  0.516272553199402E+000  0.504996865319585E+000  0.572169900871601E+000  0.497962509478956E+000 -0.131028262406404E+000 -0.151488974394951E+003 -0.151488974394951E+003
  0.538285162040514E+000  0.504415575113428E+000  0.951160058732286E+000  0.496800787919771E+000 -0.131028262406404E+000 -0.151490793581019E+003 -0.151490793581019E+003
  0.543970137376992E+000  0.504688028188719E+000  0.893879963856186E+000  0.499576374578920E+000 -0.131028262406404E+000 -0.151488123114604E+003 -0.151488123114604E+003
  0.556934056466290E+000  0.502947033698118E+000  0.880612194333326E+000  0.499823577500117E+000 -0.131028262406404E+000 -0.151488433127084E+003 -0.151488433127084E+003
  0.491278282233097E+000  0.503667728162008E+000  0.808752850661200E+000  0.498728283161519E+000 -0.131028262406404E+000 -0.151488536730029E+003 -0.151488536730029E+003
  0.559245973898296E+000  0.508129959216118E+000  0.917023186170965E+000  0.499206710047683E+000 -0.131028262406404E+000 -0.151491022067821E+003 -0.151491022067821E+003
  0.517684708561677E+000  0.501711434438104E+000  0.783925425716431E+000  0.496827612331173E+000 -0.131028262406404E+000 -0.151489382006672E+003 -0.151489382006672E+003
  0.472608424899262E+000  0.504092392842868E+000  0.806743703987718E+000  0.497185704711889E+000 -0.131028262406404E+000 -0.151491849955187E+003 -0.151491849955187E+003
  0.498373052010219E+000  0.502519048467807E+000  0.964729797053827E+000  0.495030937240084E+000 -0.131028262406404E+000 -0.151491933090229E+003 -0.151491933090229E+003
  0.519757294530151E+000  0.505979842575769E+000  0.970743836726509E+000  0.497378005632924E+000 -0.131028262406404E+000 -0.151489911717665E+003 -0.151489911717665E+003
  0.551442860087485E+000  0.505492077768068E+000  0.806976789563738E+000  0.497995597318422E+000 -0.131028262406404E+000 -0.151490756861349E+003 -0.151490756861349E+003
  0.510497084618804E+000  0.500883212526833E+000  0.800927162303628E+000  0.499091214676142E+000 -0.131028262406404E+000 -0.151486725771446E+003 -0.151486725771446E+003
  0.510176474913892E+000  0.510408164266014E+000  0.932375196107377E+000  0.497899588874760E+000 -0.131028262406404E+000 -0.151490452093427E+003 -0.151490452093427E+003
  0.534058481350634E+000  0.512858560060451E+000  0.960218011603798E+000  0.499061794994796E+000 -0.131028262406404E+000 -0.151490462515378E+003 -0.151490462515378E+003
  0.515691954512650E+000  0.517185988314830E+000  0.810726301712116E+000  0.499674459649979E+000 -0.131028262406404E+000 -0.151490315080460E+003 -0.151490315080460E+003
  0.523872651783332E+000  0.503613198136707E+000  0.781276711512813E+000  0.496617774896841E+000 -0.131028262406404E+000 -0.151490196839422E+003 -0.151490196839422E+003
  0.479724857129327E+000  0.504146358951322E+000  0.994320445882127E+000  0.499117296259326E+000 -0.131028262406404E+000 -0.151489098685812E+003 -0.151489098685812E+003
  0.544097440671850E+000  0.510468198234391E+000  0.828514224418035E+000  0.499697247304355E+000 -0.131028262406404E+000 -0.151489727213293E+003 -0.151489727213293E+003
  0.554147977310428E+000  0.501519990137890E+000  0.837293779276564E+000  0.498462255897977E+000 -0.131028262406404E+000 -0.151489257101715E+003 -0.151489257101715E+003
  0.492512895710094E+000  0.500123651386349E+000  0.871719208663895E+000  0.496072705471516E+000 -0.131028262406404E+000 -0.151490536990931E+003 -0.151490536990931E+003
  0.519792843502304E+000  0.502840950452061E+000  0.911883047900526E+000  0.495856620588583E+000 -0.131028262406404E+000 -0.151490772252841E+003 -0.151490772252841E+003
  0.504828867245329E+000  0.501567407068099E+000  0.946407918292881E+000  0.498103993659728E+000 -0.131028262406404E+000 -0.151488106827785E+003 -0.151488106827785E+003
  0.539479483426848E+000  0.504779223622033E+000  0.897758914811886E+000  0.496326167766238E+000 -0.131028262406404E+000 -0.151491506400847E+003 -0.151491506400847E+003
  0.508345033200819E+000  0.509432621532450E+000  0.925097458584995E+000  0.499137776225920E+000 -0.131028262406404E+000 -0.151488852196981E+003 -0.151488852196981E+003
  0.511525306535394E+000  0.505567137096624E+000  0.789222784254459E+000  0.495383761557991E+000 -0.131028262406404E+000 -0.151491985068909E+003 -0.151491985068909E+003
  0.552558335231376E+000  0.509245257310848E+000  0.990499519220525E+000  0.498293140313159E+000 -0.131028262406404E+000 -0.151491694662433E+003 -0.151491694662433E+003
  0.470555083514407E+000  0.508785283090396E+000  0.899858447493592E+000  0.499180807138675E+000 -0.131028262406404E+000 -0.151490914470497E+003 -0.151490914470497E+003
  0.477265063222197E+000  0.503277165064484E+000  0.917893058823365E+000  0.497476678209878E+000 -0.131028262406404E+000 -0.151490898999327E+003 -0.151490898999327E+003
  0.552628849162758E+000  0.506902782080612E+000  0.781665065819081E+000  0.498283928652204E+000 -0.131028262406404E+000 -0.151490979608142E+003 -0.151490979608142E+003
  0.522991769206776E+000  0.507353092447570E+000  0.920439013146171E+000  0.499367742354614E+000 -0.131028262406404E+000 -0.151488129810652E+003 -0.151488129810652E+003
  0.496779020675613E+000  0.503852536327791E+000  0.909578871526188E+000  0.498461205609093E+000 -0.131028262406404E+000 -0.151488570517524E+003 -0.151488570517524E+003
  0.472439349261328E+000  0.518077075338168E+000  0.781695738520133E+000  0.499944913027804E+000 -0.131028262406404E+000 -0.151491887430596E+003 -0.151491887430596E+003
  0.505665512581316E+000  0.508006488047371E+000  0.887186960205108E+000  0.499932937702526E+000 -0.131028262406404E+000 -0.151487665149182E+003 -0.151487665149182E+003
  0.477644745892964E+000  0.501103770685457E+000  0.967448340266455E+000  0.499267826405972E+000 -0.131028262406404E+000 -0.151488493229430E+003 -0.151488493229430E+003
  0.509724610294461E+000  0.501509036545052E+000  0.815445030923274E+000  0.497604167236617E+000 -0.131028262406404E+000 -0.151488526554240E+003 -0.151488526554240E+003
  0.493836652780613E+000  0.501497003792803E+000  0.881353528917297E+000  0.497161313688209E+000 -0.131028262406404E+000 -0.151489589833130E+003 -0.151489589833130E+003
  0.496322676478883E+000  0.511161135884737E+000  0.787862887936349E+000  0.498094857915622E+000 -0.131028262406404E+000 -0.151490728842504E+003 -0.151490728842504E+003
  0.498440568328246E+000  0.515371867102754E+000  0.905605803373738E+000  0.498440241341255E+000 -0.131028262406404E+000 -0.151491310387597E+003 -0.151491310387597E+003
  0.493033686378119E+000  0.510460227113052E+000  0.833368861863420E+000  0.497056217231161E+000 -0.131028262406404E+000 -0.151491837837153E+003 -0.151491837837153E+003
  0.507408973229146E+000  0.502714139055451E+000  0.864439987431625E+000  0.497088122224387E+000 -0.131028262406404E+000 -0.151489436888073E+003 -0.151489436888073E+003
  0.538524837962190E+000  0.508357474863516E+000  0.794826784187823E+000  0.497350848812544E+000 -0.131028262406404E+000 -0.151491339264451E+003 -0.151491339264451E+003
  0.568465876905964E+000  0.501647942767716E+000  0.836548414037930E+000  0.498461359406092E+000 -0.131028262406404E+000 -0.151490886582325E+003 -0.151490886582325E+003
  0.560775254340652E+000  0.505408076311789E+000  0.900132999910330E+000  0.498920009892310E+000 -0.131028262406404E+000 -0.151490648216497E+003 -0.151490648216497E+003
  0.577930383659168E+000  0.502975281968926E+000  0.935138426513694E+000  0.499562638004803E+000 -0.131028262406404E+000 -0.151491415143838E+003 -0.151491415143838E+003
  0.545175197822702E+000  0.502356263153738E+000  0.937136874969917E+000  0.498740223577728E+000 -0.131028262406404E+000 -0.151488457875695E+003 -0.151488457875695E+003
  0.475751168196558E+000  0.502781953044483E+000  0.990086214472670E+000  0.498805218003670E+000 -0.131028262406404E+000 -0.151489524762761E+003 -0.151489524762761E+003
  0.566337645558670E+000  0.502125600665442E+000  0.913753746510741E+000  0.499242340494671E+000 -0.131028262406404E+000 -0.151489886516311E+003 -0.151489886516311E+003
  0.501484796472409E+000  0.502128429927815E+000  0.825872845744213E+000  0.495841248668084E+000 -0.131028262406404E+000 -0.151490830549484E+003 -0.151490830549484E+003
  0.462689388550634E+000  0.502706047995076E+000  0.770789087718718E+000  0.499272526377281E+000 -0.131028262406404E+000 -0.151490555288510E+003 -0.151490555288510E+003
  0.473707300439890E+000  0.502034556299322E+000  0.849687961560706E+000  0.497193124796431E+000 -0.131028262406404E+000 -0.151491301139368E+003 -0.151491301139368E+003
  0.544602346542923E+000  0.501813538063996E+000  0.993761368442672E+000  0.499439256676692E+000 -0.131028262406404E+000 -0.151487473495059E+003 -0.151487473495059E+003
  0.557251147200098E+000  0.505451395339109E+000  0.875510507923945E+000  0.498220015457103E+000 -0.131028262406404E+000 -0.151491066239026E+003 -0.151491066239026E+003
  0.541393624989152E+000  0.508917315148540E+000  0.977418581424506E+000  0.499833883734831E+000 -0.131028262406404E+000 -0.151488906076231E+003 -0.151488906076231E+003
  0.525165048218558E+000  0.507400844523994E+000  0.995827821350112E+000  0.497967521229534E+000 -0.131028262406404E+000 -0.151489755403354E+003 -0.151489755403354E+003
  0.514530772747235E+000  0.501368981598741E+000  0.781025222757176E+000  0.494514824467258E+000 -0.131028262406404E+000 -0.151491860511914E+003 -0.151491860511914E+003
  0.505839230696728E+000  0.511299068927675E+000  0.991240311734061E+000  0.499039001096518E+000 -0.131028262406404E+000 -0.151489468365225E+003 -0.151489468365225E+003
  0.547942316698219E+000  0.501209901165411E+000  0.835839682513499E+000  0.496019077960585E+000 -0.131028262406404E+000 -0.151491393909525E+003 -0.151491393909525E+003
  0.532864165046955E+000  0.515697816986594E+000  0.765796075148565E+000  0.499794091544887E+000 -0.131028262406404E+000 -0.151490402850668E+003 -0.151490402850668E+003
  0.516923980334664E+000  0.522599740243179E+000  0.786580938981173E+000  0.499761024001786E+000 -0.131028262406404E+000 -0.151491736366156E+003 -0.151491736366156E+003
  0.486985233059054E+000  0.511268037583698E+000  0.773321562747578E+000  0.497570774523601E+000 -0.131028262406404E+000 -0.151491795902451E+003 -0.151491795902451E+003
  0.510978091747909E+000  0.500250512780786E+000  0.903920274938811E+000  0.499939328808532E+000 -0.131028262406404E+000 -0.151485632716659E+003 -0.151485632716659E+003
  0.521358755438143E+000  0.515990989032862E+000  0.894898877112204E+000  0.499894310301038E+000 -0.131028262406404E+000 -0.151489872212760E+003 -0.151489872212760E+003
  0.516878718518735E+000  0.504012680814898E+000  0.961220477396423E+000  0.497673662910369E+000 -0.131028262406404E+000 -0.151489039980574E+003 -0.151489039980574E+003
  0.480214595726799E+000  0.505115007776141E+000  0.932938702183577E+000  0.496794211159402E+000 -0.131028262406404E+000 -0.151491758453556E+003 -0.151491758453556E+003
  0.541541916554528E+000  0.502485783273419E+000  0.948898076643676E+000  0.495492393387122E+000 -0.131028262406404E+000 -0.151491908698936E+003 -0.151491908698936E+003
  0.529625424364145E+000  0.505988367650271E+000  0.874269195596780E+000  0.498720509336801E+000 -0.131028262406404E+000 -0.151488673323513E+003 -0.151488673323513E+003
  0.510805325879308E+000  0.501074216754156E+000  0.958184619363161E+000  0.496168711912392E+000 -0.131028262406404E+000 -0.151489983246405E+003 -0.151489983246405E+003
  0.519964007730693E+000  0.512653849199879E+000  0.947757676543955E+000  0.499162506342103E+000 -0.131028262406404E+000 -0.151489731561600E+003 -0.151489731561600E+003
  0.571410171361994E+000  0.500246078567962E+000  0.808571704066031E+000  0.497722333203868E+000 -0.131028262406404E+000 -0.151491654510001E+003 -0.151491654510001E+003
  0.567627911977757E+000  0.502588282500743E+000  0.992990124378614E+000  0.499635201138052E+000 -0.131028262406404E+000 -0.151489753884106E+003 -0.151489753884106E+003
  0.520155627500249E+000  0.511666223794964E+000  0.841511162506755E+000  0.499590800651689E+000 -0.131028262406404E+000 -0.151488991398667E+003 -0.151488991398667E+003
  0.490123018564891E+000  0.507342177653719E+000  0.854372553963382E+000  0.499969914844102E+000 -0.131028262406404E+000 -0.151488103101764E+003 -0.151488103101764E+003
  0.504731945263869E+000  0.500860516222016E+000  0.895230465004297E+000  0.499887112322055E+000 -0.131028262406404E+000 -0.151485993584816E+003 -0.151485993584816E+003
  0.530123846050339E+000  0.516422240890014E+000  0.967053703116504E+000  0.498879116152981E+000 -0.131028262406404E+000 -0.151491487813676E+003 -0.151491487813676E+003
  0.542745926775972E+000  0.500768172884209E+000  0.897775919211405E+000  0.499966215877510E+000 -0.131028262406404E+000 -0.151486457059148E+003 -0.151486457059148E+003
  0.491732713010190E+000  0.500626760752671E+000  0.970697837897071E+000  0.495351938255226E+000 -0.131028262406404E+000 -0.151491482904430E+003 -0.151491482904430E+003
  0.487114501345127E+000  0.508965770554202E+000  0.997357777708145E+000  0.499652847168983E+000 -0.131028262406404E+000 -0.151489006648165E+003 -0.151489006648165E+003
  0.559234934188288E+000  0.511511266552623E+000  0.772911281927677E+000  0.499422806710756E+000 -0.131028262406404E+000 -0.151491869598088E+003 -0.151491869598088E+003
  0.501740628587149E+000  0.504017443010542E+000  0.785649121177136E+000  0.495975539592721E+000 -0.131028262406404E+000 -0.151491130256194E+003 -0.151491130256194E+003
  0.477123200943283E+000  0.516883917124412E+000  0.853409249157102E+000  0.499671964496583E+000 -0.131028262406404E+000 -0.151491507512940E+003 -0.151491507512940E+003
  0.553803853996583E+000  0.503496505914513E+000  0.798436637139845E+000  0.496781020114971E+000 -0.131028262406404E+000 -0.151491738473225E+003 -0.151491738473225E+003
  0.517251596745293E+000  0.505889935157346E+000  0.952930937897545E+000  0.499702791211000E+000 -0.131028262406404E+000 -0.151487289664120E+003 -0.151487289664120E+003
  0.525520158980951E+000  0.505149912422675E+000  0.984036931603982E+000  0.495791130616881E+000 -0.131028262406404E+000 -0.151491579853872E+003 -0.151491579853872E+003
  0.504408218252563E+000  0.510399339904667E+000  0.900767424513865E+000  0.497636578260937E+000 -0.131028262406404E+000 -0.151490809197292E+003 -0.151490809197292E+003
  0.460714464367933E+000  0.504375948587302E+000  0.777399485192091E+000  0.499505347889827E+000 -0.131028262406404E+000 -0.151490900498745E+003 -0.151490900498745E+003
  0.483287423539953E+000  0.500094066659973E+000  0.808351983412421E+000  0.498702681599387E+000 -0.131028262406404E+000 -0.151488363121873E+003 -0.151488363121873E+003
  0.517993359003418E+000  0.512815713813211E+000  0.891913331224542E+000  0.499551261289843E+000 -0.131028262406404E+000 -0.151489306187918E+003 -0.151489306187918E+003
  0.503653098545051E+000  0.506235285030845E+000  0.979345873880059E+000  0.498652569633512E+000 -0.131028262406404E+000 -0.151488677475337E+003 -0.151488677475337E+003
  0.507751311898994E+000  0.504491136533542E+000  0.820107845885458E+000  0.496922138877016E+000 -0.131028262406404E+000 -0.151490054746689E+003 -0.151490054746689E+003
  0.526366163694308E+000  0.503599470320169E+000  0.914131671553450E+000  0.497410434782354E+000 -0.131028262406404E+000 -0.151489370179031E+003 -0.151489370179031E+003
  0.520894608944378E+000  0.506889829269950E+000  0.828301847697468E+000  0.497520547767231E+000 -0.131028262406404E+000 -0.151490014751112E+003 -0.151490014751112E+003
  0.481325357105765E+000  0.501087111491820E+000  0.969784976437185E+000  0.496053168416304E+000 -0.131028262406404E+000 -0.151491592012122E+003 -0.151491592012122E+003
  0.497461924890395E+000  0.500927278920808E+000  0.859744751746928E+000  0.494984909376674E+000 -0.131028262406404E+000 -0.151491647776882E+003 -0.151491647776882E+003
  0.466344956388477E+000  0.501360899308088E+000  0.801363420043912E+000  0.498582277026804E+000 -0.131028262406404E+000 -0.151490544570042E+003 -0.151490544570042E+003
  0.514207523177458E+000  0.504768335272703E+000  0.891641510416961E+000  0.495862965335282E+000 -0.131028262406404E+000 -0.151491239126212E+003 -0.151491239126212E+003
  0.522090374532069E+000  0.512371718347452E+000  0.954101473282316E+000  0.499576319866464E+000 -0.131028262406404E+000 -0.151489245858871E+003 -0.151489245858871E+003
  0.555004748563480E+000  0.504229085301925E+000  0.765534565627690E+000  0.498767227696880E+000 -0.131028262406404E+000 -0.151489832594698E+003 -0.151489832594698E+003
  0.519513238050713E+000  0.507976855851824E+000  0.719554569630410E+000  0.497469745179014E+000 -0.131028262406404E+000 -0.151490339904306E+003 -0.151490339904306E+003
  0.506776414214705E+000  0.514551589878149E+000  0.729033424493837E+000  0.498920887640740E+000 -0.131028262406404E+000 -0.151490417553872E+003 -0.151490417553872E+003
  0.470619435928225E+000  0.505862542376239E+000  0.669401870307274E+000  0.498518443441777E+000 -0.131028262406404E+000 -0.151491009181095E+003 -0.151491009181095E+003
  0.552274231768365E+000  0.503336217010804E+000  0.742103876303744E+000  0.499450101723203E+000 -0.131028262406404E+000 -0.151488528441450E+003 -0.151488528441450E+003
  0.549189026920885E+000  0.500443141087756E+000  0.743087000591357E+000  0.496380886572978E+000 -0.131028262406404E+000 -0.151490853288587E+003 -0.151490853288587E+003
  0.548873322565677E+000  0.507481805362046E+000  0.757050937542251E+000  0.499785798302364E+000 -0.131028262406404E+000 -0.151489117115048E+003 -0.151489117115048E+003
  0.527508579849232E+000  0.501534682819273E+000  0.753196983170604E+000  0.498159138354170E+000 -0.131028262406404E+000 -0.151488005980003E+003 -0.151488005980003E+003
  0.521068483376852E+000  0.502198120865895E+000  0.670864788147919E+000  0.495697860275855E+000 -0.131028262406404E+000 -0.151490794763261E+003 -0.151490794763261E+003
  0.504962377784845E+000  0.516180569475980E+000  0.739976637151631E+000  0.499809819407116E+000 -0.131028262406404E+000 -0.151489877009188E+003 -0.151489877009188E+003
  0.495733848385084E+000  0.506475933251993E+000  0.751868445185629E+000  0.495960976368209E+000 -0.131028262406404E+000 -0.151491966349681E+003 -0.151491966349681E+003
  0.524363656346374E+000  0.505452740295237E+000  0.632111146923711E+000  0.497462732049350E+000 -0.131028262406404E+000 -0.151489764316789E+003 -0.151489764316789E+003
  0.524347697156312E+000  0.510783786792500E+000  0.646384764235131E+000  0.497325473530551E+000 -0.131028262406404E+000 -0.151491381789351E+003 -0.151491381789351E+003
  0.562530548797504E+000  0.504686767189213E+000  0.728801387254134E+000  0.497768302027784E+000 -0.131028262406404E+000 -0.151491929421743E+003 -0.151491929421743E+003
  0.487940685958577E+000  0.502166780876511E+000  0.655573038934428E+000  0.499683216134329E+000 -0.131028262406404E+000 -0.151487394009555E+003 -0.151487394009555E+003
  0.547913425412897E+000  0.511510459009326E+000  0.740861376416043E+000  0.499398486019686E+000 -0.131028262406404E+000 -0.151490707526061E+003 -0.151490707526061E+003
  0.509486698169743E+000  0.517935806804410E+000  0.687024137412222E+000  0.498630197096781E+000 -0.131028262406404E+000 -0.151491614600142E+003 -0.151491614600142E+003
