  0.199906885644889E+001  0.502999453062620E+000  0.530420644912925E-001  0.494599775930278E+000 -0.131028262406404E+000 -0.138928144136960E+003 -0.138928144136960E+003
  0.199326118014857E+001  0.505486396070408E+000  0.949081455222176E-001  0.497697186162697E+000 -0.131028262406404E+000 -0.138926543221350E+003 -0.138926543221350E+003
  0.198539795507679E+001  0.508502680947249E+000  0.274554036742269E-001  0.498940490546414E+000 -0.131028262406404E+000 -0.138927614104790E+003 -0.138927614104790E+003
  0.197971751998181E+001  0.508548425139786E+000  0.779733893641413E-002  0.498750804411729E+000 -0.131028262406404E+000 -0.138928988562331E+003 -0.138928988562331E+003
  0.198630862283578E+001  0.501310740788098E+000  0.118637794671499E-001  0.496222736981954E+000 -0.131028262406404E+000 -0.138928512533599E+003 -0.138928512533599E+003
  0.199438129179563E+001  0.510143269926579E+000  0.127740626966084E+000  0.499729166121711E+000 -0.131028262406404E+000 -0.138925696212744E+003 -0.138925696212744E+003
  0.198245581256863E+001  0.503104109622026E+000  0.127054280300486E-001  0.498939217279416E+000 -0.131028262406404E+000 -0.138926721107461E+003 -0.138926721107461E+003
  0.198900068756619E+001  0.506317523742962E+000  0.654758779456136E-001  0.497114814574921E+000 -0.131028262406404E+000 -0.138928274078758E+003 -0.138928274078758E+003
  0.199379045707858E+001  0.510967161733518E+000  0.325379249468937E-001  0.497141419396881E+000 -0.131028262406404E+000 -0.138928817242387E+003 -0.138928817242387E+003
  0.199654909405407E+001  0.513437297062799E+000  0.135909364359857E+000  0.498718364809203E+000 -0.131028262406404E+000 -0.138927564390333E+003 -0.138927564390333E+003
  0.199297959170201E+001  0.500965005970194E+000  0.252155275423608E-001  0.499981631989429E+000 -0.131028262406404E+000 -0.138922838952784E+003 -0.138922838952784E+003
  0.198793467253596E+001  0.506489849200100E+000  0.947346349776327E-001  0.496415788036226E+000 -0.131028262406404E+000 -0.138929337950918E+003 -0.138929337950918E+003
  0.199425438426453E+001  0.508942903775028E+000  0.384070695307021E-001  0.496988720967354E+000 -0.131028262406404E+000 -0.138928226914106E+003 -0.138928226914106E+003
  0.199703045950961E+001  0.511885455448036E+000  0.101606210344763E+000  0.496735466868942E+000 -0.131028262406404E+000 -0.138929027836370E+003 -0.138929027836370E+003
  0.199397110393444E+001  0.510284266595873E+000  0.222022459101080E-002  0.498989424404685E+000 -0.131028262406404E+000 -0.138926577873325E+003 -0.138926577873325E+003
  0.198969269919252E+001  0.502334638342031E+000  0.137888100191770E+000  0.499967754559871E+000 -0.131028262406404E+000 -0.138923882000672E+003 -0.138923882000672E+003
  0.199972507032544E+001  0.509640200153755E+000  0.541811077706968E-002  0.499174598742177E+000 -0.131028262406404E+000 -0.138925237138705E+003 -0.138925237138705E+003
  0.199324104600040E+001  0.506520682928882E+000  0.638319473457692E-001  0.495703512758814E+000 -0.131028262406404E+000 -0.138929093052744E+003 -0.138929093052744E+003
  0.199457427812386E+001  0.512434305888617E+000  0.132401044575654E+000  0.498235072395575E+000 -0.131028262406404E+000 -0.138928017997806E+003 -0.138928017997806E+003
  0.197107581371855E+001  0.504529080006207E+000  0.447783058660465E-001  0.499510455204739E+000 -0.131028262406404E+000 -0.138929042337994E+003 -0.138929042337994E+003
  0.199550632110355E+001  0.504380327526886E+000  0.316452795641625E-001  0.496039443660339E+000 -0.131028262406404E+000 -0.138927617540352E+003 -0.138927617540352E+003
  0.199167597828138E+001  0.502496509428909E+000  0.108552213453971E+000  0.497467161588856E+000 -0.131028262406404E+000 -0.138926240706754E+003 -0.138926240706754E+003
  0.198472802762169E+001  0.506560839587023E+000  0.128463316437568E+000  0.498843796016961E+000 -0.131028262406404E+000 -0.138927283724373E+003 -0.138927283724373E+003
  0.199905294252638E+001  0.501857514159400E+000  0.215436721559065E-001  0.496113987699928E+000 -0.131028262406404E+000 -0.138926089026314E+003 -0.138926089026314E+003
  0.199853433534684E+001  0.512451584221597E+000  0.982204862324504E-001  0.498977716558060E+000 -0.131028262406404E+000 -0.138926635757169E+003 -0.138926635757169E+003
  0.199477151950700E+001  0.516885406351404E+000  0.285117351304967E-001  0.499509202914172E+000 -0.131028262406404E+000 -0.138928320009947E+003 -0.138928320009947E+003
  0.198037123993586E+001  0.513970643491151E+000  0.303670478569048E-001  0.499666228365038E+000 -0.131028262406404E+000 -0.138929489096062E+003 -0.138929489096062E+003
  0.198671000180711E+001  0.513759013891886E+000  0.618760887351805E-001  0.498643875009229E+000 -0.131028262406404E+000 -0.138929373632033E+003 -0.138929373632033E+003
  0.199802791162018E+001  0.502647591485436E+000  0.334188633528363E-001  0.494763156126683E+000 -0.131028262406404E+000 -0.138928059382864E+003 -0.138928059382864E+003
  0.199723677754613E+001  0.501861426820849E+000  0.156892387394066E-001  0.499704656720558E+000 -0.131028262406404E+000 -0.138922578580409E+003 -0.138922578580409E+003
  0.197825881087724E+001  0.500755375159685E+000  0.555515860165689E-001  0.499480091581504E+000 -0.131028262406404E+000 -0.138926498893827E+003 -0.138926498893827E+003
  0.199053653187851E+001  0.512663671218556E+000  0.652723352979948E-001  0.498217102792385E+000 -0.131028262406404E+000 -0.138928793507718E+003 -0.138928793507718E+003
  0.199835574196881E+001  0.509890902071901E+000  0.673822740113252E-001  0.496826714194515E+000 -0.131028262406404E+000 -0.138928008249401E+003 -0.138928008249401E+003
  0.198658823106867E+001  0.504557970465782E+000  0.758220889252113E-001  0.499351869454874E+000 -0.131028262406404E+000 -0.138925784198943E+003 -0.138925784198943E+003
  0.199601086756368E+001  0.505159562134398E+000  0.619910351231156E-001  0.496798345092839E+000 -0.131028262406404E+000 -0.138926909207598E+003 -0.138926909207598E+003
  0.198826267921573E+001  0.503613333630008E+000  0.255512427596999E-001  0.496958437639928E+000 -0.131028262406404E+000 -0.138927835896818E+003 -0.138927835896818E+003
  0.199263492004824E+001  0.508432790558755E+000  0.611099676307318E-001  0.495922507937773E+000 -0.131028262406404E+000 -0.138929556168355E+003 -0.138929556168355E+003
  0.197896031814370E+001  0.503433189464710E+000  0.957975275547768E-001  0.499898093656185E+000 -0.131028262406404E+000 -0.138926512219914E+003 -0.138926512219914E+003
  0.199632626487622E+001  0.508908656618264E+000  0.938378670093676E-002  0.496518988838377E+000 -0.131028262406404E+000 -0.138928361719659E+003 -0.138928361719659E+003
  0.199637159341144E+001  0.501166100505008E+000  0.267277632603048E-001  0.495602245075759E+000 -0.131028262406404E+000 -0.138927006846398E+003 -0.138927006846398E+003
  0.197920735322473E+001  0.500165287205501E+000  0.113161665946337E+000  0.498662522149424E+000 -0.131028262406404E+000 -0.138927067915702E+003 -0.138927067915702E+003
  0.199831852752680E+001  0.516956390896321E+000  0.683947314353465E-001  0.498309240564021E+000 -0.131028262406404E+000 -0.138929073712933E+003 -0.138929073712933E+003
  0.199995293384236E+001  0.508329118278777E+000  0.763535835950101E-001  0.494666796321128E+000 -0.131028262406404E+000 -0.138929593921084E+003 -0.138929593921084E+003
  0.198740587802852E+001  0.513809919379786E+000  0.123029100670476E+000  0.499285476545610E+000 -0.131028262406404E+000 -0.138928583041082E+003 -0.138928583041082E+003
  0.199774127718899E+001  0.516133477097093E+000  0.721173105285483E-001  0.498815944075188E+000 -0.131028262406404E+000 -0.138928312784135E+003 -0.138928312784135E+003
  0.199628319680566E+001  0.504536605882922E+000  0.324894443541405E-001  0.496632394285226E+000 -0.131028262406404E+000 -0.138926850315085E+003 -0.138926850315085E+003
  0.197780074543219E+001  0.505976787005163E+000  0.120919322762095E+000  0.498879111430167E+000 -0.131028262406404E+000 -0.138928560161530E+003 -0.138928560161530E+003
  0.199420454905990E+001  0.518185683058195E+000  0.666604129964079E-001  0.499670599304346E+000 -0.131028262406404E+000 -0.138928744557536E+003 -0.138928744557536E+003
  0.198503206365493E+001  0.509518415844956E+000  0.112802471139656E+000  0.498840576251500E+000 -0.131028262406404E+000 -0.138928102652323E+003 -0.138928102652323E+003
  0.199098581606962E+001  0.506508730647973E+000  0.140274022674259E+000  0.498173646543644E+000 -0.131028262406404E+000 -0.138926768110077E+003 -0.138926768110077E+003
  0.196834495845042E+001  0.503632823174121E+000  0.108394129016453E-002  0.499839662577354E+000 -0.131028262406404E+000 -0.138929131224929E+003 -0.138929131224929E+003
  0.198891858109628E+001  0.509640008378434E+000  0.132094202387705E+000  0.498045825343690E+000 -0.131028262406404E+000 -0.138928271661369E+003 -0.138928271661369E+003
  0.199070610210185E+001  0.507535414018375E+000  0.110082413542645E+000  0.497959089599076E+000 -0.131028262406404E+000 -0.138927370534709E+003 -0.138927370534709E+003
  0.199124118674383E+001  0.500957270886779E+000  0.444024534054589E-001  0.498059267891747E+000 -0.131028262406404E+000 -0.138925253272257E+003 -0.138925253272257E+003
  0.199798676427652E+001  0.501248599540590E+000  0.135052945156197E+000  0.495522318268505E+000 -0.131028262406404E+000 -0.138926791205286E+003 -0.138926791205286E+003
  0.197923089354985E+001  0.502617695849917E+000  0.590350387294418E-001  0.497714311145621E+000 -0.131028262406404E+000 -0.138928729438455E+003 -0.138928729438455E+003
  0.198071268490643E+001  0.505758146072970E+000  0.216066166720140E-001  0.498298256303777E+000 -0.131028262406404E+000 -0.138928519203951E+003 -0.138928519203951E+003
  0.199384117387881E+001  0.504482261091490E+000  0.110873449001413E+000  0.497014654332611E+000 -0.131028262406404E+000 -0.138926881884831E+003 -0.138926881884831E+003
  0.197720296180720E+001  0.500952097051555E+000  0.894383884090938E-001  0.499267609695072E+000 -0.131028262406404E+000 -0.138927033794546E+003 -0.138927033794546E+003
  0.199818228333037E+001  0.513137632234611E+000  0.267896206455132E-001  0.497655893466727E+000 -0.131028262406404E+000 -0.138928312097026E+003 -0.138928312097026E+003
  0.198581397712349E+001  0.501082722075751E+000  0.485923532443517E-001  0.497425632559579E+000 -0.131028262406404E+000 -0.138927173336458E+003 -0.138927173336458E+003
  0.197571632160931E+001  0.502305584340620E+000  0.140351152120546E+000  0.497642884491135E+000 -0.131028262406404E+000 -0.138929583082203E+003 -0.138929583082203E+003
  0.198752995521948E+001  0.508154249329451E+000  0.288430158995275E-001  0.498642599368258E+000 -0.131028262406404E+000 -0.138927420415985E+003 -0.138927420415985E+003
  0.197440012095852E+001  0.507822459313165E+000  0.193122951468420E-001  0.499384482384101E+000 -0.131028262406404E+000 -0.138929227746249E+003 -0.138929227746249E+003
  0.199448961315439E+001  0.509871371340716E+000  0.362754712406687E-001  0.499262140872705E+000 -0.131028262406404E+000 -0.138926066970468E+003 -0.138926066970468E+003
  0.198112580868409E+001  0.504616576833342E+000  0.130876338344655E+000  0.498289044080299E+000 -0.131028262406404E+000 -0.138928137643735E+003 -0.138928137643735E+003
  0.197894559792383E+001  0.501099377378761E+000  0.363983471164714E-002  0.499301365130565E+000 -0.131028262406404E+000 -0.138926618912139E+003 -0.138926618912139E+003
  0.197562393730667E+001  0.504764172415700E+000  0.146483655643904E+000  0.499906280137828E+000 -0.131028262406404E+000 -0.138927584789817E+003 -0.138927584789817E+003
  0.198955693663847E+001  0.508044636649648E+000  0.707191064457150E-001  0.498334412201169E+000 -0.131028262406404E+000 -0.138927336011761E+003 -0.138927336011761E+003
  0.198594929408962E+001  0.509561049965362E+000  0.104479632966001E-001  0.498702574779687E+000 -0.131028262406404E+000 -0.138928090112976E+003 -0.138928090112976E+003
  0.199525565718414E+001  0.501968795407581E+000  0.105587831897706E+000  0.495509763840646E+000 -0.131028262406404E+000 -0.138927569667364E+003 -0.138927569667364E+003
  0.199671999772624E+001  0.500054859223569E+000  0.542120492533532E-001  0.496437162024549E+000 -0.131028262406404E+000 -0.138925679249492E+003 -0.138925679249492E+003
  0.199043866095344E+001  0.505724707243838E+000  0.142410110537395E+000  0.499489334135859E+000 -0.131028262406404E+000 -0.138925221375426E+003 -0.138925221375426E+003
  0.198272831643580E+001  0.513088471590159E+000  0.444113652587634E-002  0.498943572805930E+000 -0.131028262406404E+000 -0.138929550267463E+003 -0.138929550267463E+003
  0.198319723583646E+001  0.505780540178667E+000  0.747327365941113E-001  0.498650362830582E+000 -0.131028262406404E+000 -0.138927595882420E+003 -0.138927595882420E+003
  0.198929449455429E+001  0.513674799204551E+000  0.588246235473128E-001  0.498351843506897E+000 -0.131028262406404E+000 -0.138929210104315E+003 -0.138929210104315E+003
  0.197937627549728E+001  0.513343712368032E+000  0.938756738562055E-001  0.499637165063047E+000 -0.131028262406404E+000 -0.138929509367136E+003 -0.138929509367136E+003
  0.199840221661422E+001  0.517400340642320E+000  0.146469726432579E+000  0.499932981821542E+000 -0.131028262406404E+000 -0.138927610147874E+003 -0.138927610147874E+003
  0.199160966190960E+001  0.505889851498187E+000  0.723696297378013E-001  0.498774865536913E+000 -0.131028262406404E+000 -0.138925811798063E+003 -0.138925811798063E+003
  0.198379600114919E+001  0.506766910476190E+000  0.129067371643420E+000  0.499889113623651E+000 -0.131028262406404E+000 -0.138926392162674E+003 -0.138926392162674E+003
  0.199438719025303E+001  0.514164668264394E+000  0.589934583171279E-001  0.498627138057776E+000 -0.131028262406404E+000 -0.138928259106218E+003 -0.138928259106218E+003
  0.198982972324490E+001  0.500068221759595E+000  0.134601880500370E+000  0.494914160741504E+000 -0.131028262406404E+000 -0.138928943573830E+003 -0.138928943573830E+003
  0.199909441843676E+001  0.520324687678742E+000  0.110234712537344E+000  0.499051390840154E+000 -0.131028262406404E+000 -0.138929601969966E+003 -0.138929601969966E+003
  0.198596966203772E+001  0.514563739080486E+000  0.431963422730458E-001  0.499283523440710E+000 -0.131028262406404E+000 -0.138929090759896E+003 -0.138929090759896E+003
  0.199553451099721E+001  0.506139955801643E+000  0.839362310330861E-001  0.496268900186587E+000 -0.131028262406404E+000 -0.138927892368498E+003 -0.138927892368498E+003
