  0.197246204762092E+001  0.504208392600257E+000  0.335090703774247E+000  0.499882370989426E+000 -0.131028262406404E+000 -0.138928211459313E+003 -0.138928211459313E+003
  0.199608402951836E+001  0.503529317400371E+000  0.275990749820581E+000  0.494399165868895E+000 -0.131028262406404E+000 -0.138929136787865E+003 -0.138929136787865E+003
  0.199061909809899E+001  0.510765850425135E+000  0.303505529379054E+000  0.499835608795916E+000 -0.131028262406404E+000 -0.138926425503087E+003 -0.138926425503087E+003
  0.198822446852791E+001  0.507367196375468E+000  0.207112836908703E+000  0.497776218315073E+000 -0.131028262406404E+000 -0.138928000532524E+003 -0.138928000532524E+003
  0.199813319368567E+001  0.510698610400980E+000  0.310475711049485E+000  0.496809823729536E+000 -0.131028262406404E+000 -0.138928345422062E+003 -0.138928345422062E+003
  0.199052716986773E+001  0.511668021862072E+000  0.260515131140209E+000  0.498604369392625E+000 -0.131028262406404E+000 -0.138928041235361E+003 -0.138928041235361E+003
  0.197852809095902E+001  0.501041234615216E+000  0.240345521674067E+000  0.499982327836145E+000 -0.131028262406404E+000 -0.138925940282443E+003 -0.138925940282443E+003
  0.198921624424632E+001  0.504030703489915E+000  0.212456554544046E+000  0.498604493331252E+000 -0.131028262406404E+000 -0.138925917607134E+003 -0.138925917607134E+003
  0.199252331107656E+001  0.501784279250109E+000  0.297063957925431E+000  0.494767216716773E+000 -0.131028262406404E+000 -0.138928964839109E+003 -0.138928964839109E+003
  0.197474584687021E+001  0.507594569502453E+000  0.305343353196888E+000  0.499282117272068E+000 -0.131028262406404E+000 -0.138929206794067E+003 -0.138929206794067E+003
  0.198396671777592E+001  0.505949725776876E+000  0.256726059146681E+000  0.497898664439895E+000 -0.131028262406404E+000 -0.138928324097604E+003 -0.138928324097604E+003
  0.198654559918038E+001  0.508939472918160E+000  0.292954029350505E+000  0.498075247754597E+000 -0.131028262406404E+000 -0.138928473918155E+003 -0.138928473918155E+003
  0.199830595995164E+001  0.508898671526898E+000  0.291749779669853E+000  0.499403193065443E+000 -0.131028262406404E+000 -0.138924967365605E+003 -0.138924967365605E+003
  0.199018827534890E+001  0.505450913533296E+000  0.365043515190628E+000  0.496897343588551E+000 -0.131028262406404E+000 -0.138928025657506E+003 -0.138928025657506E+003
  0.199158532612094E+001  0.508838094771919E+000  0.330697126922081E+000  0.496816604596969E+000 -0.131028262406404E+000 -0.138928876409031E+003 -0.138928876409031E+003
  0.198122008087060E+001  0.501813370824150E+000  0.321118677587069E+000  0.499580215158348E+000 -0.131028262406404E+000 -0.138925958421109E+003 -0.138925958421109E+003
  0.199612248817525E+001  0.508721278120769E+000  0.259746149331741E+000  0.496459513473099E+000 -0.131028262406404E+000 -0.138928401555152E+003 -0.138928401555152E+003
  0.199216048326259E+001  0.509464684189494E+000  0.251617283244053E+000  0.498460098666767E+000 -0.131028262406404E+000 -0.138927176293486E+003 -0.138927176293486E+003
  0.199033092995215E+001  0.505394869024359E+000  0.243931338830514E+000  0.495542278516016E+000 -0.131028262406404E+000 -0.138929533867284E+003 -0.138929533867284E+003
  0.199720005955044E+001  0.508939893998846E+000  0.233655375166759E+000  0.499287857080264E+000 -0.131028262406404E+000 -0.138925277193871E+003 -0.138925277193871E+003
  0.199611544389871E+001  0.500788588747063E+000  0.262239045377269E+000  0.497663220819760E+000 -0.131028262406404E+000 -0.138924648773255E+003 -0.138924648773255E+003
  0.198800949112630E+001  0.500984149858942E+000  0.218755603495339E+000  0.495908408457402E+000 -0.131028262406404E+000 -0.138928412496698E+003 -0.138928412496698E+003
  0.199642615038994E+001  0.512768844723489E+000  0.355389252704675E+000  0.499920541997863E+000 -0.131028262406404E+000 -0.138926113419764E+003 -0.138926113419764E+003
  0.198519487501694E+001  0.504473217782580E+000  0.227043874348398E+000  0.499541050112403E+000 -0.131028262406404E+000 -0.138925840127101E+003 -0.138925840127101E+003
  0.198113600896729E+001  0.500957285503735E+000  0.335131495230004E+000  0.497438311992844E+000 -0.131028262406404E+000 -0.138928206649206E+003 -0.138928206649206E+003
  0.199791650356772E+001  0.502665885046895E+000  0.316653760674440E+000  0.494324255537009E+000 -0.131028262406404E+000 -0.138928597005961E+003 -0.138928597005961E+003
  0.199280398979145E+001  0.504713903693867E+000  0.337193155241870E+000  0.495215241632779E+000 -0.131028262406404E+000 -0.138929204420681E+003 -0.138929204420681E+003
  0.199745548348998E+001  0.509801502520077E+000  0.283676653248381E+000  0.498609828300628E+000 -0.131028262406404E+000 -0.138926233238988E+003 -0.138926233238988E+003
  0.198693905872788E+001  0.514961326605513E+000  0.298213622191924E+000  0.499177241608472E+000 -0.131028262406404E+000 -0.138929175497928E+003 -0.138929175497928E+003
  0.199828876301695E+001  0.501765295029147E+000  0.264332796131012E+000  0.494433083864874E+000 -0.131028262406404E+000 -0.138928132380210E+003 -0.138928132380210E+003
  0.197863218073580E+001  0.500468651797773E+000  0.296342352720016E+000  0.497749024609440E+000 -0.131028262406404E+000 -0.138928331539095E+003 -0.138928331539095E+003
  0.199797452091199E+001  0.506479334477277E+000  0.249107099223966E+000  0.496530272233396E+000 -0.131028262406404E+000 -0.138927257316056E+003 -0.138927257316056E+003
  0.197698259729569E+001  0.504825858846419E+000  0.317295014396512E+000  0.498127557193818E+000 -0.131028262406404E+000 -0.138929314307405E+003 -0.138929314307405E+003
  0.199522781661908E+001  0.506683538565757E+000  0.251919417397197E+000  0.498373271309452E+000 -0.131028262406404E+000 -0.138925822962673E+003 -0.138925822962673E+003
  0.198008827842578E+001  0.508661630375475E+000  0.253941900568035E+000  0.499055847026455E+000 -0.131028262406404E+000 -0.138928602441346E+003 -0.138928602441346E+003
  0.199614352281072E+001  0.500160009525527E+000  0.296179499950220E+000  0.496885346964323E+000 -0.131028262406404E+000 -0.138925325283264E+003 -0.138925325283264E+003
  0.198119160537861E+001  0.515695722532962E+000  0.271452929087844E+000  0.499919135999019E+000 -0.131028262406404E+000 -0.138929635360950E+003 -0.138929635360950E+003
  0.198658079032463E+001  0.503311782797518E+000  0.319175628508756E+000  0.496299871006358E+000 -0.131028262406404E+000 -0.138928878401893E+003 -0.138928878401893E+003
  0.199510864675839E+001  0.503414250062266E+000  0.237739404022280E+000  0.495226428067654E+000 -0.131028262406404E+000 -0.138928340496407E+003 -0.138928340496407E+003
  0.198706697087325E+001  0.504284783068059E+000  0.259583974584044E+000  0.498100379463471E+000 -0.131028262406404E+000 -0.138926985105085E+003 -0.138926985105085E+003
  0.199667557836594E+001  0.503325595519896E+000  0.319348831410662E+000  0.499681169371860E+000 -0.131028262406404E+000 -0.138923145320430E+003 -0.138923145320430E+003
  0.198575203267562E+001  0.505557942433796E+000  0.327601134313502E+000  0.499787790747705E+000 -0.131028262406404E+000 -0.138925764587564E+003 -0.138925764587564E+003
  0.199573914589272E+001  0.512472561296927E+000  0.308200448325472E+000  0.498372385726877E+000 -0.131028262406404E+000 -0.138927699673013E+003 -0.138927699673013E+003
  0.199607970403101E+001  0.511292948935695E+000  0.276732722184172E+000  0.497990285516298E+000 -0.131028262406404E+000 -0.138927628702611E+003 -0.138927628702611E+003
