  0.197527023791889E+001  0.501155164650716E+000  0.922132328787016E+000  0.498116838326282E+000 -0.131028262406404E+000 -0.138928877324181E+003 -0.138928877324181E+003
  0.199212493468749E+001  0.509608877014038E+000  0.891977047190543E+000  0.498099433803633E+000 -0.131028262406404E+000 -0.138927617427367E+003 -0.138927617427367E+003
  0.199140381620078E+001  0.502383175971040E+000  0.728089429473538E+000  0.495444164793769E+000 -0.131028262406404E+000 -0.138928574777483E+003 -0.138928574777483E+003
  0.199886500535403E+001  0.501366254200111E+000  0.749741285465768E+000  0.495113871899119E+000 -0.131028262406404E+000 -0.138927113785407E+003 -0.138927113785407E+003
  0.199347779527977E+001  0.504318264613501E+000  0.792351131673667E+000  0.496625661797717E+000 -0.131028262406404E+000 -0.138927339717305E+003 -0.138927339717305E+003
  0.199369916894325E+001  0.515871940887137E+000  0.986950048709944E+000  0.499679752581542E+000 -0.131028262406404E+000 -0.138927914471148E+003 -0.138927914471148E+003
  0.198781122487807E+001  0.514764216866080E+000  0.760510836312463E+000  0.499523546690471E+000 -0.131028262406404E+000 -0.138928594353844E+003 -0.138928594353844E+003
  0.199197025195878E+001  0.512923744417410E+000  0.754003606049347E+000  0.497618129703255E+000 -0.131028262406404E+000 -0.138929284692914E+003 -0.138929284692914E+003
  0.199833576746587E+001  0.502039329593998E+000  0.678731067144216E+000  0.494263878073273E+000 -0.131028262406404E+000 -0.138928399339450E+003 -0.138928399339450E+003
  0.199207136297101E+001  0.507768587712227E+000  0.882563180685567E+000  0.496351734000579E+000 -0.131028262406404E+000 -0.138928969270961E+003 -0.138928969270961E+003
  0.199924434167676E+001  0.519796648473689E+000  0.677582987457246E+000  0.499679817394600E+000 -0.131028262406404E+000 -0.138928741634066E+003 -0.138928741634066E+003
  0.198468011056152E+001  0.506681394526672E+000  0.905233707551971E+000  0.499615763578435E+000 -0.131028262406404E+000 -0.138926485820900E+003 -0.138926485820900E+003
  0.199633856481218E+001  0.505485577351730E+000  0.699769366666419E+000  0.495944717414937E+000 -0.131028262406404E+000 -0.138927899797358E+003 -0.138927899797358E+003
  0.197935011152967E+001  0.509972040508079E+000  0.963849321541636E+000  0.499336846110942E+000 -0.131028262406404E+000 -0.138928821001636E+003 -0.138928821001636E+003
  0.197626042701964E+001  0.509343778979029E+000  0.752174031823033E+000  0.499522538179544E+000 -0.131028262406404E+000 -0.138929078992185E+003 -0.138929078992185E+003
  0.199610208745251E+001  0.502963617370365E+000  0.816011348505972E+000  0.497345320109768E+000 -0.131028262406404E+000 -0.138925627024277E+003 -0.138925627024277E+003
  0.198186003621337E+001  0.504540738595798E+000  0.969248013563879E+000  0.497740452736633E+000 -0.131028262406404E+000 -0.138928581429838E+003 -0.138928581429838E+003
  0.199812099489746E+001  0.502797891954002E+000  0.785854349442257E+000  0.494984456973390E+000 -0.131028262406404E+000 -0.138927830084187E+003 -0.138927830084187E+003
  0.199564558183447E+001  0.504191040671250E+000  0.775530744640636E+000  0.499956966061785E+000 -0.131028262406404E+000 -0.138923311320152E+003 -0.138923311320152E+003
  0.199719458890379E+001  0.507113592129892E+000  0.901152949338984E+000  0.499593007638221E+000 -0.131028262406404E+000 -0.138924350494672E+003 -0.138924350494672E+003
  0.198830515785023E+001  0.504319528496036E+000  0.707731931182027E+000  0.498229488004610E+000 -0.131028262406404E+000 -0.138926596012993E+003 -0.138926596012993E+003
  0.198216410670817E+001  0.500291337213055E+000  0.911937439013607E+000  0.499498725113866E+000 -0.131028262406404E+000 -0.138925467891580E+003 -0.138925467891580E+003
  0.198365996682106E+001  0.503037788052552E+000  0.986740165416335E+000  0.499022177741278E+000 -0.131028262406404E+000 -0.138926349101134E+003 -0.138926349101134E+003
  0.199253380685664E+001  0.514536460318091E+000  0.888079763655993E+000  0.499533933219032E+000 -0.131028262406404E+000 -0.138927743717653E+003 -0.138927743717653E+003
  0.199804792760875E+001  0.504077748198976E+000  0.846455815834826E+000  0.496023664614926E+000 -0.131028262406404E+000 -0.138927051177046E+003 -0.138927051177046E+003
  0.198902399968917E+001  0.502300646626038E+000  0.885658673487572E+000  0.499242956120261E+000 -0.131028262406404E+000 -0.138924782382200E+003 -0.138924782382200E+003
  0.198782597494502E+001  0.506600063050432E+000  0.909171292207668E+000  0.498036308541139E+000 -0.131028262406404E+000 -0.138927563015579E+003 -0.138927563015579E+003
  0.199997855989175E+001  0.504490898806949E+000  0.710563166834592E+000  0.495414701040958E+000 -0.131028262406404E+000 -0.138927496515606E+003 -0.138927496515606E+003
  0.198686972756666E+001  0.508381570768513E+000  0.876340299151728E+000  0.496897189418151E+000 -0.131028262406404E+000 -0.138929563390412E+003 -0.138929563390412E+003
  0.199391928638819E+001  0.507415788060921E+000  0.914399878974033E+000  0.496241299250895E+000 -0.131028262406404E+000 -0.138928629716062E+003 -0.138928629716062E+003
  0.199745702669043E+001  0.512648672189877E+000  0.992391061215931E+000  0.498950746554732E+000 -0.131028262406404E+000 -0.138926897684164E+003 -0.138926897684164E+003
  0.197853471687490E+001  0.502226617336350E+000  0.895738479609753E+000  0.498770800610216E+000 -0.131028262406404E+000 -0.138927581604240E+003 -0.138927581604240E+003
  0.199886508086427E+001  0.503926257788900E+000  0.706169131768508E+000  0.499424919755472E+000 -0.131028262406404E+000 -0.138923207892931E+003 -0.138923207892931E+003
  0.199518613271721E+001  0.513057229896753E+000  0.972272795697485E+000  0.499929874881171E+000 -0.131028262406404E+000 -0.138926395490178E+003 -0.138926395490178E+003
  0.199566470207106E+001  0.515348442207919E+000  0.774706137353576E+000  0.497902347482907E+000 -0.131028262406404E+000 -0.138929261625326E+003 -0.138929261625326E+003
  0.199223519031361E+001  0.511522069110888E+000  0.786530572921180E+000  0.498423965008455E+000 -0.131028262406404E+000 -0.138927890152591E+003 -0.138927890152591E+003
  0.197164326130507E+001  0.501433894217592E+000  0.760739086235133E+000  0.498344908698516E+000 -0.131028262406404E+000 -0.138929578782725E+003 -0.138929578782725E+003
  0.199432740483215E+001  0.511522252681427E+000  0.957777580058145E+000  0.498756181259466E+000 -0.131028262406404E+000 -0.138927189352425E+003 -0.138927189352425E+003
  0.198561072899202E+001  0.504677397589414E+000  0.901396912154994E+000  0.499889426787305E+000 -0.131028262406404E+000 -0.138925435774555E+003 -0.138925435774555E+003
  0.199788162664404E+001  0.501088654475970E+000  0.931590446540543E+000  0.493433096361777E+000 -0.131028262406404E+000 -0.138929204506650E+003 -0.138929204506650E+003
  0.199980089178071E+001  0.501301207494409E+000  0.742978066801841E+000  0.498269831532423E+000 -0.131028262406404E+000 -0.138923437977996E+003 -0.138923437977996E+003
  0.198381934329353E+001  0.501621598861569E+000  0.897548298269850E+000  0.497586218160731E+000 -0.131028262406404E+000 -0.138927574206927E+003 -0.138927574206927E+003
  0.198937139078224E+001  0.511899285786453E+000  0.969202849942715E+000  0.498718164943335E+000 -0.131028262406404E+000 -0.138928198956536E+003 -0.138928198956536E+003
  0.198762981166724E+001  0.502175362991870E+000  0.970191464228436E+000  0.498353550665511E+000 -0.131028262406404E+000 -0.138926012923214E+003 -0.138926012923214E+003
  0.199523754096472E+001  0.502110786992575E+000  0.942271847579580E+000  0.497622435988940E+000 -0.131028262406404E+000 -0.138925243709169E+003 -0.138925243709169E+003
  0.197518157652193E+001  0.503965264264656E+000  0.838929022745869E+000  0.498495108823626E+000 -0.131028262406404E+000 -0.138929100871600E+003 -0.138929100871600E+003
  0.199174368337512E+001  0.507163694912383E+000  0.884730035678779E+000  0.499124273396404E+000 -0.131028262406404E+000 -0.138925806967686E+003 -0.138925806967686E+003
  0.199404794194199E+001  0.501895498562124E+000  0.946609978398045E+000  0.494348920205525E+000 -0.131028262406404E+000 -0.138929160137828E+003 -0.138929160137828E+003
  0.198395707793347E+001  0.505167595638458E+000  0.919420141132412E+000  0.499899836808059E+000 -0.131028262406404E+000 -0.138925897491612E+003 -0.138925897491612E+003
  0.199105460157505E+001  0.503414095047709E+000  0.913402082870221E+000  0.499455938342418E+000 -0.131028262406404E+000 -0.138924460455186E+003 -0.138924460455186E+003
  0.199891108757597E+001  0.500146158083272E+000  0.850908720753372E+000  0.494035446221011E+000 -0.131028262406404E+000 -0.138928009099795E+003 -0.138928009099795E+003
  0.198346408227672E+001  0.503981213999154E+000  0.959090954261841E+000  0.498358028436974E+000 -0.131028262406404E+000 -0.138927380566375E+003 -0.138927380566375E+003
  0.199408852794406E+001  0.501425100196629E+000  0.978619585377731E+000  0.497971541557365E+000 -0.131028262406404E+000 -0.138924895707361E+003 -0.138924895707361E+003
  0.197578137793339E+001  0.504912515408202E+000  0.964859263949281E+000  0.498490886709923E+000 -0.131028262406404E+000 -0.138929194343709E+003 -0.138929194343709E+003
  0.199105102536796E+001  0.517127984306729E+000  0.896995150035893E+000  0.499255352732829E+000 -0.131028262406404E+000 -0.138929218256527E+003 -0.138929218256527E+003
  0.197725108478542E+001  0.502747015783852E+000  0.823345149607143E+000  0.497856771579298E+000 -0.131028262406404E+000 -0.138929062824737E+003 -0.138929062824737E+003
  0.197946342352162E+001  0.508551282495538E+000  0.759462226115502E+000  0.498644546663319E+000 -0.131028262406404E+000 -0.138929162385166E+003 -0.138929162385166E+003
  0.198169138092050E+001  0.502412778490881E+000  0.718254181648311E+000  0.498864681141713E+000 -0.131028262406404E+000 -0.138926799313646E+003 -0.138926799313646E+003
  0.199102693089715E+001  0.509523088604673E+000  0.987803600579743E+000  0.497421105336751E+000 -0.131028262406404E+000 -0.138928529008010E+003 -0.138928529008010E+003
  0.199500075378887E+001  0.512791736587757E+000  0.969698379261775E+000  0.498488990962077E+000 -0.131028262406404E+000 -0.138927809482800E+003 -0.138927809482800E+003
  0.198078675447963E+001  0.506306463449270E+000  0.997439425593531E+000  0.499663711824584E+000 -0.131028262406404E+000 -0.138927126347174E+003 -0.138927126347174E+003
  0.199694364018801E+001  0.506363400321805E+000  0.973528612461952E+000  0.499368646632131E+000 -0.131028262406404E+000 -0.138924377044555E+003 -0.138924377044555E+003
  0.197938276398729E+001  0.511600973724681E+000  0.885613250699864E+000  0.499713570962967E+000 -0.131028262406404E+000 -0.138928885755215E+003 -0.138928885755215E+003
  0.198173655285052E+001  0.507039101421005E+000  0.851239322835651E+000  0.499337543246500E+000 -0.131028262406404E+000 -0.138927489772781E+003 -0.138927489772781E+003
  0.198012529326881E+001  0.503257597854121E+000  0.964760184799876E+000  0.497292489713116E+000 -0.131028262406404E+000 -0.138929168528620E+003 -0.138929168528620E+003
  0.199271212022430E+001  0.507442146039622E+000  0.881086345927054E+000  0.499674832491711E+000 -0.131028262406404E+000 -0.138925142933203E+003 -0.138925142933203E+003
  0.198883061067296E+001  0.504646597594158E+000  0.979208610332270E+000  0.498176184787803E+000 -0.131028262406404E+000 -0.138926640659734E+003 -0.138926640659734E+003
  0.199812993373892E+001  0.503527518325518E+000  0.895517684656153E+000  0.496201311368262E+000 -0.131028262406404E+000 -0.138926669529391E+003 -0.138926669529391E+003
  0.198318299307178E+001  0.502044187073040E+000  0.867628553712008E+000  0.497930156946868E+000 -0.131028262406404E+000 -0.138927429844092E+003 -0.138927429844092E+003
  0.198894975044211E+001  0.507566087623201E+000  0.700494303742094E+000  0.499741479318014E+000 -0.131028262406404E+000 -0.138925793217984E+003 -0.138925793217984E+003
  0.197646371183825E+001  0.504021311824531E+000  0.803051010843685E+000  0.498621912929523E+000 -0.131028262406404E+000 -0.138928666421910E+003 -0.138928666421910E+003
  0.199234306457027E+001  0.504399936703674E+000  0.685050244327203E+000  0.495139328944302E+000 -0.131028262406404E+000 -0.138929297314392E+003 -0.138929297314392E+003
  0.198285147506118E+001  0.501283812480513E+000  0.962235098945244E+000  0.498832468400955E+000 -0.131028262406404E+000 -0.138926295579192E+003 -0.138926295579192E+003
  0.199727436377633E+001  0.505125046500644E+000  0.906289148316463E+000  0.499714578627322E+000 -0.131028262406404E+000 -0.138923566482820E+003 -0.138923566482820E+003
  0.199298695142799E+001  0.508267596874917E+000  0.978959826210588E+000  0.496436436800335E+000 -0.131028262406404E+000 -0.138928856442220E+003 -0.138928856442220E+003
  0.199473765417032E+001  0.510209117643448E+000  0.865001094424932E+000  0.496405981552746E+000 -0.131028262406404E+000 -0.138929204393075E+003 -0.138929204393075E+003
  0.199792003935222E+001  0.514983900215572E+000  0.782426265412380E+000  0.499140484234637E+000 -0.131028262406404E+000 -0.138927513423358E+003 -0.138927513423358E+003
  0.199894761636344E+001  0.505547808359051E+000  0.861122309670122E+000  0.497475920317506E+000 -0.131028262406404E+000 -0.138925755182381E+003 -0.138925755182381E+003
  0.198927692346629E+001  0.509897056679169E+000  0.797918403374456E+000  0.497543011347701E+000 -0.131028262406404E+000 -0.138928840066966E+003 -0.138928840066966E+003
  0.199119255348442E+001  0.501814884668619E+000  0.827617097377059E+000  0.495674735397280E+000 -0.131028262406404E+000 -0.138928197634093E+003 -0.138928197634093E+003
  0.199480595739481E+001  0.509270088393800E+000  0.959462672443778E+000  0.497105579578067E+000 -0.131028262406404E+000 -0.138928107825477E+003 -0.138928107825477E+003
  0.198763380934039E+001  0.502864074156771E+000  0.690614295359244E+000  0.497919069937516E+000 -0.131028262406404E+000 -0.138926680517554E+003 -0.138926680517554E+003
  0.199886162034340E+001  0.505083941079981E+000  0.777789090150032E+000  0.494557956559304E+000 -0.131028262406404E+000 -0.138928869571343E+003 -0.138928869571343E+003
  0.199006258964967E+001  0.506845128918792E+000  0.784207525456957E+000  0.498966087825277E+000 -0.131028262406404E+000 -0.138926189166096E+003 -0.138926189166096E+003
  0.197829308468882E+001  0.502132275395790E+000  0.736122632928835E+000  0.499225718255390E+000 -0.131028262406404E+000 -0.138927099001860E+003 -0.138927099001860E+003
  0.197876805542754E+001  0.500891631613847E+000  0.859722057477880E+000  0.498536627390031E+000 -0.131028262406404E+000 -0.138927482403012E+003 -0.138927482403012E+003
  0.199463319014589E+001  0.514655958387211E+000  0.749808414393208E+000  0.497418478441259E+000 -0.131028262406404E+000 -0.138929679646261E+003 -0.138929679646261E+003
  0.199193519243378E+001  0.511747692403877E+000  0.942981961251088E+000  0.498041844982048E+000 -0.131028262406404E+000 -0.138928427893660E+003 -0.138928427893660E+003
  0.197934553906986E+001  0.502425669565681E+000  0.966120963545951E+000  0.497869135886791E+000 -0.131028262406404E+000 -0.138928476521166E+003 -0.138928476521166E+003
  0.199931563773074E+001  0.514267422217397E+000  0.806509946194965E+000  0.498839174815383E+000 -0.131028262406404E+000 -0.138927345776755E+003 -0.138927345776755E+003
  0.199787431939681E+001  0.505141628794814E+000  0.823047296546362E+000  0.497890924189721E+000 -0.131028262406404E+000 -0.138925372835655E+003 -0.138925372835655E+003
  0.198990467637927E+001  0.500970910165718E+000  0.989918181683697E+000  0.499112729489775E+000 -0.131028262406404E+000 -0.138924383501934E+003 -0.138924383501934E+003
  0.199364953593647E+001  0.508216401954567E+000  0.930912497073842E+000  0.499087763095491E+000 -0.131028262406404E+000 -0.138925841287681E+003 -0.138925841287681E+003
  0.199869770905979E+001  0.500467557244279E+000  0.748022421652449E+000  0.494130402075175E+000 -0.131028262406404E+000 -0.138928032304223E+003 -0.138928032304223E+003
  0.197381277038246E+001  0.508171280884783E+000  0.974078370718958E+000  0.499893412754378E+000 -0.131028262406404E+000 -0.138928876731026E+003 -0.138928876731026E+003
