  0.186065405104636E+000  0.509817417649273E+000  0.384699045769947E+000  0.498474531719387E+000 -0.131028262406404E+000 -0.130876037869016E+003 -0.130876037869016E+003 -0.130876885002390E+003
  0.159149138747311E+000  0.507234944133497E+000  0.942905134298070E+000  0.493978960459786E+000 -0.131028262406404E+000 -0.130876344221862E+003 -0.130876344221862E+003 -0.130884391211924E+003
  0.135817340548354E+000  0.502692595270746E+000  0.524868037934953E+000  0.497813613102430E+000 -0.131028262406404E+000 -0.130876428347473E+003 -0.130876428347473E+003 -0.130876641778492E+003
  0.175039525294569E+000  0.520417863465855E+000  0.187431201923290E+000  0.499952053322731E+000 -0.131028262406404E+000 -0.130876091476246E+003 -0.130876091476246E+003 -0.130878431859708E+003
  0.166156487998186E+000  0.512077141023046E+000  0.831521876319278E+000  0.494294162525892E+000 -0.131028262406404E+000 -0.130876562484943E+003 -0.130876562484943E+003 -0.130877205318754E+003
  0.165578115721635E+000  0.505777084119315E+000  0.963714305734644E+000  0.495508256249756E+000 -0.131028262406404E+000 -0.130875881222336E+003 -0.130875881222336E+003 -0.130876710075592E+003
  0.143004859649439E+000  0.515748849714484E+000  0.556062789868100E+000  0.498285401964770E+000 -0.131028262406404E+000 -0.130876525829038E+003 -0.130876525829038E+003 -0.130876923232102E+003
  0.179883107440674E+000  0.510665348225608E+000  0.480565452970889E+000  0.496964191790658E+000 -0.131028262406404E+000 -0.130876173409626E+003 -0.130876173409626E+003 -0.130876732146459E+003
  0.180042330646640E+000  0.513072118545408E+000  0.156883693917938E+000  0.498205516776893E+000 -0.131028262406404E+000 -0.130876087108244E+003 -0.130876087108244E+003 -0.130877294853178E+003
  0.157754347391230E+000  0.520177318160022E+000  0.155156027687773E+000  0.498263888721090E+000 -0.131028262406404E+000 -0.130876294657792E+003 -0.130876294657792E+003 -0.130877512542683E+003
  0.151652947924772E+000  0.506290350660801E+000  0.996452207460742E-001  0.495149446970724E+000 -0.131028262406404E+000 -0.130876232829266E+003 -0.130876232829266E+003 -0.130878706639822E+003
  0.173099490577620E+000  0.523386358082205E+000  0.919758108030210E+000  0.498698826243871E+000 -0.131028262406404E+000 -0.130876532140367E+003 -0.130876532140367E+003 -0.130877882355640E+003
  0.170859496470851E+000  0.505502780685372E+000  0.704622256558071E-001  0.498555087722882E+000 -0.131028262406404E+000 -0.130875232300839E+003 -0.130875232300839E+003 -0.130876887833380E+003
  0.149477827795217E+000  0.508645007182778E+000  0.315953489577529E+000  0.496595927656124E+000 -0.131028262406404E+000 -0.130876160104575E+003 -0.130876160104575E+003 -0.130879320165995E+003
  0.167935410627163E+000  0.508816275567830E+000  0.133534811257416E+000  0.495876573269977E+000 -0.131028262406404E+000 -0.130876014209580E+003 -0.130876014209580E+003 -0.130876900879630E+003
  0.156601116664096E+000  0.519621852632561E+000  0.927972375102149E+000  0.499348546432391E+000 -0.131028262406404E+000 -0.130876055629747E+003 -0.130876055629747E+003 -0.130877909405321E+003
  0.171279803309911E+000  0.502021014087194E+000  0.143796518534304E+000  0.495619626305148E+000 -0.131028262406404E+000 -0.130875632421989E+003 -0.130875632421989E+003 -0.130877364181428E+003
  0.148642883176339E+000  0.502621049624682E+000  0.666816780988082E+000  0.496141858406538E+000 -0.131028262406404E+000 -0.130875949035391E+003 -0.130875949035391E+003 -0.130878410440986E+003
  0.190497794069063E+000  0.506117242763918E+000  0.521195427828359E-001  0.496972858810481E+000 -0.131028262406404E+000 -0.130876326832531E+003 -0.130876326832531E+003 -0.130878488347415E+003
  0.183384708964683E+000  0.506221063109497E+000  0.198093171109748E+000  0.494719510132411E+000 -0.131028262406404E+000 -0.130876478632802E+003 -0.130876478632802E+003 -0.130878789910703E+003
  0.196502386078320E+000  0.509181249052001E+000  0.809343759329254E+000  0.499313554348568E+000 -0.131028262406404E+000 -0.130876453699325E+003 -0.130876453699325E+003 -0.130877238381291E+003
  0.147392869987597E+000  0.519146288157482E+000  0.397816158803406E+000  0.498926764349030E+000 -0.131028262406404E+000 -0.130876381885523E+003 -0.130876381885523E+003 -0.130876888934380E+003
  0.170070923851638E+000  0.500125625049823E+000  0.762181480034833E+000  0.497446257263579E+000 -0.131028262406404E+000 -0.130875095689824E+003 -0.130875095689824E+003 -0.130876717094296E+003
  0.144892956677324E+000  0.511661213355931E+000  0.339783237654906E+000  0.496522550895843E+000 -0.131028262406404E+000 -0.130876547148634E+003 -0.130876547148634E+003 -0.130879562212441E+003
  0.162124440392349E+000  0.513060534529218E+000  0.576956046466171E+000  0.494972346668014E+000 -0.131028262406404E+000 -0.130876480658736E+003 -0.130876480658736E+003 -0.130877598779864E+003
  0.148604768360596E+000  0.502388892743252E+000  0.543245249224410E+000  0.492860459115100E+000 -0.131028262406404E+000 -0.130876586654549E+003 -0.130876586654549E+003 -0.130880455657375E+003
  0.150107128817863E+000  0.502265424577635E+000  0.170567342850359E+000  0.496052559160165E+000 -0.131028262406404E+000 -0.130875883242907E+003 -0.130875883242907E+003 -0.130877174182665E+003
  0.184514815480650E+000  0.514508268316792E+000  0.308082322711801E+000  0.498326911443941E+000 -0.131028262406404E+000 -0.130876372491574E+003 -0.130876372491574E+003 -0.130876633333116E+003
  0.171969250660619E+000  0.511414759097761E+000  0.827660981129725E-001  0.498800292557354E+000 -0.131028262406404E+000 -0.130875611304505E+003 -0.130875611304505E+003 -0.130876657243558E+003
  0.170582537016688E+000  0.508857271214340E+000  0.122356723710564E+000  0.496074791436599E+000 -0.131028262406404E+000 -0.130876001227375E+003 -0.130876001227375E+003 -0.130877580727471E+003
  0.194027584237119E+000  0.512286568606099E+000  0.329159802867958E+000  0.499528363609884E+000 -0.131028262406404E+000 -0.130876493088890E+003 -0.130876493088890E+003 -0.130876786367941E+003
  0.156610651987747E+000  0.524258988399561E+000  0.613118170755615E+000  0.499552092657378E+000 -0.131028262406404E+000 -0.130876307131996E+003 -0.130876307131996E+003 -0.130876661132838E+003
  0.176983422149768E+000  0.511002467563740E+000  0.655166094559758E+000  0.498492034834493E+000 -0.131028262406404E+000 -0.130875762625257E+003 -0.130875762625257E+003 -0.130876846908660E+003
  0.174229392102528E+000  0.515015256165706E+000  0.231806966146490E+000  0.497595509878919E+000 -0.131028262406404E+000 -0.130876183109092E+003 -0.130876183109092E+003 -0.130876900143344E+003
  0.139182651120419E+000  0.509066566803925E+000  0.114766050842544E+000  0.497168733946209E+000 -0.131028262406404E+000 -0.130876618235156E+003 -0.130876618235156E+003 -0.130877568068836E+003
  0.174091802854166E+000  0.500329294024134E+000  0.255116610578428E+000  0.492980621435765E+000 -0.131028262406404E+000 -0.130876134178209E+003 -0.130876134178209E+003 -0.130877727629494E+003
  0.174894455176714E+000  0.503397323970433E+000  0.731264521721343E+000  0.498665778189714E+000 -0.131028262406404E+000 -0.130875115754121E+003 -0.130875115754121E+003 -0.130883986594919E+003
  0.167203245764020E+000  0.501995674821140E+000  0.833778474965016E+000  0.499455913397552E+000 -0.131028262406404E+000 -0.130874785366511E+003 -0.130874785366511E+003 -0.130879712938767E+003
  0.174328120739010E+000  0.507932601872398E+000  0.210217141024929E+000  0.498811820855672E+000 -0.131028262406404E+000 -0.130875400788379E+003 -0.130875400788379E+003 -0.130876964082104E+003
  0.175810646555373E+000  0.507880625753435E+000  0.936360592487660E+000  0.499989497847089E+000 -0.131028262406404E+000 -0.130875169480822E+003 -0.130875169480822E+003 -0.130879494207239E+003
  0.159045945950117E+000  0.512985702158055E+000  0.877716545907155E+000  0.499547196489979E+000 -0.131028262406404E+000 -0.130875555255138E+003 -0.130875555255138E+003 -0.130877111930795E+003
  0.157455167875558E+000  0.507588225174503E+000  0.616555550046055E+000  0.498952426693968E+000 -0.131028262406404E+000 -0.130875371808980E+003 -0.130875371808980E+003 -0.130876681518862E+003
  0.145702834872424E+000  0.513130722489024E+000  0.889943683313342E+000  0.496323601160322E+000 -0.131028262406404E+000 -0.130876627104311E+003 -0.130876627104311E+003 -0.130876868015052E+003
  0.166628209934158E+000  0.514592720307965E+000  0.785325691892448E+000  0.496769903142114E+000 -0.131028262406404E+000 -0.130876209004962E+003 -0.130876209004962E+003 -0.130877430807649E+003
  0.174239310361412E+000  0.506791856789026E+000  0.476192035460124E+000  0.496795515835790E+000 -0.131028262406404E+000 -0.130875759278115E+003 -0.130875759278115E+003 -0.130876957879823E+003
  0.141794322690708E+000  0.511258682739260E+000  0.757396251577481E-001  0.499570701133452E+000 -0.131028262406404E+000 -0.130876110799199E+003 -0.130876110799199E+003 -0.130878001009101E+003
  0.160128963857713E+000  0.503634756059482E+000  0.233442520020364E+000  0.492973477450091E+000 -0.131028262406404E+000 -0.130876315516083E+003 -0.130876315516083E+003 -0.130876707963161E+003
  0.167345746710232E+000  0.501600762341165E+000  0.612885081136207E+000  0.497315041108396E+000 -0.131028262406404E+000 -0.130875217044567E+003 -0.130875217044567E+003 -0.130877795786001E+003
  0.196538661544731E+000  0.503094255725608E+000  0.409910658541817E+000  0.498258279785221E+000 -0.131028262406404E+000 -0.130876169529034E+003 -0.130876169529034E+003 -0.130877064804690E+003
  0.163525792576532E+000  0.509220662656910E+000  0.224610025980416E-001  0.499445744222354E+000 -0.131028262406404E+000 -0.130875282728227E+003 -0.130875282728227E+003 -0.130878028539313E+003
  0.199626905415813E+000  0.500334496047022E+000  0.894861279737881E-001  0.496426591274177E+000 -0.131028262406404E+000 -0.130876596458094E+003 -0.130876596458094E+003 -0.130884922259648E+003
  0.152666515721640E+000  0.515147531788200E+000  0.821000376657217E+000  0.497434362716361E+000 -0.131028262406404E+000 -0.130876260692731E+003 -0.130876260692731E+003 -0.130880180121399E+003
  0.142139887411737E+000  0.508817352599661E+000  0.627887173080648E+000  0.498062781968518E+000 -0.131028262406404E+000 -0.130876249826861E+003 -0.130876249826861E+003 -0.130880425586602E+003
  0.176773766599999E+000  0.507188388118939E+000  0.476634656721824E+000  0.496421344110897E+000 -0.131028262406404E+000 -0.130875931765588E+003 -0.130875931765588E+003 -0.130876731541721E+003
  0.153797124612601E+000  0.515894617131051E+000  0.612144374173450E+000  0.495991628003823E+000 -0.131028262406404E+000 -0.130876566092337E+003 -0.130876566092337E+003 -0.130877099027831E+003
  0.176610158978275E+000  0.511740070690155E+000  0.614385988145515E+000  0.498047482850968E+000 -0.131028262406404E+000 -0.130875905395486E+003 -0.130875905395486E+003 -0.130876737584274E+003
  0.162796636458019E+000  0.518594688765293E+000  0.200132719947437E+000  0.498325483928684E+000 -0.131028262406404E+000 -0.130876140853834E+003 -0.130876140853834E+003 -0.130878261126345E+003
  0.190924124297829E+000  0.507914521644247E+000  0.327266353319023E+000  0.499056147672259E+000 -0.131028262406404E+000 -0.130876020045923E+003 -0.130876020045923E+003 -0.130878420701664E+003
  0.173014337397022E+000  0.505093110371403E+000  0.604322773687000E+000  0.499841187519372E+000 -0.131028262406404E+000 -0.130874949032829E+003 -0.130874949032829E+003 -0.130881094104997E+003
  0.146703653179042E+000  0.518234594350301E+000  0.542333045614554E+000  0.498056948362465E+000 -0.131028262406404E+000 -0.130876528999956E+003 -0.130876528999956E+003 -0.130877342355478E+003
  0.173074815809410E+000  0.501948127237091E+000  0.609920704591846E+000  0.492573823501682E+000 -0.131028262406404E+000 -0.130876319071568E+003 -0.130876319071568E+003 -0.130877412615749E+003
  0.175005617690368E+000  0.506231718950502E+000  0.977009854231898E-001  0.496546424016975E+000 -0.131028262406404E+000 -0.130875789997887E+003 -0.130875789997887E+003 -0.130877716210833E+003
  0.172979171689503E+000  0.505901111801352E+000  0.630635929602013E+000  0.496407534629462E+000 -0.131028262406404E+000 -0.130875756755077E+003 -0.130875756755077E+003 -0.130876688892200E+003
  0.155831248367662E+000  0.520160416958490E+000  0.925134999374866E+000  0.498693337400209E+000 -0.131028262406404E+000 -0.130876236782664E+003 -0.130876236782664E+003 -0.130879611265670E+003
  0.180017081218522E+000  0.511362157237840E+000  0.254570662156993E+000  0.496113277082957E+000 -0.131028262406404E+000 -0.130876422641868E+003 -0.130876422641868E+003 -0.130877593896048E+003
  0.180220974053899E+000  0.501428006783358E+000  0.672922309990303E+000  0.496344708388622E+000 -0.131028262406404E+000 -0.130875621985784E+003 -0.130875621985784E+003 -0.130878179170469E+003
  0.157967962817961E+000  0.507674456367765E+000  0.681247218231146E+000  0.497185343341635E+000 -0.131028262406404E+000 -0.130875729388143E+003 -0.130875729388143E+003 -0.130879767592354E+003
  0.142243996220375E+000  0.504758065592240E+000  0.414089225178968E+000  0.498259751438019E+000 -0.131028262406404E+000 -0.130875994725948E+003 -0.130875994725948E+003 -0.130876658426722E+003
  0.155614441924842E+000  0.527867366827579E+000  0.250880922153275E+000  0.499765029868440E+000 -0.131028262406404E+000 -0.130876508251737E+003 -0.130876508251737E+003 -0.130877042316361E+003
  0.154274573235209E+000  0.526220387528163E+000  0.943086312453852E+000  0.499493241763533E+000 -0.131028262406404E+000 -0.130876482765661E+003 -0.130876482765661E+003 -0.130877898966364E+003
  0.171465167850378E+000  0.500396689733058E+000  0.584518040847353E+000  0.493742521751897E+000 -0.131028262406404E+000 -0.130875931255424E+003 -0.130875931255424E+003 -0.130880917587037E+003
  0.170044210090345E+000  0.524250748233796E+000  0.430739976048634E+000  0.499295197949104E+000 -0.131028262406404E+000 -0.130876394201270E+003 -0.130876394201270E+003 -0.130876853265576E+003
  0.181924852281683E+000  0.516292010408673E+000  0.291238193195475E+000  0.499146221707248E+000 -0.131028262406404E+000 -0.130876206813547E+003 -0.130876206813547E+003 -0.130877795793854E+003
  0.187830170618098E+000  0.508392505551244E+000  0.205325689109086E+000  0.498321049227286E+000 -0.131028262406404E+000 -0.130876050026292E+003 -0.130876050026292E+003 -0.130878089010029E+003
  0.168338613472763E+000  0.500540559042934E+000  0.698762761311869E-001  0.491649950548134E+000 -0.131028262406404E+000 -0.130876366882308E+003 -0.130876366882308E+003 -0.130877376760394E+003
  0.161546531464776E+000  0.501110603217862E+000  0.585397723336158E+000  0.491564131854073E+000 -0.131028262406404E+000 -0.130876435920893E+003 -0.130876435920893E+003 -0.130877048576788E+003
  0.173018466839274E+000  0.510830054948628E+000  0.261039802343371E+000  0.496043933273537E+000 -0.131028262406404E+000 -0.130876189789691E+003 -0.130876189789691E+003 -0.130879104913112E+003
  0.184371255664910E+000  0.508117938318754E+000  0.599184537554539E+000  0.497735247882073E+000 -0.131028262406404E+000 -0.130875987566589E+003 -0.130875987566589E+003 -0.130877186031695E+003
  0.182263938737952E+000  0.517857682222621E+000  0.632979842357767E+000  0.499559830876136E+000 -0.131028262406404E+000 -0.130876254028627E+003 -0.130876254028627E+003 -0.130879684781141E+003
  0.168186924733165E+000  0.524996832424077E+000  0.182982042396205E-001  0.499734431673520E+000 -0.131028262406404E+000 -0.130876321198092E+003 -0.130876321198092E+003 -0.130878757731006E+003
  0.164458291506721E+000  0.512378422626177E+000  0.127910934004079E+000  0.497540213854728E+000 -0.131028262406404E+000 -0.130875889684659E+003 -0.130875889684659E+003 -0.130877874008468E+003
  0.197209867149455E+000  0.505562096231653E+000  0.973821131679592E+000  0.497789997709743E+000 -0.131028262406404E+000 -0.130876547306171E+003 -0.130876547306171E+003 -0.130876876772384E+003
  0.157327433803956E+000  0.500323381324114E+000  0.565638860407970E-001  0.491747875177335E+000 -0.131028262406404E+000 -0.130876415535443E+003 -0.130876415535443E+003 -0.130878164718032E+003
  0.172578420960569E+000  0.507712834937074E+000  0.606638159959623E+000  0.493195877425826E+000 -0.131028262406404E+000 -0.130876580673480E+003 -0.130876580673480E+003 -0.130876642921730E+003
  0.161248749868363E+000  0.523747715326404E+000  0.682172318562996E+000  0.498237606214016E+000 -0.131028262406404E+000 -0.130876505098561E+003 -0.130876505098561E+003 -0.130876833447110E+003
  0.175733294540254E+000  0.500753077827254E+000  0.506680486012568E+000  0.494130135442824E+000 -0.131028262406404E+000 -0.130875944314448E+003 -0.130875944314448E+003 -0.130877231941540E+003
  0.173825728792487E+000  0.513776055060137E+000  0.421667639439122E-001  0.497680962013847E+000 -0.131028262406404E+000 -0.130876063494440E+003 -0.130876063494440E+003 -0.130876898788807E+003
  0.170171647655199E+000  0.514516130570684E+000  0.616884022766235E+000  0.499355752454456E+000 -0.131028262406404E+000 -0.130875685062714E+003 -0.130875685062714E+003 -0.130877888613068E+003
  0.187140145602952E+000  0.506214091327919E+000  0.701169164626370E+000  0.499657760388414E+000 -0.131028262406404E+000 -0.130875528932076E+003 -0.130875528932076E+003 -0.130878031118777E+003
  0.147866200035905E+000  0.511509215136981E+000  0.278720438856075E+000  0.497752962722992E+000 -0.131028262406404E+000 -0.130876160360481E+003 -0.130876160360481E+003 -0.130877355765783E+003
  0.141233213237538E+000  0.505232097702906E+000  0.459538760381278E+000  0.498663893519387E+000 -0.131028262406404E+000 -0.130876006093684E+003 -0.130876006093684E+003 -0.130876965328845E+003
  0.192321348761958E+000  0.502890160062266E+000  0.936428894494858E+000  0.495447988129464E+000 -0.131028262406404E+000 -0.130876525422337E+003 -0.130876525422337E+003 -0.130877437096818E+003
  0.157311703902189E+000  0.512269097961359E+000  0.786096322157012E+000  0.499701889716696E+000 -0.131028262406404E+000 -0.130875510358096E+003 -0.130875510358096E+003 -0.130876717638255E+003
  0.135575090181975E+000  0.500021566375937E+000  0.784317220901799E+000  0.498802502620642E+000 -0.131028262406404E+000 -0.130876138193855E+003 -0.130876138193855E+003 -0.130876854560360E+003
  0.145558691129728E+000  0.501108653782923E+000  0.613168308169218E+000  0.493654238461496E+000 -0.131028262406404E+000 -0.130876504526194E+003 -0.130876504526194E+003 -0.130876646021790E+003
  0.154728536943145E+000  0.510262574549790E+000  0.821658436573056E-001  0.494460723558877E+000 -0.131028262406404E+000 -0.130876514979167E+003 -0.130876514979167E+003 -0.130877729162781E+003
  0.152339457756050E+000  0.500243954484665E+000  0.711082498426204E+000  0.494518044358422E+000 -0.131028262406404E+000 -0.130875989295702E+003 -0.130875989295702E+003 -0.130876973397346E+003
  0.136656057966625E+000  0.501682217000047E+000  0.205435005479913E+000  0.498561233790841E+000 -0.131028262406404E+000 -0.130876175638885E+003 -0.130876175638885E+003 -0.130877047623069E+003
  0.197393871562832E+000  0.507124863720880E+000  0.216979153213106E+000  0.499994509098087E+000 -0.131028262406404E+000 -0.130876178199916E+003 -0.130876178199916E+003 -0.130879128508126E+003
  0.159387037040483E+000  0.507792196355818E+000  0.775600261119951E-001  0.494792313312576E+000 -0.131028262406404E+000 -0.130876206980243E+003 -0.130876206980243E+003 -0.130876885824525E+003
  0.157605368433318E+000  0.515098912273465E+000  0.465100798589815E+000  0.498867713221470E+000 -0.131028262406404E+000 -0.130875852329358E+003 -0.130875852329358E+003 -0.130881233756967E+003
  0.154525633128239E+000  0.517890843120312E+000  0.986525710510514E+000  0.497946485112065E+000 -0.131028262406404E+000 -0.130876275129697E+003 -0.130876275129697E+003 -0.130877012961006E+003
  0.166854526171090E+000  0.503722069593713E+000  0.800730377279772E+000  0.497173098356213E+000 -0.131028262406404E+000 -0.130875389113332E+003 -0.130875389113332E+003 -0.130877829252558E+003
  0.136816926258096E+000  0.502368976460994E+000  0.138436428087818E+000  0.498670995329246E+000 -0.131028262406404E+000 -0.130876175866300E+003 -0.130876175866300E+003 -0.130877150679552E+003
  0.158215123711241E+000  0.514089304007461E+000  0.108492112525238E+000  0.498601702195048E+000 -0.131028262406404E+000 -0.130875833159029E+003 -0.130875833159029E+003 -0.130876765354367E+003
  0.144555581305081E+000  0.510648858873327E+000  0.180413749921412E+000  0.498644623632154E+000 -0.131028262406404E+000 -0.130876099039565E+003 -0.130876099039565E+003 -0.130876876806536E+003
  0.186428271980883E+000  0.504544145449737E+000  0.946241792224904E+000  0.494161281103188E+000 -0.131028262406404E+000 -0.130876619580697E+003 -0.130876619580697E+003 -0.130876713375072E+003
  0.162020193973814E+000  0.512669557500050E+000  0.798452309666254E+000  0.494826233981261E+000 -0.131028262406404E+000 -0.130876486277619E+003 -0.130876486277619E+003 -0.130876765864098E+003
  0.161210005548451E+000  0.512836600969210E+000  0.747508424138111E-001  0.495865772748816E+000 -0.131028262406404E+000 -0.130876284565646E+003 -0.130876284565646E+003 -0.130880251333947E+003
  0.165128268907616E+000  0.513655178813747E+000  0.288288329127675E+000  0.499805628533232E+000 -0.131028262406404E+000 -0.130875495971198E+003 -0.130875495971198E+003 -0.130888868037828E+003
  0.158318286708460E+000  0.511702980941591E+000  0.333604218503310E+000  0.497677944319585E+000 -0.131028262406404E+000 -0.130875871815233E+003 -0.130875871815233E+003 -0.130876759579709E+003
  0.157410502561472E+000  0.506010873099278E+000  0.436341033915104E+000  0.492794944761045E+000 -0.131028262406404E+000 -0.130876541900900E+003 -0.130876541900900E+003 -0.130891373726493E+003
  0.160407834267652E+000  0.501683715433570E+000  0.536855472165912E+000  0.499263343183710E+000 -0.131028262406404E+000 -0.130874879979496E+003 -0.130874879979496E+003 -0.130876677997653E+003
  0.151784844001506E+000  0.523552450522207E+000  0.647528196464281E+000  0.499464449366534E+000 -0.131028262406404E+000 -0.130876383376819E+003 -0.130876383376819E+003 -0.130882798240980E+003
  0.193416158461782E+000  0.502266932393483E+000  0.643810099491899E+000  0.497130162055913E+000 -0.131028262406404E+000 -0.130876149292609E+003 -0.130876149292609E+003 -0.130876900552133E+003
  0.182611206908254E+000  0.511312910052318E+000  0.534943967502576E+000  0.496593834931202E+000 -0.131028262406404E+000 -0.130876419097602E+003 -0.130876419097602E+003 -0.130876775730866E+003
  0.187834265717924E+000  0.500615244862113E+000  0.870662834919604E+000  0.499618018331381E+000 -0.131028262406404E+000 -0.130875118832269E+003 -0.130875118832269E+003 -0.130877101976388E+003
  0.181537049487463E+000  0.510504029626049E+000  0.289580388050072E+000  0.496900111176138E+000 -0.131028262406404E+000 -0.130876240341395E+003 -0.130876240341395E+003 -0.130876938187026E+003
  0.186454431593073E+000  0.501356955516480E+000  0.300951448593976E+000  0.496745352474351E+000 -0.131028262406404E+000 -0.130875773077834E+003 -0.130875773077834E+003 -0.130877369692523E+003
  0.157252715123209E+000  0.501581007083230E+000  0.587838923089214E+000  0.494984848772013E+000 -0.131028262406404E+000 -0.130875826357869E+003 -0.130875826357869E+003 -0.130877251510650E+003
  0.175421361026601E+000  0.521026785328392E+000  0.848819116504402E-001  0.499042225943476E+000 -0.131028262406404E+000 -0.130876348682747E+003 -0.130876348682747E+003 -0.130877726333834E+003
  0.150473446953706E+000  0.510684802346139E+000  0.270569207978232E+000  0.496789907758041E+000 -0.131028262406404E+000 -0.130876199865722E+003 -0.130876199865722E+003 -0.130876670048298E+003
  0.164417753674467E+000  0.507848150621372E+000  0.710593710859131E+000  0.497952876297151E+000 -0.131028262406404E+000 -0.130875502386043E+003 -0.130875502386043E+003 -0.130877614096538E+003
  0.158219042768784E+000  0.509677981112338E+000  0.361124618463729E+000  0.497478394775118E+000 -0.131028262406404E+000 -0.130875788341666E+003 -0.130875788341666E+003 -0.130876731759003E+003
  0.186550012641705E+000  0.507607132688886E+000  0.335291922637751E+000  0.498197562111100E+000 -0.131028262406404E+000 -0.130875946789501E+003 -0.130875946789501E+003 -0.130876826762051E+003
  0.183810617146522E+000  0.513364643875114E+000  0.213512676030072E+000  0.498816435487343E+000 -0.131028262406404E+000 -0.130876134798331E+003 -0.130876134798331E+003 -0.130876702334526E+003
  0.155643534075759E+000  0.512476783794569E+000  0.576585461660066E+000  0.494980236868455E+000 -0.131028262406404E+000 -0.130876522673307E+003 -0.130876522673307E+003 -0.130879186981330E+003
  0.146836636011400E+000  0.510464264068830E+000  0.658339085933188E+000  0.496608059432414E+000 -0.131028262406404E+000 -0.130876372436199E+003 -0.130876372436199E+003 -0.130877897087752E+003
  0.158157448060502E+000  0.509185039755987E+000  0.787139483178833E+000  0.498743384381220E+000 -0.131028262406404E+000 -0.130875498420510E+003 -0.130875498420510E+003 -0.130877176818437E+003
  0.179480718714160E+000  0.513483476130714E+000  0.211930564063772E+000  0.498017936043684E+000 -0.131028262406404E+000 -0.130876139516528E+003 -0.130876139516528E+003 -0.130876928179544E+003
  0.154417245639266E+000  0.508057081366495E+000  0.563385206443252E+000  0.496635843546955E+000 -0.131028262406404E+000 -0.130875949918454E+003 -0.130875949918454E+003 -0.130876827347215E+003
  0.157018753242179E+000  0.503957873125518E+000  0.404030878052408E+000  0.494232739505172E+000 -0.131028262406404E+000 -0.130876129578997E+003 -0.130876129578997E+003 -0.130882592669893E+003
  0.161939125306480E+000  0.518705228900791E+000  0.109040722437150E+000  0.499214823131795E+000 -0.131028262406404E+000 -0.130875964916606E+003 -0.130875964916606E+003 -0.130882506318707E+003
  0.166407507117744E+000  0.501868471606201E+000  0.943530583034359E+000  0.496806897341509E+000 -0.131028262406404E+000 -0.130875344756231E+003 -0.130875344756231E+003 -0.130876862499400E+003
  0.157089264540509E+000  0.508325100319196E+000  0.541215604128347E+000  0.496984638419611E+000 -0.131028262406404E+000 -0.130875828795065E+003 -0.130875828795065E+003 -0.130878786557683E+003
  0.160106039853342E+000  0.500356811000090E+000  0.184896096068363E+000  0.498988706486899E+000 -0.131028262406404E+000 -0.130874860728600E+003 -0.130874860728600E+003 -0.130876715338127E+003
  0.155126361337595E+000  0.501311614687431E+000  0.596444702662987E+000  0.497013309222992E+000 -0.131028262406404E+000 -0.130875453032379E+003 -0.130875453032379E+003 -0.130877648293693E+003
  0.151854174650331E+000  0.504527760678041E+000  0.322812331339804E+000  0.496723203365865E+000 -0.131028262406404E+000 -0.130875808992575E+003 -0.130875808992575E+003 -0.130876842431424E+003
  0.157495379964271E+000  0.512306319933122E+000  0.996941998020948E+000  0.495664023150969E+000 -0.131028262406404E+000 -0.130876337530914E+003 -0.130876337530914E+003 -0.130877675135419E+003
  0.200134167658152E+000  0.504924657719688E+000  0.397729542321632E+000  0.498388425082283E+000 -0.131028262406404E+000 -0.130876580794430E+003 -0.130876580794430E+003 -0.130876842106883E+003
  0.165882237091341E+000  0.520483264031468E+000  0.869437435713633E+000  0.498678561006214E+000 -0.131028262406404E+000 -0.130876203035666E+003 -0.130876203035666E+003 -0.130879312373916E+003
  0.168533455605391E+000  0.507285775212355E+000  0.761055292369668E+000  0.493277883065743E+000 -0.131028262406404E+000 -0.130876473338525E+003 -0.130876473338525E+003 -0.130877533458811E+003
  0.164656359478433E+000  0.510424205683350E+000  0.498283131552707E+000  0.497239322520148E+000 -0.131028262406404E+000 -0.130875823037908E+003 -0.130875823037908E+003 -0.130877156783557E+003
  0.174606123110249E+000  0.519291627350968E+000  0.964011869031806E-001  0.497531548578257E+000 -0.131028262406404E+000 -0.130876524690535E+003 -0.130876524690535E+003 -0.130877410861690E+003
  0.153404961537166E+000  0.513877722482988E+000  0.419427048972050E-001  0.495729994176011E+000 -0.131028262406404E+000 -0.130876507645522E+003 -0.130876507645522E+003 -0.130878465247321E+003
  0.152309213307501E+000  0.507024893217098E+000  0.905519206070157E+000  0.494808735346436E+000 -0.131028262406404E+000 -0.130876321662382E+003 -0.130876321662382E+003 -0.130876644440513E+003
  0.164342762197609E+000  0.512418955759292E+000  0.943386713756100E+000  0.495898410406900E+000 -0.131028262406404E+000 -0.130876239334300E+003 -0.130876239334300E+003 -0.130879420553343E+003
  0.149619285144317E+000  0.506722233196608E+000  0.425690677256270E+000  0.498945046547248E+000 -0.131028262406404E+000 -0.130875580155377E+003 -0.130875580155377E+003 -0.130877693529590E+003
  0.163315888677496E+000  0.508920622437808E+000  0.583803848788475E+000  0.495196677761272E+000 -0.131028262406404E+000 -0.130876158918200E+003 -0.130876158918200E+003 -0.130877604062642E+003
  0.181639207198167E+000  0.506843272774970E+000  0.502130313513417E+000  0.499473273078827E+000 -0.131028262406404E+000 -0.130875380471671E+003 -0.130875380471671E+003 -0.130877511210365E+003
  0.166823759533279E+000  0.503052001912503E+000  0.976562996299501E+000  0.499891134898098E+000 -0.131028262406404E+000 -0.130874763905853E+003 -0.130874763905853E+003 -0.130876722845349E+003
  0.152158744897453E+000  0.518344284638506E+000  0.451904140027600E+000  0.497115501035532E+000 -0.131028262406404E+000 -0.130876529674924E+003 -0.130876529674924E+003 -0.130880845503319E+003
  0.176426405844220E+000  0.513269428696221E+000  0.339120988123607E+000  0.499969420743789E+000 -0.131028262406404E+000 -0.130875590030545E+003 -0.130875590030545E+003 -0.130876839741021E+003
  0.175658229278068E+000  0.501426541409942E+000  0.747104450642417E+000  0.495796671972633E+000 -0.131028262406404E+000 -0.130875622178103E+003 -0.130875622178103E+003 -0.130878227065049E+003
  0.175630114939689E+000  0.507122909833730E+000  0.308971880205983E+000  0.496495090556145E+000 -0.131028262406404E+000 -0.130875880884813E+003 -0.130875880884813E+003 -0.130876726633685E+003
  0.162055812499005E+000  0.500357001391729E+000  0.837752186702972E+000  0.493461573406777E+000 -0.131028262406404E+000 -0.130875984742709E+003 -0.130875984742709E+003 -0.130878076810234E+003
  0.166027058540584E+000  0.528246112081624E+000  0.134220374512085E+000  0.499460887725713E+000 -0.131028262406404E+000 -0.130876580318151E+003 -0.130876580318151E+003 -0.130876727753392E+003
  0.183790516591275E+000  0.507125284908992E+000  0.600894970755347E+000  0.499393310712904E+000 -0.131028262406404E+000 -0.130875506454236E+003 -0.130875506454236E+003 -0.130880558028641E+003
  0.163221522263370E+000  0.513793216000431E+000  0.114215013707262E-001  0.498658454116707E+000 -0.131028262406404E+000 -0.130875751061440E+003 -0.130875751061440E+003 -0.130878097361470E+003
  0.160205767370574E+000  0.501583146259641E+000  0.154072222978478E+000  0.498408447409343E+000 -0.131028262406404E+000 -0.130875055414996E+003 -0.130875055414996E+003 -0.130878783670468E+003
  0.151261776362518E+000  0.501057906340549E+000  0.864219610997475E-002  0.496035213045046E+000 -0.131028262406404E+000 -0.130875771818548E+003 -0.130875771818548E+003 -0.130877861591127E+003
  0.168266188989912E+000  0.513394881278837E+000  0.877232163708468E+000  0.494731591711498E+000 -0.131028262406404E+000 -0.130876577674212E+003 -0.130876577674212E+003 -0.130877135660162E+003
  0.185885106087932E+000  0.510128089520856E+000  0.484011601878475E+000  0.496925848411155E+000 -0.131028262406404E+000 -0.130876407585961E+003 -0.130876407585961E+003 -0.130877805245800E+003
  0.165597236485642E+000  0.526101778587595E+000  0.398756672519615E+000  0.499307606962587E+000 -0.131028262406404E+000 -0.130876457588591E+003 -0.130876457588591E+003 -0.130876689431790E+003
  0.137261721626514E+000  0.507846361511484E+000  0.768860441901727E+000  0.499221951339245E+000 -0.131028262406404E+000 -0.130876307224818E+003 -0.130876307224818E+003 -0.130876671124056E+003
  0.177592936252727E+000  0.500610150244425E+000  0.725110394736081E+000  0.497407429286418E+000 -0.131028262406404E+000 -0.130875249266309E+003 -0.130875249266309E+003 -0.130879073747386E+003
  0.159484674802226E+000  0.502677245808795E+000  0.433719738678164E+000  0.499653955380559E+000 -0.131028262406404E+000 -0.130874879466922E+003 -0.130874879466922E+003 -0.130876865817350E+003
  0.177421343562058E+000  0.516961475721040E+000  0.312925640953653E+000  0.498416946703994E+000 -0.131028262406404E+000 -0.130876243596841E+003 -0.130876243596841E+003 -0.130877523941300E+003
  0.170983539926358E+000  0.508861045299955E+000  0.385789773426925E+000  0.495355570722155E+000 -0.131028262406404E+000 -0.130876163206194E+003 -0.130876163206194E+003 -0.130876984379198E+003
  0.187496330360201E+000  0.508187825704888E+000  0.165032182031397E+000  0.498715898107010E+000 -0.131028262406404E+000 -0.130875924517691E+003 -0.130875924517691E+003 -0.130878881142397E+003
  0.170924947942325E+000  0.510253713515522E+000  0.623588507791030E+000  0.499125627597307E+000 -0.131028262406404E+000 -0.130875442941152E+003 -0.130875442941152E+003 -0.130877094636222E+003
  0.193427670621714E+000  0.508020717614203E+000  0.800984829540152E+000  0.497516540716606E+000 -0.131028262406404E+000 -0.130876551209842E+003 -0.130876551209842E+003 -0.130878293381156E+003
  0.174035498796644E+000  0.515271576658225E+000  0.350324179359643E+000  0.495820956190158E+000 -0.131028262406404E+000 -0.130876585796437E+003 -0.130876585796437E+003 -0.130877215524552E+003
  0.158233557602550E+000  0.508117206826952E+000  0.557081922378007E+000  0.494230007333732E+000 -0.131028262406404E+000 -0.130876361073263E+003 -0.130876361073263E+003 -0.130876826248047E+003
  0.140958706810542E+000  0.505158758319808E+000  0.270159444107280E+000  0.498891824572076E+000 -0.131028262406404E+000 -0.130875976914729E+003 -0.130875976914729E+003 -0.130876838151290E+003
  0.172982319480214E+000  0.508241504854775E+000  0.673270195711378E+000  0.498968762583254E+000 -0.131028262406404E+000 -0.130875364057439E+003 -0.130875364057439E+003 -0.130877809414261E+003
  0.151069925448115E+000  0.527154373811352E+000  0.897446793207798E+000  0.499798075897533E+000 -0.131028262406404E+000 -0.130876554442588E+003 -0.130876554442588E+003 -0.130878903197349E+003
  0.189444076507454E+000  0.507025648714048E+000  0.161552595835365E+000  0.497069902098864E+000 -0.131028262406404E+000 -0.130876317119123E+003 -0.130876317119123E+003 -0.130882437517047E+003
  0.180315972135497E+000  0.501696286813241E+000  0.142387804089834E+000  0.495541706014917E+000 -0.131028262406404E+000 -0.130875825902751E+003 -0.130875825902751E+003 -0.130877310655353E+003
  0.184019420268334E+000  0.503526584180362E+000  0.166101665434229E+000  0.496823242181409E+000 -0.131028262406404E+000 -0.130875817072066E+003 -0.130875817072066E+003 -0.130877694945456E+003
  0.173506332864443E+000  0.503848724641877E+000  0.260693573100784E+000  0.497944836115184E+000 -0.131028262406404E+000 -0.130875282727537E+003 -0.130875282727537E+003 -0.130877711440417E+003
  0.180981859978901E+000  0.513716940016586E+000  0.410317710573037E+000  0.497490394174882E+000 -0.131028262406404E+000 -0.130876335181870E+003 -0.130876335181870E+003 -0.130878621776329E+003
  0.140050949987174E+000  0.507853007624352E+000  0.194003832455350E+000  0.498931658172604E+000 -0.131028262406404E+000 -0.130876166685312E+003 -0.130876166685312E+003 -0.130877505903523E+003
  0.163302730321998E+000  0.501791260678507E+000  0.913805008832554E+000  0.497856415400678E+000 -0.131028262406404E+000 -0.130875137475722E+003 -0.130875137475722E+003 -0.130876668565852E+003
  0.150019288796439E+000  0.511772141081239E+000  0.404010944160266E+000  0.498719117054996E+000 -0.131028262406404E+000 -0.130875896128747E+003 -0.130875896128747E+003 -0.130877974250368E+003
  0.155147292753533E+000  0.524842722630262E+000  0.788659512408336E+000  0.498926566958950E+000 -0.131028262406404E+000 -0.130876494834451E+003 -0.130876494834451E+003 -0.130881557166771E+003
  0.187070541236301E+000  0.507164614221008E+000  0.192835291978713E+000  0.499012776185645E+000 -0.131028262406404E+000 -0.130875750627453E+003 -0.130875750627453E+003 -0.130877182622922E+003
  0.160461454267490E+000  0.521320558607715E+000  0.494935466570580E-001  0.497064542173712E+000 -0.131028262406404E+000 -0.130876591273285E+003 -0.130876591273285E+003 -0.130877811924049E+003
  0.142346487992996E+000  0.503437080952036E+000  0.339881279887895E+000  0.498330482696434E+000 -0.131028262406404E+000 -0.130875906549110E+003 -0.130875906549110E+003 -0.130876784009184E+003
  0.179770247735221E+000  0.519736304516549E+000  0.442879814721071E+000  0.498080529882968E+000 -0.131028262406404E+000 -0.130876623254881E+003 -0.130876623254881E+003 -0.130877108088557E+003
  0.155134182756080E+000  0.506191641436994E+000  0.734445959424195E+000  0.495525693482549E+000 -0.131028262406404E+000 -0.130876044776743E+003 -0.130876044776743E+003 -0.130878930659012E+003
  0.149888449870681E+000  0.500074746242094E+000  0.119821765744511E+000  0.497846294270373E+000 -0.131028262406404E+000 -0.130875414059760E+003 -0.130875414059760E+003 -0.130877706419825E+003
  0.173881835838810E+000  0.519036570674466E+000  0.656309752276234E+000  0.497090820601919E+000 -0.131028262406404E+000 -0.130876581436504E+003 -0.130876581436504E+003 -0.130876891392150E+003
  0.172931682831788E+000  0.502741963316918E+000  0.462968367791789E+000  0.496225138878162E+000 -0.131028262406404E+000 -0.130875572129156E+003 -0.130875572129156E+003 -0.130878236439833E+003
  0.150797202273074E+000  0.512659683760321E+000  0.229666868503156E-001  0.497112140510571E+000 -0.131028262406404E+000 -0.130876238246424E+003 -0.130876238246424E+003 -0.130876669969169E+003
  0.189536601947142E+000  0.514197586675858E+000  0.387894702875559E+000  0.498537579933121E+000 -0.131028262406404E+000 -0.130876583892963E+003 -0.130876583892963E+003 -0.130877551257397E+003
  0.142313055067484E+000  0.505063916084622E+000  0.171846998651136E+000  0.496621537785417E+000 -0.131028262406404E+000 -0.130876319710957E+003 -0.130876319710957E+003 -0.130877219573646E+003
  0.151367406088570E+000  0.503495528673753E+000  0.924633246086256E+000  0.497623026381362E+000 -0.131028262406404E+000 -0.130875588342544E+003 -0.130875588342544E+003 -0.130876847038917E+003
  0.165890452565192E+000  0.504412618041767E+000  0.900755127210338E+000  0.493696770589484E+000 -0.131028262406404E+000 -0.130876176869443E+003 -0.130876176869443E+003 -0.130876999832748E+003
  0.174704599163390E+000  0.500011905394927E+000  0.891768841239847E+000  0.499840766595977E+000 -0.131028262406404E+000 -0.130874610945249E+003 -0.130874610945249E+003 -0.130877325686048E+003
  0.166077099616401E+000  0.503398563959541E+000  0.244544781719684E-001  0.497013572245622E+000 -0.131028262406404E+000 -0.130875402605001E+003 -0.130875402605001E+003 -0.130877136158377E+003
  0.166907866357754E+000  0.516659757667813E+000  0.365277743048653E+000  0.496045768150341E+000 -0.131028262406404E+000 -0.130876507539189E+003 -0.130876507539189E+003 -0.130877256717593E+003
  0.156321325090225E+000  0.504473879984299E+000  0.275150652784302E+000  0.493519685902934E+000 -0.131028262406404E+000 -0.130876322494296E+003 -0.130876322494296E+003 -0.130877341217747E+003
  0.149318116847530E+000  0.500625965584552E+000  0.173762858940076E+000  0.498933779312256E+000 -0.131028262406404E+000 -0.130875255426938E+003 -0.130875255426938E+003 -0.130877030120319E+003
  0.166075281914235E+000  0.510926938253559E+000  0.183325430835122E-001  0.499097673407948E+000 -0.131028262406404E+000 -0.130875462326909E+003 -0.130875462326909E+003 -0.130876798429945E+003
  0.153023915530659E+000  0.507924349739020E+000  0.888177553451511E+000  0.499475721349852E+000 -0.131028262406404E+000 -0.130875411947857E+003 -0.130875411947857E+003 -0.130876671121496E+003
  0.157014900562705E+000  0.510208508250876E+000  0.831503640720407E+000  0.496517216513221E+000 -0.131028262406404E+000 -0.130876041726222E+003 -0.130876041726222E+003 -0.130877265265798E+003
  0.161536801748178E+000  0.506370837712014E+000  0.518708739982316E+000  0.493530127390649E+000 -0.131028262406404E+000 -0.130876355964872E+003 -0.130876355964872E+003 -0.130878024301104E+003
  0.191797305323324E+000  0.501193181507009E+000  0.658663095073254E+000  0.497233700085746E+000 -0.131028262406404E+000 -0.130875933469397E+003 -0.130875933469397E+003 -0.130878312506078E+003
  0.162273594140600E+000  0.510758846623909E+000  0.170322886032992E+000  0.496531428216220E+000 -0.131028262406404E+000 -0.130876003528366E+003 -0.130876003528366E+003 -0.130876779233536E+003
  0.196905523620895E+000  0.502032879288421E+000  0.412480294953891E+000  0.499558397773213E+000 -0.131028262406404E+000 -0.130875795466881E+003 -0.130875795466881E+003 -0.130876955335931E+003
  0.137837885383260E+000  0.504669111337431E+000  0.686203802693501E+000  0.499410405785293E+000 -0.131028262406404E+000 -0.130876072916688E+003 -0.130876072916688E+003 -0.130876680818407E+003
  0.157459129980493E+000  0.508456073318181E+000  0.572898207998006E-001  0.499629264043372E+000 -0.131028262406404E+000 -0.130875286211402E+003 -0.130875286211402E+003 -0.130881163333764E+003
  0.180762678707810E+000  0.504414908802745E+000  0.160809857171186E+000  0.497548803756337E+000 -0.131028262406404E+000 -0.130875595587955E+003 -0.130875595587955E+003 -0.130876867497606E+003
  0.189539038989451E+000  0.502883484130514E+000  0.338644142915832E+000  0.494486871600414E+000 -0.131028262406404E+000 -0.130876579629364E+003 -0.130876579629364E+003 -0.130877965693881E+003
  0.154212475906188E+000  0.501565937401493E+000  0.899452841202693E+000  0.493835876995662E+000 -0.131028262406404E+000 -0.130876141535532E+003 -0.130876141535532E+003 -0.130876718532286E+003
  0.145175131778875E+000  0.501273443147274E+000  0.607548612171356E+000  0.499147650052679E+000 -0.131028262406404E+000 -0.130875466066827E+003 -0.130875466066827E+003 -0.130878103938662E+003
  0.191487690359702E+000  0.500526811769399E+000  0.759482326861009E+000  0.497539834210897E+000 -0.131028262406404E+000 -0.130875788137482E+003 -0.130875788137482E+003 -0.130879098033268E+003
  0.174523094721877E+000  0.526578968411855E+000  0.511210965917466E+000  0.499907952981349E+000 -0.131028262406404E+000 -0.130876551692108E+003 -0.130876551692108E+003 -0.130877792413462E+003
  0.183723947149953E+000  0.503837875477830E+000  0.584089161422800E+000  0.497006564900207E+000 -0.131028262406404E+000 -0.130875787216901E+003 -0.130875787216901E+003 -0.130876869427296E+003
  0.150406331600558E+000  0.516374173309601E+000  0.373168584351813E+000  0.499555873105475E+000 -0.131028262406404E+000 -0.130875982311190E+003 -0.130875982311190E+003 -0.130877963729699E+003
  0.161020339039803E+000  0.520934036448081E+000  0.712974247228984E+000  0.499777964424898E+000 -0.131028262406404E+000 -0.130875999654935E+003 -0.130875999654935E+003 -0.130877434982944E+003
  0.178085799296827E+000  0.515327143305635E+000  0.823938935136442E+000  0.497387721889230E+000 -0.131028262406404E+000 -0.130876370366367E+003 -0.130876370366367E+003 -0.130877258318681E+003
  0.183762525817858E+000  0.505861281188879E+000  0.409781682268677E+000  0.497498105568316E+000 -0.131028262406404E+000 -0.130875835833690E+003 -0.130875835833690E+003 -0.130876918351517E+003
  0.189512657496045E+000  0.503905115348543E+000  0.454649114348730E+000  0.495059323085503E+000 -0.131028262406404E+000 -0.130876529180063E+003 -0.130876529180063E+003 -0.130876696398056E+003
  0.173708807397066E+000  0.500873485348488E+000  0.234741130375123E+000  0.497677926328455E+000 -0.131028262406404E+000 -0.130875133090348E+003 -0.130875133090348E+003 -0.130884778872088E+003
  0.157678772222084E+000  0.512798087759937E+000  0.771243269457737E+000  0.495733128445695E+000 -0.131028262406404E+000 -0.130876350890737E+003 -0.130876350890737E+003 -0.130878981396327E+003
  0.158207159648215E+000  0.526038816103334E+000  0.167914204546386E+000  0.498860658688480E+000 -0.131028262406404E+000 -0.130876543817168E+003 -0.130876543817168E+003 -0.130887785470611E+003
  0.160722227213695E+000  0.512028045107264E+000  0.131150240431198E+000  0.495773834747877E+000 -0.131028262406404E+000 -0.130876255697655E+003 -0.130876255697655E+003 -0.130879597810563E+003
  0.156680092939852E+000  0.510654485138606E+000  0.727967288885274E+000  0.494047178659274E+000 -0.131028262406404E+000 -0.130876581771788E+003 -0.130876581771788E+003 -0.130878656682614E+003
  0.175085631113136E+000  0.502380390998531E+000  0.789508840096083E+000  0.497349893020803E+000 -0.131028262406404E+000 -0.130875336130650E+003 -0.130875336130650E+003 -0.130876637364601E+003
  0.150870158036142E+000  0.502874368623087E+000  0.782822231454229E-001  0.496791687190083E+000 -0.131028262406404E+000 -0.130875738941873E+003 -0.130875738941873E+003 -0.130876961566201E+003
  0.159647505831354E+000  0.505097033940826E+000  0.694478610871197E+000  0.495044787140652E+000 -0.131028262406404E+000 -0.130875982607130E+003 -0.130875982607130E+003 -0.130877317992910E+003
  0.156586343041680E+000  0.512730273631253E+000  0.276135190258177E+000  0.498449784358017E+000 -0.131028262406404E+000 -0.130875810359423E+003 -0.130875810359423E+003 -0.130878548025969E+003
  0.168449602184699E+000  0.503033737796014E+000  0.683967014757417E+000  0.497734633159684E+000 -0.131028262406404E+000 -0.130875224566277E+003 -0.130875224566277E+003 -0.130876629382345E+003
  0.204502352826728E+000  0.500272922124571E+000  0.452333971355612E+000  0.499601612395020E+000 -0.131028262406404E+000 -0.130876238499987E+003 -0.130876238499987E+003 -0.130878273127696E+003
  0.150407533380977E+000  0.502903210703071E+000  0.294365483084826E+000  0.497700305407089E+000 -0.131028262406404E+000 -0.130875578526464E+003 -0.130875578526464E+003 -0.130876971578833E+003
  0.181919550352737E+000  0.508779397924729E+000  0.791300422879115E-001  0.499575413731727E+000 -0.131028262406404E+000 -0.130875518644091E+003 -0.130875518644091E+003 -0.130876847007503E+003
  0.148208613212192E+000  0.510625866098932E+000  0.419671423213335E-001  0.497811598356355E+000 -0.131028262406404E+000 -0.130876084450289E+003 -0.130876084450289E+003 -0.130876938909771E+003
  0.154576599919219E+000  0.526899841957926E+000  0.186717734952153E+000  0.499381242835702E+000 -0.131028262406404E+000 -0.130876542165604E+003 -0.130876542165604E+003 -0.130878251722378E+003
  0.164372756511806E+000  0.504692469456583E+000  0.796887773172273E+000  0.498304486108516E+000 -0.131028262406404E+000 -0.130875221266042E+003 -0.130875221266042E+003 -0.130876793981769E+003
  0.149612100256850E+000  0.509278665678010E+000  0.923575513313568E+000  0.495390587972708E+000 -0.131028262406404E+000 -0.130876429727684E+003 -0.130876429727684E+003 -0.130876926090771E+003
  0.182370116806917E+000  0.505505136299557E+000  0.527455379676818E+000  0.495388432570849E+000 -0.131028262406404E+000 -0.130876227741185E+003 -0.130876227741185E+003 -0.130878401856009E+003
  0.141944861746463E+000  0.503249443516072E+000  0.384462180505782E+000  0.497612754018109E+000 -0.131028262406404E+000 -0.130876059287352E+003 -0.130876059287352E+003 -0.130877462196824E+003
  0.179199578692340E+000  0.504218681792387E+000  0.934379271027056E+000  0.495566263084313E+000 -0.131028262406404E+000 -0.130875973515127E+003 -0.130875973515127E+003 -0.130879578529464E+003
  0.165869801886984E+000  0.501148307398587E+000  0.265237609095249E+000  0.492937201690204E+000 -0.131028262406404E+000 -0.130876124214523E+003 -0.130876124214523E+003 -0.130878321547580E+003
  0.172951631375355E+000  0.502404192773559E+000  0.827845719363834E+000  0.491571581690348E+000 -0.131028262406404E+000 -0.130876568875543E+003 -0.130876568875543E+003 -0.130876779179861E+003
  0.170528840658502E+000  0.518757185998184E+000  0.162936964676082E+000  0.498980900496403E+000 -0.131028262406404E+000 -0.130876074304042E+003 -0.130876074304042E+003 -0.130876745399544E+003
  0.142437290988865E+000  0.502404005041730E+000  0.640757792282868E+000  0.497595705707766E+000 -0.131028262406404E+000 -0.130875988237707E+003 -0.130875988237707E+003 -0.130878582071223E+003
  0.140110308695097E+000  0.506290251740994E+000  0.588861458940926E+000  0.497892151907007E+000 -0.131028262406404E+000 -0.130876279795097E+003 -0.130876279795097E+003 -0.130876809531554E+003
  0.157062172199023E+000  0.507232525227529E+000  0.353482772847058E+000  0.496780245457498E+000 -0.131028262406404E+000 -0.130875804512405E+003 -0.130875804512405E+003 -0.130877071468911E+003
  0.195375851156181E+000  0.508421240120078E+000  0.561380071985196E+000  0.498372092623556E+000 -0.131028262406404E+000 -0.130876524039845E+003 -0.130876524039845E+003 -0.130876764729328E+003
  0.183911071508210E+000  0.506519496052192E+000  0.999752082856230E+000  0.498951012242342E+000 -0.131028262406404E+000 -0.130875564146689E+003 -0.130875564146689E+003 -0.130895972628956E+003
  0.154082792628165E+000  0.504224275359803E+000  0.726208490589409E+000  0.498770180290673E+000 -0.131028262406404E+000 -0.130875301265366E+003 -0.130875301265366E+003 -0.130877702612590E+003
  0.168995803164062E+000  0.516020318004686E+000  0.882364492543621E+000  0.498995239646112E+000 -0.131028262406404E+000 -0.130875854017384E+003 -0.130875854017384E+003 -0.130876650764572E+003
  0.152454263117225E+000  0.511374211160681E+000  0.577166814888015E+000  0.495527813902880E+000 -0.131028262406404E+000 -0.130876426603860E+003 -0.130876426603860E+003 -0.130876936776592E+003
  0.174711853072758E+000  0.513497651414218E+000  0.729138593780098E+000  0.497041106829841E+000 -0.131028262406404E+000 -0.130876205400686E+003 -0.130876205400686E+003 -0.130878178229195E+003
  0.150153677561653E+000  0.514483334037314E+000  0.664430677398870E-001  0.499183081311165E+000 -0.131028262406404E+000 -0.130875955447683E+003 -0.130875955447683E+003 -0.130879337756229E+003
  0.186103545173578E+000  0.508312128040962E+000  0.667472113969109E+000  0.498652818620671E+000 -0.131028262406404E+000 -0.130875877160603E+003 -0.130875877160603E+003 -0.130877048162940E+003
  0.144811261049514E+000  0.508307017721708E+000  0.527548416153256E+000  0.496959833044721E+000 -0.131028262406404E+000 -0.130876285417098E+003 -0.130876285417098E+003 -0.130878595399478E+003
  0.164546208269302E+000  0.508370409971762E+000  0.212206094447583E+000  0.493474145871024E+000 -0.131028262406404E+000 -0.130876484564524E+003 -0.130876484564524E+003 -0.130876921614921E+003
  0.192504574255127E+000  0.503081045500719E+000  0.917747540806317E+000  0.498893452665108E+000 -0.131028262406404E+000 -0.130875747583705E+003 -0.130875747583705E+003 -0.130876872679019E+003
  0.152378122004779E+000  0.500549434471325E+000  0.337785298951932E+000  0.498936748064941E+000 -0.131028262406404E+000 -0.130875116998677E+003 -0.130875116998677E+003 -0.130882864602029E+003
  0.165769431466344E+000  0.515250277852713E+000  0.848885810260398E-001  0.497243884321509E+000 -0.131028262406404E+000 -0.130876148194730E+003 -0.130876148194730E+003 -0.130877025894547E+003
  0.188124252439394E+000  0.510470379974281E+000  0.833852933296451E+000  0.499825371623979E+000 -0.131028262406404E+000 -0.130875891836326E+003 -0.130875891836326E+003 -0.130876985294448E+003
  0.176091474703143E+000  0.503831598485313E+000  0.743261779291465E+000  0.499606758515760E+000 -0.131028262406404E+000 -0.130874963196902E+003 -0.130874963196902E+003 -0.130877705562995E+003
  0.138962681511397E+000  0.510109990844080E+000  0.900137516581723E+000  0.499475936702016E+000 -0.131028262406404E+000 -0.130876252102739E+003 -0.130876252102739E+003 -0.130876810581785E+003
  0.151293307652888E+000  0.506836490118667E+000  0.918368843691824E-001  0.499406036697357E+000 -0.131028262406404E+000 -0.130875426204095E+003 -0.130875426204095E+003 -0.130876809897663E+003
  0.155816069893188E+000  0.502673195885794E+000  0.812407017584333E+000  0.494425285647398E+000 -0.131028262406404E+000 -0.130876041882720E+003 -0.130876041882720E+003 -0.130880400663561E+003
  0.181875298051255E+000  0.505751147287813E+000  0.153759363503202E+000  0.495139977838477E+000 -0.131028262406404E+000 -0.130876282834269E+003 -0.130876282834269E+003 -0.130879685767481E+003
  0.140552454858734E+000  0.504423823790148E+000  0.795115795612592E+000  0.496037554257424E+000 -0.131028262406404E+000 -0.130876507624683E+003 -0.130876507624683E+003 -0.130878100162425E+003
  0.155502431662431E+000  0.509672552022735E+000  0.399890625907402E+000  0.499171037766594E+000 -0.131028262406404E+000 -0.130875502449336E+003 -0.130875502449336E+003 -0.130876702917523E+003
  0.165298954007486E+000  0.506997958051931E+000  0.865831982924799E+000  0.498447544088964E+000 -0.131028262406404E+000 -0.130875338208414E+003 -0.130875338208414E+003 -0.130877441745404E+003
  0.176422904633483E+000  0.504450260179151E+000  0.593185903845437E+000  0.492834593677658E+000 -0.131028262406404E+000 -0.130876516892876E+003 -0.130876516892876E+003 -0.130878047600988E+003
  0.165751778599156E+000  0.517247432718553E+000  0.412005578681137E+000  0.498841816940088E+000 -0.131028262406404E+000 -0.130875945341564E+003 -0.130875945341564E+003 -0.130877164386892E+003
  0.171371310227415E+000  0.513276826869649E+000  0.714893414769003E+000  0.499734035899002E+000 -0.131028262406404E+000 -0.130875532330535E+003 -0.130875532330535E+003 -0.130877979653746E+003
  0.202599329119319E+000  0.501940342492538E+000  0.253517280718511E+000  0.498455980073299E+000 -0.131028262406404E+000 -0.130876501539292E+003 -0.130876501539292E+003 -0.130878039396025E+003
  0.149911230684670E+000  0.512282035298430E+000  0.487072944075746E+000  0.496397797850466E+000 -0.131028262406404E+000 -0.130876390063436E+003 -0.130876390063436E+003 -0.130876730552905E+003
  0.184427648506857E+000  0.502969446632806E+000  0.908866641077096E+000  0.498528911583943E+000 -0.131028262406404E+000 -0.130875402339450E+003 -0.130875402339450E+003 -0.130879943941057E+003
  0.157025144975147E+000  0.529233536978536E+000  0.580942809638538E+000  0.499559488821602E+000 -0.131028262406404E+000 -0.130876619422737E+003 -0.130876619422737E+003 -0.130876673386862E+003
  0.170357711393797E+000  0.513754510020670E+000  0.358559934258418E+000  0.497313753625228E+000 -0.131028262406404E+000 -0.130876074683017E+003 -0.130876074683017E+003 -0.130876955973195E+003
  0.151699845761833E+000  0.511458776709492E+000  0.105369104402682E+000  0.497370928896949E+000 -0.131028262406404E+000 -0.130876085926873E+003 -0.130876085926873E+003 -0.130879616428453E+003
  0.170460045547473E+000  0.506779159735797E+000  0.848716298485213E-001  0.494356825165003E+000 -0.131028262406404E+000 -0.130876227115377E+003 -0.130876227115377E+003 -0.130876879933716E+003
  0.155115158457573E+000  0.508344928485214E+000  0.479858794152809E+000  0.493371580684296E+000 -0.131028262406404E+000 -0.130876612482789E+003 -0.130876612482789E+003 -0.130877037204672E+003
  0.189256292441014E+000  0.511563816918952E+000  0.425994971877260E+000  0.498498871190528E+000 -0.131028262406404E+000 -0.130876354005393E+003 -0.130876354005393E+003 -0.130879708435643E+003
  0.141083460456701E+000  0.501668462652498E+000  0.166155853587378E+000  0.494799846831735E+000 -0.131028262406404E+000 -0.130876569498925E+003 -0.130876569498925E+003 -0.130876949490187E+003
  0.162436806196388E+000  0.500551984157432E+000  0.102313145116367E+000  0.492646335229102E+000 -0.131028262406404E+000 -0.130876164638923E+003 -0.130876164638923E+003 -0.130876751290916E+003
  0.161524830557807E+000  0.518151331793463E+000  0.126229048516780E+000  0.496948621246830E+000 -0.131028262406404E+000 -0.130876402900049E+003 -0.130876402900049E+003 -0.130879521375396E+003
  0.179858470434399E+000  0.502517003317498E+000  0.801861060787845E+000  0.496241685682635E+000 -0.131028262406404E+000 -0.130875715414761E+003 -0.130875715414761E+003 -0.130877159544898E+003
  0.153208138064121E+000  0.504963618392285E+000  0.869602746529623E+000  0.497510808972717E+000 -0.131028262406404E+000 -0.130875628169133E+003 -0.130875628169133E+003 -0.130877077789341E+003
  0.166446047441334E+000  0.501259284339464E+000  0.197276172430295E+000  0.493993767061877E+000 -0.131028262406404E+000 -0.130875905535759E+003 -0.130875905535759E+003 -0.130876873778238E+003
  0.159823800998345E+000  0.504167652045144E+000  0.678032629104981E-001  0.497695126830685E+000 -0.131028262406404E+000 -0.130875371527073E+003 -0.130875371527073E+003 -0.130877173285978E+003
  0.146578835294791E+000  0.504036251554800E+000  0.499771827804209E+000  0.493880525080489E+000 -0.131028262406404E+000 -0.130876566753437E+003 -0.130876566753437E+003 -0.130877161724563E+003
  0.157247784797888E+000  0.520947450635798E+000  0.912169015568639E+000  0.496946925050398E+000 -0.131028262406404E+000 -0.130876620068869E+003 -0.130876620068869E+003 -0.130876763259027E+003
  0.170241862950355E+000  0.513497946052948E+000  0.190531889365507E+000  0.494964421088080E+000 -0.131028262406404E+000 -0.130876562673214E+003 -0.130876562673214E+003 -0.130877785772728E+003
  0.181189242478009E+000  0.505933081265515E+000  0.306552039501715E+000  0.496954123798138E+000 -0.131028262406404E+000 -0.130875860969447E+003 -0.130875860969447E+003 -0.130879361595399E+003
  0.180236702778458E+000  0.504463762819860E+000  0.834617506006286E+000  0.497714720673933E+000 -0.131028262406404E+000 -0.130875544163409E+003 -0.130875544163409E+003 -0.130877379530469E+003
  0.167792354006464E+000  0.513686592420606E+000  0.726352578545401E+000  0.496559586348174E+000 -0.131028262406404E+000 -0.130876200942089E+003 -0.130876200942089E+003 -0.130877481964167E+003
  0.180217165846586E+000  0.508079928415784E+000  0.611677284480195E+000  0.499687697958996E+000 -0.131028262406404E+000 -0.130875376949756E+003 -0.130875376949756E+003 -0.130876672388962E+003
  0.140150430928205E+000  0.500360042587903E+000  0.510663097100667E+000  0.495076302177929E+000 -0.131028262406404E+000 -0.130876511870140E+003 -0.130876511870140E+003 -0.130876627332892E+003
