  0.100561078746022E+000  0.534716058594902E+000  0.510965072022591E+000  0.101677317821507E+000 -0.131028262406404E+000 -0.144177963958233E+003 -0.144177963958233E+003
  0.102583378551726E+000  0.556775660016381E+000  0.598806531961493E+000  0.101482249108682E+000 -0.131028262406404E+000 -0.144178188204757E+003 -0.144178188204757E+003
  0.101515476453485E+000  0.529839245050536E+000  0.650138058826039E+000  0.100975874701099E+000 -0.131028262406404E+000 -0.144177998319504E+003 -0.144177998319504E+003
  0.100612573037689E+000  0.543354019128162E+000  0.567333863735948E+000  0.101105938866342E+000 -0.131028262406404E+000 -0.144177926116884E+003 -0.144177926116884E+003
  0.100791751034372E+000  0.559036867780003E+000  0.540376270442040E+000  0.100019967213656E+000 -0.131028262406404E+000 -0.144177860955188E+003 -0.144177860955188E+003
  0.100377892883748E+000  0.592106725901933E+000  0.542540685760970E+000  0.103938273456275E+000 -0.131028262406404E+000 -0.144178208730208E+003 -0.144178208730208E+003
  0.100577179332129E+000  0.504833120340497E+000  0.657976508197495E+000  0.103418979361687E+000 -0.131028262406404E+000 -0.144178091720650E+003 -0.144178091720650E+003
  0.102836967406462E+000  0.527502056529789E+000  0.560998787604240E+000  0.101559364463130E+000 -0.131028262406404E+000 -0.144178193207701E+003 -0.144178193207701E+003
  0.103754813663914E+000  0.509267761915319E+000  0.651010474383515E+000  0.100937715430212E+000 -0.131028262406404E+000 -0.144178215943525E+003 -0.144178215943525E+003
  0.101649888211858E+000  0.569113971813148E+000  0.543735442134250E+000  0.101898867378878E+000 -0.131028262406404E+000 -0.144178137551956E+003 -0.144178137551956E+003
  0.101121081690834E+000  0.597508597722045E+000  0.504594514250036E+000  0.100336075174098E+000 -0.131028262406404E+000 -0.144177962029923E+003 -0.144177962029923E+003
  0.100230699499881E+000  0.557436683835831E+000  0.551606991206680E+000  0.103342314611831E+000 -0.131028262406404E+000 -0.144178101999258E+003 -0.144178101999258E+003
  0.100916499324486E+000  0.563200697280951E+000  0.492237710432810E+000  0.100354901971066E+000 -0.131028262406404E+000 -0.144177909183802E+003 -0.144177909183802E+003
  0.101559881218937E+000  0.572963496512767E+000  0.546053697803845E+000  0.100268845281833E+000 -0.131028262406404E+000 -0.144177979710448E+003 -0.144177979710448E+003
  0.100671880642705E+000  0.525764506066660E+000  0.577002511631275E+000  0.101442083402382E+000 -0.131028262406404E+000 -0.144177945644186E+003 -0.144177945644186E+003
  0.100848925763983E+000  0.548176957735876E+000  0.489410140222049E+000  0.102090841392036E+000 -0.131028262406404E+000 -0.144178046539443E+003 -0.144178046539443E+003
  0.102727988554906E+000  0.572162090374470E+000  0.554220921418389E+000  0.101356806735850E+000 -0.131028262406404E+000 -0.144178207642486E+003 -0.144178207642486E+003
  0.101649619493351E+000  0.544049187301560E+000  0.529199042075492E+000  0.103088467539639E+000 -0.131028262406404E+000 -0.144178221706119E+003 -0.144178221706119E+003
  0.101414659131047E+000  0.605511888097392E+000  0.521855284068762E+000  0.100772094403150E+000 -0.131028262406404E+000 -0.144178042247549E+003 -0.144178042247549E+003
  0.100260031220935E+000  0.585236461428830E+000  0.493941702631101E+000  0.100210593761001E+000 -0.131028262406404E+000 -0.144177846211783E+003 -0.144177846211783E+003
  0.101511514924298E+000  0.538512666177746E+000  0.584280881045242E+000  0.101909263154715E+000 -0.131028262406404E+000 -0.144178092408268E+003 -0.144178092408268E+003
  0.102321849605717E+000  0.512558849846745E+000  0.524289731017146E+000  0.101541094849174E+000 -0.131028262406404E+000 -0.144178120126409E+003 -0.144178120126409E+003
  0.102119519790749E+000  0.597561626511972E+000  0.482153328444780E+000  0.101166903101681E+000 -0.131028262406404E+000 -0.144178148439491E+003 -0.144178148439491E+003
  0.101546027009026E+000  0.614335151370135E+000  0.525748914305558E+000  0.101574973856455E+000 -0.131028262406404E+000 -0.144178140624599E+003 -0.144178140624599E+003
  0.100410031684851E+000  0.578446955426198E+000  0.511582957102675E+000  0.104226417998782E+000 -0.131028262406404E+000 -0.144178224374369E+003 -0.144178224374369E+003
  0.101210029108686E+000  0.518727408141978E+000  0.538948767804611E+000  0.102550120564519E+000 -0.131028262406404E+000 -0.144178097597490E+003 -0.144178097597490E+003
  0.100523452418472E+000  0.553275686442629E+000  0.549333819519492E+000  0.100446995327665E+000 -0.131028262406404E+000 -0.144177865931432E+003 -0.144177865931432E+003
  0.101966390416066E+000  0.523627517068657E+000  0.549213779557328E+000  0.100762012647975E+000 -0.131028262406404E+000 -0.144178021057507E+003 -0.144178021057507E+003
  0.100507865229147E+000  0.515190847642616E+000  0.627945381861188E+000  0.102084288974604E+000 -0.131028262406404E+000 -0.144177975179554E+003 -0.144177975179554E+003
  0.101444681879293E+000  0.602305779923118E+000  0.591784570615416E+000  0.101311875852803E+000 -0.131028262406404E+000 -0.144178093113618E+003 -0.144178093113618E+003
  0.100723778430180E+000  0.579190026113222E+000  0.465129853647121E+000  0.100556026538003E+000 -0.131028262406404E+000 -0.144177922293225E+003 -0.144177922293225E+003
  0.103065419844310E+000  0.509093925793530E+000  0.590817753484612E+000  0.100390112580304E+000 -0.131028262406404E+000 -0.144178090240822E+003 -0.144178090240822E+003
  0.100753599513852E+000  0.501932449828465E+000  0.536907336896476E+000  0.104407215845291E+000 -0.131028262406404E+000 -0.144178196427191E+003 -0.144178196427191E+003
  0.101056871057656E+000  0.505621405765953E+000  0.584748773680481E+000  0.101151388131323E+000 -0.131028262406404E+000 -0.144177940624965E+003 -0.144177940624965E+003
  0.102848873918977E+000  0.603563104883548E+000  0.555654238679630E+000  0.100987863188840E+000 -0.131028262406404E+000 -0.144178216817894E+003 -0.144178216817894E+003
  0.100713924438541E+000  0.613917625738352E+000  0.484223013640024E+000  0.103074885720649E+000 -0.131028262406404E+000 -0.144178188781935E+003 -0.144178188781935E+003
  0.100206011289251E+000  0.553109209238058E+000  0.513131554991097E+000  0.102716332285409E+000 -0.131028262406404E+000 -0.144178038068761E+003 -0.144178038068761E+003
  0.101448853151175E+000  0.501099192081914E+000  0.617176730099658E+000  0.100539088925665E+000 -0.131028262406404E+000 -0.144177922575224E+003 -0.144177922575224E+003
  0.103195942809509E+000  0.535936002213070E+000  0.634866531678279E+000  0.101325733218714E+000 -0.131028262406404E+000 -0.144178219075144E+003 -0.144178219075144E+003
  0.100077796925581E+000  0.518764138432051E+000  0.457566138414452E+000  0.104854638948285E+000 -0.131028262406404E+000 -0.144178179469790E+003 -0.144178179469790E+003
  0.102267184457255E+000  0.523507320343949E+000  0.502258978905258E+000  0.101585517109043E+000 -0.131028262406404E+000 -0.144178129533927E+003 -0.144178129533927E+003
  0.100199674766608E+000  0.562575898187177E+000  0.543383310081978E+000  0.100034121280914E+000 -0.131028262406404E+000 -0.144177802276012E+003 -0.144177802276012E+003
  0.103386250678388E+000  0.531690319093985E+000  0.618837873408204E+000  0.100031677281230E+000 -0.131028262406404E+000 -0.144178113603083E+003 -0.144178113603083E+003
  0.101986413918833E+000  0.613597591969225E+000  0.543605140337293E+000  0.101287535356152E+000 -0.131028262406404E+000 -0.144178160934882E+003 -0.144178160934882E+003
  0.100985072874627E+000  0.535174145998325E+000  0.576871181989810E+000  0.101920914021209E+000 -0.131028262406404E+000 -0.144178032692609E+003 -0.144178032692609E+003
  0.100479956111941E+000  0.591473482962705E+000  0.498528526071329E+000  0.103742793421538E+000 -0.131028262406404E+000 -0.144178201522531E+003 -0.144178201522531E+003
  0.103673956747546E+000  0.569188244007060E+000  0.573405674473097E+000  0.100099901432754E+000 -0.131028262406404E+000 -0.144178187852309E+003 -0.144178187852309E+003
  0.100364110499268E+000  0.520887509895409E+000  0.595312122162855E+000  0.104753772276035E+000 -0.131028262406404E+000 -0.144178204825087E+003 -0.144178204825087E+003
  0.103172504795258E+000  0.510903332979764E+000  0.575524715327483E+000  0.100912251367342E+000 -0.131028262406404E+000 -0.144178152277531E+003 -0.144178152277531E+003
  0.101654410333999E+000  0.536898848327112E+000  0.576098054368644E+000  0.102760720076527E+000 -0.131028262406404E+000 -0.144178184614736E+003 -0.144178184614736E+003
  0.102043084791496E+000  0.513019810598264E+000  0.545694933985148E+000  0.101535827983227E+000 -0.131028262406404E+000 -0.144178089858748E+003 -0.144178089858748E+003
  0.101241400711039E+000  0.617541066443371E+000  0.486768609534999E+000  0.100130040620263E+000 -0.131028262406404E+000 -0.144177974403131E+003 -0.144177974403131E+003
  0.101757753523078E+000  0.608408608950463E+000  0.600921604424778E+000  0.100742379198156E+000 -0.131028262406404E+000 -0.144178079447225E+003 -0.144178079447225E+003
  0.100252706304217E+000  0.510729062711614E+000  0.593865431650082E+000  0.104191748988000E+000 -0.131028262406404E+000 -0.144178131171987E+003 -0.144178131171987E+003
  0.101630923294155E+000  0.645908292179552E+000  0.515701257084103E+000  0.100146887867129E+000 -0.131028262406404E+000 -0.144178044302716E+003 -0.144178044302716E+003
  0.102592278347635E+000  0.566611254482453E+000  0.593724418427561E+000  0.100286059095785E+000 -0.131028262406404E+000 -0.144178086393995E+003 -0.144178086393995E+003
  0.100214213444907E+000  0.531365229558433E+000  0.549782041748173E+000  0.103789883054749E+000 -0.131028262406404E+000 -0.144178113155872E+003 -0.144178113155872E+003
  0.102306205349945E+000  0.524930957088216E+000  0.617469943821196E+000  0.100901611548693E+000 -0.131028262406404E+000 -0.144178071922476E+003 -0.144178071922476E+003
  0.100783773254227E+000  0.504780514029337E+000  0.588339441931959E+000  0.104278486390801E+000 -0.131028262406404E+000 -0.144178191414051E+003 -0.144178191414051E+003
  0.102969844919613E+000  0.545786011654998E+000  0.501263734303695E+000  0.100004400750890E+000 -0.131028262406404E+000 -0.144178080178510E+003 -0.144178080178510E+003
  0.102471548626066E+000  0.629456975471377E+000  0.538394725875357E+000  0.100534217232537E+000 -0.131028262406404E+000 -0.144178157196355E+003 -0.144178157196355E+003
  0.101937643300658E+000  0.583291996510712E+000  0.487523823538028E+000  0.100793334171886E+000 -0.131028262406404E+000 -0.144178079578230E+003 -0.144178079578230E+003
  0.101534830617290E+000  0.611158799024508E+000  0.520075346290286E+000  0.101699849484214E+000 -0.131028262406404E+000 -0.144178148054210E+003 -0.144178148054210E+003
  0.103168538965339E+000  0.560306782544938E+000  0.491050840910361E+000  0.100335598062235E+000 -0.131028262406404E+000 -0.144178147083506E+003 -0.144178147083506E+003
  0.100820881473770E+000  0.524971623773917E+000  0.622777974424276E+000  0.100375392394643E+000 -0.131028262406404E+000 -0.144177863921748E+003 -0.144177863921748E+003
  0.102414219985963E+000  0.542380894166212E+000  0.539009359139254E+000  0.100804100022325E+000 -0.131028262406404E+000 -0.144178091970901E+003 -0.144178091970901E+003
  0.100810488350574E+000  0.612053287733804E+000  0.460637430472545E+000  0.100359021631332E+000 -0.131028262406404E+000 -0.144177944309275E+003 -0.144177944309275E+003
  0.100408830650834E+000  0.502999067714351E+000  0.657460215434963E+000  0.101026667058083E+000 -0.131028262406404E+000 -0.144177857018774E+003 -0.144177857018774E+003
  0.100487325461718E+000  0.607556087807879E+000  0.600250705631553E+000  0.103698955979520E+000 -0.131028262406404E+000 -0.144178214891339E+003 -0.144178214891339E+003
  0.101572369186468E+000  0.552820485459419E+000  0.632731670860834E+000  0.101807631609637E+000 -0.131028262406404E+000 -0.144178104198477E+003 -0.144178104198477E+003
  0.100016985746148E+000  0.558229719692731E+000  0.611313003651266E+000  0.104924576905515E+000 -0.131028262406404E+000 -0.144178221991870E+003 -0.144178221991870E+003
