  0.161398268180692E+001  0.129864576596192E+001  0.353330826833404E+000  0.499494201965280E+000 -0.131028262406404E+000 -0.148375330107000E+003 -0.148375330107000E+003
  0.161541276872547E+001  0.133346432648487E+001  0.494776085768395E+000  0.499926668487694E+000 -0.131028262406404E+000 -0.148375383089996E+003 -0.148375383089996E+003
  0.163074770488836E+001  0.130323100136858E+001  0.638742039383351E+000  0.499126246176699E+000 -0.131028262406404E+000 -0.148375087403675E+003 -0.148375087403675E+003
  0.161633501277937E+001  0.130308938726339E+001  0.925289054073217E+000  0.498726901967970E+000 -0.131028262406404E+000 -0.148375486276324E+003 -0.148375486276324E+003
  0.162248584077241E+001  0.132775869240890E+001  0.388404266756297E+000  0.499123316815602E+000 -0.131028262406404E+000 -0.148375370313434E+003 -0.148375370313434E+003
  0.162109091660903E+001  0.133377560837565E+001  0.981569964419729E+000  0.499634675529072E+000 -0.131028262406404E+000 -0.148375557924578E+003 -0.148375557924578E+003
  0.162932202284591E+001  0.131933597895379E+001  0.970398507508000E+000  0.498898400150939E+000 -0.131028262406404E+000 -0.148375158536574E+003 -0.148375158536574E+003
  0.163938140206962E+001  0.131236164497287E+001  0.628739658306489E+000  0.498440149717525E+000 -0.131028262406404E+000 -0.148375654079274E+003 -0.148375654079274E+003
  0.161714948315187E+001  0.132106449871195E+001  0.334795622425274E+000  0.499257732220758E+000 -0.131028262406404E+000 -0.148374996344549E+003 -0.148374996344549E+003
  0.163453454892412E+001  0.129937843274147E+001  0.651463220694760E+000  0.498561005966845E+000 -0.131028262406404E+000 -0.148375653059236E+003 -0.148375653059236E+003
  0.161631231549908E+001  0.133687690579552E+001  0.380953024722311E+000  0.499737971879665E+000 -0.131028262406404E+000 -0.148375823528882E+003 -0.148375823528882E+003
  0.161280130364743E+001  0.132271282335534E+001  0.651169253587954E+000  0.498336750395480E+000 -0.131028262406404E+000 -0.148375833409302E+003 -0.148375833409302E+003
  0.161536984506628E+001  0.132908602638672E+001  0.344780988962598E+000  0.499343925680765E+000 -0.131028262406404E+000 -0.148375403362336E+003 -0.148375403362336E+003
  0.162481557672153E+001  0.131960178271981E+001  0.442572384259572E+000  0.499283085683581E+000 -0.131028262406404E+000 -0.148374878126770E+003 -0.148374878126770E+003
  0.160954661220261E+001  0.131775152880232E+001  0.508440272004291E+000  0.499843027644954E+000 -0.131028262406404E+000 -0.148374807379396E+003 -0.148374807379396E+003
  0.160718882858019E+001  0.132860974556766E+001  0.771318974115683E+000  0.499886162197923E+000 -0.131028262406404E+000 -0.148375330997854E+003 -0.148375330997854E+003
  0.160570057655328E+001  0.130892987939295E+001  0.746738047770532E+000  0.498681013177232E+000 -0.131028262406404E+000 -0.148375984618721E+003 -0.148375984618721E+003
  0.162785086943882E+001  0.130790136519373E+001  0.879645164242409E-001  0.499707188205382E+000 -0.131028262406404E+000 -0.148374590769673E+003 -0.148374590769673E+003
  0.162913873305477E+001  0.132134066411956E+001  0.137057868948120E+000  0.499983034777681E+000 -0.131028262406404E+000 -0.148374665068073E+003 -0.148374665068073E+003
  0.161887140221012E+001  0.131628892456367E+001  0.772600152873026E+000  0.499921696028472E+000 -0.131028262406404E+000 -0.148374430399516E+003 -0.148374430399516E+003
  0.160192927935215E+001  0.132982586988445E+001  0.402794673252286E+000  0.499839752666667E+000 -0.131028262406404E+000 -0.148375792622644E+003 -0.148375792622644E+003
  0.164536251394364E+001  0.130845066597568E+001  0.127470119162251E+000  0.499996520717749E+000 -0.131028262406404E+000 -0.148375465012015E+003 -0.148375465012015E+003
  0.164100360463763E+001  0.130414615329080E+001  0.522030596097376E+000  0.498259107293757E+000 -0.131028262406404E+000 -0.148375901011526E+003 -0.148375901011526E+003
  0.160994631521802E+001  0.130496274714661E+001  0.640233732557626E+000  0.499251869662779E+000 -0.131028262406404E+000 -0.148375379135929E+003 -0.148375379135929E+003
  0.161016953788099E+001  0.131871714047164E+001  0.702838610840853E+000  0.498681438553310E+000 -0.131028262406404E+000 -0.148375616303305E+003 -0.148375616303305E+003
  0.164309755555656E+001  0.129665708204752E+001  0.821729201669775E+000  0.499294769255847E+000 -0.131028262406404E+000 -0.148375903209171E+003 -0.148375903209171E+003
  0.163194911053555E+001  0.130949139128618E+001  0.903205710097152E+000  0.499895608876065E+000 -0.131028262406404E+000 -0.148374591604698E+003 -0.148374591604698E+003
  0.162026123762940E+001  0.130668898477786E+001  0.245053872545039E+000  0.499911645991209E+000 -0.131028262406404E+000 -0.148374479408772E+003 -0.148374479408772E+003
  0.161636104674611E+001  0.131037019370265E+001  0.810311542094894E+000  0.498492015709583E+000 -0.131028262406404E+000 -0.148375419313176E+003 -0.148375419313176E+003
  0.164887213654349E+001  0.130821388484880E+001  0.646356671509803E-001  0.499480065727044E+000 -0.131028262406404E+000 -0.148376006285077E+003 -0.148376006285077E+003
  0.163799286056671E+001  0.129832042549372E+001  0.144087116032988E+000  0.498316141389443E+000 -0.131028262406404E+000 -0.148375957313980E+003 -0.148375957313980E+003
  0.162879355435139E+001  0.129952561525102E+001  0.256780405048349E+000  0.499350194016144E+000 -0.131028262406404E+000 -0.148375100852536E+003 -0.148375100852536E+003
  0.164054130348269E+001  0.130258032511670E+001  0.566475463693859E+000  0.499109598356440E+000 -0.131028262406404E+000 -0.148375539192903E+003 -0.148375539192903E+003
  0.160186174579679E+001  0.131065412496411E+001  0.688583833458766E+000  0.499597958330736E+000 -0.131028262406404E+000 -0.148375568975479E+003 -0.148375568975479E+003
  0.160229708033066E+001  0.131567404389844E+001  0.240205904168463E+000  0.499755892207762E+000 -0.131028262406404E+000 -0.148375355512617E+003 -0.148375355512617E+003
  0.160846916534934E+001  0.129996047489642E+001  0.209440852033624E+000  0.499579773724322E+000 -0.131028262406404E+000 -0.148375512919933E+003 -0.148375512919933E+003
  0.161095684551387E+001  0.129737979385607E+001  0.536737029094155E+000  0.499610274577735E+000 -0.131028262406404E+000 -0.148375508862089E+003 -0.148375508862089E+003
  0.164355408164307E+001  0.130853622822461E+001  0.707824161360436E+000  0.499139484610399E+000 -0.131028262406404E+000 -0.148375633508822E+003 -0.148375633508822E+003
  0.161984185589285E+001  0.132192340450179E+001  0.639449700029249E-001  0.497878249360204E+000 -0.131028262406404E+000 -0.148375855617864E+003 -0.148375855617864E+003
  0.162117243407461E+001  0.129790179955583E+001  0.788499068871037E+000  0.499238695996762E+000 -0.131028262406404E+000 -0.148375294114390E+003 -0.148375294114390E+003
  0.161604052180551E+001  0.131889964380939E+001  0.680995728860848E+000  0.498926883902076E+000 -0.131028262406404E+000 -0.148375179158883E+003 -0.148375179158883E+003
  0.161073420338757E+001  0.131425002692000E+001  0.226754153810171E+000  0.499222681116082E+000 -0.131028262406404E+000 -0.148375153865501E+003 -0.148375153865501E+003
  0.162166234963869E+001  0.131143923585777E+001  0.688536945800843E+000  0.497534518985517E+000 -0.131028262406404E+000 -0.148375867493582E+003 -0.148375867493582E+003
  0.163197262655335E+001  0.129375498357626E+001  0.578859477131852E+000  0.499245095440853E+000 -0.131028262406404E+000 -0.148375597962496E+003 -0.148375597962496E+003
  0.163029030739942E+001  0.130733190808812E+001  0.949735245124059E+000  0.499708987399354E+000 -0.131028262406404E+000 -0.148374657397436E+003 -0.148374657397436E+003
  0.161909423891780E+001  0.129846748072835E+001  0.791050964774397E+000  0.498764632918878E+000 -0.131028262406404E+000 -0.148375616323831E+003 -0.148375616323831E+003
  0.163359135458640E+001  0.130761113283389E+001  0.547645525319323E+000  0.497580282856608E+000 -0.131028262406404E+000 -0.148375864338349E+003 -0.148375864338349E+003
  0.161868207941292E+001  0.132065208340608E+001  0.597657246907393E-001  0.497677211642698E+000 -0.131028262406404E+000 -0.148375975043184E+003 -0.148375975043184E+003
  0.159948894756354E+001  0.131249530329464E+001  0.151313053562444E+000  0.499633499742572E+000 -0.131028262406404E+000 -0.148375736264139E+003 -0.148375736264139E+003
  0.161276620671287E+001  0.132474414812069E+001  0.575895928122821E-001  0.498224451118388E+000 -0.131028262406404E+000 -0.148376001354512E+003 -0.148376001354512E+003
  0.161309817631779E+001  0.132130362205310E+001  0.848221372369843E-001  0.499268806221020E+000 -0.131028262406404E+000 -0.148375125393108E+003 -0.148375125393108E+003
  0.161785799024694E+001  0.131624297734005E+001  0.335212365874050E-001  0.499690600865070E+000 -0.131028262406404E+000 -0.148374589213485E+003 -0.148374589213485E+003
  0.162978782770779E+001  0.131445515973319E+001  0.617790809107544E+000  0.497771414168668E+000 -0.131028262406404E+000 -0.148375675883823E+003 -0.148375675883823E+003
  0.161793852807788E+001  0.133290537291420E+001  0.735605897702806E+000  0.499610713950210E+000 -0.131028262406404E+000 -0.148375496643932E+003 -0.148375496643932E+003
  0.164125464114830E+001  0.131525833582431E+001  0.145668259590987E-001  0.499939459470053E+000 -0.131028262406404E+000 -0.148375193276244E+003 -0.148375193276244E+003
  0.163248533106417E+001  0.132085516780479E+001  0.640482502210471E+000  0.498286056262010E+000 -0.131028262406404E+000 -0.148375633441668E+003 -0.148375633441668E+003
  0.161300032702924E+001  0.130932633497400E+001  0.944321259818883E-001  0.498599363169730E+000 -0.131028262406404E+000 -0.148375523842269E+003 -0.148375523842269E+003
  0.162211368836690E+001  0.130491035615183E+001  0.878628154928718E+000  0.499869592228670E+000 -0.131028262406404E+000 -0.148374541709489E+003 -0.148374541709489E+003
  0.160602771917372E+001  0.133468597497926E+001  0.988494251258231E-001  0.499833623867768E+000 -0.131028262406404E+000 -0.148375898909431E+003 -0.148375898909431E+003
  0.163239412283053E+001  0.129279753848096E+001  0.715749548633389E+000  0.499689764026612E+000 -0.131028262406404E+000 -0.148375456726519E+003 -0.148375456726519E+003
  0.162440920901536E+001  0.129773026667624E+001  0.418628867804890E+000  0.499380782237993E+000 -0.131028262406404E+000 -0.148375175194002E+003 -0.148375175194002E+003
  0.163406054671338E+001  0.132937266082430E+001  0.219479993011450E+000  0.499166590196051E+000 -0.131028262406404E+000 -0.148375801020443E+003 -0.148375801020443E+003
  0.160053690723407E+001  0.131949197737272E+001  0.406070718420479E+000  0.499254334460114E+000 -0.131028262406404E+000 -0.148375943584526E+003 -0.148375943584526E+003
  0.162827118914332E+001  0.131388824368191E+001  0.190459993326204E-001  0.498783932679433E+000 -0.131028262406404E+000 -0.148375080450099E+003 -0.148375080450099E+003
  0.163994898144148E+001  0.132222164552229E+001  0.610439795406730E+000  0.498697517344270E+000 -0.131028262406404E+000 -0.148375890191007E+003 -0.148375890191007E+003
  0.164146559735303E+001  0.130747271110035E+001  0.777639819833350E-001  0.498268132615994E+000 -0.131028262406404E+000 -0.148375862813922E+003 -0.148375862813922E+003
  0.161492807844777E+001  0.133705391732167E+001  0.621461185292398E+000  0.499951501157113E+000 -0.131028262406404E+000 -0.148375729037927E+003 -0.148375729037927E+003
  0.161897736559855E+001  0.133230456160498E+001  0.939111515732674E+000  0.499316509054982E+000 -0.131028262406404E+000 -0.148375614861411E+003 -0.148375614861411E+003
  0.161619053939126E+001  0.130504198304151E+001  0.207777152742094E+000  0.499050755076109E+000 -0.131028262406404E+000 -0.148375190674860E+003 -0.148375190674860E+003
  0.161047018957919E+001  0.131368218223526E+001  0.436572194447189E+000  0.499000227379891E+000 -0.131028262406404E+000 -0.148375328513372E+003 -0.148375328513372E+003
  0.162369590597063E+001  0.131921770484224E+001  0.851125119211694E+000  0.497949408731381E+000 -0.131028262406404E+000 -0.148375655803154E+003 -0.148375655803154E+003
  0.160098175466886E+001  0.132603610100567E+001  0.717009000726729E+000  0.499411904516866E+000 -0.131028262406404E+000 -0.148375987748353E+003 -0.148375987748353E+003
  0.162930292666654E+001  0.130873731353496E+001  0.770737812860490E+000  0.498217151168277E+000 -0.131028262406404E+000 -0.148375422880023E+003 -0.148375422880023E+003
  0.164243031111755E+001  0.131366817957004E+001  0.561239913424375E+000  0.499020895856683E+000 -0.131028262406404E+000 -0.148375627800616E+003 -0.148375627800616E+003
  0.160655287381847E+001  0.129945774902647E+001  0.415620386393230E+000  0.499892229288689E+000 -0.131028262406404E+000 -0.148375458870164E+003 -0.148375458870164E+003
  0.163053260768546E+001  0.131560258710891E+001  0.279198400144623E+000  0.499592462856177E+000 -0.131028262406404E+000 -0.148374729646169E+003 -0.148374729646169E+003
  0.162931226674670E+001  0.132511419913391E+001  0.156073047814742E+000  0.499060556827512E+000 -0.131028262406404E+000 -0.148375347403468E+003 -0.148375347403468E+003
  0.161569830388334E+001  0.132530184156224E+001  0.158250331744596E-001  0.499227994968948E+000 -0.131028262406404E+000 -0.148375237607703E+003 -0.148375237607703E+003
  0.161028145826892E+001  0.131536615854585E+001  0.597031573676700E+000  0.498611699266902E+000 -0.131028262406404E+000 -0.148375621360768E+003 -0.148375621360768E+003
  0.161173495538850E+001  0.131549607547052E+001  0.641892508334979E+000  0.499663858831501E+000 -0.131028262406404E+000 -0.148374799048047E+003 -0.148374799048047E+003
  0.164151567751791E+001  0.129870106658355E+001  0.132558474070842E+000  0.498900903225198E+000 -0.131028262406404E+000 -0.148375853287294E+003 -0.148375853287294E+003
  0.161287295268780E+001  0.130736427581133E+001  0.610315877850150E+000  0.499962665881308E+000 -0.131028262406404E+000 -0.148374637214326E+003 -0.148374637214326E+003
  0.164527893500798E+001  0.131689577850994E+001  0.227464535145334E-001  0.499618081804616E+000 -0.131028262406404E+000 -0.148375732140992E+003 -0.148375732140992E+003
  0.162915466001277E+001  0.132512488727708E+001  0.542239585968884E+000  0.499660097686134E+000 -0.131028262406404E+000 -0.148375031342625E+003 -0.148375031342625E+003
  0.162028590232780E+001  0.129596421249311E+001  0.708093496991314E+000  0.499106370385742E+000 -0.131028262406404E+000 -0.148375537990176E+003 -0.148375537990176E+003
  0.161657013463464E+001  0.131001586746356E+001  0.383260126453447E+000  0.498765665721895E+000 -0.131028262406404E+000 -0.148375232196527E+003 -0.148375232196527E+003
  0.160724477644333E+001  0.133353818730739E+001  0.219041202980558E+000  0.499882887769696E+000 -0.131028262406404E+000 -0.148375697045986E+003 -0.148375697045986E+003
  0.161692739307717E+001  0.131059294569203E+001  0.487697929013204E+000  0.498279334409567E+000 -0.131028262406404E+000 -0.148375537568292E+003 -0.148375537568292E+003
  0.162263557661364E+001  0.131539959540434E+001  0.774488590666634E+000  0.497325192961418E+000 -0.131028262406404E+000 -0.148375987752642E+003 -0.148375987752642E+003
  0.160746698935125E+001  0.131831447636151E+001  0.734476426188362E+000  0.499640561662376E+000 -0.131028262406404E+000 -0.148375080685696E+003 -0.148375080685696E+003
  0.163609828200567E+001  0.133060674713943E+001  0.890669428607082E+000  0.499716996335240E+000 -0.131028262406404E+000 -0.148375783505601E+003 -0.148375783505601E+003
  0.164336834463394E+001  0.131911128910726E+001  0.928705373118370E+000  0.498903473861643E+000 -0.131028262406404E+000 -0.148375918104037E+003 -0.148375918104037E+003
  0.162208208695309E+001  0.131685836104359E+001  0.443951771388271E-001  0.498066143279200E+000 -0.131028262406404E+000 -0.148375547042369E+003 -0.148375547042369E+003
  0.163579790783749E+001  0.129436207416078E+001  0.704079282728277E+000  0.499925735085632E+000 -0.131028262406404E+000 -0.148375344900088E+003 -0.148375344900088E+003
  0.162122909493924E+001  0.130652915429719E+001  0.963942818239902E+000  0.499445237845821E+000 -0.131028262406404E+000 -0.148374755464904E+003 -0.148374755464904E+003
  0.162061826414292E+001  0.132164934319839E+001  0.418103980616331E-001  0.498869816258432E+000 -0.131028262406404E+000 -0.148375202438536E+003 -0.148375202438536E+003
  0.163834277391424E+001  0.133186805556353E+001  0.661568054843822E+000  0.499880350213914E+000 -0.131028262406404E+000 -0.148376002316195E+003 -0.148376002316195E+003
  0.164188946606893E+001  0.131530806742934E+001  0.241006877341535E-001  0.499971642658277E+000 -0.131028262406404E+000 -0.148375235672187E+003 -0.148375235672187E+003
  0.160649359361601E+001  0.131112905364006E+001  0.476817596023039E+000  0.499532053887942E+000 -0.131028262406404E+000 -0.148375227600763E+003 -0.148375227600763E+003
  0.162386615251640E+001  0.131460226235616E+001  0.654097220163312E+000  0.498552631871633E+000 -0.131028262406404E+000 -0.148375197977285E+003 -0.148375197977285E+003
  0.162368825950598E+001  0.130891910815028E+001  0.289393710958928E+000  0.497870472342442E+000 -0.131028262406404E+000 -0.148375640184276E+003 -0.148375640184276E+003
  0.160984303085640E+001  0.132594697630697E+001  0.638775961377208E+000  0.499432276017625E+000 -0.131028262406404E+000 -0.148375357769076E+003 -0.148375357769076E+003
  0.162222271585182E+001  0.132369463391299E+001  0.926202016331463E+000  0.499194141733437E+000 -0.131028262406404E+000 -0.148375088076957E+003 -0.148375088076957E+003
  0.162437956493618E+001  0.132176785202690E+001  0.311279992935446E+000  0.498245266652529E+000 -0.131028262406404E+000 -0.148375563504027E+003 -0.148375563504027E+003
  0.161380403905856E+001  0.132364879802987E+001  0.469158117285393E-001  0.499153336395947E+000 -0.131028262406404E+000 -0.148375267006398E+003 -0.148375267006398E+003
  0.161552507793909E+001  0.130845877101043E+001  0.283535533737820E+000  0.497794732058558E+000 -0.131028262406404E+000 -0.148375977383542E+003 -0.148375977383542E+003
  0.164218374299881E+001  0.129421585585320E+001  0.527501520811576E+000  0.499690733660049E+000 -0.131028262406404E+000 -0.148375829501693E+003 -0.148375829501693E+003
  0.160917014709403E+001  0.129519100940552E+001  0.488835211750912E+000  0.499417432288796E+000 -0.131028262406404E+000 -0.148375946577909E+003 -0.148375946577909E+003
  0.161368525624196E+001  0.131451474436412E+001  0.136044003694129E+000  0.498857133617075E+000 -0.131028262406404E+000 -0.148375260336269E+003 -0.148375260336269E+003
  0.163392915249970E+001  0.131012787809908E+001  0.391304143719799E+000  0.498550761440333E+000 -0.131028262406404E+000 -0.148375338159960E+003 -0.148375338159960E+003
  0.161812276186360E+001  0.130319072591725E+001  0.165424040529958E+000  0.497986618732451E+000 -0.131028262406404E+000 -0.148375907125903E+003 -0.148375907125903E+003
  0.161577614614151E+001  0.133667093912921E+001  0.277521848777165E+000  0.499482938031274E+000 -0.131028262406404E+000 -0.148375968413539E+003 -0.148375968413539E+003
  0.162055303569728E+001  0.130364458468909E+001  0.428951388010638E+000  0.498723917417746E+000 -0.131028262406404E+000 -0.148375319673775E+003 -0.148375319673775E+003
  0.161938896389847E+001  0.131812017360580E+001  0.832311501701446E+000  0.498891033270533E+000 -0.131028262406404E+000 -0.148375098614903E+003 -0.148375098614903E+003
  0.161348446174444E+001  0.131663040318330E+001  0.612305307960319E+000  0.498598045969672E+000 -0.131028262406404E+000 -0.148375464632024E+003 -0.148375464632024E+003
  0.164181165789131E+001  0.129902432030595E+001  0.553334394381960E+000  0.498584466127085E+000 -0.131028262406404E+000 -0.148375994952963E+003 -0.148375994952963E+003
  0.162673250657340E+001  0.130705864724802E+001  0.562979212187172E+000  0.499845532972520E+000 -0.131028262406404E+000 -0.148374513350436E+003 -0.148374513350436E+003
  0.160825449326679E+001  0.131744528668716E+001  0.622202833826677E+000  0.499961104508820E+000 -0.131028262406404E+000 -0.148374790481291E+003 -0.148374790481291E+003
  0.163487627509245E+001  0.131446013252865E+001  0.315608933156785E+000  0.497495545903768E+000 -0.131028262406404E+000 -0.148375940304399E+003 -0.148375940304399E+003
  0.163387685445365E+001  0.131604287319597E+001  0.624648106589076E+000  0.499619760033077E+000 -0.131028262406404E+000 -0.148374864537842E+003 -0.148374864537842E+003
  0.160399579420909E+001  0.131762366974134E+001  0.938647961471645E+000  0.499552666454134E+000 -0.131028262406404E+000 -0.148375383028535E+003 -0.148375383028535E+003
  0.161249606290184E+001  0.131178586120140E+001  0.591119197283568E+000  0.499871813996268E+000 -0.131028262406404E+000 -0.148374628875454E+003 -0.148374628875454E+003
  0.164139903913590E+001  0.129808010572749E+001  0.855230347759293E+000  0.498881953107592E+000 -0.131028262406404E+000 -0.148375886169340E+003 -0.148375886169340E+003
  0.160802292174949E+001  0.131193370369944E+001  0.580748502148392E-002  0.498870917814340E+000 -0.131028262406404E+000 -0.148375596892066E+003 -0.148375596892066E+003
  0.163636630738884E+001  0.130571166484596E+001  0.438388332139409E+000  0.498291470194713E+000 -0.131028262406404E+000 -0.148375618860631E+003 -0.148375618860631E+003
  0.162301896987564E+001  0.130177851713163E+001  0.182196119720229E-002  0.499756634884061E+000 -0.131028262406404E+000 -0.148374732073612E+003 -0.148374732073612E+003
  0.160507748768351E+001  0.130090779238356E+001  0.485740674138541E+000  0.499803848817191E+000 -0.131028262406404E+000 -0.148375546275261E+003 -0.148375546275261E+003
  0.162015944655705E+001  0.130880754356771E+001  0.777053692380514E+000  0.498063559993066E+000 -0.131028262406404E+000 -0.148375598607428E+003 -0.148375598607428E+003
  0.161749354319398E+001  0.130021183419871E+001  0.770235456411748E+000  0.499854603863759E+000 -0.131028262406404E+000 -0.148374853823159E+003 -0.148374853823159E+003
  0.161930935357920E+001  0.130615625949549E+001  0.995043502581273E+000  0.498391097689952E+000 -0.131028262406404E+000 -0.148375477707296E+003 -0.148375477707296E+003
  0.161836454878524E+001  0.133375533919646E+001  0.424150062716715E+000  0.499775716314499E+000 -0.131028262406404E+000 -0.148375471475149E+003 -0.148375471475149E+003
  0.163891808223019E+001  0.131653013022173E+001  0.167441469472171E+000  0.497783821164030E+000 -0.131028262406404E+000 -0.148376011988578E+003 -0.148376011988578E+003
  0.161704348948020E+001  0.131083766058881E+001  0.591991792271117E+000  0.499876907698456E+000 -0.131028262406404E+000 -0.148374481176373E+003 -0.148374481176373E+003
  0.161755303722394E+001  0.129518674942959E+001  0.569684618368655E+000  0.499192557952821E+000 -0.131028262406404E+000 -0.148375634716017E+003 -0.148375634716017E+003
  0.163374455603021E+001  0.132056593026680E+001  0.951558474837021E+000  0.498037808885972E+000 -0.131028262406404E+000 -0.148375793792506E+003 -0.148375793792506E+003
  0.163632316714578E+001  0.130760314759099E+001  0.877342555490315E+000  0.499677073850249E+000 -0.131028262406404E+000 -0.148374919388436E+003 -0.148374919388436E+003
  0.162705985684284E+001  0.130487252382864E+001  0.261428972933231E+000  0.498329417271487E+000 -0.131028262406404E+000 -0.148375434591586E+003 -0.148375434591586E+003
  0.162192869583889E+001  0.131987442718064E+001  0.193397194203832E+000  0.499229039993588E+000 -0.131028262406404E+000 -0.148374910502436E+003 -0.148374910502436E+003
  0.162193392443528E+001  0.129909482190230E+001  0.413941072319478E-001  0.499485064994050E+000 -0.131028262406404E+000 -0.148375052384554E+003 -0.148375052384554E+003
  0.163144957390925E+001  0.132446094408971E+001  0.972885913036963E+000  0.499137315978816E+000 -0.131028262406404E+000 -0.148375342963136E+003 -0.148375342963136E+003
  0.161766253555899E+001  0.131100813941817E+001  0.681449450042961E+000  0.499634869831670E+000 -0.131028262406404E+000 -0.148374618433251E+003 -0.148374618433251E+003
  0.161328160226088E+001  0.131102422284303E+001  0.331842591670141E+000  0.499514937224037E+000 -0.131028262406404E+000 -0.148374845560961E+003 -0.148374845560961E+003
  0.160533076598354E+001  0.130730030059006E+001  0.801411518201832E+000  0.499627964787874E+000 -0.131028262406404E+000 -0.148375343113948E+003 -0.148375343113948E+003
  0.163287267827113E+001  0.133128054040422E+001  0.665769839884555E+000  0.499531165571421E+000 -0.131028262406404E+000 -0.148375730909787E+003 -0.148375730909787E+003
  0.161833659081842E+001  0.131593692699472E+001  0.255421607398187E+000  0.499935084663018E+000 -0.131028262406404E+000 -0.148374424572118E+003 -0.148374424572118E+003
  0.164379237914185E+001  0.131168055629613E+001  0.618973777262404E+000  0.499353177765809E+000 -0.131028262406404E+000 -0.148375577638946E+003 -0.148375577638946E+003
  0.164088958482124E+001  0.132018940284071E+001  0.194890830596337E+000  0.499583048184420E+000 -0.131028262406404E+000 -0.148375484803076E+003 -0.148375484803076E+003
  0.163877748571795E+001  0.131679677534171E+001  0.373670740389048E+000  0.498150430823624E+000 -0.131028262406404E+000 -0.148375838453381E+003 -0.148375838453381E+003
  0.161034276417075E+001  0.132984002866673E+001  0.414918979911466E+000  0.498850474713403E+000 -0.131028262406404E+000 -0.148375978635267E+003 -0.148375978635267E+003
  0.162563619868167E+001  0.132180273880514E+001  0.337291055890124E-002  0.498419932691203E+000 -0.131028262406404E+000 -0.148375464990629E+003 -0.148375464990629E+003
  0.160769277184822E+001  0.131579905379157E+001  0.345799561455816E-001  0.499709562938081E+000 -0.131028262406404E+000 -0.148374989169274E+003 -0.148374989169274E+003
  0.161789613077654E+001  0.131694209877350E+001  0.500665027228710E-001  0.498392399499991E+000 -0.131028262406404E+000 -0.148375435303611E+003 -0.148375435303611E+003
  0.162475540410423E+001  0.131823143640996E+001  0.183785636683966E+000  0.498705821693483E+000 -0.131028262406404E+000 -0.148375170715916E+003 -0.148375170715916E+003
  0.164302671414400E+001  0.129490843423386E+001  0.200075414412977E+000  0.499601653476297E+000 -0.131028262406404E+000 -0.148375880166135E+003 -0.148375880166135E+003
  0.162330552421985E+001  0.131254775408885E+001  0.617588827054604E+000  0.499612960630104E+000 -0.131028262406404E+000 -0.148374560538770E+003 -0.148374560538770E+003
  0.162732639391718E+001  0.128814703480188E+001  0.657490017193137E+000  0.499965826300233E+000 -0.131028262406404E+000 -0.148375666682949E+003 -0.148375666682949E+003
  0.163721817864614E+001  0.129810122623246E+001  0.374355972372572E+000  0.499722377345810E+000 -0.131028262406404E+000 -0.148375269283044E+003 -0.148375269283044E+003
  0.162711259987077E+001  0.129379603648178E+001  0.368087527789891E+000  0.499230625565432E+000 -0.131028262406404E+000 -0.148375545169721E+003 -0.148375545169721E+003
  0.160298830926877E+001  0.132981872224302E+001  0.745341289095910E+000  0.499475523744752E+000 -0.131028262406404E+000 -0.148375986666980E+003 -0.148375986666980E+003
  0.162747060820584E+001  0.131911440337542E+001  0.708456240632694E+000  0.497542467441112E+000 -0.131028262406404E+000 -0.148375888931960E+003 -0.148375888931960E+003
  0.162983009274412E+001  0.131591111618440E+001  0.930883755319996E+000  0.498118305001401E+000 -0.131028262406404E+000 -0.148375504195328E+003 -0.148375504195328E+003
  0.161410277971855E+001  0.133352546953686E+001  0.726656873850575E+000  0.499069756192469E+000 -0.131028262406404E+000 -0.148375969482399E+003 -0.148375969482399E+003
  0.162208253617912E+001  0.132224550850605E+001  0.555603773762483E+000  0.498545849221714E+000 -0.131028262406404E+000 -0.148375411940717E+003 -0.148375411940717E+003
  0.162963455066837E+001  0.132316903024286E+001  0.948125288245094E+000  0.499057182308443E+000 -0.131028262406404E+000 -0.148375249019242E+003 -0.148375249019242E+003
  0.162660281054889E+001  0.133148781058485E+001  0.204810310232561E+000  0.499585755332789E+000 -0.131028262406404E+000 -0.148375466732310E+003 -0.148375466732310E+003
  0.160776297332495E+001  0.130263126534985E+001  0.118221622877268E+000  0.498836394435561E+000 -0.131028262406404E+000 -0.148375956611359E+003 -0.148375956611359E+003
  0.160871292053590E+001  0.131041859004162E+001  0.756154795314000E+000  0.498842079867073E+000 -0.131028262406404E+000 -0.148375593452330E+003 -0.148375593452330E+003
  0.163670105678067E+001  0.131204924153098E+001  0.306004090865959E+000  0.499153232202189E+000 -0.131028262406404E+000 -0.148375169865768E+003 -0.148375169865768E+003
  0.161372383337212E+001  0.130347935804162E+001  0.421175690128617E+000  0.499179151153483E+000 -0.131028262406404E+000 -0.148375280517290E+003 -0.148375280517290E+003
  0.162457700117010E+001  0.131591945685248E+001  0.884581246966158E+000  0.498787223163570E+000 -0.131028262406404E+000 -0.148375073559244E+003 -0.148375073559244E+003
  0.160430438778645E+001  0.132512258367483E+001  0.883185688781587E+000  0.499244501827626E+000 -0.131028262406404E+000 -0.148375802325095E+003 -0.148375802325095E+003
  0.163232666606470E+001  0.132976731268694E+001  0.534030966627350E+000  0.499194814204308E+000 -0.131028262406404E+000 -0.148375732275149E+003 -0.148375732275149E+003
  0.164718758166099E+001  0.131697631750520E+001  0.739727866300615E+000  0.499583387010684E+000 -0.131028262406404E+000 -0.148375943332120E+003 -0.148375943332120E+003
  0.162023905860545E+001  0.131416249819398E+001  0.575425574444490E+000  0.499209831623680E+000 -0.131028262406404E+000 -0.148374828847266E+003 -0.148374828847266E+003
  0.163554012690264E+001  0.132660824740382E+001  0.340523917772547E+000  0.498487298294964E+000 -0.131028262406404E+000 -0.148375990732123E+003 -0.148375990732123E+003
  0.163488860036653E+001  0.132897038063698E+001  0.620193293768134E+000  0.498820623004688E+000 -0.131028262406404E+000 -0.148375976794919E+003 -0.148375976794919E+003
  0.162331958103643E+001  0.133319022416418E+001  0.612739696945817E+000  0.499166603316295E+000 -0.131028262406404E+000 -0.148375789844772E+003 -0.148375789844772E+003
  0.159788260787265E+001  0.131901290440230E+001  0.773250707223567E+000  0.499946414340161E+000 -0.131028262406404E+000 -0.148375642684339E+003 -0.148375642684339E+003
  0.160289193573700E+001  0.132958984902422E+001  0.824457737494331E+000  0.499944336604325E+000 -0.131028262406404E+000 -0.148375626213917E+003 -0.148375626213917E+003
  0.162317124108442E+001  0.131377852854853E+001  0.769091847575265E+000  0.498395588794092E+000 -0.131028262406404E+000 -0.148375292785243E+003 -0.148375292785243E+003
  0.161927833168182E+001  0.132707013072663E+001  0.521825934280619E+000  0.499138777384121E+000 -0.131028262406404E+000 -0.148375328831390E+003 -0.148375328831390E+003
  0.163956152028865E+001  0.132578299222050E+001  0.529425746113974E+000  0.499664574457312E+000 -0.131028262406404E+000 -0.148375674067614E+003 -0.148375674067614E+003
  0.163610937822812E+001  0.131728577963563E+001  0.634234338471608E+000  0.499236755857760E+000 -0.131028262406404E+000 -0.148375195732517E+003 -0.148375195732517E+003
  0.162852092290958E+001  0.130195119040995E+001  0.639235485451650E+000  0.498894685997633E+000 -0.131028262406404E+000 -0.148375229810262E+003 -0.148375229810262E+003
  0.162798520256069E+001  0.132101680241491E+001  0.672995527419327E+000  0.497968076046029E+000 -0.131028262406404E+000 -0.148375713303983E+003 -0.148375713303983E+003
  0.163326625990017E+001  0.131379407640496E+001  0.281788773855256E+000  0.499325392164366E+000 -0.131028262406404E+000 -0.148374939190609E+003 -0.148374939190609E+003
  0.160692866621833E+001  0.131688624021517E+001  0.828738263144451E+000  0.499329941469076E+000 -0.131028262406404E+000 -0.148375325095872E+003 -0.148375325095872E+003
  0.164188370950709E+001  0.131121942632811E+001  0.293158591630862E+000  0.498988100071659E+000 -0.131028262406404E+000 -0.148375569752282E+003 -0.148375569752282E+003
  0.161931138179831E+001  0.131814988157848E+001  0.625696784566083E+000  0.498450272926591E+000 -0.131028262406404E+000 -0.148375382373429E+003 -0.148375382373429E+003
  0.163356482981053E+001  0.131668117729189E+001  0.363051443775088E+000  0.499396391282845E+000 -0.131028262406404E+000 -0.148374973277363E+003 -0.148374973277363E+003
  0.163346443597044E+001  0.129415741782627E+001  0.205762084926290E+000  0.498611733600186E+000 -0.131028262406404E+000 -0.148375931694429E+003 -0.148375931694429E+003
  0.162341976263369E+001  0.133260225640718E+001  0.256368890541798E+000  0.499468982373249E+000 -0.131028262406404E+000 -0.148375565442804E+003 -0.148375565442804E+003
  0.162980496605997E+001  0.129199986345357E+001  0.364017958480636E+000  0.499147062853275E+000 -0.131028262406404E+000 -0.148375760385810E+003 -0.148375760385810E+003
  0.162305683857808E+001  0.131058018096368E+001  0.274270124807219E+000  0.498419035840919E+000 -0.131028262406404E+000 -0.148375286462967E+003 -0.148375286462967E+003
  0.161173114658138E+001  0.132478999653584E+001  0.397729787212000E+000  0.498786031154308E+000 -0.131028262406404E+000 -0.148375659649562E+003 -0.148375659649562E+003
  0.162950007329152E+001  0.131440352057677E+001  0.428232018918126E-001  0.498507140438358E+000 -0.131028262406404E+000 -0.148375259934706E+003 -0.148375259934706E+003
  0.160735053535114E+001  0.132063339601196E+001  0.794233881410417E+000  0.498763169751792E+000 -0.131028262406404E+000 -0.148375782756627E+003 -0.148375782756627E+003
  0.161668324375003E+001  0.130398126844945E+001  0.552391423277375E-001  0.499561149152320E+000 -0.131028262406404E+000 -0.148374878207544E+003 -0.148374878207544E+003
  0.163365629658799E+001  0.132807525766452E+001  0.562133731522990E+000  0.498469813827332E+000 -0.131028262406404E+000 -0.148376015435783E+003 -0.148376015435783E+003
  0.162232266724489E+001  0.133318152581693E+001  0.846767453154047E+000  0.499789070316789E+000 -0.131028262406404E+000 -0.148375424582781E+003 -0.148375424582781E+003
  0.161560042440546E+001  0.130721087600428E+001  0.539990275867436E+000  0.498022663396852E+000 -0.131028262406404E+000 -0.148375847115696E+003 -0.148375847115696E+003
  0.161003047384815E+001  0.131565433195745E+001  0.486018879795391E+000  0.499588145930861E+000 -0.131028262406404E+000 -0.148374938206688E+003 -0.148374938206688E+003
  0.161469628870153E+001  0.129062946881187E+001  0.245325816701778E+000  0.499993065002090E+000 -0.131028262406404E+000 -0.148375650169803E+003 -0.148375650169803E+003
  0.161164292188086E+001  0.129971573214085E+001  0.705593158703963E+000  0.498697177871167E+000 -0.131028262406404E+000 -0.148375953387324E+003 -0.148375953387324E+003
  0.162198044669458E+001  0.130297452216203E+001  0.511010695548716E+000  0.499438360464044E+000 -0.131028262406404E+000 -0.148374877142777E+003 -0.148374877142777E+003
  0.161960749734250E+001  0.131438190408795E+001  0.633607305698170E-001  0.499838127294359E+000 -0.131028262406404E+000 -0.148374451987632E+003 -0.148374451987632E+003
  0.159665342792576E+001  0.131677957475722E+001  0.292306256147471E+000  0.499697246405410E+000 -0.131028262406404E+000 -0.148375956928285E+003 -0.148375956928285E+003
  0.161520626659807E+001  0.131795834986765E+001  0.200533956931951E+000  0.499312954012083E+000 -0.131028262406404E+000 -0.148374930400610E+003 -0.148374930400610E+003
  0.161499260387473E+001  0.130845519567161E+001  0.576649104056822E+000  0.499268624089150E+000 -0.131028262406404E+000 -0.148374986856145E+003 -0.148374986856145E+003
  0.162463360043611E+001  0.132900103727649E+001  0.181987246772433E-001  0.498669499283412E+000 -0.131028262406404E+000 -0.148375735638744E+003 -0.148375735638744E+003
  0.161679538207138E+001  0.132535224702145E+001  0.354210218810746E+000  0.498064821506921E+000 -0.131028262406404E+000 -0.148375975858324E+003 -0.148375975858324E+003
  0.163755380890472E+001  0.131675173116638E+001  0.277829546255404E-001  0.499768608230878E+000 -0.131028262406404E+000 -0.148375027877135E+003 -0.148375027877135E+003
  0.164161375207951E+001  0.130325258376476E+001  0.882492760526848E+000  0.498986680234448E+000 -0.131028262406404E+000 -0.148375642024506E+003 -0.148375642024506E+003
  0.163198619842071E+001  0.130248377409314E+001  0.610850725395969E+000  0.499385956264135E+000 -0.131028262406404E+000 -0.148375012167447E+003 -0.148375012167447E+003
  0.160933898583186E+001  0.130459546634229E+001  0.572748441512377E+000  0.499006620465074E+000 -0.131028262406404E+000 -0.148375614594850E+003 -0.148375614594850E+003
  0.161737127299443E+001  0.131111188850199E+001  0.995523063501811E+000  0.499480808256941E+000 -0.131028262406404E+000 -0.148374723284979E+003 -0.148374723284979E+003
  0.163732406313327E+001  0.131025332327209E+001  0.445230747094615E+000  0.498272533376449E+000 -0.131028262406404E+000 -0.148375615775032E+003 -0.148375615775032E+003
  0.161382908753086E+001  0.129838531110825E+001  0.889570967727264E+000  0.499653531894942E+000 -0.131028262406404E+000 -0.148375247055167E+003 -0.148375247055167E+003
  0.162664492214855E+001  0.131271124802516E+001  0.250845080845974E+000  0.497713163318383E+000 -0.131028262406404E+000 -0.148375681341674E+003 -0.148375681341674E+003
  0.161953895106308E+001  0.132403316169498E+001  0.108938673613756E+000  0.499025005855250E+000 -0.131028262406404E+000 -0.148375225209904E+003 -0.148375225209904E+003
  0.163239761414275E+001  0.131936063132580E+001  0.876662744119736E+000  0.498633806851258E+000 -0.131028262406404E+000 -0.148375391104255E+003 -0.148375391104255E+003
  0.163266340364183E+001  0.131178030062688E+001  0.246556353507751E+000  0.497938686247334E+000 -0.131028262406404E+000 -0.148375619212786E+003 -0.148375619212786E+003
  0.164366766392887E+001  0.131513727038709E+001  0.336813995254547E+000  0.498974460064977E+000 -0.131028262406404E+000 -0.148375779239179E+003 -0.148375779239179E+003
  0.163764893605052E+001  0.130329432287650E+001  0.583715120364591E+000  0.499299548789791E+000 -0.131028262406404E+000 -0.148375261062496E+003 -0.148375261062496E+003
  0.162841821059800E+001  0.131668046414818E+001  0.377209684527119E+000  0.497776108781964E+000 -0.131028262406404E+000 -0.148375695202302E+003 -0.148375695202302E+003
  0.163413059173714E+001  0.131749119673496E+001  0.860172404310321E+000  0.498939009860178E+000 -0.131028262406404E+000 -0.148375245158174E+003 -0.148375245158174E+003
  0.164026312380849E+001  0.129406970209365E+001  0.268159250636752E+000  0.499136369660372E+000 -0.131028262406404E+000 -0.148375955173967E+003 -0.148375955173967E+003
  0.160631558521922E+001  0.131700752565626E+001  0.297118767376495E+000  0.499495810635591E+000 -0.131028262406404E+000 -0.148375246222987E+003 -0.148375246222987E+003
  0.162061702346561E+001  0.130763489904008E+001  0.615136224448029E+000  0.499767667187917E+000 -0.131028262406404E+000 -0.148374538462956E+003 -0.148374538462956E+003
  0.163160671013269E+001  0.132379569498240E+001  0.153893425577199E+000  0.497983523069108E+000 -0.131028262406404E+000 -0.148375909652533E+003 -0.148375909652533E+003
  0.161538898655270E+001  0.129799093460498E+001  0.188543897523288E+000  0.499959237586608E+000 -0.131028262406404E+000 -0.148375001705315E+003 -0.148375001705315E+003
  0.162998930897594E+001  0.130784945875983E+001  0.703719545438470E+000  0.498404749988332E+000 -0.131028262406404E+000 -0.148375340656708E+003 -0.148375340656708E+003
  0.163386324342865E+001  0.130326681197730E+001  0.693606090180078E+000  0.497568224894602E+000 -0.131028262406404E+000 -0.148375989289081E+003 -0.148375989289081E+003
  0.163998594458764E+001  0.131476925278109E+001  0.726529937010150E+000  0.499186795709472E+000 -0.131028262406404E+000 -0.148375397559961E+003 -0.148375397559961E+003
  0.161449897979453E+001  0.132985738108909E+001  0.342299731784285E+000  0.499143101679528E+000 -0.131028262406404E+000 -0.148375613205432E+003 -0.148375613205432E+003
  0.161134417924531E+001  0.130426830161715E+001  0.247267126780087E+000  0.499321395453142E+000 -0.131028262406404E+000 -0.148375273856335E+003 -0.148375273856335E+003
  0.162191693451980E+001  0.131705379345124E+001  0.125711058428659E+000  0.498229560317993E+000 -0.131028262406404E+000 -0.148375450511432E+003 -0.148375450511432E+003
  0.162349688202234E+001  0.133210199193725E+001  0.243636798906837E+000  0.499948120571735E+000 -0.131028262406404E+000 -0.148375254752463E+003 -0.148375254752463E+003
  0.164046914480011E+001  0.130004006383557E+001  0.684191985269263E+000  0.499124674738682E+000 -0.131028262406404E+000 -0.148375626508194E+003 -0.148375626508194E+003
  0.160951835916228E+001  0.131416757529629E+001  0.707469473909445E+000  0.499582503414507E+000 -0.131028262406404E+000 -0.148374967033518E+003 -0.148374967033518E+003
  0.163349836221116E+001  0.130596215946603E+001  0.699035870947235E+000  0.497584156335571E+000 -0.131028262406404E+000 -0.148375893181121E+003 -0.148375893181121E+003
  0.163648091389543E+001  0.130977990658641E+001  0.259237152311611E+000  0.499148262714732E+000 -0.131028262406404E+000 -0.148375156532179E+003 -0.148375156532179E+003
  0.163320780468667E+001  0.131735764993745E+001  0.771184580269214E+000  0.498171954961317E+000 -0.131028262406404E+000 -0.148375593927652E+003 -0.148375593927652E+003
  0.164042707980114E+001  0.130382681095367E+001  0.520118227517649E-001  0.498747870496078E+000 -0.131028262406404E+000 -0.148375654595439E+003 -0.148375654595439E+003
  0.160646610463390E+001  0.132672053942169E+001  0.617419487125000E+000  0.499243303083637E+000 -0.131028262406404E+000 -0.148375728899777E+003 -0.148375728899777E+003
  0.162793166045866E+001  0.129217010027104E+001  0.294429996747531E-001  0.498690685059656E+000 -0.131028262406404E+000 -0.148375992144718E+003 -0.148375992144718E+003
  0.163372675363599E+001  0.129308943969303E+001  0.871588697983198E+000  0.498755132037519E+000 -0.131028262406404E+000 -0.148375946760988E+003 -0.148375946760988E+003
  0.163153936723896E+001  0.130358321682373E+001  0.791670966585385E+000  0.498975353013749E+000 -0.131028262406404E+000 -0.148375173240475E+003 -0.148375173240475E+003
  0.161643153523910E+001  0.132696464607970E+001  0.616424297879486E+000  0.499633798901228E+000 -0.131028262406404E+000 -0.148375055643950E+003 -0.148375055643950E+003
  0.162000749986552E+001  0.132083858686885E+001  0.885023156225198E-001  0.499561254261277E+000 -0.131028262406404E+000 -0.148374754446414E+003 -0.148374754446414E+003
  0.163510931943781E+001  0.132440699751042E+001  0.659948092317248E+000  0.498202914519090E+000 -0.131028262406404E+000 -0.148375963565511E+003 -0.148375963565511E+003
  0.161067964312469E+001  0.129625567710107E+001  0.971316024468712E+000  0.499640245298061E+000 -0.131028262406404E+000 -0.148375593445549E+003 -0.148375593445549E+003
  0.163319504931087E+001  0.130650186364139E+001  0.977742215518542E+000  0.497506518990122E+000 -0.131028262406404E+000 -0.148375917105928E+003 -0.148375917105928E+003
  0.160389979695195E+001  0.130693944152312E+001  0.793113493933306E+000  0.498949747555864E+000 -0.131028262406404E+000 -0.148376000508792E+003 -0.148376000508792E+003
  0.162251268615639E+001  0.131783057481905E+001  0.709004473985673E+000  0.497675604550786E+000 -0.131028262406404E+000 -0.148375806247028E+003 -0.148375806247028E+003
  0.162972587257707E+001  0.129240190725631E+001  0.653952322025365E+000  0.499309750995332E+000 -0.131028262406404E+000 -0.148375636019707E+003 -0.148375636019707E+003
  0.162726121889865E+001  0.129747675436796E+001  0.831599614361889E+000  0.497972278040730E+000 -0.131028262406404E+000 -0.148376007304935E+003 -0.148376007304935E+003
  0.161063542094693E+001  0.132183816296638E+001  0.990603230525766E+000  0.498457842986683E+000 -0.131028262406404E+000 -0.148375832027860E+003 -0.148375832027860E+003
  0.161475094476196E+001  0.132008471301491E+001  0.839730281508925E+000  0.499995979778257E+000 -0.131028262406404E+000 -0.148374549782749E+003 -0.148374549782749E+003
  0.162250498830761E+001  0.129758803580795E+001  0.683838619411514E+000  0.499714224206544E+000 -0.131028262406404E+000 -0.148375003552541E+003 -0.148375003552541E+003
  0.161180157026368E+001  0.132794123862614E+001  0.898698686999403E+000  0.499709564524980E+000 -0.131028262406404E+000 -0.148375197114460E+003 -0.148375197114460E+003
  0.159887267401121E+001  0.132163163874857E+001  0.377678047037680E+000  0.499976162999237E+000 -0.131028262406404E+000 -0.148375574590698E+003 -0.148375574590698E+003
  0.163231532975835E+001  0.129840513262532E+001  0.872490287309585E+000  0.498899721084973E+000 -0.131028262406404E+000 -0.148375470498894E+003 -0.148375470498894E+003
  0.161491682478623E+001  0.129194584729951E+001  0.869779326039519E+000  0.499265011941830E+000 -0.131028262406404E+000 -0.148375997223040E+003 -0.148375997223040E+003
  0.161354565536436E+001  0.130047111931106E+001  0.701117399645024E+000  0.499113297500994E+000 -0.131028262406404E+000 -0.148375497097747E+003 -0.148375497097747E+003
  0.163339879130078E+001  0.129858256600617E+001  0.241419544016419E+000  0.499608251292923E+000 -0.131028262406404E+000 -0.148375130257195E+003 -0.148375130257195E+003
  0.164434211483029E+001  0.131220881123215E+001  0.980450282996879E+000  0.499625025739344E+000 -0.131028262406404E+000 -0.148375527359938E+003 -0.148375527359938E+003
  0.163918299436365E+001  0.129593594136301E+001  0.920628519978150E+000  0.498856597009537E+000 -0.131028262406404E+000 -0.148375897561372E+003 -0.148375897561372E+003
  0.162461064692258E+001  0.130946192117074E+001  0.580496963496262E+000  0.498340733733970E+000 -0.131028262406404E+000 -0.148375331691753E+003 -0.148375331691753E+003
  0.162625000176467E+001  0.131308104649133E+001  0.244548941314968E+000  0.498470713972613E+000 -0.131028262406404E+000 -0.148375234309195E+003 -0.148375234309195E+003
  0.161736252356835E+001  0.132373551401279E+001  0.992105980576221E+000  0.499265736358423E+000 -0.131028262406404E+000 -0.148375095803799E+003 -0.148375095803799E+003
  0.162140843529345E+001  0.132175049979617E+001  0.175082727217209E+000  0.498555316982284E+000 -0.131028262406404E+000 -0.148375392026223E+003 -0.148375392026223E+003
  0.162876333647813E+001  0.130802139349614E+001  0.610883389364643E+000  0.498312806783964E+000 -0.131028262406404E+000 -0.148375374220900E+003 -0.148375374220900E+003
  0.161685732864805E+001  0.130359313491704E+001  0.698210476226755E-001  0.499118133597548E+000 -0.131028262406404E+000 -0.148375180146776E+003 -0.148375180146776E+003
  0.162352368218174E+001  0.131369951981625E+001  0.282674213433836E+000  0.499585255828886E+000 -0.131028262406404E+000 -0.148374580916774E+003 -0.148374580916774E+003
  0.164517193341693E+001  0.130838926265108E+001  0.292342932844383E+000  0.498853692681777E+000 -0.131028262406404E+000 -0.148375882746350E+003 -0.148375882746350E+003
  0.162727878294833E+001  0.131954153869816E+001  0.996754265968785E-002  0.497486775933582E+000 -0.131028262406404E+000 -0.148375934831009E+003 -0.148375934831009E+003
  0.161885107231624E+001  0.130850412056529E+001  0.764827224705745E+000  0.499244311495143E+000 -0.131028262406404E+000 -0.148374877133806E+003 -0.148374877133806E+003
  0.162153068681608E+001  0.129456221005998E+001  0.525130175248030E+000  0.499292573666059E+000 -0.131028262406404E+000 -0.148375501798516E+003 -0.148375501798516E+003
  0.163731172736775E+001  0.132679620938845E+001  0.623816696309974E+000  0.499599808928442E+000 -0.131028262406404E+000 -0.148375605070932E+003 -0.148375605070932E+003
  0.160891674552599E+001  0.130058960117584E+001  0.429497833884291E+000  0.499073651345985E+000 -0.131028262406404E+000 -0.148375811793242E+003 -0.148375811793242E+003
  0.162955844810722E+001  0.133464952330381E+001  0.260552843973190E+000  0.499883974636202E+000 -0.131028262406404E+000 -0.148375727559417E+003 -0.148375727559417E+003
  0.161118482628257E+001  0.130883046460481E+001  0.432575441634547E+000  0.498376645696259E+000 -0.131028262406404E+000 -0.148375803959256E+003 -0.148375803959256E+003
  0.162857529101225E+001  0.133072373666936E+001  0.643961617500901E+000  0.499526529658306E+000 -0.131028262406404E+000 -0.148375492701161E+003 -0.148375492701161E+003
  0.163359150593958E+001  0.133399888582992E+001  0.614512378931658E+000  0.499836567407073E+000 -0.131028262406404E+000 -0.148375897461877E+003 -0.148375897461877E+003
  0.162998347396494E+001  0.131745792795055E+001  0.853612626298254E+000  0.497847308793029E+000 -0.131028262406404E+000 -0.148375692176176E+003 -0.148375692176176E+003
  0.161399486961936E+001  0.129116040842658E+001  0.853898071283548E+000  0.499572234784298E+000 -0.131028262406404E+000 -0.148375914560851E+003 -0.148375914560851E+003
  0.163692338250424E+001  0.129008059791622E+001  0.181918230177895E+000  0.499438937993889E+000 -0.131028262406404E+000 -0.148375975096259E+003 -0.148375975096259E+003
  0.162829207739439E+001  0.131998914483801E+001  0.715418542509676E+000  0.498048606759103E+000 -0.131028262406404E+000 -0.148375631918526E+003 -0.148375631918526E+003
  0.161268215433213E+001  0.132800726881282E+001  0.150730794306630E-001  0.499622353735403E+000 -0.131028262406404E+000 -0.148375228017774E+003 -0.148375228017774E+003
  0.162131775507669E+001  0.128806624107374E+001  0.684364110326321E+000  0.499927792977457E+000 -0.131028262406404E+000 -0.148375743738179E+003 -0.148375743738179E+003
  0.163493068591237E+001  0.131730883222840E+001  0.558954664606411E+000  0.499101294070404E+000 -0.131028262406404E+000 -0.148375198482943E+003 -0.148375198482943E+003
  0.161724345931570E+001  0.133368786202940E+001  0.551917090749766E+000  0.499251687007387E+000 -0.131028262406404E+000 -0.148375797394970E+003 -0.148375797394970E+003
  0.163273949705819E+001  0.130019166515860E+001  0.188212060577107E+000  0.498991036038534E+000 -0.131028262406404E+000 -0.148375338446332E+003 -0.148375338446332E+003
  0.161861816299265E+001  0.129604066476552E+001  0.925716933859901E+000  0.498484912575404E+000 -0.131028262406404E+000 -0.148375992978354E+003 -0.148375992978354E+003
  0.161556336512988E+001  0.131303139873988E+001  0.759065025125534E+000  0.499347720379858E+000 -0.131028262406404E+000 -0.148374853273855E+003 -0.148374853273855E+003
  0.163393794813088E+001  0.132166296636866E+001  0.218618110635346E+000  0.499231810985137E+000 -0.131028262406404E+000 -0.148375256126746E+003 -0.148375256126746E+003
  0.162215749251328E+001  0.131312136539681E+001  0.215151012244639E+000  0.497500970776676E+000 -0.131028262406404E+000 -0.148375871609568E+003 -0.148375871609568E+003
  0.161965684414552E+001  0.130979536718327E+001  0.399307067112578E+000  0.499197489506766E+000 -0.131028262406404E+000 -0.148374866141483E+003 -0.148374866141483E+003
  0.162385782892451E+001  0.130475660223261E+001  0.582097751182028E+000  0.499305173237826E+000 -0.131028262406404E+000 -0.148374871483956E+003 -0.148374871483956E+003
