  0.134743729885031E+001  0.199474083548073E+001  0.183759536751910E-001  0.498644421877688E+000 -0.131028262406404E+000 -0.146835954957207E+003 -0.146835954957207E+003
  0.134794966854354E+001  0.199792042394814E+001  0.358447691426061E-001  0.498739276968437E+000 -0.131028262406404E+000 -0.146835492637297E+003 -0.146835492637297E+003
  0.134868051152097E+001  0.199192220354726E+001  0.977702595931525E-002  0.499229592336685E+000 -0.131028262406404E+000 -0.146835761157131E+003 -0.146835761157131E+003
  0.139333359143388E+001  0.199279319980144E+001  0.200412022444163E-001  0.495664972863652E+000 -0.131028262406404E+000 -0.146837021065067E+003 -0.146837021065067E+003
  0.136815898815829E+001  0.198968562056421E+001  0.266354422023525E-001  0.497666566984356E+000 -0.131028262406404E+000 -0.146836030477804E+003 -0.146836030477804E+003
  0.139832867741089E+001  0.198679353778923E+001  0.253236223355093E-001  0.499810578087558E+000 -0.131028262406404E+000 -0.146837018254845E+003 -0.146837018254845E+003
  0.137794406219190E+001  0.199356211055905E+001  0.214706054488226E-001  0.495407711233397E+000 -0.131028262406404E+000 -0.146836600856102E+003 -0.146836600856102E+003
  0.135801713935101E+001  0.199783673469353E+001  0.215393030888561E-001  0.497929698003319E+000 -0.131028262406404E+000 -0.146835185395783E+003 -0.146835185395783E+003
  0.135239664933585E+001  0.199240183925818E+001  0.821296237619966E-002  0.498142227171498E+000 -0.131028262406404E+000 -0.146836135116989E+003 -0.146836135116989E+003
  0.136058084224573E+001  0.199469132223398E+001  0.153893670843091E-001  0.499500001566455E+000 -0.131028262406404E+000 -0.146834450005711E+003 -0.146834450005711E+003
  0.139135059193174E+001  0.199340948804301E+001  0.166261657570135E-001  0.498757067665880E+000 -0.131028262406404E+000 -0.146835445717818E+003 -0.146835445717818E+003
  0.138496370293551E+001  0.199571798551561E+001  0.227721668839703E-001  0.499222604111908E+000 -0.131028262406404E+000 -0.146834471590620E+003 -0.146834471590620E+003
